Time:250Hz,Epoch,Channel 1,Channel 2,Channel 3,Channel 4,Channel 5,Channel 6,Channel 7,Channel 8,Event Id,Event Date,Event Duration
0.0000000000,0,146922.8281250000,194126.4062500000,170253.6093750000,148435.1093750000,119692.3593750000,151755.5468750000,133160.4062500000,144485.0468750000,,,
0.0040000000,0,146623.4531250000,194861.5781250000,168514.0625000000,147978.4062500000,119411.3750000000,151488.9375000000,132900.8750000000,144218.6093750000,,,
0.0079999999,0,146713.7968750000,195244.3437500000,168181.6562500000,148103.9375000000,119491.8671875000,151560.8906250000,132983.4375000000,144278.5937500000,,,
0.0119999999,0,147044.0312500000,194682.2343750000,169547.8437500000,148591.4687500000,119800.9921875000,151875.3125000000,133260.8750000000,144547.0781250000,,,
0.0159999998,0,147194.9843750000,193997.3906250000,170855.6406250000,148811.8125000000,119945.0781250000,152026.8437500000,133385.6562500000,144700.7187500000,,,
0.0199999998,0,146946.2343750000,194156.4531250000,170280.0625000000,148439.5781250000,119713.1171875000,151810.9843750000,133201.8437500000,144516.5625000000,,,
0.0240000000,0,146647.0156250000,194900.2031250000,168551.8125000000,148003.4218750000,119440.7421875000,151533.4375000000,132920.6875000000,144249.8593750000,,,
0.0279999999,0,146721.0312500000,195288.5468750000,168201.7187500000,148102.7812500000,119505.3828125000,151586.7031250000,132979.7031250000,144286.0781250000,,,
0.0319999999,0,147052.8750000000,194714.1562500000,169550.9375000000,148602.9218750000,119809.6562500000,151895.2031250000,133319.1562500000,144557.3750000000,,,
0.0359999998,0,147214.8281250000,194007.6406250000,170871.3906250000,148831.8281250000,119965.4062500000,152053.3437500000,133464.0312500000,144722.8125000000,,,
0.0399999998,0,146975.6875000000,194152.3750000000,170319.0156250000,148480.7343750000,119748.6093750000,151845.8750000000,133244.7812500000,144545.3906250000,,,
0.0440000000,0,146666.5312500000,194900.8906250000,168584.3125000000,148026.3125000000,119460.8593750000,151564.7031250000,132953.9062500000,144277.6250000000,,,
0.0480000000,0,146731.9218750000,195306.7187500000,168220.1250000000,148105.2656250000,119523.6250000000,151615.1250000000,133007.3281250000,144303.4843750000,,,
0.0519999999,0,147084.8750000000,194744.6562500000,169583.7031250000,148596.0312500000,119861.7968750000,151938.7343750000,133296.2343750000,144592.8437500000,,,
0.0559999999,0,147258.8750000000,194008.0937500000,170920.3281250000,148856.6875000000,120026.0000000000,152108.3281250000,133455.9062500000,144769.9218750000,,,
0.0599999998,0,147018.0937500000,194120.5000000000,170381.2343750000,148504.3906250000,119795.8671875000,151898.7968750000,133281.4218750000,144598.6562500000,,,
0.0639999998,0,146696.0468750000,194870.7656250000,168646.1406250000,148021.1093750000,119491.5468750000,151604.7187500000,133006.7968750000,144317.0000000000,,,
0.0680000000,0,146747.8593750000,195284.6875000000,168264.5156250000,148105.3750000000,119535.3671875000,151645.7656250000,133039.0937500000,144334.5156250000,,,
0.0719999999,0,147088.9062500000,194692.9375000000,169611.9531250000,148603.3125000000,119855.8437500000,151961.2187500000,133336.1406250000,144609.2812500000,,,
0.0759999999,0,147244.4375000000,193890.9843750000,170938.1718750000,148837.8906250000,120010.6328125000,152098.5937500000,133449.6562500000,144762.4375000000,,,
0.0799999998,0,146998.5468750000,193979.7656250000,170406.0000000000,148485.1875000000,119780.6015625000,151871.8125000000,133233.5000000000,144579.0468750000,,,
0.0839999998,0,146676.2656250000,194824.0468750000,168675.0625000000,148010.1875000000,119471.0546875000,151584.1562500000,132982.0156250000,144303.2343750000,,,
0.0880000000,0,146725.2812500000,195349.0625000000,168281.9218750000,148085.5000000000,119511.0703125000,151621.2968750000,133019.8593750000,144320.0781250000,,,
0.0919999999,0,147072.8125000000,194768.6093750000,169611.2812500000,148584.0000000000,119840.0156250000,151935.1250000000,133329.9218750000,144597.4531250000,,,
0.0959999999,0,147248.0312500000,193896.8906250000,170938.5156250000,148846.7500000000,120006.4218750000,152103.8906250000,133493.4218750000,144766.1093750000,,,
0.0999999999,0,146999.1093750000,193949.6562500000,170419.4843750000,148479.9218750000,119777.6250000000,151885.9062500000,133267.7656250000,144581.8750000000,,,
0.1039999998,0,146686.3906250000,194826.1406250000,168705.5781250000,148008.8437500000,119489.1328125000,151601.5312500000,132975.7343750000,144315.7187500000,,,
0.1079999998,0,146721.5000000000,195381.8750000000,168292.1093750000,148071.2343750000,119515.7343750000,151630.6875000000,133003.5468750000,144320.9218750000,,,
0.1120000000,0,147078.0937500000,194751.2500000000,169593.3125000000,148586.0625000000,119851.8671875000,151948.5781250000,133329.8437500000,144599.3281250000,,,
0.1159999999,0,147276.1718750000,193790.5468750000,170926.9375000000,148865.4843750000,120041.4218750000,152127.0312500000,133503.1093750000,144783.3906250000,,,
0.1199999999,0,147024.7187500000,193851.5625000000,170433.5156250000,148497.1406250000,119814.0234375000,151892.5468750000,133245.2968750000,144595.1718750000,,,
0.1239999998,0,146683.6250000000,194922.0000000000,168727.3125000000,147997.5625000000,119491.3281250000,151577.5312500000,132972.8125000000,144306.7343750000,,,
0.1279999998,1,146717.8125000000,195703.6250000000,168312.4218750000,148061.6875000000,119512.4140625000,151607.4062500000,133016.8750000000,144306.9375000000,,,
0.1319999998,1,147084.6406250000,195087.1718750000,169600.0156250000,148577.8437500000,119858.2578125000,151950.2187500000,133343.0312500000,144596.0625000000,,,
0.1359999997,1,147278.4531250000,193948.7656250000,170906.6875000000,148841.4531250000,120040.0781250000,152130.8906250000,133522.8281250000,144780.5156250000,,,
0.1399999997,1,147048.7500000000,193942.0000000000,170435.0937500000,148512.0781250000,119824.0859375000,151928.0625000000,133313.2656250000,144621.8281250000,,,
0.1439999996,1,146709.4531250000,195110.7968750000,168769.5156250000,148024.2187500000,119511.5781250000,151612.6875000000,132997.2656250000,144338.0000000000,,,
0.1479999996,1,146695.9843750000,195907.6875000000,168321.9375000000,148035.6406250000,119489.0234375000,151597.0312500000,132956.5312500000,144293.8281250000,,,
0.1519999998,1,147077.0000000000,195103.3437500000,169577.8125000000,148551.8593750000,119850.4218750000,151938.1562500000,133320.6406250000,144582.6718750000,,,
0.1559999997,1,147300.2656250000,193720.2656250000,170884.4375000000,148850.9843750000,120061.5625000000,152145.3281250000,133531.1875000000,144787.8281250000,,,
0.1599999997,1,147031.7187500000,193617.0000000000,170414.0625000000,148490.2968750000,119807.2656250000,151905.8281250000,133291.5312500000,144599.6562500000,,,
0.1639999996,1,146674.7968750000,194884.8281250000,168740.0156250000,147976.5312500000,119471.8046875000,151582.5156250000,132963.8281250000,144308.7968750000,,,
0.1679999996,1,146706.0468750000,195805.6875000000,168307.5937500000,148024.8281250000,119504.0156250000,151606.9531250000,132988.4687500000,144309.0625000000,,,
0.1719999998,1,147078.8906250000,194998.6562500000,169545.4062500000,148536.9687500000,119863.1093750000,151950.7031250000,133316.3437500000,144588.8906250000,,,
0.1759999997,1,147291.5937500000,193545.0156250000,170838.0937500000,148837.9687500000,120058.9609375000,152153.9843750000,133517.7343750000,144784.8906250000,,,
0.1799999997,1,147046.2812500000,193466.5312500000,170401.5156250000,148488.9375000000,119829.0703125000,151933.7812500000,133315.8125000000,144622.2968750000,,,
0.1839999997,1,146671.1562500000,194867.1718750000,168751.9218750000,147983.4218750000,119479.3906250000,151588.3125000000,132967.4218750000,144316.2031250000,,,
0.1879999996,1,146692.4531250000,195908.6562500000,168305.9531250000,148023.2968750000,119495.9921875000,151604.2968750000,132971.4687500000,144303.0000000000,,,
0.1919999996,1,147076.1093750000,195105.8437500000,169524.9687500000,148529.1718750000,119857.7187500000,151967.7031250000,133321.6250000000,144595.5156250000,,,
0.1959999998,1,147303.4218750000,193580.7656250000,170826.8906250000,148833.8906250000,120078.1718750000,152175.8125000000,133525.5937500000,144799.9531250000,,,
0.1999999997,1,147027.2656250000,193503.2500000000,170402.4531250000,148473.0312500000,119824.8593750000,151919.8906250000,133266.9687500000,144603.2968750000,,,
0.2039999997,1,146672.8906250000,195054.1093750000,168772.2031250000,147970.1406250000,119489.4765625000,151598.3437500000,132980.6406250000,144315.6250000000,,,
0.2079999996,1,146698.7812500000,196236.8437500000,168326.3437500000,148014.5312500000,119501.3906250000,151619.2343750000,132994.3750000000,144309.9531250000,,,
0.2119999996,1,147072.6718750000,195374.4843750000,169517.4531250000,148536.8437500000,119853.5078125000,151964.0937500000,133321.7968750000,144585.6562500000,,,
0.2159999998,1,147288.0625000000,193674.2343750000,170807.2812500000,148826.6250000000,120069.4765625000,152152.5937500000,133534.5781250000,144776.0312500000,,,
0.2199999997,1,147045.0781250000,193530.0781250000,170422.6250000000,148482.3125000000,119844.8203125000,151937.5312500000,133325.6250000000,144615.7656250000,,,
0.2239999997,1,146653.9062500000,195147.4375000000,168777.6250000000,147977.5156250000,119459.6484375000,151585.1406250000,132954.3593750000,144298.9531250000,,,
0.2279999997,1,146724.7656250000,196432.1093750000,168322.8750000000,148037.7343750000,119518.1484375000,151648.3437500000,133002.4218750000,144334.8593750000,,,
0.2319999996,1,147099.2500000000,195613.6093750000,169520.8125000000,148548.5625000000,119875.8203125000,151979.2968750000,133348.2656250000,144605.7187500000,,,
0.2359999996,1,147272.7656250000,193880.5000000000,170786.9687500000,148823.4843750000,120044.4296875000,152139.9062500000,133512.7968750000,144752.5156250000,,,
0.2399999998,1,147040.0625000000,193810.3593750000,170416.3437500000,148482.5000000000,119826.6562500000,151934.1875000000,133303.9218750000,144606.9531250000,,,
0.2439999997,1,146674.7656250000,195691.8750000000,168811.9843750000,147981.0000000000,119480.9765625000,151597.0781250000,132970.4843750000,144320.8125000000,,,
0.2479999997,1,146709.4218750000,197235.7031250000,168343.8593750000,148010.1875000000,119511.4687500000,151621.4843750000,132996.6250000000,144318.4687500000,,,
0.2519999996,1,147155.7500000000,196454.2187500000,169556.2343750000,148559.9062500000,119935.1015625000,152024.5156250000,133381.0625000000,144656.4531250000,,,
0.2559999996,2,147353.7187500000,194542.0937500000,170852.0937500000,148866.1875000000,120134.3046875000,152196.4531250000,133565.5781250000,144829.3593750000,,,
0.2599999995,2,147087.0312500000,194298.9218750000,170489.1406250000,148519.7500000000,119875.6640625000,151963.6875000000,133298.9062500000,144652.8437500000,,,
0.2639999995,2,146664.5781250000,196083.8906250000,168842.3437500000,147983.0156250000,119471.3203125000,151589.0312500000,132898.2656250000,144318.0468750000,,,
0.2679999995,2,146694.3750000000,197512.7812500000,168351.5781250000,148009.2031250000,119497.4140625000,151603.0000000000,132943.2031250000,144309.3281250000,,,
0.2719999994,2,147027.6093750000,196502.2500000000,169459.8125000000,148498.3437500000,119802.7890625000,151910.3593750000,133293.4375000000,144533.1562500000,,,
0.2759999994,2,147288.1093750000,194444.4062500000,170755.9375000000,148810.3750000000,120046.7343750000,152159.1562500000,133547.8437500000,144763.0781250000,,,
0.2799999996,2,147045.6718750000,194255.9062500000,170426.7812500000,148483.5468750000,119821.1562500000,151939.6718750000,133312.7500000000,144607.1875000000,,,
0.2839999995,2,146653.7968750000,196220.7500000000,168820.5312500000,147959.3906250000,119451.5546875000,151573.6406250000,132940.9531250000,144293.5000000000,,,
0.2879999995,2,146692.2500000000,197746.5000000000,168330.7656250000,147999.0312500000,119491.4375000000,151603.1875000000,132975.7812500000,144297.9062500000,,,
0.2919999994,2,147086.7031250000,196743.4843750000,169487.8437500000,148514.1718750000,119871.8281250000,151966.6875000000,133349.0468750000,144587.7500000000,,,
0.2959999994,2,147317.6406250000,194552.7656250000,170787.0468750000,148829.7968750000,120089.1093750000,152179.6875000000,133557.0468750000,144794.1406250000,,,
0.2999999996,2,147077.0156250000,194155.2656250000,170476.9062500000,148501.6562500000,119863.8906250000,151962.3437500000,133338.3906250000,144642.0312500000,,,
0.3039999995,2,146682.7343750000,195992.0937500000,168884.2968750000,147959.5781250000,119498.0859375000,151600.8281250000,132975.2812500000,144329.8437500000,,,
0.3079999995,2,146693.3281250000,197533.8281250000,168362.1718750000,147968.9375000000,119499.3750000000,151615.2187500000,132977.2031250000,144310.9375000000,,,
0.3119999995,2,147086.9375000000,196550.2343750000,169494.5000000000,148499.0156250000,119871.2109375000,151977.5000000000,133329.6562500000,144592.1718750000,,,
0.3159999994,2,147325.7187500000,194358.5781250000,170806.4687500000,148821.6406250000,120099.7578125000,152196.0781250000,133562.1250000000,144798.7187500000,,,
0.3199999994,2,147071.8750000000,193943.1250000000,170501.8750000000,148488.3437500000,119856.8046875000,151968.7031250000,133341.7812500000,144636.1093750000,,,
0.3239999996,2,146688.5000000000,195807.5312500000,168911.6562500000,147966.8906250000,119496.7734375000,151618.9375000000,132981.4687500000,144334.0312500000,,,
0.3279999995,2,146722.0625000000,197391.4375000000,168401.0937500000,147985.1562500000,119537.2734375000,151638.8125000000,132971.5781250000,144328.6093750000,,,
0.3319999995,2,147114.0156250000,196434.1718750000,169530.7031250000,148512.1093750000,119900.8984375000,151999.9687500000,133350.4843750000,144613.2812500000,,,
0.3359999994,2,147349.6718750000,194214.5781250000,170834.0937500000,148855.1875000000,120118.1640625000,152215.7656250000,133593.9218750000,144820.2343750000,,,
0.3399999994,2,147087.6093750000,193784.8281250000,170544.0156250000,148488.6718750000,119871.4765625000,151981.9843750000,133366.5000000000,144649.8906250000,,,
0.3439999996,2,146695.0781250000,195671.1718750000,168953.5156250000,147942.9687500000,119501.1484375000,151625.8125000000,133006.9218750000,144342.1875000000,,,
0.3479999995,2,146723.1093750000,197304.7500000000,168421.2968750000,147972.7968750000,119526.5703125000,151646.5625000000,133021.6875000000,144331.7187500000,,,
0.3519999995,2,147112.7968750000,196370.3437500000,169534.5937500000,148498.2187500000,119895.1093750000,151995.5781250000,133365.2500000000,144606.2812500000,,,
0.3559999994,2,147358.1406250000,194126.4531250000,170841.0781250000,148821.3906250000,120129.2890625000,152233.6718750000,133596.4843750000,144821.2031250000,,,
0.3599999994,2,147104.5468750000,193700.6562500000,170560.9218750000,148489.1562500000,119891.8359375000,152015.7500000000,133376.4218750000,144661.7187500000,,,
0.3639999994,2,146698.2656250000,195686.4843750000,168972.0625000000,147954.7968750000,119513.1640625000,151641.5468750000,133001.3437500000,144340.9531250000,,,
0.3679999996,2,146710.9218750000,197463.7656250000,168425.0781250000,147971.3750000000,119523.8906250000,151648.1718750000,133015.6406250000,144322.3906250000,,,
0.3719999995,2,147086.7031250000,196583.0468750000,169512.8437500000,148481.8593750000,119874.7734375000,151995.2500000000,133355.4531250000,144589.6250000000,,,
0.3759999995,2,147333.6875000000,194282.6406250000,170813.9843750000,148824.8593750000,120108.7187500000,152226.0312500000,133580.5468750000,144803.1250000000,,,
0.3799999994,2,147093.7031250000,193768.3906250000,170558.3125000000,148514.9062500000,119885.6406250000,152004.8593750000,133364.4375000000,144651.8437500000,,,
0.3839999994,3,146688.4687500000,195722.3281250000,168985.6562500000,147975.0000000000,119505.9765625000,151625.4062500000,132982.5000000000,144334.5625000000,,,
0.3879999993,3,146689.7656250000,197484.8750000000,168420.4843750000,147978.2656250000,119501.5234375000,151616.0937500000,132964.9218750000,144306.1718750000,,,
0.3919999993,3,147094.5312500000,196540.3437500000,169506.7500000000,148518.5156250000,119882.9296875000,151989.8281250000,133356.0937500000,144591.7187500000,,,
0.3959999993,3,147361.6093750000,194134.4531250000,170818.4062500000,148875.3125000000,120137.5546875000,152234.9375000000,133612.3281250000,144814.3906250000,,,
0.3999999992,3,147134.3906250000,193548.5000000000,170582.8281250000,148565.8906250000,119922.0390625000,152032.8125000000,133399.6250000000,144678.9062500000,,,
0.4039999992,3,146697.5468750000,195503.4062500000,168998.8750000000,148007.1093750000,119509.6250000000,151634.3281250000,132986.7812500000,144337.4375000000,,,
0.4079999994,3,146703.8125000000,197331.5468750000,168432.3437500000,148007.8593750000,119511.2343750000,151635.4375000000,132978.3281250000,144317.2968750000,,,
0.4119999993,3,147082.7812500000,196439.6718750000,169494.3125000000,148512.4062500000,119866.2187500000,151988.9843750000,133329.1406250000,144588.3906250000,,,
0.4159999993,3,147348.9375000000,194003.0781250000,170793.0156250000,148866.6250000000,120123.3906250000,152240.2812500000,133598.5937500000,144813.9843750000,,,
0.4199999992,3,147133.0000000000,193382.0156250000,170576.2343750000,148559.4218750000,119928.3671875000,152045.0937500000,133395.0781250000,144688.5156250000,,,
0.4239999992,3,146729.3593750000,195359.2812500000,169026.8593750000,148015.2343750000,119551.8671875000,151660.1406250000,133001.4062500000,144374.1562500000,,,
0.4279999994,3,146747.4375000000,197262.3125000000,168468.6406250000,148044.5000000000,119563.9062500000,151667.4843750000,132986.1718750000,144358.1406250000,,,
0.4319999993,3,147097.3281250000,196428.9531250000,169514.2656250000,148533.7343750000,119885.6406250000,152004.7500000000,133346.3281250000,144602.5781250000,,,
0.4359999993,3,147322.3906250000,193989.2656250000,170779.5937500000,148833.5156250000,120098.6875000000,152218.3906250000,133606.8593750000,144783.5156250000,,,
0.4399999992,3,147109.2031250000,193346.3906250000,170563.5781250000,148538.8281250000,119898.8671875000,152027.3593750000,133411.2500000000,144661.0781250000,,,
0.4439999992,3,146690.2656250000,195341.9375000000,169005.9062500000,147992.7812500000,119498.8125000000,151640.2031250000,133009.6562500000,144340.6250000000,,,
0.4479999992,3,146677.9375000000,197271.9375000000,168411.3750000000,147976.9218750000,119483.7890625000,151628.3750000000,132983.0000000000,144304.8437500000,,,
0.4519999993,3,147068.8906250000,196435.0312500000,169460.4843750000,148493.0937500000,119859.2500000000,151985.2187500000,133333.8906250000,144576.9375000000,,,
0.4559999993,3,147352.7812500000,193974.3750000000,170774.0937500000,148852.5625000000,120137.0468750000,152248.4531250000,133596.7500000000,144817.4687500000,,,
0.4599999993,3,147124.1718750000,193307.2031250000,170575.2968750000,148555.1875000000,119922.9531250000,152039.1406250000,133391.2656250000,144681.6718750000,,,
0.4639999992,3,146730.2031250000,195310.5781250000,169034.1718750000,148020.4843750000,119549.1875000000,151676.3437500000,133035.8437500000,144386.6875000000,,,
0.4679999992,3,146693.2968750000,197252.1250000000,168426.1406250000,147993.6406250000,119507.9609375000,151629.3750000000,132990.6250000000,144325.1250000000,,,
0.4719999994,3,147096.5781250000,196420.7187500000,169463.3593750000,148520.8593750000,119888.4296875000,152001.9531250000,133353.3593750000,144608.4687500000,,,
0.4759999993,3,147376.1406250000,193935.2968750000,170779.2187500000,148887.3437500000,120164.3515625000,152253.0468750000,133592.3437500000,144835.8437500000,,,
0.4799999993,3,147140.0781250000,193242.7031250000,170591.1406250000,148575.6718750000,119933.4921875000,152039.8281250000,133395.1718750000,144689.2031250000,,,
0.4839999992,3,146720.3125000000,195266.1562500000,169043.7187500000,148021.7187500000,119524.1328125000,151661.2343750000,133031.5000000000,144370.8125000000,,,
0.4879999992,3,146711.1718750000,197252.0312500000,168439.6406250000,147997.6562500000,119514.1015625000,151639.4375000000,133020.8750000000,144330.4062500000,,,
0.4919999992,3,147075.9218750000,196441.9062500000,169456.2500000000,148511.1718750000,119862.7109375000,151977.4218750000,133345.3437500000,144576.0781250000,,,
0.4959999993,3,147347.0625000000,193943.0468750000,170750.5000000000,148878.8750000000,120118.2109375000,152239.6250000000,133579.5000000000,144800.3281250000,,,
0.4999999993,3,147125.1718750000,193215.8750000000,170574.8125000000,148569.7812500000,119912.7031250000,152040.6093750000,133380.7968750000,144668.6718750000,,,
0.5039999993,3,146712.1875000000,195220.7812500000,169039.6250000000,148013.1093750000,119524.8593750000,151660.6718750000,133025.7343750000,144361.1718750000,,,
0.5079999992,3,146687.6406250000,197225.4843750000,168417.4218750000,147977.3906250000,119503.3203125000,151626.7187500000,132995.7656250000,144314.2968750000,,,
0.5119999992,4,147083.8906250000,196451.3437500000,169443.4531250000,148485.2031250000,119885.5625000000,151988.0937500000,133329.5781250000,144589.4062500000,,,
0.5159999991,4,147383.7812500000,193972.2343750000,170777.2656250000,148861.1718750000,120173.4140625000,152269.7500000000,133611.0625000000,144841.8281250000,,,
0.5199999991,4,147124.8437500000,193229.2812500000,170603.8593750000,148567.4687500000,119920.6953125000,152031.1406250000,133399.1250000000,144672.0468750000,,,
0.5239999990,4,146704.4062500000,195219.6718750000,169055.8750000000,148007.4218750000,119516.8593750000,151642.8906250000,133019.6406250000,144350.3593750000,,,
0.5279999990,4,146687.1093750000,197255.3125000000,168425.0937500000,147982.0781250000,119496.7500000000,151623.3593750000,132990.8125000000,144309.2812500000,,,
0.5319999990,4,147071.2500000000,196499.1406250000,169428.2968750000,148486.4687500000,119865.3359375000,151974.0937500000,133339.2343750000,144569.5781250000,,,
0.5359999991,4,147362.8437500000,193981.9687500000,170746.0625000000,148871.6093750000,120145.3593750000,152250.6250000000,133607.7968750000,144811.8906250000,,,
0.5399999991,4,147151.7968750000,193212.9843750000,170612.7968750000,148589.3281250000,119944.7578125000,152057.6093750000,133420.7187500000,144690.9062500000,,,
0.5439999991,4,146732.7812500000,195225.9218750000,169091.1718750000,148034.3750000000,119540.5703125000,151675.7031250000,133030.6875000000,144378.1875000000,,,
0.5479999990,4,146689.2343750000,197287.1718750000,168428.6093750000,147981.9375000000,119489.1796875000,151627.6562500000,132974.3125000000,144312.9843750000,,,
0.5519999990,4,147099.1718750000,196545.2500000000,169429.4218750000,148488.5625000000,119879.1484375000,152000.0000000000,133341.2968750000,144598.0625000000,,,
0.5559999992,4,147407.9531250000,194009.4375000000,170761.7343750000,148877.9375000000,120179.6640625000,152279.8437500000,133622.3593750000,144851.0781250000,,,
0.5599999991,4,147169.3750000000,193196.2187500000,170625.8281250000,148595.0937500000,119955.8359375000,152067.8125000000,133396.6875000000,144707.8750000000,,,
0.5639999991,4,146728.7656250000,195202.9375000000,169090.4531250000,148029.6406250000,119540.3828125000,151670.0625000000,132992.2812500000,144378.5312500000,,,
0.5679999990,4,146683.8906250000,197284.2812500000,168422.5468750000,147967.7343750000,119496.5312500000,151621.1093750000,132971.8437500000,144308.5312500000,,,
0.5719999990,4,147072.6718750000,196544.3125000000,169403.3281250000,148467.2656250000,119867.4296875000,151979.7031250000,133336.3281250000,144574.8437500000,,,
0.5759999990,4,147364.1562500000,193972.9062500000,170717.8281250000,148863.3750000000,120146.8359375000,152257.9218750000,133600.0937500000,144818.0625000000,,,
0.5799999991,4,147144.2031250000,193138.8906250000,170610.2656250000,148592.6875000000,119940.6796875000,152059.7031250000,133405.9062500000,144690.7968750000,,,
0.5839999991,4,146708.8906250000,195152.4062500000,169102.0625000000,148017.9687500000,119526.4375000000,151660.8437500000,133009.5000000000,144365.4687500000,,,
0.5879999991,4,146672.7031250000,197269.7343750000,168435.2656250000,147962.0937500000,119488.9687500000,151616.5468750000,132964.5000000000,144305.9687500000,,,
0.5919999990,4,147059.2031250000,196534.0312500000,169399.3125000000,148465.3906250000,119855.1718750000,151965.6093750000,133297.9218750000,144565.6718750000,,,
0.5959999990,4,147341.1718750000,193931.5156250000,170698.0312500000,148854.3593750000,120118.7500000000,152232.0625000000,133564.8281250000,144795.1093750000,,,
0.5999999992,4,147141.2031250000,193079.9687500000,170609.8750000000,148586.0625000000,119928.2343750000,152052.4687500000,133396.1718750000,144686.6093750000,,,
0.6039999991,4,146703.5468750000,195098.1718750000,169107.6093750000,148014.0000000000,119511.6875000000,151644.5312500000,132999.1718750000,144355.7812500000,,,
0.6079999991,4,146667.7187500000,197235.4375000000,168429.0937500000,147963.0937500000,119476.2265625000,151602.4687500000,132956.2656250000,144295.5156250000,,,
0.6119999990,4,147072.8125000000,196519.8750000000,169393.2968750000,148479.3281250000,119866.2734375000,151973.3593750000,133317.6875000000,144575.0625000000,,,
0.6159999990,4,147365.7031250000,193913.5937500000,170711.5781250000,148867.0000000000,120147.6406250000,152249.1562500000,133579.2031250000,144814.3281250000,,,
0.6199999989,4,147147.8593750000,193042.0625000000,170636.5781250000,148583.3750000000,119938.9921875000,152046.9375000000,133378.4687500000,144685.5937500000,,,
0.6239999991,4,146726.8593750000,195066.9843750000,169148.8125000000,148027.6718750000,119536.9531250000,151656.7812500000,133008.0000000000,144376.4375000000,,,
0.6279999991,4,146675.2187500000,197220.8750000000,168452.5156250000,147958.8750000000,119486.2343750000,151602.2031250000,132963.0000000000,144305.7656250000,,,
0.6319999991,4,147070.9531250000,196512.5000000000,169391.2656250000,148465.5468750000,119863.0859375000,151969.6718750000,133318.3125000000,144575.9062500000,,,
0.6359999990,4,147380.4531250000,193900.9062500000,170716.8125000000,148870.2968750000,120158.6640625000,152262.0781250000,133597.6875000000,144828.6875000000,,,
0.6399999990,5,147164.1875000000,193013.8593750000,170662.5156250000,148605.7500000000,119956.3671875000,152062.9218750000,133402.8750000000,144699.6718750000,,,
0.6439999989,5,146730.7187500000,195030.5312500000,169175.5625000000,148037.0156250000,119545.5078125000,151661.7968750000,133002.2656250000,144375.6093750000,,,
0.6479999989,5,146678.0468750000,197203.0156250000,168460.8281250000,147962.8437500000,119484.7812500000,151607.1406250000,132958.0312500000,144304.9062500000,,,
0.6519999988,5,147066.9375000000,196513.2031250000,169381.1250000000,148471.5312500000,119849.2656250000,151962.6093750000,133309.5312500000,144567.8437500000,,,
0.6559999988,5,147382.5312500000,193887.0000000000,170707.6406250000,148879.2812500000,120150.4296875000,152258.9218750000,133604.0625000000,144827.2343750000,,,
0.6599999988,5,147166.0156250000,192978.8437500000,170667.0000000000,148604.8281250000,119943.1484375000,152063.2500000000,133405.0468750000,144702.5156250000,,,
0.6639999989,5,146738.1718750000,194988.4218750000,169191.7031250000,148040.8125000000,119543.5781250000,151664.3750000000,133018.6718750000,144381.4843750000,,,
0.6679999989,5,146693.3593750000,197198.4531250000,168488.2343750000,147973.2031250000,119503.1328125000,151610.6562500000,132961.9687500000,144317.4531250000,,,
0.6719999989,5,147063.4531250000,196532.8906250000,169389.7031250000,148464.1718750000,119853.9609375000,151956.1406250000,133285.0468750000,144565.2968750000,,,
0.6759999988,5,147374.2968750000,193879.5625000000,170707.7187500000,148880.9375000000,120154.1796875000,152245.0468750000,133593.9218750000,144814.3125000000,,,
0.6799999988,5,147171.1718750000,192939.1250000000,170685.0156250000,148630.3906250000,119958.7578125000,152064.3281250000,133419.4531250000,144700.1250000000,,,
0.6839999990,5,146740.2187500000,194953.6562500000,169213.4531250000,148054.6093750000,119547.4375000000,151671.5937500000,133025.6250000000,144382.5468750000,,,
0.6879999989,5,146693.8906250000,197201.1093750000,168496.9062500000,147980.5468750000,119505.6015625000,151626.8593750000,132981.5468750000,144323.9531250000,,,
0.6919999989,5,147085.6093750000,196565.3906250000,169406.9531250000,148471.7187500000,119881.1093750000,151988.2031250000,133332.3125000000,144593.1875000000,,,
0.6959999988,5,147368.9843750000,193903.6562500000,170712.7812500000,148871.7656250000,120148.6562500000,152250.7343750000,133587.0156250000,144817.8281250000,,,
0.6999999988,5,147162.4531250000,192931.1562500000,170691.4375000000,148617.4062500000,119948.5390625000,152061.7656250000,133396.7031250000,144698.0312500000,,,
0.7039999987,5,146730.8281250000,194939.2031250000,169220.5625000000,148045.5156250000,119538.3437500000,151662.5781250000,133009.0000000000,144378.0781250000,,,
0.7079999989,5,146678.7343750000,197213.1250000000,168483.2031250000,147963.6562500000,119484.7265625000,151605.7968750000,132962.6250000000,144310.5937500000,,,
0.7119999989,5,147070.3125000000,196589.1093750000,169378.8125000000,148459.1093750000,119860.6953125000,151962.6875000000,133314.4687500000,144572.7812500000,33029,0.7140995862,0.0000000000
0.7159999989,5,147394.9375000000,193901.4218750000,170707.7187500000,148877.2968750000,120174.5390625000,152260.4687500000,133615.4375000000,144830.8281250000,,,
0.7199999988,5,147209.2500000000,192889.9062500000,170721.7187500000,148647.6093750000,119997.2734375000,152090.1562500000,133449.1406250000,144730.8593750000,,,
0.7239999988,5,146760.9531250000,194908.7500000000,169262.9218750000,148057.4531250000,119571.1250000000,151678.4375000000,133038.5000000000,144399.5000000000,,,
0.7279999990,5,146684.1093750000,197227.1406250000,168508.7031250000,147956.1875000000,119495.7578125000,151599.1250000000,132957.4687500000,144312.9531250000,,,
0.7319999989,5,147064.2812500000,196618.0781250000,169374.8750000000,148453.1562500000,119856.2421875000,151946.9531250000,133292.5312500000,144567.6562500000,,,
0.7359999989,5,147384.0781250000,193883.2031250000,170686.5781250000,148865.0937500000,120164.0000000000,152247.1406250000,133590.3593750000,144821.0156250000,,,
0.7399999988,5,147195.3125000000,192819.6562500000,170707.4531250000,148629.3281250000,119983.6250000000,152080.1406250000,133428.2812500000,144718.3125000000,,,
0.7439999988,5,146749.3125000000,194853.3437500000,169268.7656250000,148047.9531250000,119558.4375000000,151668.1250000000,133026.8906250000,144387.7500000000,,,
0.7479999987,5,146682.5468750000,197231.5937500000,168517.6093750000,147954.6093750000,119491.2500000000,151602.3437500000,132954.4687500000,144311.3750000000,,,
0.7519999989,5,147081.0468750000,196653.6406250000,169389.3593750000,148461.9843750000,119872.0156250000,151966.7656250000,133304.1093750000,144579.7187500000,,,
0.7559999989,5,147397.2187500000,193866.7968750000,170696.0781250000,148894.2968750000,120171.1328125000,152257.0625000000,133598.9218750000,144825.1250000000,,,
0.7599999988,5,147198.8750000000,192742.3593750000,170720.0781250000,148648.0781250000,119979.5703125000,152075.1875000000,133429.5625000000,144712.6562500000,,,
0.7639999988,5,146745.8437500000,194798.4375000000,169285.1250000000,148059.5156250000,119546.1015625000,151657.3750000000,133011.9218750000,144381.7812500000,,,
0.7679999988,6,146665.9218750000,197236.0781250000,168517.1250000000,147953.7812500000,119470.4609375000,151581.9843750000,132936.1250000000,144294.1250000000,,,
0.7719999987,6,147056.8437500000,196673.7031250000,169362.1875000000,148445.5156250000,119850.3437500000,151945.4375000000,133290.7656250000,144556.0156250000,,,
0.7759999987,6,147395.1562500000,193837.9843750000,170666.2968750000,148889.7343750000,120180.4921875000,152265.3750000000,133580.2968750000,144825.1250000000,,,
0.7799999986,6,147188.3593750000,192664.8750000000,170702.1093750000,148647.5000000000,119982.8984375000,152079.3750000000,133408.7500000000,144707.3906250000,,,
0.7839999986,6,146731.6250000000,194744.8437500000,169277.1875000000,148062.2812500000,119546.2578125000,151658.6562500000,133028.4062500000,144373.8437500000,,,
0.7879999985,6,146640.6718750000,197241.8750000000,168489.4218750000,147946.4375000000,119451.0937500000,151572.1875000000,132940.5937500000,144277.4687500000,,,
0.7919999987,6,147024.9375000000,196696.0468750000,169307.0937500000,148432.6406250000,119817.7500000000,151925.3750000000,133285.1875000000,144526.6093750000,,,
0.7959999987,6,147369.4062500000,193808.0312500000,170600.9375000000,148872.6562500000,120150.5078125000,152248.7187500000,133600.2656250000,144796.4218750000,,,
0.7999999986,6,147199.9687500000,192576.9687500000,170668.0781250000,148655.5000000000,119988.7187500000,152095.8437500000,133447.7187500000,144712.0625000000,,,
0.8039999986,6,146735.6562500000,194683.9843750000,169270.8593750000,148069.3906250000,119545.0000000000,151664.2500000000,133021.0312500000,144373.9375000000,,,
0.8079999986,6,146641.9062500000,197277.8125000000,168503.0781250000,147949.1718750000,119457.5625000000,151569.3437500000,132924.4531250000,144272.6562500000,,,
0.8119999988,6,147036.4687500000,196777.2343750000,169320.1250000000,148441.7343750000,119838.0312500000,151929.5156250000,133264.1718750000,144531.2812500000,,,
0.8159999987,6,147391.1093750000,193814.3593750000,170604.1562500000,148896.9218750000,120177.7031250000,152258.5625000000,133599.1875000000,144805.5312500000,,,
0.8199999987,6,147211.7500000000,192493.7500000000,170670.0312500000,148679.1875000000,119998.3203125000,152097.7656250000,133444.9531250000,144718.0937500000,,,
0.8239999986,6,146741.2031250000,194615.8281250000,169286.7656250000,148076.8437500000,119546.1796875000,151662.6875000000,133016.4843750000,144383.6875000000,,,
0.8279999986,6,146639.1562500000,197284.6562500000,168511.3906250000,147951.6406250000,119445.9687500000,151563.5312500000,132915.8437500000,144282.1562500000,,,
0.8319999985,6,147035.4218750000,196800.6562500000,169314.3906250000,148443.2343750000,119829.3671875000,151924.6562500000,133271.5625000000,144540.2343750000,,,
0.8359999987,6,147403.8437500000,193769.3437500000,170594.8125000000,148892.9843750000,120185.0781250000,152268.0937500000,133606.0468750000,144824.7968750000,,,
0.8399999987,6,147230.0625000000,192400.1406250000,170691.3593750000,148690.5000000000,120025.0312500000,152106.4843750000,133451.7656250000,144736.6562500000,,,
0.8439999986,6,146733.6406250000,194554.6250000000,169325.8125000000,148084.0000000000,119553.0703125000,151646.4843750000,132987.0781250000,144375.7968750000,,,
0.8479999986,6,146623.5937500000,197323.0156250000,168550.8750000000,147947.1250000000,119436.3125000000,151539.0625000000,132887.1406250000,144261.6875000000,,,
0.8519999986,6,147029.5468750000,196882.7187500000,169336.4375000000,148428.1562500000,119823.5234375000,151919.0781250000,133264.7343750000,144529.0000000000,,,
0.8559999987,6,147398.8281250000,193778.6562500000,170598.8125000000,148898.3750000000,120180.8437500000,152265.0312500000,133603.7500000000,144813.0468750000,,,
0.8599999987,6,147208.5000000000,192327.3906250000,170690.0625000000,148692.4687500000,119998.2656250000,152092.3437500000,133435.6562500000,144712.1718750000,,,
0.8639999987,6,146722.0625000000,194519.8593750000,169342.7187500000,148064.1250000000,119537.3046875000,151647.0468750000,132982.8125000000,144368.2500000000,,,
0.8679999986,6,146610.0468750000,197401.3906250000,168570.4218750000,147922.9843750000,119430.9531250000,151531.8437500000,132863.0781250000,144258.1562500000,,,
0.8719999986,6,147020.0468750000,197013.1562500000,169342.4375000000,148419.8906250000,119827.5468750000,151911.4843750000,133253.3906250000,144523.6718750000,,,
0.8759999985,6,147406.9375000000,193854.0781250000,170591.1250000000,148900.3593750000,120199.3750000000,152277.2031250000,133617.2343750000,144821.9062500000,,,
0.8799999987,6,147234.1250000000,192334.1562500000,170689.4531250000,148702.8125000000,120032.1406250000,152119.1718750000,133470.5000000000,144736.1718750000,,,
0.8839999987,6,146732.0156250000,194577.5468750000,169364.5781250000,148080.3593750000,119545.0234375000,151646.0312500000,133013.0156250000,144375.7187500000,,,
0.8879999986,6,146611.0156250000,197572.9062500000,168593.9687500000,147922.4062500000,119422.2578125000,151527.7187500000,132894.9218750000,144261.5000000000,,,
0.8919999986,6,147017.9531250000,197214.6250000000,169340.0312500000,148417.8593750000,119814.7500000000,151907.2968750000,133246.6875000000,144524.5000000000,,,
0.8959999986,7,147408.6250000000,193966.5000000000,170569.3593750000,148900.6562500000,120192.0312500000,152275.2968750000,133605.5625000000,144821.6562500000,,,
0.8999999985,7,147244.6250000000,192311.5625000000,170682.6406250000,148711.5781250000,120033.5078125000,152119.7031250000,133467.5937500000,144741.8125000000,,,
0.9039999985,7,146751.6718750000,194497.5937500000,169380.6875000000,148101.2500000000,119562.4609375000,151663.1093750000,133025.8125000000,144394.2187500000,,,
0.9079999984,7,146612.3593750000,197515.0000000000,168600.8906250000,147932.9375000000,119426.1484375000,151526.0625000000,132892.6406250000,144260.6718750000,,,
0.9119999984,7,147019.4375000000,197169.7187500000,169337.9062500000,148425.3906250000,119816.2812500000,151907.3593750000,133252.5312500000,144525.8593750000,,,
0.9159999983,7,147428.7968750000,193877.3437500000,170568.4062500000,148916.9687500000,120210.5390625000,152295.5468750000,133628.6093750000,144838.2812500000,,,
0.9199999985,7,147255.6562500000,192200.1718750000,170684.8906250000,148722.8437500000,120044.9062500000,152133.8750000000,133474.7031250000,144751.2187500000,,,
0.9239999985,7,146749.7656250000,194434.2500000000,169393.8281250000,148106.1562500000,119561.3046875000,151658.8437500000,133007.7812500000,144392.7187500000,,,
0.9279999984,7,146610.2343750000,197534.0937500000,168615.4843750000,147938.7031250000,119417.7578125000,151519.7187500000,132878.6718750000,144259.5000000000,,,
0.9319999984,7,147011.7031250000,197227.9843750000,169339.7031250000,148421.2968750000,119801.7968750000,151894.8906250000,133246.2812500000,144512.0312500000,,,
0.9359999984,7,147420.8593750000,193880.8750000000,170559.4375000000,148912.3281250000,120201.2812500000,152278.3906250000,133625.7656250000,144818.0312500000,,,
0.9399999985,7,147261.8281250000,192138.9375000000,170695.0312500000,148729.7656250000,120048.7968750000,152127.0781250000,133483.4531250000,144746.0781250000,,,
0.9439999985,7,146741.4687500000,194378.8281250000,169410.2031250000,148098.4062500000,119545.7812500000,151651.6562500000,133004.8906250000,144384.4843750000,,,
0.9479999985,7,146589.0781250000,197539.2031250000,168620.6406250000,147920.8750000000,119395.3046875000,151520.3437500000,132861.5312500000,144246.0625000000,,,
0.9519999984,7,146990.5156250000,197269.6875000000,169327.9062500000,148409.0625000000,119781.1953125000,151902.6562500000,133216.1875000000,144501.3281250000,,,
0.9559999984,7,147398.2968750000,193873.1250000000,170528.1875000000,148912.7500000000,120174.2187500000,152283.8125000000,133579.0625000000,144805.4062500000,,,
0.9599999983,7,147250.4218750000,192062.3125000000,170671.1093750000,148743.3750000000,120026.9375000000,152143.5312500000,133451.8750000000,144740.5156250000,,,
0.9639999985,7,146721.1718750000,194278.2187500000,169397.7500000000,148092.7187500000,119517.9062500000,151651.9062500000,132976.6718750000,144368.6406250000,,,
0.9679999985,7,146576.3906250000,197496.4687500000,168621.4062500000,147912.2656250000,119377.2031250000,151515.4531250000,132839.0781250000,144235.1718750000,,,
0.9719999984,7,146983.0937500000,197255.6875000000,169322.0781250000,148409.9375000000,119776.6875000000,151889.1718750000,133212.7031250000,144485.3906250000,,,
0.9759999984,7,147406.0000000000,193837.1250000000,170525.8281250000,148925.7656250000,120188.7031250000,152289.4843750000,133603.9062500000,144802.6093750000,,,
0.9799999984,7,147251.8750000000,191983.1406250000,170681.4843750000,148754.4531250000,120041.9843750000,152150.0468750000,133470.5156250000,144735.3906250000,,,
0.9839999985,7,146741.3906250000,194201.0312500000,169425.0312500000,148127.9375000000,119549.2343750000,151668.6093750000,133005.6875000000,144380.5625000000,,,
0.9879999985,7,146587.8593750000,197457.3906250000,168634.7968750000,147929.7812500000,119398.8203125000,151516.5312500000,132866.2187500000,144242.0000000000,,,
0.9919999985,7,147006.5000000000,197259.8750000000,169331.1562500000,148419.0937500000,119805.2812500000,151905.2656250000,133244.1406250000,144510.1406250000,,,
0.9959999984,7,147443.4062500000,193835.2500000000,170544.0156250000,148940.2968750000,120228.6640625000,152318.2656250000,133643.6093750000,144840.0312500000,,,
0.9999999984,7,147285.1562500000,191923.7187500000,170699.2343750000,148768.4531250000,120071.4609375000,152172.0312500000,133501.3593750000,144763.5000000000,,,
1.0039999983,7,146754.6250000000,194126.8906250000,169440.5781250000,148131.0468750000,119556.6406250000,151680.8437500000,133016.9531250000,144392.5312500000,,,
1.0079999985,7,146589.7187500000,197428.6875000000,168640.9687500000,147928.7343750000,119393.6718750000,151521.4218750000,132857.9375000000,144241.4375000000,,,
1.0119999985,7,146997.2031250000,197275.2187500000,169318.8437500000,148410.2343750000,119786.0234375000,151900.0312500000,133216.6562500000,144497.4531250000,,,
1.0159999984,7,147433.2500000000,193827.2656250000,170518.7187500000,148937.1562500000,120209.5937500000,152316.0937500000,133618.4375000000,144826.6406250000,,,
1.0199999984,7,147280.5000000000,191871.3437500000,170683.9843750000,148763.8281250000,120060.4687500000,152175.5781250000,133487.5781250000,144758.6562500000,,,
1.0239999983,8,146771.9218750000,194055.1093750000,169443.8593750000,148131.0000000000,119569.4843750000,151703.1093750000,133024.2031250000,144411.3125000000,,,
1.0279999983,8,146602.7187500000,197397.4375000000,168652.0625000000,147927.1718750000,119405.9531250000,151535.5468750000,132863.8906250000,144262.3437500000,,,
1.0319999983,8,146991.3437500000,197282.0781250000,169315.5625000000,148401.9531250000,119780.1250000000,151898.9062500000,133208.2031250000,144502.2812500000,,,
1.0359999982,8,147420.9375000000,193824.2031250000,170500.2187500000,148916.4218750000,120200.1015625000,152309.1562500000,133605.5156250000,144820.1093750000,,,
1.0399999982,8,147285.0312500000,191823.3281250000,170681.2187500000,148764.5000000000,120071.8671875000,152184.6250000000,133499.8906250000,144767.2656250000,,,
1.0439999981,8,146759.8281250000,193981.4375000000,169447.0781250000,148128.3125000000,119568.0937500000,151703.9687500000,133032.0937500000,144407.0625000000,,,
1.0479999983,8,146582.1875000000,197341.7031250000,168637.7187500000,147919.0781250000,119396.5625000000,151534.1875000000,132863.6250000000,144250.9375000000,,,
1.0519999983,8,146978.4687500000,197269.3437500000,169299.3437500000,148393.4531250000,119779.3671875000,151901.2500000000,133215.7968750000,144494.9375000000,,,
1.0559999982,8,147409.7500000000,193824.2031250000,170487.0781250000,148918.8437500000,120196.1875000000,152312.9687500000,133611.0156250000,144810.3125000000,,,
1.0599999982,8,147272.8750000000,191801.3281250000,170674.8281250000,148763.0000000000,120064.3828125000,152187.8437500000,133494.5312500000,144753.2343750000,,,
1.0639999982,8,146765.1093750000,193944.6875000000,169450.3437500000,148137.3750000000,119576.5937500000,151715.7187500000,133036.0000000000,144407.4218750000,,,
1.0679999983,8,146588.1875000000,197318.3906250000,168635.3593750000,147935.1406250000,119400.4843750000,151544.4062500000,132865.2812500000,144253.6718750000,,,
1.0719999983,8,146975.6093750000,197272.4843750000,169281.1875000000,148393.2343750000,119774.0312500000,151908.3437500000,133214.8281250000,144495.8281250000,,,
1.0759999983,8,147408.1406250000,193843.2187500000,170477.7656250000,148916.7812500000,120193.2343750000,152317.2031250000,133611.9062500000,144814.7968750000,,,
1.0799999982,8,147278.3281250000,191803.5937500000,170688.5156250000,148775.2812500000,120067.2812500000,152196.6093750000,133492.3593750000,144763.2187500000,,,
1.0839999982,8,146753.7656250000,193924.3281250000,169465.1250000000,148136.2031250000,119559.9140625000,151705.5781250000,133017.2500000000,144400.0937500000,,,
1.0879999981,8,146574.8593750000,197315.1562500000,168636.6718750000,147914.6718750000,119383.2890625000,151527.8750000000,132851.0312500000,144245.0156250000,,,
1.0919999983,8,146972.1250000000,197313.7500000000,169287.0781250000,148390.5468750000,119768.6171875000,151894.8906250000,133209.6250000000,144493.0937500000,,,
1.0959999983,8,147422.5156250000,193888.2031250000,170497.0312500000,148927.4218750000,120206.6171875000,152325.7500000000,133623.7343750000,144827.5312500000,,,
1.0999999982,8,147295.4375000000,191811.1250000000,170719.3750000000,148781.5156250000,120078.1171875000,152212.9218750000,133511.5625000000,144777.0312500000,,,
1.1039999982,8,146770.0937500000,193917.4375000000,169504.5781250000,148142.2656250000,119567.7968750000,151720.0937500000,133033.5312500000,144410.3125000000,,,
1.1079999981,8,146585.9375000000,197312.5000000000,168657.4843750000,147912.5312500000,119386.5625000000,151541.4218750000,132849.3281250000,144250.5937500000,,,
1.1119999983,8,146980.8125000000,197327.1406250000,169282.5781250000,148377.1718750000,119770.6796875000,151908.9062500000,133193.1562500000,144495.1250000000,,,
1.1159999983,8,147432.1718750000,193897.4843750000,170483.9843750000,148920.3906250000,120209.5468750000,152338.0625000000,133622.8125000000,144829.3750000000,,,
1.1199999982,8,147320.4375000000,191779.3593750000,170718.2812500000,148796.0468750000,120104.1562500000,152234.0000000000,133539.7812500000,144796.5000000000,,,
1.1239999982,8,146785.6718750000,193865.7031250000,169506.8281250000,148157.8906250000,119587.0546875000,151737.0312500000,133044.9375000000,144430.5156250000,,,
1.1279999982,8,146565.0625000000,197301.6250000000,168642.0156250000,147916.3125000000,119370.5781250000,151524.8437500000,132827.2500000000,144239.4062500000,,,
1.1319999981,8,146946.8593750000,197366.1093750000,169250.0468750000,148371.1875000000,119739.5703125000,151886.7656250000,133183.2031250000,144474.0781250000,,,
1.1359999983,8,147390.5781250000,193909.5000000000,170432.4375000000,148905.2343750000,120171.8281250000,152307.9531250000,133602.0000000000,144796.0625000000,,,
1.1399999983,8,147273.1718750000,191739.2187500000,170670.3750000000,148770.8593750000,120057.1953125000,152202.1875000000,133501.9375000000,144753.4531250000,,,
1.1439999982,8,146746.4843750000,193842.3906250000,169488.2812500000,148131.6093750000,119546.9062500000,151708.1250000000,133018.0312500000,144391.6718750000,,,
1.1479999982,8,146544.6250000000,197370.7187500000,168642.6250000000,147886.3750000000,119351.2890625000,151513.5781250000,132822.9062500000,144216.5468750000,,,
1.1519999981,9,146944.4687500000,197486.2031250000,169252.7187500000,148355.6562500000,119741.3359375000,151884.8750000000,133177.1875000000,144460.6093750000,,,
1.1559999981,9,147406.0156250000,193980.6875000000,170435.6250000000,148907.5468750000,120189.2421875000,152317.2812500000,133606.8593750000,144795.2187500000,,,
1.1599999981,9,147290.3906250000,191724.9375000000,170679.1562500000,148788.9687500000,120075.0312500000,152211.0625000000,133511.5625000000,144753.7500000000,,,
1.1639999980,9,146765.1562500000,193813.8750000000,169505.1406250000,148157.3125000000,119565.7031250000,151722.4687500000,133033.0781250000,144399.2343750000,,,
1.1679999980,9,146556.4062500000,197398.9218750000,168656.2500000000,147905.3125000000,119361.2656250000,151518.5468750000,132821.5312500000,144221.6250000000,,,
1.1719999979,9,146943.9843750000,197554.4062500000,169245.0781250000,148371.1406250000,119735.8671875000,151872.9687500000,133157.1562500000,144452.7812500000,,,
1.1759999981,9,147411.2500000000,194029.6875000000,170418.5468750000,148919.4062500000,120186.7421875000,152315.9687500000,133604.9531250000,144792.7187500000,,,
1.1799999981,9,147295.8281250000,191730.4375000000,170677.7343750000,148792.9062500000,120077.4453125000,152210.0468750000,133515.9375000000,144753.2343750000,,,
1.1839999980,9,146757.0625000000,193831.8750000000,169521.7812500000,148148.4531250000,119555.8125000000,151709.3906250000,133019.5937500000,144391.4375000000,,,
1.1879999980,9,146553.8750000000,197487.1093750000,168675.8281250000,147904.4531250000,119359.1796875000,151510.1562500000,132803.7812500000,144221.3281250000,,,
1.1919999979,9,146953.7968750000,197682.8750000000,169258.8593750000,148357.9062500000,119745.9765625000,151882.1406250000,133175.4531250000,144466.7812500000,,,
1.1959999981,9,147419.2968750000,194096.0156250000,170422.1406250000,148903.6875000000,120197.0156250000,152322.6250000000,133614.6406250000,144804.2031250000,,,
1.1999999981,9,147314.1250000000,191707.4843750000,170687.5937500000,148792.7500000000,120089.8359375000,152221.0468750000,133525.1875000000,144772.8750000000,,,
1.2039999980,9,146772.7500000000,193804.7343750000,169549.1875000000,148149.5781250000,119565.1406250000,151712.3593750000,133047.4218750000,144406.4218750000,,,
1.2079999980,9,146552.1875000000,197538.5781250000,168704.4531250000,147882.0312500000,119353.4375000000,151494.0781250000,132848.1718750000,144221.0312500000,,,
1.2119999980,9,146955.6718750000,197793.0156250000,169284.7500000000,148348.9531250000,119748.7109375000,151872.9375000000,133203.6093750000,144469.4843750000,,,
1.2159999979,9,147437.7812500000,194157.7343750000,170443.3281250000,148922.7031250000,120217.6406250000,152332.5468750000,133643.3593750000,144819.0781250000,,,
1.2199999981,9,147329.0156250000,191669.3750000000,170705.8437500000,148809.1406250000,120113.2500000000,152236.6562500000,133550.4531250000,144785.6093750000,,,
1.2239999981,9,146782.0625000000,193752.7187500000,169577.1093750000,148157.8125000000,119584.5390625000,151735.1406250000,133050.4062500000,144424.1875000000,,,
1.2279999980,9,146551.3906250000,197563.5000000000,168731.2500000000,147872.5156250000,119364.0078125000,151515.2968750000,132815.5781250000,144236.3125000000,,,
1.2319999980,9,146936.9062500000,197879.4062500000,169299.7968750000,148330.5312500000,119748.0703125000,151870.8750000000,133140.6562500000,144462.2656250000,,,
1.2359999979,9,147423.4531250000,194210.5000000000,170443.7812500000,148911.5156250000,120217.0546875000,152334.4687500000,133615.0625000000,144811.9687500000,,,
1.2399999981,9,147332.2031250000,191656.2031250000,170714.7968750000,148814.7187500000,120120.4921875000,152259.6093750000,133581.7031250000,144794.8593750000,,,
1.2439999981,9,146785.8437500000,193744.5625000000,169607.9062500000,148159.5000000000,119591.6718750000,151744.8125000000,133084.9531250000,144429.8437500000,,,
1.2479999980,9,146552.7812500000,197638.9531250000,168764.1875000000,147885.7031250000,119360.9765625000,151520.4687500000,132845.6250000000,144239.6718750000,,,
1.2519999980,9,146945.6250000000,198004.2031250000,169312.6718750000,148341.2812500000,119742.6796875000,151885.3593750000,133191.0937500000,144474.7656250000,,,
1.2559999980,9,147432.0156250000,194295.6250000000,170445.7656250000,148916.8750000000,120217.7812500000,152339.7500000000,133640.5156250000,144820.1562500000,,,
1.2599999979,9,147339.1562500000,191663.5156250000,170729.2031250000,148824.4531250000,120128.6718750000,152250.3281250000,133567.6093750000,144795.9843750000,,,
1.2639999981,9,146783.7968750000,193724.6718750000,169633.3593750000,148174.2031250000,119593.2265625000,151732.7968750000,133056.5781250000,144426.9375000000,,,
1.2679999981,9,146547.2500000000,197666.5156250000,168792.3437500000,147892.7812500000,119367.6796875000,151506.5781250000,132811.3125000000,144236.2968750000,,,
1.2719999980,9,146949.5156250000,198072.2656250000,169336.0000000000,148333.6562500000,119760.4062500000,151886.4687500000,133179.9062500000,144483.5156250000,,,
1.2759999980,9,147447.5937500000,194333.6875000000,170456.6875000000,148903.9062500000,120237.4921875000,152363.9218750000,133663.1562500000,144841.5000000000,,,
1.2799999979,10,147356.1093750000,191645.3593750000,170741.8125000000,148817.9375000000,120145.3046875000,152284.2031250000,133596.0000000000,144822.8125000000,,,
1.2839999979,10,146789.2656250000,193698.7812500000,169649.1562500000,148157.3281250000,119594.1093750000,151756.9062500000,133069.5781250000,144443.5781250000,,,
1.2879999978,10,146539.5312500000,197705.8750000000,168801.2343750000,147863.9218750000,119346.6484375000,151509.3125000000,132835.1875000000,144237.3125000000,,,
1.2919999978,10,146934.8593750000,198156.8750000000,169325.8593750000,148322.7656250000,119733.2343750000,151870.8750000000,133191.7656250000,144470.1562500000,,,
1.2959999978,10,147436.2500000000,194387.3593750000,170440.8125000000,148916.2343750000,120224.8828125000,152346.1093750000,133650.9843750000,144821.8437500000,,,
1.2999999977,10,147357.3437500000,191641.8281250000,170746.0625000000,148838.5156250000,120150.1328125000,152275.6250000000,133589.1250000000,144809.8906250000,,,
1.3039999979,10,146799.6250000000,193689.9531250000,169679.7031250000,148178.8437500000,119612.2968750000,151746.2656250000,133080.6562500000,144438.9531250000,,,
1.3079999979,10,146533.5468750000,197728.5625000000,168821.5781250000,147875.7812500000,119352.5000000000,151488.1250000000,132833.9531250000,144219.9375000000,,,
1.3119999978,10,146920.0312500000,198209.0468750000,169322.4531250000,148322.9843750000,119726.7968750000,151854.0312500000,133190.0156250000,144448.0312500000,,,
1.3159999978,10,147428.7968750000,194408.8437500000,170418.2187500000,148919.4062500000,120221.3437500000,152340.3125000000,133648.8125000000,144806.3906250000,,,
1.3199999977,10,147354.2031250000,191592.1250000000,170722.7031250000,148843.6562500000,120148.7109375000,152270.9062500000,133583.3593750000,144798.9687500000,,,
1.3239999979,10,146795.2812500000,193629.3125000000,169668.2031250000,148187.6406250000,119606.5000000000,151743.2343750000,133076.3125000000,144432.3125000000,,,
1.3279999979,10,146541.1718750000,197742.7812500000,168822.6250000000,147890.5625000000,119359.7890625000,151494.4843750000,132835.3125000000,144228.7812500000,,,
1.3319999978,10,146936.0468750000,198291.8281250000,169331.1562500000,148333.9843750000,119745.9218750000,151861.9531250000,133184.2187500000,144462.6406250000,,,
1.3359999978,10,147453.9531250000,194466.1562500000,170428.7343750000,148933.7500000000,120251.5468750000,152355.4218750000,133663.9687500000,144827.2343750000,,,
1.3399999978,10,147371.8281250000,191570.6093750000,170731.2968750000,148855.7812500000,120169.7968750000,152278.6093750000,133589.8281250000,144811.6250000000,,,
1.3439999977,10,146804.4218750000,193552.5468750000,169676.2500000000,148196.5468750000,119614.8203125000,151745.2187500000,133081.5468750000,144441.3437500000,,,
1.3479999979,10,146538.1875000000,197679.3125000000,168815.5000000000,147884.3437500000,119351.1015625000,151491.9687500000,132839.3750000000,144232.0312500000,,,
1.3519999979,10,146921.6718750000,198260.4687500000,169305.1406250000,148320.1718750000,119723.5781250000,151852.4531250000,133186.9531250000,144458.0625000000,,,
1.3559999978,10,147439.5781250000,194420.1093750000,170392.5000000000,148919.1406250000,120230.1171875000,152346.1718750000,133661.8750000000,144819.5312500000,,,
1.3599999978,10,147377.4531250000,191482.0625000000,170709.2968750000,148855.6250000000,120166.3046875000,152291.2656250000,133607.9375000000,144821.9062500000,,,
1.3639999977,10,146800.6406250000,193460.2031250000,169664.7031250000,148176.8125000000,119601.6171875000,151756.3437500000,133079.7812500000,144444.6406250000,,,
1.3679999979,10,146528.2343750000,197630.2500000000,168800.3125000000,147856.7343750000,119336.7500000000,151492.9531250000,132826.8750000000,144229.6406250000,,,
1.3719999979,10,146909.1093750000,198249.1562500000,169279.7031250000,148290.3125000000,119714.3281250000,151842.2343750000,133169.1718750000,144449.0937500000,,,
1.3759999978,10,147429.3593750000,194406.7968750000,170363.9375000000,148891.9375000000,120223.9453125000,152335.0937500000,133650.7968750000,144810.7656250000,,,
1.3799999978,10,147368.0156250000,191426.3593750000,170689.0156250000,148841.8125000000,120160.5390625000,152283.3281250000,133604.5312500000,144814.2343750000,,,
1.3839999977,10,146796.1875000000,193392.5000000000,169665.7031250000,148182.9687500000,119603.5781250000,151745.3593750000,133084.0468750000,144438.8593750000,,,
1.3879999977,10,146514.3750000000,197607.2656250000,168802.2187500000,147855.4843750000,119333.3437500000,151479.2500000000,132818.2343750000,144216.8437500000,,,
1.3919999979,10,146898.0625000000,198277.3906250000,169267.4531250000,148302.7343750000,119712.0468750000,151841.1562500000,133151.4218750000,144441.3437500000,,,
1.3959999979,10,147414.6093750000,194431.2656250000,170339.2343750000,148899.3437500000,120211.1562500000,152339.7812500000,133642.3125000000,144801.4843750000,,,
1.3999999978,10,147352.3281250000,191395.2812500000,170668.2812500000,148845.4062500000,120147.1015625000,152284.8281250000,133600.1562500000,144800.7968750000,,,
1.4039999978,10,146792.0312500000,193339.7187500000,169658.8437500000,148194.7187500000,119600.8984375000,151759.4062500000,133093.8125000000,144439.0625000000,,,
1.4079999977,11,146510.7031250000,197602.4687500000,168795.9687500000,147863.7343750000,119325.2968750000,151485.2656250000,132824.5625000000,144218.3437500000,,,
1.4119999977,11,146892.1562500000,198326.3906250000,169257.7343750000,148296.1875000000,119701.0468750000,151834.8906250000,133162.7031250000,144437.2500000000,,,
1.4159999976,11,147426.6406250000,194468.9218750000,170332.9843750000,148912.6718750000,120225.5546875000,152341.0781250000,133651.7656250000,144808.1718750000,,,
1.4199999976,11,147376.0937500000,191380.0937500000,170674.3281250000,148871.3437500000,120174.9140625000,152293.4687500000,133611.7968750000,144818.5937500000,,,
1.4239999976,11,146796.5937500000,193313.7500000000,169677.5625000000,148213.8750000000,119609.9921875000,151746.0156250000,133086.3437500000,144440.7031250000,,,
1.4279999975,11,146513.6250000000,197631.8125000000,168818.7343750000,147864.6718750000,119334.9531250000,151477.5937500000,132827.3750000000,144222.5312500000,,,
1.4319999977,11,146888.6250000000,198414.0000000000,169267.0156250000,148281.5937500000,119701.3437500000,151829.4687500000,133158.2812500000,144438.4531250000,,,
1.4359999977,11,147417.6093750000,194523.5312500000,170320.8125000000,148887.5156250000,120217.4062500000,152335.6250000000,133634.5625000000,144804.4062500000,,,
1.4399999976,11,147377.3750000000,191354.5312500000,170667.7031250000,148855.5468750000,120172.6640625000,152305.5000000000,133606.5156250000,144825.0156250000,,,
1.4439999976,11,146801.5781250000,193248.6875000000,169680.2187500000,148196.3906250000,119606.2343750000,151765.8906250000,133084.0625000000,144451.0625000000,,,
1.4479999975,11,146499.2656250000,197604.2343750000,168813.0312500000,147841.0000000000,119307.2187500000,151480.3437500000,132804.6093750000,144217.3593750000,,,
1.4519999977,11,146879.0000000000,198433.7343750000,169251.8593750000,148274.7812500000,119677.6328125000,151834.3750000000,133144.7656250000,144434.7968750000,,,
1.4559999977,11,147424.5000000000,194546.2187500000,170314.0468750000,148899.4531250000,120212.4375000000,152349.7656250000,133642.4531250000,144810.6875000000,,,
1.4599999976,11,147387.7031250000,191339.2500000000,170682.2656250000,148867.6875000000,120181.4375000000,152317.4062500000,133618.7343750000,144828.6093750000,,,
1.4639999976,11,146811.1562500000,193212.1718750000,169715.7187500000,148197.0625000000,119624.9531250000,151773.9687500000,133100.5156250000,144454.3906250000,,,
1.4679999975,11,146504.3906250000,197603.7500000000,168852.1562500000,147843.4375000000,119329.8828125000,151475.0468750000,132814.9843750000,144216.8125000000,,,
1.4719999975,11,146882.6875000000,198486.7343750000,169291.8906250000,148265.4218750000,119703.0390625000,151823.9687500000,133140.8281250000,144432.7968750000,,,
1.4759999977,11,147416.1093750000,194594.3750000000,170335.1250000000,148884.5156250000,120217.5390625000,152330.6093750000,133625.7968750000,144794.4843750000,,,
1.4799999977,11,147373.5156250000,191322.9843750000,170682.6406250000,148859.3437500000,120170.7890625000,152293.0000000000,133599.5625000000,144807.3906250000,,,
1.4839999976,11,146800.5625000000,193156.3906250000,169710.2812500000,148205.6718750000,119608.1953125000,151754.5781250000,133082.8593750000,144439.3593750000,,,
1.4879999976,11,146488.8437500000,197562.7656250000,168831.4062500000,147843.5156250000,119299.3906250000,151457.6093750000,132791.5937500000,144200.9375000000,,,
1.4919999975,11,146858.2343750000,198492.9062500000,169248.0781250000,148260.3593750000,119658.6953125000,151805.5937500000,133120.2187500000,144412.6406250000,,,
1.4959999977,11,147411.3281250000,194613.7343750000,170303.3750000000,148892.6562500000,120202.5468750000,152334.7187500000,133626.5156250000,144794.3593750000,,,
1.4999999977,11,147387.9218750000,191313.1250000000,170687.2500000000,148871.8437500000,120182.2421875000,152316.3437500000,133609.0312500000,144824.4531250000,,,
1.5039999976,11,146814.9687500000,193114.7812500000,169739.0000000000,148213.7656250000,119624.9531250000,151773.6718750000,133090.2656250000,144457.8750000000,,,
1.5079999976,11,146488.0937500000,197544.4218750000,168859.2968750000,147842.0625000000,119307.3593750000,151456.4531250000,132793.9531250000,144205.9843750000,,,
1.5119999975,11,146846.6250000000,198525.2343750000,169266.2187500000,148242.8750000000,119658.9687500000,151793.1250000000,133116.2343750000,144407.5000000000,,,
1.5159999975,11,147399.3125000000,194650.9687500000,170308.1406250000,148864.9218750000,120200.0234375000,152317.4687500000,133623.6250000000,144785.5000000000,,,
1.5199999977,11,147383.9687500000,191304.6406250000,170690.5468750000,148861.7343750000,120182.4531250000,152307.7343750000,133613.9375000000,144822.3593750000,,,
1.5239999976,11,146814.3281250000,193070.0781250000,169751.4843750000,148209.2343750000,119627.3203125000,151771.7187500000,133097.7500000000,144458.3750000000,,,
1.5279999976,11,146486.6406250000,197522.6406250000,168865.8906250000,147833.2968750000,119303.8984375000,151451.1875000000,132789.8906250000,144206.5156250000,,,
1.5319999976,11,146841.3125000000,198544.4062500000,169257.3125000000,148228.5156250000,119646.0937500000,151782.5781250000,133099.5468750000,144403.3437500000,,,
1.5359999975,12,147389.7187500000,194677.0312500000,170293.7500000000,148854.5781250000,120183.9296875000,152304.7812500000,133590.0156250000,144775.9062500000,,,
1.5399999975,12,147371.6406250000,191283.1093750000,170681.9687500000,148856.7187500000,120165.3671875000,152292.2500000000,133568.2812500000,144807.3125000000,,,
1.5439999974,12,146788.6875000000,193009.1875000000,169742.3125000000,148198.4218750000,119592.1015625000,151745.8125000000,133054.1875000000,144430.5625000000,,,
1.5479999974,12,146458.4687500000,197475.2187500000,168847.3281250000,147820.6562500000,119264.3593750000,151428.2656250000,132766.2031250000,144176.9062500000,,,
1.5519999973,12,146827.3906250000,198540.7031250000,169238.0000000000,148233.1406250000,119623.0234375000,151768.9531250000,133091.4687500000,144386.0937500000,,,
1.5559999973,12,147392.9531250000,194689.7500000000,170286.0468750000,148872.9218750000,120181.2968750000,152308.9843750000,133608.2187500000,144774.0000000000,,,
1.5599999975,12,147382.8437500000,191278.6562500000,170695.3437500000,148877.0781250000,120175.2343750000,152300.0937500000,133603.7656250000,144812.6250000000,,,
1.5639999975,12,146815.6406250000,192982.3906250000,169777.0937500000,148227.1562500000,119625.0625000000,151756.2968750000,133088.0625000000,144448.2343750000,,,
1.5679999974,12,146484.4062500000,197459.9843750000,168882.3906250000,147843.6562500000,119302.6328125000,151445.4531250000,132781.4062500000,144197.8593750000,,,
1.5719999974,12,146838.2500000000,198568.1718750000,169257.9531250000,148238.1718750000,119645.1562500000,151785.6406250000,133094.5625000000,144398.1406250000,,,
1.5759999973,12,147395.4062500000,194738.8125000000,170297.2500000000,148871.9843750000,120191.9453125000,152316.7968750000,133603.6093750000,144776.1406250000,,,
1.5799999975,12,147387.9375000000,191281.7656250000,170705.6250000000,148877.0312500000,120185.8828125000,152306.8125000000,133607.0468750000,144812.8125000000,,,
1.5839999975,12,146816.6093750000,192944.8437500000,169793.6718750000,148219.5312500000,119630.3984375000,151765.1250000000,133092.9687500000,144448.0000000000,,,
1.5879999974,12,146473.0625000000,197429.3281250000,168888.7500000000,147823.8750000000,119293.2187500000,151435.7500000000,132770.2031250000,144186.7187500000,,,
1.5919999974,12,146815.7187500000,198571.7968750000,169245.4531250000,148215.5312500000,119630.5859375000,151754.6093750000,133071.5468750000,144373.3593750000,,,
1.5959999973,12,147391.5625000000,194751.4375000000,170281.8281250000,148861.3281250000,120191.7578125000,152302.9531250000,133605.5156250000,144769.5625000000,,,
1.5999999973,12,147393.2187500000,191269.5000000000,170699.0312500000,148869.7812500000,120188.7265625000,152308.5312500000,133616.9218750000,144816.2187500000,,,
1.6039999975,12,146810.1718750000,192888.1093750000,169781.7343750000,148211.1875000000,119619.0000000000,151764.3125000000,133087.4218750000,144440.8906250000,,,
1.6079999974,12,146463.4062500000,197369.0156250000,168864.9531250000,147811.2968750000,119280.5625000000,151432.4531250000,132766.6875000000,144178.5156250000,,,
1.6119999974,12,146822.2656250000,198558.4375000000,169229.7343750000,148204.8125000000,119631.7187500000,151769.0312500000,133085.3593750000,144386.0937500000,,,
1.6159999974,12,147391.6406250000,194779.7968750000,170274.1093750000,148850.1250000000,120190.8203125000,152309.7187500000,133608.4062500000,144777.8906250000,,,
1.6199999973,12,147401.4375000000,191293.8281250000,170703.0468750000,148873.3437500000,120193.3671875000,152325.4062500000,133615.8906250000,144836.0625000000,,,
1.6239999975,12,146833.6562500000,192868.5625000000,169798.6406250000,148226.0000000000,119636.7343750000,151786.2500000000,133098.4687500000,144471.8750000000,,,
1.6279999975,12,146488.0000000000,197335.6093750000,168877.7500000000,147834.2343750000,119299.6875000000,151451.4062500000,132774.9218750000,144207.2968750000,,,
1.6319999974,12,146829.6093750000,198562.1093750000,169233.1406250000,148217.2031250000,119634.9609375000,151769.4375000000,133066.6406250000,144394.1093750000,,,
1.6359999974,12,147385.7187500000,194817.3437500000,170273.9218750000,148840.6875000000,120182.3203125000,152298.7968750000,133578.6093750000,144766.3281250000,,,
1.6399999973,12,147413.7656250000,191313.4375000000,170727.3750000000,148882.5156250000,120211.1015625000,152328.5468750000,133612.9531250000,144833.1093750000,,,
1.6439999973,12,146849.5625000000,192846.5156250000,169842.3593750000,148241.1250000000,119670.2343750000,151794.6562500000,133101.7187500000,144471.1406250000,,,
1.6479999975,12,146495.7812500000,197293.9375000000,168905.7031250000,147838.5000000000,119321.2734375000,151463.4062500000,132749.7343750000,144207.5625000000,,,
1.6519999974,12,146810.5625000000,198550.8125000000,169228.8750000000,148200.2031250000,119616.4765625000,151760.1875000000,133058.7968750000,144379.3125000000,,,
1.6559999974,12,147375.2500000000,194851.3593750000,170269.5781250000,148845.0781250000,120167.0859375000,152300.4687500000,133604.9062500000,144766.1875000000,,,
1.6599999974,12,147398.9062500000,191329.7968750000,170725.0156250000,148891.8281250000,120189.9609375000,152323.9062500000,133633.7343750000,144828.5312500000,,,
1.6639999973,13,146836.8750000000,192817.1093750000,169834.6562500000,148258.7500000000,119641.7187500000,151790.0625000000,133109.9218750000,144470.2031250000,,,
1.6679999973,13,146481.1093750000,197264.5937500000,168892.6093750000,147839.7812500000,119295.8515625000,151449.8281250000,132772.5625000000,144205.1718750000,,,
1.6719999972,13,146807.2656250000,198561.2031250000,169222.4375000000,148196.3125000000,119618.3828125000,151756.8125000000,133072.7187500000,144385.9843750000,,,
1.6759999972,13,147371.8437500000,194873.9687500000,170264.0000000000,148840.2031250000,120172.1796875000,152295.0156250000,133590.6562500000,144768.4218750000,,,
1.6799999971,13,147388.0468750000,191326.0937500000,170724.8281250000,148883.1093750000,120187.4687500000,152310.3593750000,133609.2500000000,144817.7968750000,,,
1.6839999971,13,146827.8906250000,192772.3750000000,169840.0781250000,148238.0156250000,119642.0390625000,151778.5625000000,133101.9531250000,144453.2500000000,,,
1.6879999973,13,146472.3125000000,197215.5937500000,168888.2343750000,147824.1718750000,119292.1718750000,151441.1093750000,132770.8125000000,144186.8906250000,,,
1.6919999972,13,146796.5468750000,198558.1718750000,169206.5937500000,148188.6875000000,119606.1796875000,151744.0156250000,133058.6875000000,144368.0625000000,,,
1.6959999972,13,147363.1250000000,194901.2500000000,170245.2500000000,148830.1718750000,120160.7812500000,152282.7656250000,133578.6093750000,144753.3125000000,,,
1.6999999972,13,147390.3281250000,191334.8125000000,170720.2968750000,148880.8125000000,120186.6875000000,152311.8906250000,133610.0000000000,144819.0625000000,,,
1.7039999971,13,146826.3125000000,192753.9687500000,169849.0781250000,148239.4843750000,119636.9453125000,151775.8750000000,133096.5468750000,144460.0468750000,,,
1.7079999973,13,146471.4531250000,197219.0000000000,168901.2968750000,147813.9531250000,119295.1796875000,151434.4375000000,132763.0312500000,144196.4687500000,,,
1.7119999973,13,146804.7187500000,198607.5156250000,169224.0000000000,148177.5625000000,119630.9921875000,151744.2812500000,133031.3437500000,144381.6718750000,,,
1.7159999972,13,147380.5156250000,194966.7500000000,170267.3281250000,148827.1562500000,120191.0937500000,152292.6562500000,133572.9062500000,144772.0156250000,,,
1.7199999972,13,147413.9843750000,191354.1562500000,170744.3750000000,148884.0781250000,120217.1093750000,152329.1875000000,133636.8125000000,144840.5468750000,,,
1.7239999971,13,146850.9062500000,192740.5625000000,169880.1718750000,148247.4062500000,119667.6015625000,151801.6718750000,133127.8125000000,144479.5468750000,,,
1.7279999971,13,146477.7031250000,197213.1406250000,168917.2343750000,147826.1875000000,119304.7578125000,151447.3125000000,132793.0156250000,144195.9218750000,,,
1.7319999973,13,146788.5781250000,198637.6093750000,169212.7812500000,148180.2968750000,119606.1796875000,151730.2500000000,133072.4062500000,144355.0312500000,,,
1.7359999972,13,147354.5156250000,195004.8906250000,170246.9062500000,148825.9062500000,120158.1250000000,152265.8593750000,133582.3125000000,144731.8281250000,,,
1.7399999972,13,147394.6250000000,191350.2343750000,170734.3281250000,148895.2031250000,120191.7578125000,152307.5156250000,133616.7500000000,144805.2656250000,,,
1.7439999972,13,146833.2812500000,192689.3593750000,169876.8750000000,148252.0625000000,119641.7734375000,151775.0468750000,133103.6718750000,144453.3125000000,,,
1.7479999971,13,146458.9843750000,197185.5937500000,168909.8906250000,147814.2812500000,119275.7343750000,151413.6093750000,132754.0156250000,144179.5156250000,,,
1.7519999973,13,146772.5312500000,198665.2656250000,169192.2187500000,148160.2343750000,119582.4687500000,151702.5156250000,133030.9843750000,144354.4687500000,,,
1.7559999973,13,147348.1093750000,195037.5312500000,170215.1875000000,148810.6093750000,120147.1250000000,152247.7343750000,133556.4375000000,144743.5781250000,,,
1.7599999972,13,147402.1875000000,191326.9375000000,170710.0000000000,148881.0937500000,120200.0468750000,152300.6250000000,133611.1250000000,144825.4375000000,,,
1.7639999972,13,146850.4062500000,192628.9843750000,169876.6562500000,148258.0781250000,119661.3281250000,151781.4843750000,133111.2343750000,144479.5937500000,,,
1.7679999971,13,146467.7031250000,197144.5156250000,168912.5625000000,147820.4218750000,119287.2421875000,151420.9375000000,132759.6875000000,144196.4843750000,,,
1.7719999971,13,146784.6406250000,198680.0156250000,169196.4531250000,148172.3281250000,119597.6796875000,151721.4218750000,133042.1718750000,144371.7968750000,,,
1.7759999973,13,147371.9531250000,195073.0156250000,170229.1250000000,148837.6718750000,120172.3125000000,152275.0312500000,133578.6718750000,144763.3437500000,,,
1.7799999972,13,147417.5312500000,191328.2656250000,170735.0937500000,148908.6718750000,120213.8906250000,152322.0781250000,133623.4062500000,144829.7656250000,,,
1.7839999972,13,146854.2968750000,192590.7031250000,169902.7031250000,148274.0312500000,119662.6406250000,151798.1718750000,133114.3437500000,144470.9375000000,,,
1.7879999971,13,146463.8125000000,197124.9531250000,168930.6718750000,147813.8437500000,119277.3671875000,151429.1250000000,132757.9375000000,144184.5468750000,,,
1.7919999971,14,146766.1562500000,198714.3281250000,169202.4375000000,148147.1093750000,119572.6562500000,151704.6562500000,133026.2968750000,144348.6718750000,,,
1.7959999971,14,147356.5312500000,195129.5000000000,170234.3593750000,148809.6250000000,120154.9375000000,152261.2968750000,133559.1406250000,144748.2187500000,,,
1.7999999970,14,147424.8750000000,191334.5781250000,170750.7656250000,148902.2656250000,120222.3671875000,152327.4218750000,133615.4687500000,144840.4062500000,,,
1.8039999970,14,146874.1093750000,192550.8750000000,169932.6093750000,148279.9843750000,119682.3046875000,151803.6562500000,133122.9062500000,144493.1406250000,,,
1.8079999969,14,146483.9062500000,197107.1406250000,168962.4531250000,147818.6718750000,119295.1796875000,151427.2187500000,132770.3281250000,144204.9062500000,,,
1.8119999969,14,146780.1250000000,198749.5937500000,169223.8906250000,148153.5312500000,119582.6562500000,151705.2500000000,133034.5781250000,144363.0468750000,,,
1.8159999971,14,147361.8125000000,195178.4218750000,170242.0312500000,148807.6093750000,120157.1875000000,152265.3750000000,133567.8906250000,144755.2968750000,,,
1.8199999970,14,147428.4218750000,191337.9843750000,170757.4375000000,148904.2500000000,120223.3281250000,152333.7968750000,133634.4843750000,144843.8437500000,,,
1.8239999970,14,146867.5625000000,192502.7343750000,169944.4687500000,148277.5468750000,119675.5156250000,151806.4218750000,133125.8906250000,144484.0468750000,,,
1.8279999970,14,146466.8125000000,197061.9218750000,168968.0937500000,147820.7968750000,119284.9609375000,151421.8750000000,132761.7812500000,144183.2656250000,,,
1.8319999969,14,146759.0781250000,198751.3437500000,169224.2343750000,148147.4843750000,119572.2265625000,151690.9375000000,133024.1250000000,144334.0000000000,,,
1.8359999971,14,147349.4218750000,195198.3750000000,170242.3750000000,148811.5468750000,120151.1796875000,152251.2656250000,133560.8281250000,144727.8906250000,,,
1.8399999971,14,147436.9687500000,191327.8906250000,170772.0625000000,148918.7656250000,120232.7187500000,152336.9687500000,133640.7031250000,144836.5937500000,,,
1.8439999970,14,146884.9687500000,192452.3906250000,169970.4843750000,148294.6875000000,119691.3437500000,151817.0937500000,133136.2343750000,144493.5937500000,,,
1.8479999970,14,146469.2343750000,197025.2656250000,168983.1562500000,147831.0468750000,119280.1562500000,151420.6718750000,132742.8437500000,144188.1718750000,,,
1.8519999969,14,146765.8906250000,198765.2343750000,169224.4531250000,148154.8125000000,119565.8437500000,151696.5937500000,132999.9218750000,144351.2500000000,,,
1.8559999969,14,147362.1406250000,195237.0781250000,170238.7031250000,148822.2812500000,120147.9843750000,152261.3593750000,133549.4531250000,144753.0937500000,,,
1.8599999971,14,147441.2656250000,191338.2187500000,170768.6562500000,148918.9218750000,120223.9453125000,152338.9843750000,133638.2343750000,144849.2812500000,,,
1.8639999970,14,146884.1406250000,192423.8437500000,169970.8281250000,148293.1406250000,119679.0312500000,151814.0156250000,133136.8281250000,144497.0781250000,,,
1.8679999970,14,146467.2968750000,196997.4218750000,168980.2343750000,147822.0312500000,119272.4609375000,151418.9843750000,132754.5625000000,144190.1093750000,,,
1.8719999969,14,146758.4218750000,198779.3750000000,169215.5781250000,148151.7812500000,119562.5390625000,151690.3125000000,133016.3437500000,144344.1250000000,,,
1.8759999969,14,147355.7031250000,195272.0625000000,170228.0625000000,148816.9218750000,120156.0312500000,152259.2031250000,133568.1562500000,144743.2500000000,,,
1.8799999971,14,147439.7343750000,191345.2187500000,170768.8750000000,148925.6875000000,120240.9218750000,152338.3281250000,133652.3281250000,144842.7656250000,,,
1.8839999971,14,146889.2656250000,192391.7968750000,169987.5156250000,148298.5312500000,119703.6484375000,151821.0937500000,133153.6250000000,144497.5468750000,,,
1.8879999970,14,146478.8906250000,196961.5625000000,168997.5312500000,147823.5625000000,119301.0234375000,151431.0468750000,132767.7343750000,144198.4687500000,,,
1.8919999970,14,146758.6093750000,198774.1406250000,169217.9687500000,148133.6250000000,119574.6640625000,151688.3281250000,133013.6562500000,144344.7343750000,,,
1.8959999969,14,147356.5937500000,195293.0312500000,170225.4843750000,148802.5625000000,120159.3046875000,152254.5937500000,133558.0625000000,144746.6562500000,,,
1.8999999969,14,147467.9531250000,191348.8437500000,170782.0156250000,148934.3437500000,120266.2421875000,152363.8125000000,133658.3593750000,144871.2031250000,,,
1.9039999971,14,146914.5625000000,192355.5781250000,170008.9218750000,148313.9531250000,119724.1406250000,151837.6250000000,133142.5625000000,144519.1250000000,,,
1.9079999970,14,146478.2500000000,196926.0937500000,168999.9218750000,147830.6093750000,119291.5859375000,151426.6250000000,132744.4687500000,144195.6875000000,,,
1.9119999970,14,146754.1562500000,198783.3437500000,169206.1875000000,148145.2968750000,119558.6484375000,151686.5312500000,133003.7031250000,144341.5625000000,,,
1.9159999969,14,147346.4531250000,195325.1406250000,170205.6562500000,148815.1406250000,120139.0000000000,152249.9531250000,133555.0156250000,144739.0937500000,,,
1.9199999969,15,147453.3593750000,191352.9687500000,170763.1562500000,148945.0156250000,120241.2734375000,152351.0156250000,133654.6562500000,144856.0156250000,,,
1.9239999969,15,146917.5937500000,192324.0156250000,170004.9687500000,148330.0937500000,119721.3828125000,151844.5468750000,133170.8125000000,144523.3750000000,,,
1.9279999968,15,146486.9375000000,196906.1093750000,169002.7656250000,147840.7812500000,119306.3906250000,151432.9218750000,132775.4218750000,144207.1093750000,,,
1.9319999968,15,146757.4062500000,198810.7187500000,169201.7031250000,148144.2500000000,119571.3359375000,151678.5937500000,133010.1718750000,144344.6562500000,,,
1.9359999967,15,147355.5937500000,195373.5468750000,170193.8281250000,148814.3906250000,120153.4843750000,152246.1718750000,133549.8593750000,144743.7968750000,,,
1.9399999967,15,147466.2968750000,191368.9062500000,170754.9218750000,148946.0156250000,120256.0234375000,152355.6406250000,133652.5312500000,144862.9687500000,,,
1.9439999969,15,146929.3437500000,192303.2500000000,170005.4843750000,148345.1718750000,119729.1093750000,151848.4843750000,133165.8281250000,144528.0625000000,,,
1.9479999968,15,146507.0468750000,196888.4843750000,169001.6875000000,147856.7187500000,119316.0156250000,151447.3906250000,132774.2968750000,144222.1093750000,,,
1.9519999968,15,146768.3593750000,198837.4375000000,169191.5937500000,148143.6875000000,119572.2265625000,151692.3281250000,133005.0000000000,144355.5156250000,,,
1.9559999967,15,147355.3281250000,195422.7968750000,170182.1875000000,148816.2500000000,120150.0000000000,152253.7968750000,133550.2031250000,144744.9687500000,,,
1.9599999967,15,147465.8906250000,191377.9531250000,170749.9062500000,148962.8281250000,120259.1953125000,152369.0937500000,133663.8593750000,144865.1562500000,,,
1.9639999969,15,146921.5937500000,192262.6250000000,170001.1875000000,148348.3281250000,119728.1640625000,151856.3437500000,133173.1250000000,144526.5312500000,,,
1.9679999969,15,146485.9375000000,196854.2656250000,168987.1875000000,147843.3593750000,119303.9531250000,151431.8281250000,132770.1093750000,144208.8281250000,,,
1.9719999968,15,146747.3437500000,198853.0000000000,169169.4375000000,148127.3125000000,119559.2187500000,151672.8593750000,133000.5156250000,144340.6562500000,,,
1.9759999968,15,147355.9687500000,195456.3750000000,170162.8437500000,148803.0781250000,120157.4296875000,152247.0625000000,133549.2968750000,144743.5781250000,,,
1.9799999967,15,147477.5625000000,191377.9687500000,170742.4218750000,148946.5468750000,120274.1015625000,152360.9687500000,133661.1406250000,144869.9375000000,,,
1.9839999967,15,146952.0625000000,192225.4375000000,170020.3125000000,148346.4375000000,119759.6796875000,151863.9062500000,133184.5468750000,144548.9062500000,,,
1.9879999969,15,146503.9687500000,196832.8906250000,169014.6718750000,147834.4687500000,119324.2500000000,151432.6093750000,132768.4062500000,144220.2187500000,,,
1.9919999968,15,146759.6406250000,198886.6093750000,169190.8437500000,148121.6093750000,119575.4687500000,151666.6093750000,132982.4687500000,144348.0625000000,,,
1.9959999968,15,147357.4531250000,195512.8750000000,170172.3125000000,148800.2343750000,120158.0156250000,152238.1250000000,133538.5625000000,144744.4687500000,,,
1.9999999967,15,147478.9531250000,191381.2968750000,170748.3437500000,148956.9843750000,120273.0546875000,152361.0000000000,133679.3281250000,144871.4375000000,,,
2.0039999967,15,146938.4843750000,192173.0312500000,170022.4687500000,148358.2656250000,119742.3281250000,151852.8281250000,133190.3125000000,144537.1562500000,,,
2.0079999969,15,146491.0156250000,196804.5312500000,169015.2656250000,147846.0156250000,119303.7578125000,151423.8906250000,132771.9375000000,144213.6250000000,,,
2.0119999968,15,146741.8593750000,198916.1406250000,169179.3906250000,148123.0781250000,119549.2343750000,151654.6406250000,132988.4531250000,144338.5156250000,,,
2.0159999968,15,147346.9375000000,195564.1718750000,170156.7812500000,148802.5625000000,120142.1640625000,152228.2812500000,133534.3906250000,144736.0156250000,,,
2.0199999968,15,147472.9218750000,191402.0937500000,170740.5468750000,148959.6093750000,120261.5781250000,152349.4687500000,133653.2656250000,144862.0781250000,,,
2.0239999967,15,146932.0000000000,192157.7500000000,170027.5000000000,148356.0312500000,119731.7890625000,151842.8281250000,133169.2500000000,144526.7187500000,,,
2.0279999967,15,146477.1406250000,196787.4218750000,169012.9843750000,147846.5000000000,119288.3359375000,151412.1718750000,132745.5156250000,144199.6250000000,,,
2.0319999969,15,146723.5000000000,198933.1406250000,169165.1718750000,148117.6406250000,119532.5234375000,151643.1093750000,132971.4218750000,144321.2656250000,,,
2.0359999968,15,147333.5781250000,195604.8437500000,170142.5000000000,148799.7031250000,120133.7734375000,152225.2500000000,133535.3437500000,144723.2812500000,,,
2.0399999968,15,147466.5625000000,191404.3906250000,170732.8437500000,148959.3437500000,120262.6796875000,152352.5468750000,133665.5937500000,144854.7500000000,,,
2.0439999967,15,146933.5781250000,192113.9687500000,170035.2812500000,148357.5312500000,119739.2968750000,151858.9687500000,133178.6406250000,144528.9218750000,,,
2.0479999967,16,146485.2656250000,196748.4843750000,169024.5781250000,147840.5937500000,119299.8984375000,151433.0937500000,132765.2656250000,144210.4843750000,,,
2.0519999966,16,146737.7187500000,198948.2187500000,169174.6093750000,148108.1406250000,119546.0156250000,151657.5156250000,132989.6875000000,144341.1718750000,,,
2.0559999966,16,147336.4687500000,195646.6875000000,170146.0937500000,148777.1406250000,120136.6406250000,152226.3750000000,133536.0937500000,144731.8593750000,,,
2.0599999966,16,147476.3750000000,191423.4062500000,170743.6250000000,148951.7500000000,120275.2031250000,152364.4062500000,133670.1875000000,144869.0000000000,,,
2.0639999965,16,146948.6562500000,192084.2187500000,170053.0468750000,148361.2968750000,119758.4765625000,151870.0000000000,133192.1406250000,144547.7968750000,,,
2.0679999965,16,146492.1093750000,196716.3750000000,169038.6250000000,147841.3906250000,119312.4765625000,151434.5312500000,132772.9843750000,144221.4843750000,,,
2.0719999967,16,146735.7031250000,198952.7812500000,169179.5312500000,148115.9687500000,119550.3125000000,151657.1875000000,132988.6562500000,144340.9062500000,,,
2.0759999966,16,147339.9531250000,195678.3281250000,170147.1093750000,148790.7187500000,120144.4453125000,152229.0312500000,133540.2656250000,144736.7343750000,,,
2.0799999966,16,147484.1250000000,191431.8906250000,170753.7656250000,148957.0156250000,120285.1015625000,152367.6718750000,133680.8281250000,144876.7500000000,,,
2.0839999965,16,146958.0937500000,192051.8281250000,170074.9062500000,148367.5312500000,119770.4140625000,151873.4531250000,133209.7500000000,144554.7031250000,,,
2.0879999965,16,146488.1718750000,196685.9843750000,169052.4687500000,147837.9375000000,119307.3046875000,151424.6093750000,132768.5000000000,144219.9843750000,,,
2.0919999967,16,146719.2187500000,198977.0781250000,169174.0312500000,148092.4218750000,119529.1484375000,151639.7500000000,132968.4843750000,144335.6093750000,,,
2.0959999966,16,147337.9531250000,195727.2812500000,170141.9218750000,148780.1406250000,120136.7734375000,152227.6718750000,133538.3593750000,144743.3437500000,,,
2.0999999966,16,147489.8593750000,191455.3281250000,170758.1406250000,148970.0468750000,120284.9921875000,152373.4218750000,133679.6562500000,144885.7656250000,,,
2.1039999966,16,146967.1250000000,192031.0625000000,170091.3125000000,148390.3906250000,119776.0468750000,151884.3750000000,133194.6562500000,144565.1250000000,,,
2.1079999965,16,146502.3906250000,196666.8281250000,169074.2968750000,147852.2656250000,119325.0859375000,151441.2656250000,132765.4687500000,144233.5000000000,,,
2.1119999965,16,146713.0468750000,198993.0000000000,169180.4687500000,148093.5781250000,119528.1250000000,151628.6562500000,132957.7968750000,144325.2343750000,,,
2.1159999967,16,147306.8281250000,195758.5000000000,170118.5625000000,148772.3437500000,120110.5468750000,152194.5156250000,133508.6875000000,144707.1250000000,,,
2.1199999966,16,147463.1718750000,191441.3593750000,170729.2187500000,148965.4531250000,120263.5390625000,152343.0000000000,133659.5312500000,144853.0156250000,,,
2.1239999966,16,146952.6406250000,191966.9531250000,170076.8281250000,148393.5781250000,119764.3750000000,151860.9531250000,133195.6718750000,144546.1093750000,,,
2.1279999965,16,146482.9843750000,196604.6875000000,169065.2656250000,147862.2656250000,119306.5234375000,151408.7812500000,132762.6875000000,144211.8593750000,,,
2.1319999965,16,146703.4218750000,198985.0468750000,169180.7343750000,148104.4375000000,119526.8671875000,151606.2812500000,132948.3750000000,144311.9375000000,,,
2.1359999967,16,147316.8125000000,195789.1093750000,170131.5156250000,148780.9218750000,120130.3359375000,152192.1250000000,133507.3281250000,144714.7500000000,,,
2.1399999966,16,147490.8593750000,191454.0468750000,170751.7500000000,148995.4687500000,120294.9218750000,152372.0468750000,133691.0468750000,144882.6562500000,,,
2.1439999966,16,146968.3437500000,191940.4062500000,170101.5156250000,148409.0000000000,119780.3671875000,151888.6093750000,133220.4531250000,144567.9531250000,,,
2.1479999966,16,146490.6875000000,196560.0312500000,169073.4218750000,147860.9218750000,119312.1328125000,151436.8125000000,132782.8593750000,144229.2656250000,,,
2.1519999965,16,146705.0781250000,198978.9843750000,169173.0312500000,148095.3750000000,119517.5859375000,151630.9218750000,132960.3437500000,144327.0312500000,,,
2.1559999965,16,147316.3593750000,195830.0312500000,170126.3437500000,148767.6093750000,120120.0078125000,152202.9843750000,133514.7031250000,144720.1093750000,,,
2.1599999967,16,147487.1562500000,191504.6250000000,170764.0156250000,148966.5312500000,120286.6562500000,152367.7031250000,133678.3125000000,144875.1875000000,,,
2.1639999966,16,146976.4062500000,191942.4218750000,170120.7187500000,148398.0312500000,119786.4218750000,151886.7656250000,133218.7343750000,144566.2812500000,,,
2.1679999966,16,146498.2343750000,196526.8437500000,169081.4843750000,147854.8593750000,119318.8906250000,151422.2031250000,132780.7343750000,144225.1562500000,,,
2.1719999965,16,146709.4843750000,198959.8593750000,169167.2343750000,148081.0468750000,119523.7578125000,151615.6406250000,132962.8593750000,144322.6406250000,,,
2.1759999965,17,147319.5156250000,195858.1250000000,170120.5468750000,148761.6093750000,120122.3750000000,152196.7343750000,133516.0312500000,144719.3593750000,,,
2.1799999964,17,147495.3125000000,191532.3593750000,170765.3750000000,148976.4062500000,120290.4921875000,152369.3125000000,133679.2500000000,144878.7812500000,,,
2.1839999964,17,146985.9062500000,191924.8750000000,170127.3125000000,148405.6250000000,119787.1484375000,151887.5937500000,133216.4375000000,144569.0937500000,,,
2.1879999964,17,146509.9531250000,196481.5937500000,169079.7187500000,147857.5781250000,119316.2343750000,151432.3906250000,132769.2031250000,144232.8593750000,,,
2.1919999963,17,146708.4531250000,198932.3593750000,169147.9062500000,148086.6875000000,119508.3593750000,151616.4687500000,132940.8906250000,144321.2656250000,,,
2.1959999963,17,147307.8750000000,195872.0625000000,170099.4687500000,148758.9218750000,120103.5156250000,152185.5625000000,133495.5468750000,144707.9062500000,,,
2.1999999965,17,147493.7500000000,191551.8593750000,170759.7031250000,148981.5468750000,120287.6484375000,152364.1093750000,133672.0937500000,144873.0468750000,,,
2.2039999964,17,146986.6093750000,191915.6718750000,170135.9218750000,148418.2031250000,119790.1250000000,151886.2968750000,133212.3593750000,144562.1250000000,,,
2.2079999964,17,146502.8593750000,196437.0000000000,169078.6406250000,147859.1250000000,119317.3593750000,151429.6875000000,132769.4375000000,144216.4218750000,,,
2.2119999963,17,146700.2031250000,198912.3593750000,169142.2968750000,148074.1250000000,119511.0390625000,151613.0937500000,132945.5625000000,144307.3906250000,,,
2.2159999963,17,147303.2968750000,195901.8125000000,170097.9218750000,148743.9531250000,120108.1015625000,152185.8750000000,133500.8906250000,144702.6406250000,,,
2.2199999965,17,147490.4843750000,191584.1562500000,170769.8593750000,148964.5156250000,120296.6328125000,152365.2343750000,133674.8281250000,144871.6562500000,,,
2.2239999964,17,146991.6718750000,191895.7968750000,170159.0468750000,148409.3593750000,119809.4140625000,151892.6562500000,133209.8125000000,144568.8906250000,,,
2.2279999964,17,146501.6406250000,196388.0937500000,169088.7812500000,147856.5468750000,119323.8281250000,151427.2968750000,132773.2500000000,144222.1562500000,,,
2.2319999964,17,146696.2500000000,198891.9687500000,169137.9218750000,148070.1562500000,119511.4218750000,151607.7343750000,132952.0000000000,144310.1406250000,,,
2.2359999963,17,147298.0937500000,195928.2656250000,170089.5156250000,148749.6718750000,120100.8359375000,152177.8125000000,133495.3281250000,144702.0781250000,,,
2.2399999963,17,147493.0625000000,191608.0312500000,170765.5468750000,148980.0000000000,120289.3906250000,152364.8125000000,133678.2031250000,144874.2500000000,,,
2.2439999965,17,146993.2031250000,191881.7968750000,170155.3437500000,148416.0000000000,119798.0625000000,151898.3437500000,133223.0937500000,144572.7968750000,,,
2.2479999964,17,146506.1875000000,196363.1562500000,169082.8906250000,147855.9375000000,119319.1328125000,151433.7656250000,132769.5312500000,144226.3750000000,,,
2.2519999964,17,146701.4375000000,198898.5468750000,169122.5312500000,148067.8750000000,119507.1562500000,151610.2187500000,132935.6406250000,144315.8125000000,,,
2.2559999963,17,147305.3593750000,195976.1875000000,170075.5156250000,148741.1406250000,120097.7734375000,152179.6093750000,133482.1875000000,144708.8125000000,,,
2.2599999963,17,147499.9531250000,191655.1250000000,170759.7812500000,148974.0468750000,120286.0390625000,152362.2343750000,133665.0937500000,144879.0625000000,,,
2.2639999965,17,147008.1875000000,191881.8281250000,170162.6406250000,148423.7812500000,119804.2656250000,151898.8750000000,133220.7343750000,144580.0468750000,,,
2.2679999964,17,146521.5312500000,196335.6093750000,169087.6562500000,147865.3750000000,119331.2578125000,151437.0312500000,132774.9375000000,144236.9687500000,,,
2.2719999964,17,146700.4375000000,198904.7968750000,169116.4375000000,148065.8125000000,119506.7500000000,151598.5781250000,132931.1250000000,144314.2031250000,,,
2.2759999963,17,147301.7343750000,196023.4843750000,170071.2812500000,148735.9687500000,120099.0625000000,152171.3750000000,133484.5468750000,144706.1406250000,,,
2.2799999963,17,147502.7187500000,191689.8125000000,170765.8906250000,148976.1875000000,120295.1328125000,152367.8906250000,133677.7187500000,144882.0000000000,,,
2.2839999963,17,147009.6718750000,191872.6250000000,170174.0937500000,148429.3906250000,119811.9843750000,151905.1093750000,133231.1406250000,144581.5156250000,,,
2.2879999964,17,146516.5156250000,196308.6562500000,169095.5781250000,147866.7500000000,119332.5937500000,151438.5000000000,132780.7031250000,144230.8750000000,,,
2.2919999964,17,146691.2656250000,198912.6718750000,169121.1875000000,148061.6562500000,119505.5468750000,151598.5000000000,132929.5468750000,144304.5625000000,,,
2.2959999964,17,147298.0625000000,196063.8437500000,170080.6718750000,148736.2031250000,120102.9296875000,152171.0781250000,133481.4375000000,144702.0781250000,,,
2.2999999963,17,147498.6875000000,191711.6093750000,170785.5000000000,148983.6718750000,120297.9218750000,152364.8281250000,133669.0625000000,144878.4062500000,,,
2.3039999963,18,147015.6562500000,191849.2968750000,170205.2812500000,148444.5156250000,119825.3671875000,151914.3906250000,133238.4062500000,144589.2656250000,,,
2.3079999962,18,146519.7343750000,196294.4375000000,169128.1562500000,147880.5000000000,119340.3750000000,151442.0781250000,132785.2968750000,144241.9218750000,,,
2.3119999962,18,146677.3437500000,198935.9843750000,169130.7343750000,148057.7500000000,119491.0625000000,151586.6406250000,132914.7187500000,144302.1093750000,,,
2.3159999961,18,147277.1875000000,196106.1250000000,170072.5468750000,148730.6093750000,120078.1718750000,152153.1093750000,133451.1562500000,144688.1093750000,,,
2.3199999961,18,147488.6250000000,191722.0468750000,170776.7031250000,148983.2187500000,120279.9765625000,152353.1875000000,133649.7656250000,144866.0781250000,,,
2.3239999961,18,147001.8906250000,191818.5781250000,170209.2031250000,148439.5000000000,119801.1250000000,151897.6406250000,133216.7343750000,144571.8906250000,,,
2.3279999963,18,146497.7500000000,196251.9531250000,169126.8750000000,147860.3593750000,119308.5078125000,151420.3750000000,132755.9218750000,144216.5468750000,,,
2.3319999962,18,146665.3281250000,198941.4531250000,169132.8593750000,148051.3593750000,119474.5078125000,151572.7500000000,132902.3437500000,144287.5468750000,,,
2.3359999962,18,147270.2187500000,196146.7812500000,170076.9687500000,148728.0468750000,120071.0859375000,152148.2187500000,133454.6093750000,144682.4218750000,,,
2.3399999961,18,147493.7500000000,191741.5781250000,170793.1093750000,148984.8750000000,120286.4453125000,152361.2968750000,133660.1562500000,144874.7968750000,,,
2.3439999961,18,147018.3281250000,191791.7812500000,170240.3437500000,148458.3906250000,119819.4140625000,151910.2343750000,133231.0000000000,144590.1562500000,,,
2.3479999963,18,146506.2656250000,196226.3281250000,169154.0781250000,147872.1875000000,119320.3125000000,151422.3281250000,132760.8593750000,144227.1250000000,,,
2.3519999962,18,146669.1406250000,198959.3437500000,169151.4687500000,148039.8750000000,119483.0937500000,151568.7500000000,132894.5156250000,144290.3437500000,,,
2.3559999962,18,147278.6718750000,196193.5312500000,170095.3125000000,148717.1406250000,120079.5078125000,152142.8281250000,133439.5468750000,144682.7656250000,,,
2.3599999961,18,147498.7500000000,191749.8281250000,170806.2656250000,148979.0312500000,120288.9375000000,152352.4687500000,133655.7812500000,144866.7968750000,,,
2.3639999961,18,147027.9843750000,191741.0312500000,170257.3906250000,148449.0000000000,119824.4296875000,151909.1250000000,133236.4375000000,144586.3437500000,,,
2.3679999961,18,146518.9062500000,196174.0625000000,169174.4531250000,147864.2812500000,119324.3046875000,151422.9531250000,132765.9531250000,144226.5781250000,,,
2.3719999962,18,146685.4218750000,198955.0000000000,169164.6093750000,148044.5156250000,119486.3671875000,151570.3437500000,132909.3281250000,144298.8750000000,,,
2.3759999962,18,147295.0781250000,196228.7812500000,170105.3437500000,148723.0312500000,120089.3281250000,152148.7031250000,133465.4843750000,144697.5000000000,,,
2.3799999962,18,147522.5156250000,191771.9687500000,170828.8750000000,148990.4843750000,120314.2265625000,152370.4375000000,133680.5156250000,144889.8906250000,,,
2.3839999961,18,147050.3281250000,191717.8125000000,170291.3750000000,148467.5625000000,119852.0312500000,151928.0937500000,133256.7500000000,144607.2656250000,,,
2.3879999961,18,146532.8750000000,196125.9687500000,169200.7656250000,147885.5156250000,119343.7812500000,151433.4687500000,132779.5781250000,144242.1718750000,,,
2.3919999963,18,146678.3906250000,198942.5000000000,169174.0468750000,148048.5937500000,119484.7265625000,151567.3906250000,132902.2968750000,144295.9375000000,,,
2.3959999962,18,147281.5625000000,196259.0625000000,170106.8750000000,148722.9062500000,120079.5937500000,152143.1250000000,133454.3750000000,144686.8437500000,,,
2.3999999962,18,147517.6562500000,191785.1562500000,170836.8593750000,148996.4375000000,120310.2031250000,152373.3593750000,133678.6875000000,144887.9062500000,,,
2.4039999961,18,147046.5312500000,191685.5156250000,170302.9218750000,148472.3125000000,119844.2812500000,151931.4218750000,133249.6875000000,144608.0781250000,,,
2.4079999961,18,146529.1718750000,196083.4062500000,169204.9218750000,147884.7968750000,119335.5468750000,151441.7187500000,132776.0468750000,144243.9375000000,,,
2.4119999961,18,146666.1093750000,198941.7812500000,169169.5937500000,148037.6562500000,119470.0078125000,151565.5625000000,132893.8750000000,144292.1093750000,,,
2.4159999962,18,147264.7968750000,196303.5625000000,170097.1093750000,148703.8125000000,120060.6015625000,152134.5468750000,133437.7187500000,144678.6718750000,,,
2.4199999962,18,147507.0625000000,191825.6093750000,170832.7343750000,148982.5156250000,120296.9062500000,152372.9687500000,133662.9375000000,144883.6093750000,,,
2.4239999962,18,147052.6406250000,191678.5625000000,170313.2187500000,148476.3906250000,119849.1875000000,151941.8750000000,133253.2656250000,144614.8281250000,,,
2.4279999961,18,146538.0312500000,196051.6406250000,169218.9531250000,147878.9218750000,119346.4921875000,151447.1718750000,132787.4375000000,144252.1250000000,,,
2.4319999961,19,146677.3906250000,198940.8906250000,169180.4843750000,148032.4843750000,119484.2500000000,151567.8750000000,132908.2500000000,144300.4843750000,,,
2.4359999960,19,147282.8750000000,196336.8906250000,170109.9843750000,148705.0156250000,120080.9296875000,152138.5625000000,133452.0625000000,144691.5937500000,,,
2.4399999960,19,147531.0625000000,191851.7656250000,170851.7500000000,148998.6562500000,120322.5468750000,152373.1718750000,133682.1406250000,144898.3906250000,,,
2.4439999959,19,147076.4843750000,191665.7500000000,170343.1250000000,148484.4531250000,119877.5703125000,151945.7343750000,133277.9375000000,144628.9218750000,,,
2.4479999959,19,146551.7968750000,196027.8281250000,169241.1093750000,147879.5625000000,119362.3125000000,151446.6562500000,132796.3437500000,144259.0625000000,,,
2.4519999959,19,146685.1718750000,198947.1875000000,169184.9218750000,148027.1875000000,119487.1406250000,151566.8281250000,132904.6562500000,144305.3125000000,,,
2.4559999960,19,147280.8125000000,196381.1250000000,170103.5156250000,148696.3750000000,120070.9843750000,152135.6093750000,133445.8125000000,144688.4843750000,,,
2.4599999960,19,147532.4062500000,191873.5156250000,170851.2187500000,148994.8281250000,120318.3593750000,152382.0625000000,133687.3281250000,144898.0156250000,,,
2.4639999960,19,147081.7343750000,191640.6406250000,170353.8437500000,148495.5000000000,119877.4062500000,151958.5937500000,133283.1406250000,144633.0937500000,,,
2.4679999959,19,146548.6562500000,195990.0625000000,169245.1875000000,147885.1093750000,119355.4765625000,151448.7500000000,132792.0000000000,144256.6562500000,,,
2.4719999959,19,146676.0312500000,198943.6250000000,169174.5156250000,148030.3906250000,119479.1796875000,151560.1250000000,132894.8593750000,144297.3593750000,,,
2.4759999961,19,147272.2812500000,196408.2968750000,170088.2656250000,148700.3281250000,120068.0000000000,152121.2656250000,133437.6093750000,144679.9062500000,,,
2.4799999960,19,147527.8125000000,191883.4687500000,170839.7343750000,149009.1718750000,120322.3281250000,152366.5312500000,133687.7187500000,144892.4687500000,,,
2.4839999960,19,147072.4843750000,191608.7500000000,170348.6250000000,148501.1875000000,119878.3750000000,151936.8593750000,133285.0937500000,144627.1250000000,,,
2.4879999959,19,146541.4062500000,195957.2031250000,169241.5937500000,147875.9218750000,119357.7812500000,151431.6406250000,132799.1093750000,144259.5781250000,,,
2.4919999959,19,146656.9843750000,198955.3281250000,169160.1406250000,148003.9375000000,119469.9531250000,151539.0156250000,132893.2343750000,144292.5625000000,,,
2.4959999959,19,147250.4218750000,196437.4843750000,170058.9687500000,148671.0000000000,120052.8203125000,152112.8750000000,133432.6718750000,144673.7031250000,,,
2.4999999960,19,147511.6250000000,191880.5937500000,170807.6875000000,148983.5312500000,120307.4687500000,152371.9687500000,133680.9062500000,144888.2343750000,,,
2.5039999960,19,147058.0312500000,191563.4687500000,170325.8281250000,148486.6562500000,119861.5781250000,151945.5781250000,133273.3281250000,144617.4687500000,,,
2.5079999960,19,146529.2343750000,195914.5625000000,169225.9062500000,147892.9531250000,119343.2734375000,151435.7968750000,132787.6093750000,144246.0625000000,,,
2.5119999959,19,146646.7968750000,198955.2968750000,169141.7343750000,148008.9062500000,119460.3203125000,151535.8125000000,132887.0937500000,144278.0781250000,,,
2.5159999959,19,147266.1406250000,196476.5000000000,170049.8437500000,148684.2812500000,120067.8437500000,152122.4687500000,133446.4375000000,144678.2343750000,,,
2.5199999961,19,147542.5468750000,191911.9687500000,170819.8906250000,149007.7812500000,120335.0703125000,152385.3750000000,133693.6562500000,144906.7656250000,,,
2.5239999960,19,147094.0781250000,191558.4531250000,170354.7343750000,148507.2343750000,119893.9531250000,151959.3437500000,133285.7500000000,144644.4375000000,,,
2.5279999960,19,146550.4531250000,195907.1718750000,169247.2500000000,147885.0312500000,119360.7031250000,151439.6406250000,132785.8281250000,144262.3437500000,,,
2.5319999959,19,146664.4687500000,198989.5156250000,169151.7656250000,148006.5156250000,119467.6171875000,151537.3125000000,132872.5781250000,144291.6875000000,,,
2.5359999959,19,147270.5468750000,196540.0468750000,170054.0000000000,148683.9375000000,120064.3046875000,152112.8125000000,133414.0625000000,144678.6406250000,,,
2.5399999958,19,147548.5000000000,191932.5937500000,170819.0000000000,148994.0781250000,120335.8750000000,152379.7812500000,133686.0312500000,144900.9687500000,,,
2.5439999960,19,147121.5468750000,191523.5625000000,170373.5937500000,148514.2343750000,119913.9609375000,151981.7968750000,133308.7343750000,144655.3281250000,,,
2.5479999960,19,146558.8750000000,195875.4218750000,169268.2812500000,147889.8125000000,119362.7968750000,151446.9531250000,132793.3125000000,144262.1718750000,,,
2.5519999960,19,146649.1250000000,199002.8750000000,169153.7812500000,148001.2031250000,119455.3906250000,151523.1093750000,132875.1250000000,144269.5312500000,,,
2.5559999959,19,147254.5000000000,196573.8437500000,170043.9687500000,148667.9531250000,120059.3125000000,152091.7656250000,133402.8750000000,144653.4062500000,,,
2.5599999959,20,147541.3593750000,191934.0156250000,170810.0625000000,148987.2031250000,120338.9609375000,152368.0000000000,133669.5468750000,144894.3125000000,,,
2.5639999958,20,147101.1562500000,191479.1406250000,170361.1250000000,148512.9687500000,119894.3593750000,151961.4375000000,133323.1875000000,144645.0312500000,,,
2.5679999958,20,146536.9531250000,195826.5312500000,169254.8906250000,147893.7187500000,119338.3593750000,151418.3125000000,132814.0468750000,144243.1250000000,,,
2.5719999957,20,146639.9843750000,199004.0312500000,169139.1250000000,148002.7812500000,119436.4765625000,151506.5000000000,132886.2031250000,144269.3593750000,,,
2.5759999957,20,147249.4062500000,196612.0625000000,170020.4218750000,148670.9843750000,120035.8984375000,152085.9375000000,133423.6562500000,144661.0468750000,,,
2.5799999957,20,147537.5625000000,191942.5312500000,170789.4218750000,149004.1406250000,120318.1718750000,152361.3281250000,133690.2500000000,144891.8750000000,,,
2.5839999958,20,147096.9687500000,191425.3125000000,170357.9218750000,148522.1875000000,119889.0703125000,151945.7968750000,133290.5781250000,144632.8906250000,,,
2.5879999958,20,146534.4062500000,195767.1093750000,169257.9062500000,147888.7968750000,119341.5781250000,151415.2500000000,132771.0468750000,144238.7812500000,,,
2.5919999958,20,146629.7031250000,198996.2812500000,169138.1406250000,147991.0625000000,119433.7421875000,151500.0156250000,132866.8437500000,144258.5000000000,,,
2.5959999957,20,147238.7812500000,196639.7500000000,170014.4218750000,148669.4531250000,120033.8046875000,152077.4843750000,133430.6406250000,144647.7500000000,,,
2.5999999957,20,147521.6562500000,191942.4687500000,170780.3750000000,149005.4218750000,120308.3828125000,152345.7187500000,133692.2656250000,144871.3281250000,,,
2.6039999959,20,147079.3281250000,191381.5625000000,170353.9375000000,148517.2031250000,119874.6953125000,151927.7968750000,133292.4531250000,144611.8750000000,,,
2.6079999958,20,146535.0781250000,195723.8437500000,169264.5468750000,147896.9218750000,119341.9062500000,151411.0937500000,132789.6718750000,144239.2500000000,,,
2.6119999958,20,146632.4687500000,199007.0312500000,169146.1250000000,147995.6250000000,119435.2421875000,151500.3593750000,132861.4375000000,144263.4687500000,,,
2.6159999957,20,147224.6718750000,196684.2656250000,170011.7812500000,148647.8593750000,120017.6875000000,152061.5625000000,133394.0781250000,144633.9843750000,,,
2.6199999957,20,147521.8906250000,191974.8125000000,170786.8593750000,148996.2812500000,120309.0234375000,152348.6406250000,133675.8906250000,144870.9375000000,,,
2.6239999956,20,147092.8437500000,191373.1406250000,170381.9375000000,148519.9375000000,119889.4765625000,151948.3750000000,133298.4062500000,144627.1406250000,,,
2.6279999958,20,146541.5937500000,195701.9843750000,169287.7500000000,147889.7812500000,119347.8593750000,151425.9531250000,132793.1093750000,144248.4687500000,,,
2.6319999958,20,146630.8593750000,199006.8281250000,169149.7500000000,147988.2812500000,119433.3906250000,151506.8281250000,132866.1718750000,144265.5312500000,,,
2.6359999957,20,147229.5312500000,196723.0781250000,170012.8593750000,148643.8125000000,120021.3359375000,152072.0937500000,133407.1406250000,144644.1562500000,,,
2.6399999957,20,147530.1250000000,192000.7031250000,170790.7031250000,148984.4218750000,120312.7265625000,152361.2187500000,133675.1406250000,144881.5781250000,,,
2.6439999957,20,147101.5625000000,191346.6250000000,170388.0468750000,148517.0937500000,119893.5781250000,151961.4375000000,133296.0937500000,144636.2968750000,,,
2.6479999959,20,146546.5000000000,195651.3437500000,169293.0937500000,147888.0156250000,119351.6953125000,151435.0156250000,132802.0625000000,144256.5156250000,,,
2.6519999958,20,146631.5000000000,198993.2500000000,169150.0156250000,147976.7656250000,119433.2343750000,151505.5625000000,132870.7187500000,144269.9531250000,,,
2.6559999958,20,147240.7656250000,196750.4375000000,170015.7031250000,148651.2031250000,120034.3984375000,152072.7500000000,133422.4062500000,144656.5937500000,,,
2.6599999957,20,147550.4375000000,192032.5937500000,170810.5468750000,149007.1718750000,120338.6093750000,152365.6093750000,133711.4687500000,144900.7031250000,,,
2.6639999957,20,147110.8750000000,191335.9218750000,170415.0312500000,148521.2343750000,119907.7109375000,151961.3281250000,133314.9531250000,144643.5937500000,,,
2.6679999956,20,146539.2656250000,195626.0312500000,169314.0312500000,147873.6562500000,119348.9062500000,151424.3437500000,132792.5312500000,144250.3281250000,,,
2.6719999958,20,146616.5937500000,199022.2500000000,169164.1250000000,147958.8281250000,119424.4609375000,151496.3906250000,132857.5781250000,144261.9687500000,,,
2.6759999958,20,147211.4843750000,196843.6406250000,170019.7812500000,148617.7656250000,120007.7578125000,152061.4531250000,133395.5468750000,144636.2031250000,,,
2.6799999957,20,147515.7187500000,192120.3281250000,170804.0000000000,148970.4687500000,120305.9687500000,152353.0312500000,133672.1093750000,144871.1718750000,,,
2.6839999957,20,147097.7343750000,191378.8281250000,170420.3437500000,148518.7031250000,119895.5390625000,151962.1875000000,133304.4375000000,144631.5937500000,,,
2.6879999957,21,146523.2187500000,195624.0781250000,169311.6718750000,147880.0781250000,119332.5937500000,151417.5000000000,132783.6093750000,144237.2656250000,,,
2.6919999956,21,146590.6875000000,199018.8593750000,169142.8593750000,147951.8281250000,119399.6484375000,151473.3281250000,132843.4218750000,144239.0781250000,,,
2.6959999956,21,147192.0937500000,196869.0000000000,169995.2968750000,148611.1875000000,119990.2187500000,152044.3437500000,133387.7812500000,144619.6093750000,,,
2.6999999955,21,147509.9531250000,192149.1406250000,170794.5937500000,148973.4218750000,120297.5468750000,152344.9062500000,133668.9843750000,144867.5781250000,,,
2.7039999955,21,147090.2500000000,191366.1406250000,170419.0000000000,148518.0156250000,119884.0078125000,151948.7656250000,133280.6406250000,144624.3281250000,,,
2.7079999954,21,146520.1875000000,195571.8750000000,169308.1406250000,147882.8906250000,119322.1328125000,151406.3437500000,132767.3593750000,144230.0625000000,,,
2.7119999956,21,146590.5156250000,198985.0625000000,169130.7968750000,147953.6406250000,119387.6328125000,151466.2343750000,132826.7968750000,144235.7812500000,,,
2.7159999956,21,147200.3750000000,196875.5937500000,169985.3750000000,148623.9843750000,119986.5156250000,152040.8750000000,133375.8906250000,144623.4687500000,,,
2.7199999955,21,147525.8281250000,192167.9375000000,170796.2500000000,149002.9218750000,120304.1953125000,152347.0781250000,133674.4531250000,144876.4218750000,,,
2.7239999955,21,147125.3593750000,191343.0781250000,170439.3281250000,148564.2500000000,119909.7500000000,151969.9375000000,133311.6875000000,144648.0156250000,,,
2.7279999955,21,146554.8750000000,195513.1875000000,169328.6875000000,147918.9375000000,119353.9218750000,151433.2031250000,132786.7968750000,144258.5000000000,,,
2.7319999957,21,146599.9687500000,198950.1250000000,169136.7968750000,147953.1406250000,119399.3281250000,151473.8281250000,132828.7968750000,144246.4375000000,,,
2.7359999956,21,147183.8593750000,196895.2500000000,169978.7500000000,148605.2968750000,119976.7031250000,152028.4062500000,133367.9531250000,144610.8125000000,,,
2.7399999956,21,147510.0937500000,192189.3750000000,170792.3906250000,148984.7968750000,120296.4765625000,152342.0312500000,133669.7812500000,144862.4843750000,,,
2.7439999955,21,147113.7187500000,191322.4843750000,170442.0937500000,148551.5156250000,119903.2343750000,151972.8593750000,133306.8750000000,144637.1718750000,,,
2.7479999955,21,146546.4531250000,195458.3437500000,169327.3750000000,147904.6406250000,119346.8906250000,151437.3750000000,132794.0937500000,144249.6562500000,,,
2.7519999954,21,146592.1562500000,198908.2031250000,169122.2812500000,147949.6250000000,119390.9296875000,151475.7031250000,132833.1718750000,144237.9531250000,,,
2.7559999956,21,147181.3281250000,196907.3281250000,169966.4531250000,148603.4687500000,119973.0000000000,152033.7968750000,133368.3750000000,144608.0937500000,,,
2.7599999956,21,147511.2656250000,192216.4531250000,170788.3125000000,148979.4062500000,120299.8828125000,152347.6093750000,133652.5937500000,144861.5937500000,,,
2.7639999955,21,147116.6875000000,191303.7343750000,170443.4375000000,148545.7500000000,119911.0703125000,151973.5312500000,133295.1875000000,144635.3750000000,,,
2.7679999955,21,146546.2343750000,195401.5000000000,169320.8281250000,147902.8750000000,119347.2656250000,151431.2343750000,132801.6562500000,144243.0000000000,,,
2.7719999955,21,146577.2500000000,198868.3593750000,169102.2031250000,147942.3750000000,119374.0859375000,151459.8281250000,132836.8281250000,144218.5312500000,,,
2.7759999956,21,147165.0000000000,196915.4687500000,169944.0625000000,148587.9843750000,119953.9296875000,152012.0156250000,133366.8750000000,144586.6718750000,,,
2.7799999956,21,147501.1093750000,192256.1093750000,170776.8906250000,148972.5625000000,120284.5390625000,152329.4843750000,133670.9375000000,144843.7656250000,,,
2.7839999956,21,147116.7968750000,191314.0625000000,170447.9218750000,148551.5625000000,119907.7109375000,151969.2343750000,133321.3437500000,144627.6250000000,,,
2.7879999955,21,146551.0468750000,195342.9218750000,169316.7812500000,147899.8750000000,119354.1093750000,151434.0000000000,132799.6718750000,144242.1875000000,,,
2.7919999955,21,146589.8281250000,198795.6250000000,169083.1562500000,147932.5312500000,119392.0312500000,151463.9687500000,132827.4687500000,144230.3125000000,,,
2.7959999954,21,147160.2812500000,196901.9531250000,169924.3437500000,148570.7656250000,119954.7343750000,152006.5156250000,133348.1875000000,144591.8437500000,,,
2.7999999956,21,147494.6093750000,192280.1093750000,170764.5312500000,148961.0625000000,120278.0703125000,152328.2187500000,133653.3125000000,144849.6093750000,,,
2.8039999956,21,147117.9843750000,191304.4062500000,170443.8593750000,148550.5000000000,119902.2187500000,151972.4843750000,133311.8906250000,144633.5468750000,,,
2.8079999955,21,146555.9531250000,195274.6093750000,169307.5781250000,147906.3906250000,119347.8046875000,151441.2656250000,132790.6406250000,144248.0937500000,,,
2.8119999955,21,146591.5625000000,198719.0937500000,169065.1875000000,147939.2500000000,119383.3437500000,151470.0781250000,132817.1406250000,144232.3437500000,,,
2.8159999955,22,147165.6093750000,196891.7031250000,169916.3750000000,148566.4843750000,119952.2656250000,152011.2343750000,133348.7187500000,144596.7343750000,,,
2.8199999954,22,147497.4843750000,192335.0468750000,170778.7187500000,148951.9375000000,120279.6562500000,152325.8125000000,133660.2812500000,144850.3593750000,,,
2.8239999954,22,147129.4531250000,191338.9218750000,170477.0468750000,148544.6718750000,119919.7031250000,151978.5937500000,133326.0312500000,144643.7500000000,,,
2.8279999953,22,146567.2187500000,195248.7812500000,169334.2343750000,147901.2968750000,119369.5000000000,151443.2031250000,132807.9687500000,144257.3750000000,,,
2.8319999953,22,146596.2812500000,198686.0312500000,169075.8593750000,147928.6562500000,119398.3593750000,151461.2812500000,132828.2187500000,144236.4218750000,,,
2.8359999952,22,147170.1250000000,196909.0156250000,169922.7968750000,148567.6562500000,119963.9062500000,152005.3593750000,133340.2656250000,144599.7812500000,,,
2.8399999954,22,147506.4375000000,192397.5156250000,170793.4375000000,148969.5937500000,120289.5546875000,152326.0000000000,133646.5312500000,144856.5468750000,,,
2.8439999954,22,147136.9218750000,191378.6093750000,170493.4531250000,148570.2031250000,119922.6796875000,151975.4531250000,133328.5468750000,144643.3750000000,,,
2.8479999953,22,146568.0468750000,195227.7812500000,169333.8906250000,147912.8437500000,119365.3750000000,151434.9375000000,132810.6093750000,144248.6093750000,,,
2.8519999953,22,146592.5937500000,198653.9218750000,169054.6718750000,147926.8281250000,119389.5156250000,151450.4687500000,132820.7343750000,144223.4687500000,,,
2.8559999953,22,147165.3437500000,196927.3593750000,169900.5312500000,148563.5468750000,119952.5859375000,151995.2031250000,133339.3281250000,144588.4375000000,,,
2.8599999954,22,147505.7500000000,192431.9531250000,170780.7812500000,148969.5312500000,120285.6406250000,152324.4375000000,133657.7968750000,144849.6875000000,,,
2.8639999954,22,147139.5468750000,191380.6562500000,170493.7343750000,148563.9062500000,119927.2109375000,151985.6250000000,133329.4375000000,144643.8750000000,,,
2.8679999954,22,146577.8281250000,195182.6093750000,169335.4218750000,147918.5937500000,119380.6875000000,151454.0156250000,132817.6718750000,144259.0937500000,,,
2.8719999953,22,146589.3906250000,198611.7812500000,169045.4218750000,147929.9375000000,119391.2031250000,151457.4687500000,132824.1093750000,144226.4531250000,,,
2.8759999953,22,147157.6718750000,196940.0781250000,169890.4375000000,148567.4687500000,119945.5859375000,151994.2343750000,133337.9687500000,144587.9375000000,,,
2.8799999952,22,147500.4062500000,192484.0312500000,170784.4062500000,148957.2031250000,120277.6953125000,152325.0781250000,133649.6875000000,144853.5468750000,,,
2.8839999954,22,147144.6875000000,191399.0625000000,170512.7187500000,148552.9062500000,119929.7109375000,151989.7500000000,133331.4531250000,144654.4218750000,,,
2.8879999954,22,146584.5156250000,195154.9531250000,169351.3750000000,147907.4375000000,119381.9765625000,151462.2968750000,132815.9218750000,144269.9531250000,,,
2.8919999953,22,146586.7187500000,198584.6406250000,169046.5468750000,147917.4062500000,119386.7500000000,151456.9062500000,132796.1406250000,144227.2500000000,,,
2.8959999953,22,147139.8125000000,196950.6406250000,169886.8281250000,148538.5781250000,119929.7343750000,151977.5468750000,133300.6250000000,144573.2031250000,,,
2.8999999953,22,147479.9218750000,192502.2500000000,170783.5468750000,148938.3593750000,120259.2968750000,152303.6562500000,133629.1718750000,144830.1406250000,,,
2.9039999954,22,147128.7812500000,191373.3125000000,170516.6562500000,148549.9843750000,119915.3593750000,151978.5781250000,133323.7500000000,144634.8437500000,,,
2.9079999954,22,146566.1406250000,195070.8125000000,169349.4687500000,147900.5625000000,119368.6171875000,151450.5468750000,132814.2187500000,144252.2031250000,,,
2.9119999954,22,146566.8125000000,198508.2812500000,169038.7031250000,147892.9531250000,119369.9843750000,151446.0781250000,132805.5468750000,144212.6406250000,,,
2.9159999953,22,147126.3750000000,196925.4531250000,169887.4218750000,148513.3437500000,119921.6875000000,151971.5468750000,133307.0937500000,144567.3593750000,,,
2.9199999953,22,147490.4531250000,192502.8593750000,170806.7968750000,148933.8125000000,120278.6406250000,152316.6406250000,133642.4531250000,144848.1875000000,,,
2.9239999952,22,147148.4531250000,191345.0312500000,170560.2500000000,148551.6250000000,119946.8203125000,151993.6406250000,133329.7656250000,144655.1406250000,,,
2.9279999954,22,146586.7343750000,194996.0625000000,169386.1562500000,147904.2343750000,119397.3671875000,151462.3281250000,132813.3593750000,144268.1093750000,,,
2.9319999954,22,146579.3593750000,198440.4218750000,169059.6093750000,147898.9375000000,119386.0234375000,151446.7343750000,132803.7968750000,144219.8750000000,,,
2.9359999953,22,147126.6875000000,196916.8750000000,169900.4843750000,148512.8281250000,119919.6796875000,151963.0625000000,133302.0000000000,144560.6250000000,,,
2.9399999953,22,147487.8750000000,192523.0156250000,170822.1406250000,148938.9375000000,120270.2187500000,152308.1093750000,133637.9687500000,144835.7968750000,,,
2.9439999952,23,147150.8125000000,191324.8906250000,170576.3906250000,148577.7968750000,119938.4531250000,151993.8125000000,133334.4531250000,144648.1718750000,,,
2.9479999952,23,146586.8437500000,194925.9218750000,169392.0625000000,147920.4375000000,119390.2890625000,151464.6250000000,132815.8750000000,144260.0000000000,,,
2.9519999952,23,146582.8281250000,198363.5781250000,169054.7500000000,147905.6875000000,119387.2890625000,151452.0468750000,132807.6093750000,144218.4062500000,,,
2.9559999951,23,147116.4687500000,196909.8750000000,169893.7656250000,148511.3281250000,119908.1171875000,151954.4062500000,133290.4843750000,144555.0937500000,,,
2.9599999951,23,147470.3437500000,192599.2031250000,170828.9218750000,148928.9843750000,120251.7109375000,152296.0312500000,133625.1718750000,144828.3593750000,,,
2.9639999950,23,147136.3281250000,191393.2812500000,170589.0000000000,148552.5781250000,119924.7734375000,151986.6093750000,133336.6250000000,144641.2031250000,,,
2.9679999952,23,146582.6406250000,194900.9218750000,169388.2031250000,147906.9531250000,119382.9687500000,151462.5625000000,132831.4531250000,144258.4218750000,,,
2.9719999952,23,146576.0937500000,198262.0312500000,169022.8906250000,147888.4218750000,119374.6015625000,151449.2343750000,132812.6250000000,144215.9843750000,,,
2.9759999951,23,147114.5156250000,196824.8437500000,169870.8593750000,148499.9375000000,119900.1484375000,151957.5468750000,133294.0781250000,144560.4687500000,,,
2.9799999951,23,147476.3437500000,192553.0468750000,170839.5468750000,148926.0000000000,120250.3671875000,152306.4375000000,133624.9687500000,144836.9531250000,,,
2.9839999950,23,147158.3750000000,191302.2500000000,170618.8750000000,148570.8437500000,119936.9531250000,152009.3593750000,133342.1718750000,144658.9218750000,,,
2.9879999952,23,146604.2343750000,194709.7031250000,169408.0468750000,147925.5312500000,119396.9687500000,151484.4531250000,132840.8125000000,144272.8437500000,,,
2.9919999952,23,146588.7500000000,198037.1250000000,169024.7343750000,147900.4531250000,119383.5000000000,151463.2031250000,132823.1718750000,144224.3593750000,,,
2.9959999952,23,147129.5312500000,196694.1875000000,169884.3281250000,148507.1406250000,119917.4531250000,151976.0156250000,133310.0156250000,144577.7968750000,,,
2.9999999951,23,147485.2812500000,192542.9843750000,170872.1406250000,148929.2187500000,120267.8828125000,152311.2968750000,133637.9375000000,144848.7500000000,,,
3.0039999951,23,147174.6562500000,191306.4062500000,170665.5156250000,148578.7031250000,119967.3906250000,152018.2187500000,133358.8125000000,144672.0468750000,,,
3.0079999950,23,146625.3906250000,194627.3906250000,169441.8750000000,147935.7031250000,119431.9140625000,151496.1250000000,132857.6406250000,144286.6093750000,,,
3.0119999952,23,146598.8125000000,197896.7656250000,169032.6718750000,147902.2031250000,119401.6093750000,151461.1718750000,132828.3437500000,144228.1406250000,,,
3.0159999952,23,147118.4843750000,196601.3593750000,169884.9687500000,148503.0781250000,119909.3515625000,151950.8125000000,133304.5781250000,144563.3593750000,,,
3.0199999951,23,147474.8750000000,192532.7656250000,170886.0781250000,148923.5937500000,120255.6250000000,152291.3125000000,133633.7812500000,144838.4687500000,,,
3.0239999951,23,147176.4218750000,191306.1406250000,170690.6093750000,148583.6250000000,119962.5625000000,152014.5312500000,133362.7031250000,144671.0781250000,,,
3.0279999950,23,146631.9375000000,194555.6093750000,169448.6250000000,147949.0312500000,119432.3750000000,151504.4843750000,132863.4843750000,144291.6562500000,,,
3.0319999952,23,146603.2812500000,197789.8750000000,169016.8750000000,147907.4375000000,119403.5937500000,151473.8281250000,132830.5000000000,144234.6562500000,,,
3.0359999952,23,147117.1250000000,196571.3281250000,169872.5625000000,148497.1718750000,119903.8828125000,151959.3125000000,133293.5468750000,144565.6093750000,,,
3.0399999951,23,147479.9218750000,192596.9375000000,170893.5937500000,148928.5156250000,120255.7031250000,152299.6250000000,133628.0937500000,144843.1718750000,,,
3.0439999951,23,147190.6406250000,191364.4843750000,170709.0625000000,148595.6875000000,119974.4453125000,152027.8437500000,133371.0625000000,144685.8281250000,,,
3.0479999951,23,146643.8125000000,194522.8593750000,169450.2968750000,147952.2187500000,119443.3984375000,151515.2968750000,132873.3281250000,144303.6406250000,,,
3.0519999950,23,146608.4687500000,197711.9531250000,169000.0625000000,147909.6562500000,119407.9921875000,151477.8750000000,132834.2812500000,144243.2343750000,,,
3.0559999952,23,147116.3750000000,196545.6562500000,169852.2812500000,148494.5156250000,119901.3593750000,151955.8281250000,133291.7187500000,144573.3906250000,,,
3.0599999952,23,147476.3750000000,192642.6093750000,170888.4687500000,148919.9375000000,120250.9843750000,152297.5625000000,133623.5937500000,144849.7968750000,,,
3.0639999951,23,147186.8593750000,191412.5468750000,170713.9375000000,148589.0937500000,119967.0468750000,152024.7812500000,133363.2031250000,144684.4687500000,,,
3.0679999951,23,146650.1718750000,194523.5625000000,169449.3593750000,147954.3125000000,119447.4218750000,151520.9062500000,132874.6093750000,144305.7343750000,,,
3.0719999950,24,146606.8593750000,197690.6093750000,168976.3281250000,147903.8906250000,119407.5937500000,151474.5781250000,132830.6250000000,144234.5000000000,,,
3.0759999950,24,147107.4843750000,196567.5625000000,169823.3593750000,148480.5156250000,119900.3359375000,151942.1406250000,133284.1093750000,144557.3750000000,,,
3.0799999950,24,147469.3437500000,192716.9062500000,170873.2656250000,148913.6562500000,120255.2734375000,152285.4687500000,133630.1093750000,144839.0312500000,,,
3.0839999949,24,147192.8906250000,191483.2968750000,170721.0937500000,148595.8281250000,119985.3671875000,152031.7343750000,133387.3750000000,144690.1250000000,,,
3.0879999949,24,146663.5781250000,194532.2031250000,169455.7343750000,147962.4375000000,119478.4296875000,151529.5937500000,132891.7031250000,144317.1562500000,,,
3.0919999948,24,146624.5625000000,197680.7343750000,168977.4531250000,147912.5312500000,119445.7578125000,151486.2031250000,132815.9218750000,144253.4062500000,,,
3.0959999950,24,147125.9687500000,196605.3906250000,169830.7343750000,148487.9375000000,119927.3750000000,151954.9375000000,133294.5156250000,144578.9375000000,,,
3.0999999950,24,147490.5312500000,192801.0468750000,170892.7343750000,148930.3125000000,120276.5156250000,152295.8750000000,133640.8437500000,144857.5156250000,,,
3.1039999949,24,147209.7968750000,191558.2656250000,170743.8125000000,148606.2812500000,119997.0078125000,152032.0000000000,133397.4843750000,144698.2812500000,,,
3.1079999949,24,146680.0000000000,194560.9843750000,169461.5625000000,147967.5468750000,119478.8593750000,151535.7968750000,132923.4531250000,144324.8906250000,,,
3.1119999948,24,146633.6562500000,197694.5468750000,168955.7500000000,147915.6875000000,119429.6406250000,151481.3750000000,132867.5000000000,144256.9218750000,,,
3.1159999950,24,147125.0000000000,196668.6562500000,169803.7343750000,148486.5468750000,119907.9296875000,151940.8906250000,133306.3437500000,144576.4843750000,,,
3.1199999950,24,147490.0312500000,192919.4062500000,170885.2031250000,148914.6093750000,120263.3515625000,152286.7031250000,133635.8750000000,144857.1093750000,,,
3.1239999949,24,147219.7187500000,191651.9062500000,170757.2500000000,148607.0937500000,120006.3125000000,152028.0000000000,133368.2500000000,144702.3593750000,,,
3.1279999949,24,146693.8437500000,194578.4062500000,169473.7343750000,147979.5625000000,119491.6484375000,151534.0000000000,132892.4531250000,144333.9531250000,,,
3.1319999949,24,146642.0156250000,197675.4843750000,168953.2812500000,147918.0000000000,119434.4921875000,151480.9375000000,132855.7656250000,144264.9375000000,,,
3.1359999948,24,147124.8125000000,196685.0781250000,169796.9687500000,148481.2656250000,119903.1015625000,151934.6406250000,133295.1250000000,144579.2968750000,,,
3.1399999950,24,147487.2656250000,192974.7500000000,170884.8437500000,148911.8593750000,120255.8671875000,152275.8906250000,133625.9843750000,144858.1093750000,,,
3.1439999950,24,147216.6562500000,191696.0000000000,170767.5468750000,148601.9843750000,119994.2187500000,152024.2500000000,133373.8281250000,144705.9531250000,,,
3.1479999949,24,146693.9531250000,194573.9843750000,169478.5937500000,147975.2656250000,119488.9140625000,151537.7031250000,132881.9375000000,144339.4843750000,,,
3.1519999949,24,146643.1250000000,197645.5781250000,168945.2656250000,147911.5312500000,119439.6171875000,151484.8593750000,132841.2812500000,144268.6875000000,,,
3.1559999948,24,147122.1406250000,196697.5156250000,169789.0625000000,148474.9843750000,119906.5625000000,151933.7031250000,133283.0937500000,144577.2031250000,,,
3.1599999950,24,147484.7656250000,193034.1250000000,170890.0312500000,148914.8437500000,120258.3593750000,152277.1250000000,133614.7500000000,144855.6875000000,,,
3.1639999950,24,147224.7500000000,191735.2187500000,170784.0156250000,148616.2031250000,120005.5625000000,152039.0468750000,133382.4375000000,144713.3750000000,,,
3.1679999949,24,146701.1562500000,194551.3750000000,169491.8437500000,147987.1718750000,119500.3671875000,151548.9062500000,132909.0781250000,144343.5312500000,,,
3.1719999949,24,146645.2343750000,197596.1406250000,168940.7812500000,147920.6562500000,119445.9453125000,151492.6406250000,132853.6875000000,144270.0312500000,,,
3.1759999949,24,147116.7500000000,196681.9843750000,169778.5156250000,148477.8906250000,119903.3125000000,151933.9062500000,133278.6875000000,144575.1093750000,,,
3.1799999948,24,147478.0312500000,193057.5000000000,170894.3750000000,148917.8281250000,120251.7890625000,152274.8750000000,133610.3906250000,144851.1406250000,,,
3.1839999950,24,147226.5468750000,191699.6562500000,170802.9375000000,148628.7656250000,120003.8203125000,152040.3125000000,133382.6562500000,144712.1406250000,,,
3.1879999950,24,146712.4531250000,194338.3593750000,169502.9218750000,148002.7812500000,119502.7812500000,151553.0312500000,132909.2187500000,144345.1093750000,,,
3.1919999949,24,146654.7812500000,197204.6250000000,168937.5156250000,147926.0156250000,119444.2812500000,151491.9062500000,132847.0937500000,144270.5781250000,,,
3.1959999949,24,147116.4218750000,196216.8593750000,169775.2968750000,148476.4687500000,119894.4921875000,151926.7968750000,133264.6875000000,144571.0625000000,,,
3.1999999948,25,147480.9687500000,192589.0468750000,170906.8750000000,148924.2812500000,120250.7656250000,152273.2187500000,133597.1718750000,144852.8593750000,,,
3.2039999948,25,147232.9687500000,191214.7812500000,170828.6093750000,148645.4687500000,120004.9140625000,152040.8281250000,133378.7343750000,144714.0000000000,,,
3.2079999947,25,146715.4531250000,193797.1093750000,169519.3593750000,148012.1406250000,119500.5859375000,151559.9531250000,132912.2968750000,144349.7187500000,,,
3.2119999947,25,146641.0312500000,196651.6250000000,168926.2968750000,147918.6718750000,119426.4765625000,151488.3906250000,132844.0156250000,144263.5156250000,,,
3.2159999947,25,147094.0468750000,195778.0312500000,169754.0000000000,148463.6093750000,119865.9531250000,151912.4218750000,133253.8593750000,144557.8125000000,,,
3.2199999946,25,147461.7343750000,192347.0781250000,170896.2812500000,148907.1718750000,120223.3046875000,152259.1875000000,133595.8593750000,144843.2968750000,,,
3.2239999948,25,147228.2656250000,191098.6406250000,170836.7343750000,148633.8593750000,119996.3046875000,152042.3281250000,133382.4843750000,144716.5937500000,,,
3.2279999948,25,146724.7187500000,193696.5312500000,169530.4687500000,148013.7812500000,119510.6171875000,151569.1250000000,132919.5937500000,144358.4375000000,,,
3.2319999947,25,146653.0468750000,196562.6562500000,168926.1875000000,147916.4218750000,119441.0390625000,151494.0000000000,132848.4375000000,144272.0000000000,,,
3.2359999947,25,147099.0468750000,195749.0937500000,169752.5468750000,148453.4843750000,119877.8046875000,151909.0468750000,133247.2812500000,144559.0625000000,,,
3.2399999946,25,147467.3281250000,192372.4531250000,170911.2656250000,148903.2031250000,120235.7734375000,152259.8281250000,133595.7343750000,144844.0781250000,,,
3.2439999948,25,147231.6718750000,191081.1093750000,170860.0625000000,148637.6875000000,120003.8203125000,152044.0625000000,133399.0468750000,144715.4218750000,,,
3.2479999948,25,146720.7656250000,193559.4375000000,169536.7968750000,148011.8437500000,119508.8671875000,151569.4531250000,132932.8437500000,144351.2187500000,,,
3.2519999947,25,146639.9531250000,196332.0625000000,168907.4375000000,147912.7968750000,119426.9531250000,151483.3593750000,132844.3593750000,144256.2500000000,,,
3.2559999947,25,147095.3906250000,195543.5781250000,169733.0781250000,148456.7500000000,119869.4140625000,151903.4375000000,133251.2187500000,144552.6562500000,,,
3.2599999947,25,147459.9062500000,192278.5000000000,170900.4531250000,148905.9062500000,120223.2734375000,152246.0937500000,133591.2187500000,144832.7343750000,,,
3.2639999946,25,147240.0937500000,191075.6562500000,170870.9218750000,148642.7031250000,120010.7890625000,152039.9062500000,133395.0468750000,144713.5312500000,,,
3.2679999948,25,146740.3281250000,193539.1093750000,169551.6093750000,148020.6562500000,119530.1093750000,151570.7343750000,132936.1406250000,144357.0937500000,,,
3.2719999948,25,146664.3906250000,196298.7031250000,168915.7031250000,147927.0156250000,119455.7656250000,151491.3437500000,132858.8125000000,144269.1250000000,,,
3.2759999947,25,147100.2968750000,195585.0156250000,169734.6562500000,148461.3906250000,119876.2812500000,151899.7968750000,133254.9843750000,144555.1250000000,,,
3.2799999947,25,147462.8593750000,192424.0312500000,170913.5937500000,148915.5468750000,120225.3984375000,152245.5000000000,133594.5937500000,144838.3437500000,,,
3.2839999946,25,147238.9218750000,191233.6406250000,170895.5468750000,148654.0781250000,120007.4687500000,152043.6093750000,133396.0156250000,144715.9062500000,,,
3.2879999948,25,146730.9687500000,193610.8906250000,169558.1718750000,148024.8281250000,119518.0937500000,151572.4375000000,132935.0156250000,144351.3906250000,,,
3.2919999948,25,146641.6406250000,196298.2656250000,168894.5156250000,147917.0625000000,119434.4375000000,151483.4843750000,132839.9375000000,144253.1875000000,,,
3.2959999947,25,147060.2812500000,195610.6093750000,169701.4531250000,148426.1406250000,119843.0234375000,151875.3125000000,133215.5000000000,144523.9531250000,,,
3.2999999947,25,147415.5937500000,192525.3906250000,170886.7812500000,148871.5781250000,120187.0156250000,152213.1250000000,133553.7500000000,144802.7812500000,,,
3.3039999946,25,147193.5937500000,191358.7187500000,170873.3125000000,148620.3437500000,119969.7265625000,152008.0156250000,133354.1093750000,144679.2812500000,,,
3.3079999946,25,146698.3125000000,193686.4687500000,169533.3906250000,148009.1093750000,119494.4375000000,151546.7031250000,132906.0000000000,144324.5312500000,,,
3.3119999948,25,146616.8593750000,196334.0781250000,168853.4687500000,147904.6718750000,119415.8281250000,151465.9218750000,132827.8593750000,144234.1406250000,,,
3.3159999948,25,147052.1562500000,195682.8437500000,169668.1406250000,148432.8750000000,119834.1718750000,151874.2031250000,133222.8437500000,144522.6406250000,,,
3.3199999947,25,147426.1875000000,192655.0000000000,170879.6406250000,148893.0312500000,120190.9062500000,152232.0468750000,133567.5312500000,144816.1250000000,,,
3.3239999947,25,147227.5000000000,191479.7968750000,170897.9687500000,148658.7187500000,119997.5390625000,152047.3125000000,133399.0468750000,144711.5312500000,,,
3.3279999946,26,146739.6718750000,193717.9375000000,169563.2187500000,148043.1250000000,119530.4609375000,151597.2187500000,132956.9375000000,144359.8125000000,,,
3.3319999946,26,146644.5156250000,196290.2812500000,168865.3906250000,147929.2187500000,119439.8593750000,151503.9531250000,132864.7187500000,144257.1875000000,,,
3.3359999945,26,147053.9843750000,195670.6093750000,169668.7656250000,148432.7187500000,119838.6484375000,151883.4531250000,133232.3750000000,144524.1250000000,,,
3.3399999945,26,147418.3906250000,192729.8593750000,170883.3437500000,148882.5156250000,120191.7343750000,152230.7812500000,133569.4218750000,144810.2343750000,,,
3.3439999945,26,147224.9375000000,191581.7187500000,170909.6562500000,148653.4062500000,120004.4375000000,152054.5000000000,133399.4375000000,144709.9687500000,,,
3.3479999944,26,146740.3281250000,193765.2500000000,169568.0156250000,148046.3906250000,119538.8593750000,151603.5156250000,132950.6875000000,144363.9062500000,,,
3.3519999946,26,146640.2187500000,196300.2812500000,168852.4843750000,147915.2343750000,119441.4375000000,151507.8437500000,132864.0781250000,144260.2500000000,,,
3.3559999946,26,147053.1718750000,195720.8125000000,169657.6093750000,148423.8125000000,119837.9765625000,151891.9687500000,133250.9843750000,144531.2343750000,,,
3.3599999945,26,147412.2500000000,192847.3906250000,170884.5312500000,148882.2343750000,120183.1796875000,152227.8281250000,133582.1875000000,144808.0312500000,,,
3.3639999945,26,147220.8906250000,191706.2968750000,170925.8281250000,148645.8750000000,120000.4140625000,152053.7812500000,133407.7343750000,144707.9375000000,,,
3.3679999944,26,146734.7187500000,193833.0468750000,169575.2812500000,148033.0625000000,119533.7578125000,151597.9062500000,132960.8281250000,144356.5312500000,,,
3.3719999946,26,146636.2187500000,196320.7500000000,168841.2968750000,147907.1406250000,119439.5625000000,151492.2656250000,132865.1718750000,144251.0156250000,,,
3.3759999946,26,147046.7187500000,195771.2656250000,169643.3125000000,148407.5781250000,119836.8515625000,151864.5156250000,133234.8125000000,144520.0937500000,,,
3.3799999945,26,147411.7812500000,192956.1875000000,170888.3281250000,148869.2968750000,120190.0156250000,152203.1718750000,133565.9531250000,144805.9375000000,,,
3.3839999945,26,147220.8750000000,191810.5312500000,170940.8750000000,148650.1093750000,120005.3437500000,152039.5625000000,133389.4375000000,144708.3125000000,,,
3.3879999944,26,146727.5625000000,193848.3125000000,169579.4375000000,148033.7187500000,119530.4609375000,151596.4062500000,132947.5468750000,144352.6406250000,,,
3.3919999944,26,146627.7500000000,196254.6250000000,168823.2187500000,147907.4531250000,119428.8593750000,151496.2343750000,132857.2343750000,144249.8437500000,,,
3.3959999946,26,147039.5468750000,195707.5937500000,169618.4218750000,148415.0625000000,119823.7109375000,151874.0156250000,133231.7968750000,144523.0156250000,,,
3.3999999946,26,147397.2968750000,192959.2500000000,170874.5156250000,148866.4531250000,120172.5546875000,152213.2343750000,133561.6406250000,144797.7812500000,,,
3.4039999945,26,147214.1093750000,191840.1718750000,170947.8281250000,148648.7187500000,119999.8515625000,152046.4843750000,133398.0156250000,144699.1875000000,,,
3.4079999945,26,146738.5468750000,193817.0468750000,169592.4843750000,148048.2812500000,119543.0390625000,151600.6250000000,132981.8750000000,144352.1093750000,,,
3.4119999944,26,146631.2031250000,196162.2812500000,168817.9062500000,147910.8437500000,119434.7578125000,151496.0156250000,132876.3906250000,144243.7031250000,,,
3.4159999946,26,147026.9375000000,195663.7656250000,169603.7656250000,148402.8437500000,119815.3125000000,151865.5156250000,133228.5312500000,144510.0937500000,,,
3.4199999946,26,147386.1718750000,193023.9687500000,170870.4218750000,148863.2187500000,120160.2734375000,152204.4687500000,133556.6718750000,144793.4218750000,,,
3.4239999945,26,147209.5000000000,191946.1250000000,170953.3281250000,148654.0468750000,119988.0703125000,152044.6875000000,133396.5156250000,144703.3750000000,,,
3.4279999945,26,146733.7031250000,193878.1718750000,169587.5468750000,148046.5312500000,119531.7187500000,151604.7968750000,132962.9062500000,144356.3281250000,,,
3.4319999944,26,146621.1718750000,196193.5000000000,168788.7500000000,147904.9687500000,119419.7109375000,151493.0937500000,132848.2187500000,144239.1406250000,,,
3.4359999944,26,147009.0781250000,195743.1875000000,169563.7031250000,148384.7812500000,119793.1328125000,151848.8281250000,133197.5468750000,144493.7343750000,,,
3.4399999946,26,147369.3281250000,193175.0000000000,170844.3437500000,148849.2656250000,120142.0859375000,152185.6562500000,133533.2343750000,144775.5781250000,,,
3.4439999945,26,147195.0625000000,192115.9531250000,170950.1875000000,148647.6718750000,119977.3750000000,152027.3125000000,133385.5781250000,144684.0937500000,,,
3.4479999945,26,146730.4218750000,194011.4531250000,169587.5468750000,148059.2968750000,119534.6171875000,151600.1093750000,132967.1250000000,144346.2968750000,,,
3.4519999945,26,146613.7812500000,196302.3437500000,168773.3593750000,147904.4218750000,119422.9843750000,151486.4687500000,132853.5937500000,144229.0000000000,,,
3.4559999944,27,147003.1562500000,195875.7968750000,169547.7656250000,148380.6250000000,119796.6171875000,151848.9687500000,133202.4375000000,144491.0000000000,,,
3.4599999944,27,147367.6093750000,193331.2187500000,170841.8281250000,148837.7812500000,120146.2421875000,152190.6718750000,133529.3125000000,144780.1406250000,,,
3.4639999943,27,147209.8906250000,192251.2187500000,170968.0781250000,148636.5625000000,119993.3593750000,152045.0625000000,133392.0156250000,144704.3593750000,,,
3.4679999943,27,146742.2343750000,194085.3750000000,169605.4843750000,148039.5625000000,119543.2578125000,151613.1250000000,132973.6718750000,144363.0468750000,,,
3.4719999942,27,146627.6718750000,196324.0781250000,168777.2500000000,147895.2500000000,119428.2421875000,151496.0937500000,132860.1093750000,144245.0937500000,,,
3.4759999942,27,147016.7031250000,195888.7031250000,169550.6093750000,148382.3125000000,119804.1562500000,151848.1093750000,133203.7187500000,144502.2656250000,,,
3.4799999944,27,147370.6718750000,193361.8906250000,170852.6562500000,148846.0468750000,120145.1171875000,152178.8437500000,133535.8125000000,144778.6562500000,,,
3.4839999944,27,147202.7031250000,192266.6093750000,170983.2343750000,148654.0312500000,119982.2812500000,152026.9843750000,133393.0000000000,144690.7187500000,,,
3.4879999943,27,146733.7812500000,194045.6718750000,169615.6250000000,148052.8281250000,119535.6093750000,151594.2656250000,132966.4062500000,144345.7812500000,,,
3.4919999943,27,146619.5937500000,196250.7187500000,168773.6875000000,147902.2343750000,119426.0156250000,151482.5781250000,132856.9062500000,144230.3437500000,,,
3.4959999942,27,146992.3125000000,195849.4531250000,169530.9531250000,148372.5781250000,119783.1015625000,151828.0937500000,133187.2812500000,144476.9062500000,,,
3.4999999944,27,147353.0468750000,193375.8750000000,170837.9843750000,148834.3281250000,120127.9218750000,152169.7343750000,133514.1875000000,144761.0625000000,,,
3.5039999944,27,147197.9062500000,192301.8281250000,170989.5937500000,148648.3437500000,119976.9140625000,152028.7500000000,133382.7656250000,144684.6718750000,,,
3.5079999943,27,146740.9375000000,194074.2343750000,169631.7968750000,148054.9062500000,119540.2812500000,151606.7656250000,132969.8125000000,144352.4375000000,,,
3.5119999943,27,146630.1875000000,196311.2500000000,168783.4687500000,147902.7343750000,119430.9218750000,151499.7187500000,132858.0937500000,144245.6562500000,,,
3.5159999942,27,147009.6406250000,195971.0625000000,169540.9062500000,148374.8281250000,119792.8359375000,151851.4062500000,133195.8593750000,144502.3906250000,,,
3.5199999942,27,147361.1406250000,193528.5156250000,170854.3437500000,148837.8437500000,120129.9609375000,152177.7187500000,133512.7656250000,144774.7968750000,,,
3.5239999944,27,147209.9531250000,192432.5312500000,171017.6093750000,148653.9687500000,119984.5859375000,152039.1875000000,133377.0000000000,144698.9218750000,,,
3.5279999943,27,146746.1718750000,194166.7968750000,169654.4375000000,148058.9218750000,119540.7578125000,151606.3125000000,132961.7031250000,144356.2656250000,,,
3.5319999943,27,146626.4375000000,196372.6562500000,168787.3281250000,147901.8750000000,119425.1875000000,151486.0625000000,132853.8281250000,144236.9843750000,,,
3.5359999943,27,146997.5000000000,196018.1718750000,169536.4687500000,148369.5312500000,119779.3437500000,151825.1718750000,133189.1875000000,144484.5312500000,,,
3.5399999942,27,147364.3593750000,193553.2500000000,170859.2343750000,148840.1250000000,120131.8125000000,152170.6406250000,133527.9218750000,144772.7812500000,,,
3.5439999944,27,147212.9062500000,192411.4062500000,171036.9062500000,148659.0625000000,119987.4062500000,152039.7500000000,133396.5468750000,144700.7187500000,,,
3.5479999944,27,146752.7656250000,194071.5312500000,169678.7968750000,148061.8750000000,119550.8437500000,151623.0156250000,132979.1875000000,144368.2812500000,,,
3.5519999943,27,146626.2187500000,196234.5156250000,168803.1875000000,147900.5937500000,119428.6171875000,151500.5937500000,132855.5156250000,144246.9687500000,,,
3.5559999943,27,146999.1875000000,195901.8125000000,169545.5468750000,148377.3593750000,119783.2890625000,151844.5468750000,133185.2656250000,144497.0625000000,,,
3.5599999942,27,147369.3750000000,193494.5000000000,170879.4531250000,148852.1093750000,120137.1796875000,152191.3750000000,133524.2187500000,144786.8125000000,,,
3.5639999942,27,147224.3281250000,192368.7031250000,171077.3281250000,148677.7031250000,119996.6796875000,152055.7656250000,133396.1406250000,144711.5312500000,,,
3.5679999944,27,146769.7500000000,194023.8437500000,169713.9062500000,148081.4062500000,119562.2500000000,151627.8125000000,132984.0156250000,144374.9687500000,,,
3.5719999943,27,146636.7656250000,196179.2031250000,168810.6875000000,147915.3750000000,119432.9375000000,151489.1406250000,132857.5625000000,144242.4843750000,,,
3.5759999943,27,147000.1250000000,195887.7656250000,169541.5156250000,148372.9375000000,119781.9218750000,151815.0937500000,133178.2656250000,144479.4375000000,,,
3.5799999943,27,147381.9062500000,193549.9218750000,170888.8750000000,148857.7187500000,120150.9921875000,152169.7656250000,133517.7500000000,144778.9375000000,,,
3.5839999942,28,147237.6875000000,192440.4843750000,171095.4062500000,148688.2968750000,120008.9375000000,152037.5781250000,133408.3437500000,144706.0312500000,,,
3.5879999942,28,146774.4687500000,194050.5312500000,169734.8281250000,148092.0468750000,119567.1562500000,151612.3750000000,132984.9843750000,144364.8750000000,,,
3.5919999941,28,146650.9218750000,196200.6875000000,168832.3906250000,147923.5468750000,119451.1250000000,151495.3125000000,132858.9531250000,144249.8906250000,,,
3.5959999941,28,147005.0781250000,195937.0781250000,169552.6250000000,148379.2656250000,119787.7109375000,151821.6875000000,133186.0468750000,144486.6562500000,,,
3.5999999940,28,147374.6093750000,193602.9687500000,170891.4531250000,148848.7500000000,120137.0468750000,152172.2187500000,133528.1406250000,144781.0156250000,,,
3.6039999940,28,147241.3906250000,192470.6250000000,171109.9687500000,148692.8125000000,120005.0000000000,152058.1250000000,133413.2500000000,144722.0156250000,,,
3.6079999942,28,146778.3593750000,194058.7812500000,169752.8281250000,148095.9375000000,119566.1093750000,151637.0468750000,132995.4687500000,144382.3593750000,,,
3.6119999941,28,146639.3125000000,196212.9843750000,168827.8593750000,147914.0781250000,119436.0468750000,151503.4687500000,132866.1875000000,144250.8281250000,,,
3.6159999941,28,147000.3125000000,195981.9531250000,169540.7343750000,148363.1093750000,119784.4921875000,151834.3437500000,133190.1250000000,144491.5312500000,,,
3.6199999941,28,147364.5781250000,193657.5000000000,170877.4375000000,148829.3281250000,120138.3828125000,152168.4687500000,133528.8906250000,144770.4531250000,,,
3.6239999940,28,147245.3593750000,192514.4843750000,171114.5468750000,148682.0312500000,120025.2187500000,152052.8750000000,133424.6875000000,144717.9062500000,,,
3.6279999942,28,146790.3750000000,194110.6562500000,169778.9218750000,148092.7968750000,119589.9765625000,151631.1093750000,133009.1875000000,144385.5625000000,,,
3.6319999942,28,146648.6406250000,196303.0156250000,168850.7343750000,147906.7812500000,119453.0234375000,151498.7187500000,132867.9062500000,144253.6250000000,,,
3.6359999941,28,147003.2343750000,196119.3750000000,169552.0781250000,148354.3750000000,119789.7812500000,151832.1718750000,133180.3125000000,144494.4218750000,,,
3.6399999941,28,147376.7812500000,193786.4062500000,170885.4375000000,148832.2656250000,120145.0390625000,152185.9843750000,133534.2968750000,144791.0000000000,,,
3.6439999940,28,147252.9218750000,192607.0625000000,171129.8906250000,148687.7968750000,120022.7812500000,152074.5468750000,133430.5625000000,144739.3750000000,,,
3.6479999940,28,146786.9687500000,194199.1406250000,169788.8906250000,148090.8906250000,119575.6562500000,151648.1718750000,133006.4218750000,144398.4531250000,,,
3.6519999942,28,146634.3437500000,196423.6718750000,168835.5312500000,147894.5625000000,119428.1640625000,151503.5000000000,132862.7343750000,144254.5000000000,,,
3.6559999941,28,146983.4687500000,196234.9375000000,169515.7343750000,148336.0781250000,119765.1015625000,151822.3281250000,133178.2343750000,144481.0468750000,,,
3.6599999941,28,147368.7656250000,193849.6250000000,170858.2656250000,148834.4062500000,120140.7421875000,152183.1406250000,133533.6875000000,144777.6406250000,,,
3.6639999941,28,147249.3281250000,192607.1250000000,171122.0937500000,148698.8437500000,120028.2265625000,152070.6718750000,133429.1562500000,144720.7031250000,,,
3.6679999940,28,146791.2656250000,194185.2500000000,169797.8593750000,148106.5937500000,119589.7656250000,151642.5625000000,133012.5312500000,144382.5312500000,,,
3.6719999942,28,146636.3125000000,196432.0000000000,168841.4062500000,147894.5000000000,119439.9921875000,151489.1718750000,132861.6093750000,144238.5156250000,,,
3.6759999942,28,146982.4531250000,196256.7187500000,169505.9531250000,148329.3750000000,119771.1640625000,151801.8593750000,133162.2031250000,144467.2812500000,,,
3.6799999941,28,147361.8750000000,193857.7031250000,170837.4062500000,148825.6875000000,120134.8437500000,152153.9062500000,133514.1093750000,144764.2656250000,,,
3.6839999941,28,147246.6718750000,192592.2343750000,171108.8593750000,148692.2812500000,120019.1093750000,152051.1718750000,133421.2968750000,144722.3281250000,,,
3.6879999940,28,146780.2343750000,194184.5000000000,169790.4531250000,148088.7968750000,119571.1796875000,151623.6562500000,132997.1875000000,144386.2343750000,,,
3.6919999940,28,146623.0000000000,196484.5468750000,168824.9843750000,147881.8437500000,119417.2187500000,151472.8125000000,132845.7500000000,144243.8906250000,,,
3.6959999942,28,146973.2500000000,196336.1250000000,169481.0625000000,148320.7031250000,119752.7890625000,151797.1406250000,133159.0312500000,144473.7968750000,,,
3.6999999941,28,147355.9687500000,193904.6093750000,170812.3281250000,148809.9375000000,120118.4296875000,152159.7031250000,133511.8281250000,144766.7812500000,,,
3.7039999941,28,147248.2187500000,192594.9531250000,171103.5000000000,148685.5156250000,120014.9765625000,152063.8437500000,133418.7812500000,144724.3437500000,,,
3.7079999940,28,146785.8593750000,194186.7812500000,169802.5781250000,148089.0937500000,119576.1953125000,151633.6093750000,132995.3125000000,144385.8281250000,,,
3.7119999940,29,146626.2968750000,196530.8125000000,168835.0468750000,147878.2812500000,119425.1562500000,151481.0156250000,132846.0468750000,144236.1562500000,,,
3.7159999940,29,146979.9531250000,196416.4218750000,169482.6718750000,148319.6875000000,119765.9062500000,151806.8281250000,133160.1875000000,144468.4687500000,,,
3.7199999939,29,147374.7500000000,193956.2812500000,170814.3281250000,148826.5937500000,120146.0546875000,152176.5937500000,133524.6250000000,144777.7031250000,,,
3.7239999939,29,147268.0156250000,192595.5937500000,171114.8437500000,148706.8906250000,120041.7734375000,152080.5156250000,133438.9531250000,144742.6406250000,,,
3.7279999938,29,146805.2812500000,194172.3281250000,169826.7968750000,148117.3906250000,119599.9609375000,151653.4843750000,133019.2656250000,144411.7656250000,,,
3.7319999938,29,146631.7187500000,196522.3906250000,168846.3906250000,147891.6406250000,119436.3125000000,151486.0312500000,132854.3125000000,144254.2968750000,,,
3.7359999940,29,146973.5156250000,196411.5937500000,169474.1406250000,148325.5312500000,119762.2578125000,151797.6875000000,133162.3125000000,144473.1562500000,,,
3.7399999939,29,147367.7187500000,193931.1718750000,170800.5781250000,148829.6093750000,120136.2656250000,152165.7343750000,133519.7656250000,144775.1562500000,,,
3.7439999939,29,147265.2656250000,192544.3906250000,171115.6562500000,148711.3750000000,120038.0703125000,152072.7656250000,133422.8593750000,144734.9687500000,,,
3.7479999939,29,146795.1406250000,194128.8750000000,169836.1875000000,148107.2500000000,119591.5625000000,151639.2656250000,132982.0156250000,144392.4218750000,,,
3.7519999938,29,146609.5312500000,196538.3281250000,168844.9687500000,147874.8437500000,119409.7109375000,151460.9375000000,132822.7656250000,144225.5156250000,,,
3.7559999940,29,146956.9375000000,196460.1718750000,169458.3906250000,148309.0937500000,119740.0234375000,151782.2343750000,133147.8281250000,144452.6875000000,,,
3.7599999940,29,147360.8750000000,193940.2343750000,170781.3125000000,148818.8437500000,120132.0312500000,152158.2187500000,133524.0781250000,144763.6406250000,,,
3.7639999939,29,147262.8750000000,192498.9687500000,171113.1250000000,148713.1093750000,120041.6875000000,152069.6875000000,133441.3906250000,144730.3281250000,,,
3.7679999939,29,146800.1562500000,194080.4062500000,169851.6875000000,148120.7812500000,119600.8671875000,151643.0781250000,133015.2656250000,144398.8906250000,,,
3.7719999938,29,146624.2656250000,196533.4218750000,168863.7500000000,147888.5000000000,119430.7109375000,151473.7031250000,132847.8750000000,144243.1093750000,,,
3.7759999938,29,146977.0781250000,196503.1718750000,169471.7187500000,148323.1718750000,119767.9687500000,151795.1406250000,133167.3281250000,144474.5312500000,,,
3.7799999940,29,147390.0625000000,193992.1406250000,170797.9375000000,148840.6562500000,120165.3437500000,152181.6093750000,133547.2031250000,144793.0625000000,,,
3.7839999939,29,147298.9218750000,192526.3281250000,171145.2968750000,148721.8593750000,120079.3515625000,152098.6875000000,133460.1875000000,144764.9062500000,,,
3.7879999939,29,146818.4218750000,194113.5312500000,169888.5468750000,148118.6875000000,119615.4609375000,151653.7812500000,133016.6093750000,144415.0625000000,,,
3.7919999938,29,146627.6406250000,196615.7343750000,168883.8593750000,147887.7187500000,119424.7812500000,151472.2812500000,132834.8593750000,144242.7343750000,,,
3.7959999938,29,146967.9062500000,196612.0937500000,169471.2187500000,148314.0625000000,119748.4687500000,151786.5312500000,133142.4062500000,144459.0156250000,,,
3.7999999940,29,147377.3281250000,194065.3125000000,170787.5625000000,148838.0312500000,120142.4062500000,152175.5312500000,133534.3593750000,144772.4062500000,,,
3.8039999940,29,147281.0781250000,192548.1093750000,171139.3906250000,148731.0000000000,120049.8984375000,152091.5156250000,133453.9375000000,144739.6406250000,,,
3.8079999939,29,146807.4843750000,194124.3437500000,169890.1250000000,148125.7031250000,119599.3125000000,151652.0937500000,133020.0468750000,144399.3437500000,,,
3.8119999939,29,146622.5156250000,196660.3125000000,168884.7031250000,147884.9218750000,119421.7812500000,151471.5781250000,132837.2031250000,144236.3750000000,,,
3.8159999938,29,146968.4218750000,196677.0312500000,169468.1875000000,148310.8593750000,119751.4765625000,151786.7343750000,133146.6406250000,144459.9375000000,,,
3.8199999938,29,147382.0625000000,194085.2343750000,170783.1406250000,148831.9687500000,120146.8593750000,152174.7812500000,133527.2500000000,144774.7968750000,,,
3.8239999940,29,147292.7187500000,192495.7500000000,171145.1562500000,148735.1093750000,120058.6953125000,152096.1093750000,133446.5937500000,144751.1406250000,,,
3.8279999939,29,146825.0781250000,194055.0937500000,169914.6875000000,148142.9375000000,119610.7968750000,151667.2500000000,133022.5937500000,144420.4531250000,,,
3.8319999939,29,146629.8437500000,196604.3593750000,168901.0781250000,147899.6875000000,119423.2031250000,151484.4843750000,132843.5000000000,144251.9062500000,,,
3.8359999938,29,146960.8750000000,196626.8125000000,169462.5312500000,148320.1718750000,119742.3281250000,151797.4687500000,133147.0781250000,144466.2968750000,,,
3.8399999938,30,147365.0156250000,194023.5781250000,170765.0937500000,148831.8593750000,120132.2187500000,152181.6093750000,133518.6875000000,144774.1250000000,,,
3.8439999938,30,147273.7343750000,192414.3750000000,171133.7031250000,148734.8437500000,120043.0625000000,152101.9062500000,133440.3437500000,144747.2812500000,,,
3.8479999937,30,146801.1093750000,193962.5312500000,169906.9687500000,148137.7500000000,119589.0390625000,151665.6093750000,133013.7968750000,144411.4687500000,,,
3.8519999937,30,146608.0312500000,196563.5468750000,168885.5000000000,147886.1406250000,119402.0078125000,151478.3906250000,132826.5781250000,144243.5937500000,,,
3.8559999936,30,146954.5781250000,196651.9531250000,169444.3125000000,148310.1718750000,119738.4921875000,151793.8437500000,133128.1406250000,144467.2031250000,,,
3.8599999936,30,147375.9531250000,194062.3593750000,170755.7812500000,148835.3750000000,120147.5312500000,152185.2343750000,133525.1093750000,144785.3125000000,,,
3.8639999938,30,147298.1093750000,192439.5625000000,171145.9375000000,148750.2656250000,120072.1640625000,152113.7343750000,133468.2656250000,144766.5312500000,,,
3.8679999937,30,146827.2500000000,194008.7187500000,169937.5468750000,148157.5468750000,119620.2343750000,151677.4375000000,133043.2500000000,144431.7187500000,,,
3.8719999937,30,146629.0156250000,196658.6875000000,168913.2968750000,147897.6406250000,119427.7031250000,151492.0156250000,132855.9687500000,144259.0625000000,,,
3.8759999936,30,146960.7187500000,196773.5937500000,169454.1093750000,148302.6562500000,119744.7734375000,151798.9375000000,133155.6875000000,144467.2343750000,,,
3.8799999936,30,147375.4375000000,194157.2812500000,170754.8750000000,148829.3125000000,120145.4375000000,152189.1250000000,133538.2500000000,144778.3125000000,,,
3.8839999938,30,147301.1406250000,192471.0312500000,171152.1250000000,148744.1250000000,120073.8515625000,152123.4687500000,133474.5468750000,144763.7812500000,,,
3.8879999937,30,146825.3750000000,194018.7656250000,169951.4375000000,148140.1875000000,119616.9921875000,151678.9687500000,133039.4843750000,144424.5312500000,,,
3.8919999937,30,146618.7343750000,196692.9062500000,168914.9843750000,147869.5000000000,119414.9375000000,151478.5000000000,132840.8437500000,144244.5000000000,,,
3.8959999937,30,146954.2500000000,196824.7031250000,169444.4531250000,148281.0625000000,119734.7421875000,151784.4375000000,133133.5781250000,144456.6562500000,,,
3.8999999936,30,147375.6875000000,194173.9375000000,170743.6250000000,148816.0781250000,120142.7578125000,152175.1250000000,133509.8125000000,144771.0468750000,,,
3.9039999936,30,147290.1250000000,192437.3593750000,171149.2343750000,148733.0937500000,120061.4843750000,152094.9218750000,133432.5625000000,144744.8593750000,,,
3.9079999938,30,146800.9062500000,193972.1562500000,169949.0468750000,148129.0156250000,119588.8828125000,151641.5000000000,132997.9687500000,144395.9375000000,,,
3.9119999937,30,146593.5000000000,196683.0625000000,168901.8125000000,147859.1718750000,119388.1718750000,151443.4218750000,132813.3750000000,144217.8437500000,,,
3.9159999937,30,146945.5937500000,196851.4843750000,169431.2187500000,148290.8593750000,119729.4296875000,151766.7343750000,133131.8125000000,144445.7187500000,,,
3.9199999936,30,147379.5000000000,194185.3281250000,170734.8906250000,148834.7500000000,120149.6484375000,152176.1718750000,133530.4218750000,144774.2343750000,,,
3.9239999936,30,147313.0781250000,192409.6093750000,171156.1562500000,148768.8750000000,120084.3359375000,152117.9062500000,133473.6093750000,144767.7968750000,,,
3.9279999938,30,146829.2187500000,193936.8593750000,169973.3750000000,148166.6406250000,119620.6953125000,151671.1093750000,133033.4531250000,144426.5625000000,,,
3.9319999937,30,146609.0000000000,196691.8906250000,168924.5625000000,147879.3281250000,119409.8984375000,151461.2187500000,132827.9218750000,144241.1250000000,,,
3.9359999937,30,146947.5312500000,196914.7187500000,169432.4375000000,148296.9375000000,119732.8593750000,151770.2968750000,133122.9531250000,144458.1093750000,,,
3.9399999937,30,147384.6718750000,194253.1875000000,170730.5625000000,148847.5937500000,120156.4062500000,152182.7343750000,133519.2500000000,144786.6562500000,,,
3.9439999936,30,147320.5937500000,192442.7343750000,171165.3593750000,148764.7968750000,120099.3828125000,152126.5156250000,133458.1250000000,144779.2031250000,,,
3.9479999936,30,146835.3593750000,193971.6406250000,170000.9843750000,148159.7187500000,119631.0468750000,151677.9531250000,133029.1875000000,144435.8281250000,,,
3.9519999938,30,146603.3125000000,196781.6093750000,168938.7656250000,147879.9375000000,119403.0312500000,151460.8281250000,132820.8906250000,144238.4375000000,,,
3.9559999937,30,146929.6406250000,197052.4843750000,169429.3437500000,148278.6718750000,119716.4765625000,151761.8437500000,133115.6093750000,144438.4218750000,,,
3.9599999937,30,147367.8593750000,194374.3750000000,170720.2343750000,148822.0468750000,120140.2109375000,152173.9218750000,133525.0312500000,144763.0312500000,,,
3.9639999936,30,147314.9843750000,192515.2812500000,171164.4218750000,148761.6562500000,120090.1875000000,152127.4843750000,133485.1875000000,144764.9218750000,,,
3.9679999936,31,146836.5000000000,194048.2968750000,170004.6875000000,148161.7812500000,119631.2031250000,151682.1250000000,133049.0937500000,144430.2968750000,,,
3.9719999935,31,146612.4062500000,196929.3906250000,168942.4687500000,147875.5625000000,119414.3203125000,151468.5156250000,132837.8125000000,144241.5468750000,,,
3.9759999935,31,146946.9531250000,197217.2500000000,169428.4062500000,148276.9062500000,119734.2578125000,151773.5468750000,133132.7500000000,144453.9531250000,,,
3.9799999935,31,147384.7812500000,194443.0468750000,170714.1718750000,148822.6875000000,120154.6640625000,152187.1875000000,133528.8906250000,144783.5937500000,,,
3.9839999934,31,147327.3437500000,192456.2500000000,171165.1718750000,148771.5312500000,120098.2343750000,152139.8750000000,133480.6875000000,144781.3437500000,,,
3.9879999934,31,146846.6718750000,193909.4218750000,170023.0000000000,148173.2187500000,119640.0859375000,151692.3750000000,133032.4687500000,144441.1093750000,,,
3.9919999936,31,146619.1093750000,196759.3437500000,168961.4062500000,147878.6250000000,119420.4921875000,151470.4531250000,132812.8437500000,144243.2343750000,,,
3.9959999935,31,146941.9218750000,197053.2031250000,169429.5312500000,148269.0781250000,119728.3515625000,151763.9687500000,133121.2187500000,144439.0937500000,,,
3.9999999935,31,147383.1406250000,194304.2968750000,170709.8906250000,148824.3750000000,120152.9453125000,152181.6718750000,133532.2968750000,144766.5312500000,,,
4.0039999934,31,147322.5156250000,192320.5625000000,171167.7187500000,148775.7500000000,120094.8281250000,152130.2812500000,133484.4375000000,144763.8906250000,,,
4.0079999934,31,146835.7812500000,193789.8437500000,170030.5937500000,148171.7968750000,119628.7890625000,151677.2031250000,133044.9843750000,144425.1718750000,,,
4.0119999936,31,146603.4218750000,196682.0937500000,168956.1562500000,147874.5156250000,119404.7187500000,151458.9531250000,132828.4062500000,144233.4687500000,,,
4.0159999935,31,146920.7031250000,197016.0312500000,169409.6562500000,148263.6562500000,119710.6015625000,151758.5781250000,133110.7031250000,144437.8125000000,,,
4.0199999935,31,147359.1875000000,194263.5468750000,170684.2656250000,148811.3437500000,120132.6171875000,152173.2187500000,133507.3437500000,144766.1562500000,,,
4.0239999935,31,147315.2500000000,192258.5625000000,171155.1562500000,148770.2968750000,120089.1093750000,152139.9531250000,133474.7656250000,144778.4687500000,,,
4.0279999934,31,146830.8750000000,193743.4687500000,170029.6562500000,148168.4375000000,119624.1250000000,151692.4375000000,133036.2187500000,144438.8281250000,,,
4.0319999934,31,146587.0625000000,196738.5312500000,168945.5000000000,147860.4687500000,119389.2734375000,151458.9687500000,132800.6718750000,144229.6875000000,,,
4.0359999936,31,146909.7812500000,197227.5781250000,169395.0937500000,148250.8906250000,119706.8437500000,151751.3593750000,133063.5781250000,144426.8125000000,,,
4.0399999935,31,147355.5156250000,194550.2031250000,170667.1250000000,148807.4531250000,120136.8593750000,152170.0312500000,133494.8437500000,144756.0781250000,,,
4.0439999935,31,147311.2812500000,192548.6718750000,171141.7031250000,148775.3750000000,120088.0390625000,152133.2500000000,133481.9218750000,144766.8281250000,,,
4.0479999934,31,146835.1875000000,194075.0937500000,170029.7031250000,148181.1562500000,119628.6875000000,151692.1093750000,133047.9375000000,144440.9687500000,,,
4.0519999934,31,146588.7812500000,197186.7031250000,168946.8125000000,147862.6875000000,119389.7031250000,151458.0312500000,132814.1250000000,144240.9843750000,,,
4.0559999936,31,146908.1250000000,197728.1250000000,169381.1718750000,148249.0312500000,119697.8046875000,151750.4687500000,133099.7812500000,144440.9375000000,,,
4.0599999935,31,147369.6250000000,194955.6875000000,170650.9062500000,148813.0781250000,120144.4765625000,152181.0781250000,133522.6406250000,144782.2031250000,,,
4.0639999935,31,147337.0625000000,192796.7812500000,171147.2187500000,148786.4687500000,120111.4296875000,152148.1406250000,133497.0000000000,144794.1875000000,,,
4.0679999935,31,146850.3125000000,194279.8281250000,170053.1250000000,148183.4843750000,119640.7031250000,151690.0468750000,133050.2187500000,144450.4687500000,,,
4.0719999934,31,146597.5468750000,197457.0468750000,168970.1718750000,147865.1406250000,119394.2031250000,151443.0625000000,132809.0312500000,144235.8125000000,,,
4.0759999934,31,146913.4531250000,198022.0000000000,169395.8125000000,148245.7187500000,119700.6484375000,151733.0468750000,133089.1718750000,144428.1718750000,,,
4.0799999936,31,147386.2500000000,195152.8906250000,170663.5156250000,148817.1250000000,120162.7656250000,152181.9375000000,133526.4375000000,144780.1875000000,,,
4.0839999935,31,147358.9531250000,192863.2187500000,171169.3281250000,148800.0937500000,120141.0156250000,152157.5468750000,133510.3593750000,144801.5156250000,,,
4.0879999935,31,146874.5468750000,194301.0156250000,170092.4687500000,148202.7500000000,119675.5390625000,151707.1562500000,133070.5156250000,144468.5468750000,,,
4.0919999934,31,146608.5937500000,197550.2500000000,169009.7187500000,147866.6406250000,119414.7812500000,151457.3593750000,132823.6250000000,144253.1093750000,,,
4.0959999934,32,146916.0000000000,198180.6250000000,169415.8281250000,148239.8125000000,119708.4765625000,151745.8281250000,133100.1406250000,144440.9687500000,,,
4.0999999933,32,147378.4531250000,195233.2500000000,170655.0625000000,148811.6250000000,120156.3593750000,152183.8906250000,133527.2968750000,144780.0781250000,,,
4.1039999933,32,147348.6250000000,192805.9062500000,171153.5000000000,148790.4375000000,120126.4765625000,152162.8437500000,133508.0468750000,144801.9687500000,,,
4.1079999933,32,146851.3906250000,194196.9687500000,170088.3437500000,148182.9687500000,119647.8593750000,151701.4218750000,133056.8437500000,144462.9687500000,,,
4.1119999932,32,146575.8750000000,197484.6093750000,169011.8125000000,147844.2656250000,119381.4687500000,151436.8125000000,132800.0156250000,144240.2031250000,,,
4.1159999932,32,146887.3593750000,198133.0625000000,169410.4843750000,148220.0937500000,119680.5312500000,151721.2968750000,133074.4375000000,144424.3437500000,,,
4.1199999934,32,147368.8125000000,195135.0781250000,170643.5000000000,148803.9375000000,120147.0468750000,152172.9531250000,133513.8906250000,144773.2187500000,,,
4.1239999933,32,147348.9375000000,192631.0000000000,171150.4687500000,148789.6875000000,120127.1171875000,152161.2343750000,133503.7812500000,144800.6250000000,,,
4.1279999933,32,146853.9375000000,194022.9843750000,170105.0156250000,148182.2031250000,119651.8828125000,151704.8437500000,133054.5156250000,144463.3750000000,,,
4.1319999932,32,146576.4062500000,197407.9062500000,169039.6406250000,147838.9843750000,119387.1796875000,151438.1562500000,132795.5937500000,144236.4218750000,,,
4.1359999932,32,146893.0156250000,198133.4062500000,169438.0937500000,148215.5625000000,119691.7968750000,151727.4843750000,133078.6250000000,144426.0625000000,,,
4.1399999934,32,147373.4843750000,195111.3125000000,170654.5312500000,148801.5468750000,120150.8828125000,152182.3437500000,133513.3593750000,144774.4843750000,,,
4.1439999933,32,147364.5468750000,192521.6875000000,171163.3906250000,148806.1093750000,120139.9921875000,152176.9218750000,133518.7968750000,144810.3437500000,,,
4.1479999933,32,146863.3281250000,193893.9062500000,170129.2187500000,148199.5312500000,119656.7421875000,151708.0625000000,133063.5468750000,144467.7656250000,,,
4.1519999932,32,146575.5625000000,197340.2343750000,169059.5000000000,147842.5468750000,119380.1484375000,151428.8593750000,132794.2812500000,144233.9062500000,,,
4.1559999932,32,146893.5312500000,198122.2812500000,169444.5625000000,148209.4687500000,119687.9062500000,151714.3125000000,133074.7656250000,144421.4531250000,,,
4.1599999932,32,147395.7968750000,195069.7656250000,170660.9375000000,148809.4843750000,120177.0625000000,152187.5625000000,133534.0625000000,144785.0781250000,,,
4.1639999934,32,147400.2812500000,192401.2968750000,171180.2968750000,148827.7187500000,120181.4062500000,152194.5625000000,133547.5000000000,144832.4062500000,,,
4.1679999933,32,146889.8906250000,193751.2187500000,170159.2031250000,148214.2031250000,119686.3515625000,151717.3750000000,133083.4843750000,144487.5625000000,,,
4.1719999933,32,146583.5000000000,197267.4062500000,169085.1875000000,147841.3906250000,119386.2968750000,151427.0468750000,132795.5156250000,144241.2031250000,,,
4.1759999932,32,146892.4843750000,198105.2031250000,169452.7656250000,148211.3593750000,119683.1328125000,151712.2500000000,133068.7812500000,144419.6718750000,,,
4.1799999932,32,147392.1250000000,195028.3593750000,170657.4218750000,148809.7343750000,120171.1875000000,152186.4687500000,133528.5312500000,144776.9531250000,,,
4.1839999934,32,147384.2656250000,192286.3593750000,171171.5156250000,148818.9843750000,120164.4296875000,152185.8281250000,133532.6406250000,144814.1718750000,,,
4.1879999933,32,146876.5468750000,193620.0781250000,170161.6718750000,148208.9062500000,119673.8281250000,151717.5937500000,133074.2031250000,144474.6875000000,,,
4.1919999933,32,146571.4218750000,197190.4843750000,169090.3437500000,147836.0312500000,119377.8671875000,151430.1406250000,132793.9531250000,144235.8437500000,,,
4.1959999932,32,146875.1250000000,198085.7812500000,169446.6406250000,148196.5156250000,119671.7578125000,151711.0937500000,133067.7343750000,144411.9843750000,,,
4.1999999932,32,147377.1093750000,194996.1093750000,170641.9218750000,148798.1406250000,120160.0000000000,152183.8437500000,133530.4218750000,144768.9843750000,,,
4.2039999932,32,147387.5156250000,192197.2343750000,171168.1093750000,148821.5781250000,120169.6562500000,152201.6250000000,133547.9843750000,144820.5000000000,,,
4.2079999933,32,146872.2343750000,193512.3750000000,170175.4062500000,148206.1718750000,119672.3203125000,151722.5000000000,133075.6718750000,144477.6093750000,,,
4.2119999933,32,146557.1250000000,197130.5625000000,169105.9843750000,147826.2343750000,119367.2734375000,151421.0781250000,132781.5625000000,144226.9375000000,,,
4.2159999933,32,146860.5937500000,198078.5312500000,169451.6875000000,148183.3437500000,119660.2578125000,151702.4375000000,133046.6718750000,144403.5625000000,,,
4.2199999932,32,147379.1250000000,194983.5000000000,170642.2968750000,148800.2343750000,120160.4843750000,152191.3281250000,133529.3437500000,144774.5625000000,,,
4.2239999932,33,147387.9687500000,192136.8281250000,171173.7968750000,148827.9062500000,120164.5390625000,152204.6562500000,133553.9843750000,144822.7812500000,,,
4.2279999931,33,146872.3906250000,193426.9375000000,170188.7343750000,148210.0156250000,119666.0781250000,151726.5000000000,133089.4375000000,144476.8906250000,,,
4.2319999931,33,146557.6406250000,197078.6562500000,169116.5000000000,147826.0468750000,119361.3515625000,151421.8750000000,132796.2968750000,144226.5625000000,,,
4.2359999930,33,146853.2500000000,198073.5937500000,169449.5468750000,148171.6562500000,119648.6640625000,151695.2187500000,133056.8437500000,144397.9218750000,,,
4.2399999930,33,147370.7500000000,194970.8437500000,170628.9687500000,148784.3750000000,120153.4609375000,152182.9062500000,133522.8750000000,144766.9375000000,,,
4.2439999930,33,147407.5000000000,192074.4687500000,171176.4375000000,148837.7031250000,120189.5078125000,152211.8750000000,133557.4218750000,144835.5468750000,,,
4.2479999932,33,146897.8281250000,193351.1875000000,170217.6250000000,148227.6093750000,119698.7187500000,151731.9375000000,133099.5156250000,144495.5781250000,,,
4.2519999931,33,146574.3281250000,197051.1875000000,169143.1875000000,147831.6093750000,119383.9296875000,151421.0000000000,132803.0000000000,144241.6875000000,,,
4.2559999931,33,146880.9531250000,198098.2187500000,169468.9843750000,148184.8593750000,119679.0000000000,151701.6875000000,133072.6093750000,144417.9062500000,,,
4.2599999930,33,147394.0625000000,194970.5781250000,170632.1875000000,148797.3437500000,120176.0937500000,152195.6406250000,133539.4218750000,144780.3593750000,,,
4.2639999930,33,147415.4687500000,192007.7343750000,171170.9531250000,148838.8593750000,120194.9218750000,152229.9687500000,133565.5468750000,144840.1093750000,,,
4.2679999932,33,146899.1406250000,193266.4843750000,170217.7812500000,148228.3281250000,119692.8671875000,151748.2500000000,133099.3593750000,144498.8593750000,,,
4.2719999931,33,146562.3593750000,197032.8750000000,169144.6250000000,147820.3906250000,119364.4609375000,151425.1562500000,132786.6093750000,144238.0937500000,,,
4.2759999931,33,146857.7031250000,198141.7500000000,169453.2500000000,148165.8125000000,119651.7812500000,151696.5156250000,133044.4218750000,144408.8437500000,,,
4.2799999930,33,147383.3593750000,194993.1093750000,170606.3281250000,148785.5000000000,120164.2968750000,152194.6718750000,133525.1250000000,144782.2031250000,,,
4.2839999930,33,147413.5781250000,191954.8906250000,171152.2031250000,148837.5468750000,120190.5781250000,152226.7031250000,133561.7968750000,144846.2500000000,,,
4.2879999930,33,146896.1093750000,193198.1718750000,170215.5000000000,148223.9843750000,119689.1953125000,151746.4218750000,133089.4375000000,144506.4687500000,,,
4.2919999931,33,146552.6250000000,197033.3906250000,169146.3125000000,147819.0468750000,119355.0703125000,151422.9218750000,132767.9687500000,144239.7187500000,,,
4.2959999931,33,146845.2968750000,198199.3906250000,169442.8906250000,148164.3281250000,119636.1406250000,151689.6718750000,133035.9531250000,144401.3281250000,,,
4.2999999931,33,147384.9375000000,195015.2031250000,170586.9687500000,148793.5781250000,120161.6406250000,152195.6093750000,133532.7187500000,144776.7031250000,,,
4.3039999930,33,147422.9218750000,191896.1562500000,171138.3437500000,148855.1875000000,120198.6015625000,152234.6406250000,133575.4687500000,144843.5781250000,,,
4.3079999930,33,146898.7343750000,193121.2500000000,170221.6406250000,148241.0937500000,119691.9843750000,151746.9687500000,133103.7343750000,144497.7812500000,,,
4.3119999932,33,146544.0156250000,197027.0000000000,169156.6406250000,147823.0468750000,119346.8359375000,151410.3437500000,132774.2500000000,144224.1093750000,,,
4.3159999931,33,146843.4843750000,198248.3750000000,169445.1718750000,148166.3437500000,119638.7734375000,151685.8281250000,133039.9687500000,144393.7656250000,,,
4.3199999931,33,147385.9531250000,195022.7968750000,170576.1250000000,148792.3750000000,120169.3125000000,152198.5156250000,133535.0000000000,144768.8125000000,,,
4.3239999930,33,147432.8437500000,191826.4375000000,171135.7656250000,148856.4218750000,120213.6484375000,152248.6718750000,133584.5625000000,144850.6718750000,,,
4.3279999930,33,146908.0468750000,193035.3593750000,170237.2343750000,148245.6562500000,119702.2578125000,151757.1250000000,133109.5468750000,144511.1093750000,,,
4.3319999930,33,146550.7500000000,197000.7968750000,169178.7187500000,147826.2656250000,119355.5312500000,151414.0468750000,132776.3593750000,144236.5625000000,,,
4.3359999931,33,146842.4687500000,198281.3125000000,169457.7031250000,148156.3906250000,119641.8281250000,151681.2968750000,133033.1875000000,144398.0625000000,,,
4.3399999931,33,147392.7656250000,195035.7500000000,170575.0000000000,148793.5781250000,120177.9453125000,152199.6718750000,133536.6406250000,144779.2031250000,,,
4.3439999931,33,147439.3281250000,191762.4375000000,171130.2187500000,148866.5312500000,120218.7187500000,152240.9687500000,133582.6093750000,144854.2187500000,,,
4.3479999930,33,146913.1875000000,192955.7031250000,170246.4531250000,148250.4843750000,119704.4062500000,151741.4062500000,133105.8437500000,144508.2656250000,,,
4.3519999930,34,146549.8281250000,196990.1406250000,169191.3593750000,147819.3437500000,119347.1093750000,151394.1093750000,132767.7500000000,144229.1093750000,,,
4.3559999929,34,146839.3281250000,198337.8437500000,169457.9687500000,148149.4218750000,119628.6328125000,151663.0937500000,133021.8437500000,144388.0312500000,,,
4.3599999929,34,147396.0156250000,195069.2500000000,170561.7812500000,148790.6250000000,120174.8906250000,152194.6250000000,133533.5468750000,144773.7500000000,,,
4.3639999928,34,147457.0625000000,191718.0468750000,171124.8281250000,148875.3125000000,120234.1406250000,152253.6250000000,133599.1875000000,144860.8750000000,,,
4.3679999928,34,146927.3750000000,192883.5468750000,170260.2968750000,148264.3593750000,119717.0625000000,151754.3906250000,133117.4062500000,144517.8750000000,,,
4.3719999928,34,146547.8750000000,196971.4062500000,169207.9062500000,147817.2500000000,119343.7031250000,151395.2656250000,132761.4531250000,144227.6250000000,,,
4.3759999929,34,146834.5468750000,198376.9062500000,169463.6250000000,148144.0000000000,119623.6406250000,151665.0781250000,133018.4687500000,144384.7031250000,,,
4.3799999929,34,147395.6406250000,195103.5937500000,170561.1093750000,148794.0312500000,120172.8515625000,152195.0468750000,133530.9843750000,144769.2968750000,,,
4.3839999929,34,147454.2656250000,191684.2343750000,171121.9531250000,148874.1875000000,120228.5859375000,152253.6093750000,133591.0000000000,144852.2031250000,,,
4.3879999928,34,146918.7656250000,192816.4218750000,170268.7968750000,148259.8281250000,119709.0156250000,151751.8906250000,133112.6406250000,144506.9531250000,,,
4.3919999928,34,146535.9062500000,196952.6250000000,169223.5625000000,147811.8906250000,119338.3593750000,151389.5625000000,132765.4531250000,144218.1093750000,,,
4.3959999930,34,146823.3593750000,198417.0625000000,169469.6875000000,148140.5156250000,119621.2812500000,151654.0781250000,133023.7968750000,144374.0312500000,,,
4.3999999929,34,147388.1093750000,195130.4062500000,170549.5156250000,148791.4062500000,120173.4921875000,152194.2500000000,133537.7968750000,144764.5000000000,,,
4.4039999929,34,147443.6250000000,191652.3437500000,171110.3750000000,148873.9687500000,120225.5000000000,152254.4843750000,133591.0625000000,144847.0312500000,,,
4.4079999928,34,146910.6718750000,192752.8750000000,170265.8437500000,148259.6875000000,119707.6484375000,151755.1093750000,133107.8125000000,144502.3906250000,,,
4.4119999928,34,146526.2812500000,196921.9375000000,169217.5625000000,147811.0312500000,119331.3359375000,151390.8125000000,132757.9843750000,144213.6250000000,,,
4.4159999928,34,146808.8750000000,198447.9843750000,169455.0468750000,148133.3593750000,119605.1093750000,151653.9375000000,133011.7031250000,144365.8750000000,,,
4.4199999929,34,147378.5781250000,195160.3906250000,170524.7656250000,148784.8593750000,120161.1015625000,152196.5781250000,133529.2656250000,144757.6875000000,,,
4.4239999929,34,147455.3437500000,191620.9218750000,171099.0156250000,148888.9062500000,120233.7109375000,152270.0156250000,133599.1562500000,144856.9843750000,,,
4.4279999929,34,146923.5156250000,192690.0781250000,170275.5312500000,148273.2656250000,119714.8906250000,151771.2968750000,133119.2812500000,144516.8593750000,,,
4.4319999928,34,146529.5312500000,196897.9531250000,169227.5937500000,147812.2343750000,119327.8984375000,151399.5156250000,132754.7187500000,144224.5156250000,,,
4.4359999928,34,146806.5468750000,198476.5937500000,169451.9531250000,148127.7812500000,119596.2265625000,151653.9375000000,132996.3906250000,144373.1406250000,,,
4.4399999930,34,147381.1093750000,195190.0312500000,170518.3281250000,148785.4531250000,120159.1484375000,152197.4687500000,133517.9375000000,144763.2343750000,,,
4.4439999929,34,147462.2343750000,191584.5781250000,171096.2812500000,148892.5468750000,120236.5234375000,152272.9375000000,133596.6718750000,144860.9843750000,,,
4.4479999929,34,146927.9218750000,192613.4218750000,170283.6562500000,148282.2968750000,119713.2812500000,151767.0312500000,133110.2500000000,144518.4375000000,,,
4.4519999928,34,146533.9062500000,196860.7343750000,169244.5625000000,147820.5781250000,119329.5937500000,151393.9218750000,132750.5937500000,144226.9531250000,,,
4.4559999928,34,146809.1250000000,198503.1875000000,169465.3750000000,148131.8750000000,119599.0156250000,151647.5625000000,132998.1093750000,144375.8281250000,,,
4.4599999927,34,147389.5312500000,195217.8750000000,170521.5468750000,148789.3125000000,120166.8671875000,152198.0625000000,133528.7187500000,144769.5468750000,,,
4.4639999929,34,147477.2031250000,191569.4531250000,171106.1562500000,148903.5781250000,120250.9843750000,152285.6562500000,133612.3281250000,144872.0625000000,,,
4.4679999929,34,146941.1875000000,192574.3750000000,170307.6562500000,148286.8281250000,119726.9375000000,151781.9062500000,133126.0468750000,144529.5937500000,,,
4.4719999928,34,146538.7343750000,196854.5625000000,169264.7187500000,147814.5781250000,119335.4687500000,151398.7500000000,132751.6093750000,144231.5156250000,,,
4.4759999928,34,146811.5156250000,198543.5000000000,169474.9687500000,148120.2968750000,119604.6484375000,151651.8437500000,132994.2968750000,144378.8593750000,,,
4.4799999928,35,147389.7187500000,195252.7500000000,170519.8750000000,148776.3281250000,120171.6406250000,152198.9687500000,133524.2968750000,144770.2656250000,,,
4.4839999927,35,147482.5781250000,191555.3281250000,171108.5156250000,148893.7656250000,120262.2500000000,152290.3281250000,133612.8593750000,144878.7656250000,,,
4.4879999927,35,146951.8906250000,192521.4218750000,170321.3437500000,148286.3281250000,119746.0546875000,151794.8437500000,133136.4531250000,144542.4375000000,,,
4.4919999926,35,146547.8281250000,196828.7031250000,169281.4531250000,147817.8750000000,119352.4453125000,151412.0000000000,132767.4375000000,144244.0937500000,,,
4.4959999926,35,146816.8750000000,198570.9687500000,169484.2031250000,148118.7031250000,119612.2421875000,151659.0625000000,133005.4218750000,144385.6875000000,,,
4.4999999925,35,147388.9062500000,195296.4687500000,170520.2343750000,148773.9531250000,120171.1093750000,152202.7187500000,133530.3125000000,144769.2812500000,,,
4.5039999927,35,147474.6875000000,191544.6406250000,171104.3281250000,148898.9062500000,120254.3906250000,152290.8593750000,133618.9531250000,144870.7500000000,,,
4.5079999927,35,146943.6093750000,192477.3906250000,170326.2500000000,148292.1406250000,119733.9843750000,151798.3593750000,133140.8281250000,144540.5625000000,,,
4.5119999927,35,146527.7500000000,196796.2812500000,169274.2656250000,147810.0625000000,119325.1640625000,151402.6406250000,132757.8281250000,144233.8750000000,,,
4.5159999926,35,146785.7343750000,198580.8906250000,169456.0312500000,148098.7500000000,119576.1953125000,151641.3593750000,132982.4375000000,144368.5781250000,,,
4.5199999926,35,147368.0156250000,195317.0937500000,170488.2500000000,148761.0781250000,120150.0000000000,152197.9531250000,133515.8750000000,144761.0156250000,,,
4.5239999928,35,147471.7812500000,191535.5312500000,171087.2500000000,148895.4843750000,120249.1093750000,152298.5625000000,133617.2187500000,144873.4531250000,,,
4.5279999927,35,146938.0312500000,192427.3281250000,170322.6875000000,148285.4375000000,119727.2812500000,151792.9687500000,133133.7968750000,144532.8906250000,,,
4.5319999927,35,146513.8906250000,196761.5625000000,169271.0625000000,147796.7656250000,119312.5078125000,151388.5312500000,132739.1875000000,144217.2812500000,,,
4.5359999926,35,146763.6562500000,198590.2187500000,169439.7500000000,148080.6250000000,119556.2656250000,151616.9531250000,132947.8437500000,144340.7187500000,,,
4.5399999926,35,147340.6250000000,195340.7031250000,170465.0781250000,148740.0156250000,120124.1171875000,152161.6250000000,133477.7031250000,144725.4218750000,,,
4.5439999925,35,147450.7812500000,191515.6718750000,171071.3906250000,148883.2187500000,120231.1328125000,152267.3125000000,133594.7343750000,144842.9218750000,,,
4.5479999927,35,146933.3906250000,192366.4218750000,170324.2656250000,148296.2500000000,119725.6718750000,151778.4218750000,133127.5781250000,144518.4687500000,,,
4.5519999927,35,146517.8125000000,196723.7968750000,169282.2500000000,147817.3906250000,119319.6640625000,151379.2031250000,132740.6875000000,144212.7500000000,,,
4.5559999926,35,146772.2656250000,198608.7031250000,169450.6406250000,148103.6093750000,119567.9062500000,151616.9218750000,132966.5000000000,144345.3281250000,,,
4.5599999926,35,147348.4375000000,195378.2812500000,170469.5937500000,148757.6406250000,120133.3984375000,152166.5937500000,133490.6406250000,144728.3906250000,,,
4.5639999926,35,147464.6250000000,191519.1093750000,171079.2031250000,148902.2031250000,120244.9765625000,152280.5937500000,133601.2500000000,144851.9062500000,,,
4.5679999928,35,146944.8750000000,192332.9531250000,170340.9218750000,148307.8125000000,119737.2890625000,151794.1093750000,133129.4843750000,144529.2656250000,,,
4.5719999927,35,146515.0468750000,196698.5156250000,169288.0781250000,147812.7031250000,119318.5156250000,151385.5937500000,132731.0312500000,144216.0937500000,,,
4.5759999927,35,146759.5312500000,198637.6093750000,169444.1250000000,148085.7500000000,119558.0859375000,151610.0625000000,132951.0625000000,144337.9687500000,,,
4.5799999926,35,147350.3437500000,195420.5781250000,170460.2031250000,148746.9843750000,120136.6718750000,152168.8125000000,133489.7500000000,144731.3281250000,,,
4.5839999926,35,147474.6093750000,191512.1718750000,171076.0312500000,148899.5000000000,120255.7343750000,152290.9062500000,133610.5312500000,144861.4687500000,,,
4.5879999925,35,146948.2968750000,192281.9375000000,170340.5000000000,148304.9375000000,119737.7968750000,151798.1875000000,133140.8750000000,144534.9531250000,,,
4.5919999927,35,146510.3750000000,196674.1562500000,169284.7500000000,147800.9687500000,119306.1718750000,151379.5468750000,132737.3906250000,144216.5781250000,,,
4.5959999927,35,146748.4531250000,198671.5937500000,169426.0937500000,148071.9531250000,119536.7890625000,151602.5781250000,132944.8906250000,144337.8125000000,,,
4.5999999926,35,147333.8437500000,195475.0468750000,170430.4062500000,148733.0468750000,120112.9062500000,152159.0000000000,133482.0312500000,144728.2343750000,,,
4.6039999926,35,147463.7656250000,191530.9687500000,171051.0937500000,148890.5156250000,120239.5546875000,152283.6718750000,133607.5000000000,144858.9062500000,,,
4.6079999926,36,146949.9843750000,192260.1562500000,170336.4218750000,148303.7812500000,119738.8671875000,151800.6875000000,133142.8281250000,144539.2500000000,,,
4.6119999925,36,146510.8281250000,196650.5781250000,169285.2031250000,147792.3125000000,119313.9531250000,151383.7656250000,132740.6875000000,144218.8281250000,,,
4.6159999925,36,146756.3906250000,198681.1718750000,169424.8125000000,148066.5156250000,119554.5468750000,151609.2031250000,132959.9375000000,144343.4687500000,,,
4.6199999924,36,147351.7812500000,195512.0937500000,170434.6875000000,148736.2343750000,120137.5546875000,152174.9843750000,133497.6093750000,144741.1718750000,,,
4.6239999924,36,147478.8125000000,191541.0781250000,171066.6406250000,148891.2968750000,120261.2578125000,152300.8906250000,133618.0468750000,144870.3593750000,,,
4.6279999923,36,146958.5781250000,192227.6718750000,170362.8437500000,148303.2500000000,119753.1953125000,151811.1250000000,133150.2187500000,144545.2812500000,,,
4.6319999925,36,146514.2968750000,196610.2187500000,169302.2343750000,147798.2343750000,119319.8046875000,151384.1718750000,132744.2656250000,144218.7187500000,,,
4.6359999925,36,146751.5312500000,198685.2968750000,169427.8125000000,148061.6562500000,119549.3750000000,151598.8437500000,132953.3437500000,144335.5625000000,,,
4.6399999924,36,147340.1718750000,195558.2187500000,170433.6406250000,148720.2031250000,120125.4296875000,152157.2656250000,133488.9218750000,144726.3593750000,,,
4.6439999924,36,147477.7187500000,191576.9687500000,171069.8125000000,148902.9062500000,120254.4140625000,152293.6718750000,133614.0937500000,144865.9375000000,,,
4.6479999924,36,146960.7500000000,192219.3750000000,170370.2656250000,148314.2656250000,119749.5468750000,151806.6093750000,133147.1875000000,144545.8437500000,,,
4.6519999926,36,146518.0000000000,196596.0000000000,169304.9218750000,147798.8906250000,119318.6718750000,151387.0625000000,132740.0781250000,144226.1875000000,,,
4.6559999925,36,146750.5156250000,198710.2968750000,169422.7812500000,148056.5156250000,119547.0078125000,151602.9218750000,132944.0000000000,144340.7656250000,,,
4.6599999925,36,147339.0156250000,195611.0312500000,170428.1718750000,148717.2968750000,120126.2109375000,152161.8125000000,133485.6718750000,144730.1093750000,,,
4.6639999924,36,147478.2812500000,191604.2187500000,171075.7968750000,148897.4687500000,120259.8593750000,152299.1718750000,133619.5781250000,144864.9531250000,,,
4.6679999924,36,146961.9062500000,192188.5156250000,170382.6562500000,148317.7031250000,119754.0546875000,151814.5000000000,133152.6718750000,144540.2187500000,,,
4.6719999923,36,146513.3593750000,196543.8750000000,169307.8750000000,147800.2031250000,119313.8437500000,151387.2031250000,132742.3750000000,144214.7343750000,,,
4.6759999925,36,146732.4843750000,198693.8125000000,169407.0000000000,148039.6718750000,119525.7968750000,151589.0937500000,132933.3281250000,144322.5468750000,,,
4.6799999925,36,147317.0781250000,195616.2343750000,170396.0625000000,148702.1406250000,120098.1484375000,152148.6718750000,133466.1562500000,144712.4062500000,,,
4.6839999924,36,147457.6562500000,191592.0468750000,171047.9531250000,148880.2187500000,120233.7656250000,152288.0937500000,133600.1562500000,144849.5312500000,,,
4.6879999924,36,146949.7812500000,192151.3125000000,170370.3750000000,148307.7031250000,119735.1406250000,151806.9687500000,133140.7968750000,144534.0937500000,,,
4.6919999924,36,146499.8281250000,196515.2343750000,169295.0000000000,147786.5937500000,119292.6562500000,151374.7187500000,132726.5625000000,144205.4531250000,,,
4.6959999925,36,146718.3281250000,198706.1406250000,169389.8125000000,148029.3437500000,119510.2890625000,151575.4062500000,132915.2968750000,144309.9531250000,,,
4.6999999925,36,147313.4062500000,195666.3437500000,170392.4218750000,148702.4375000000,120101.3671875000,152140.3906250000,133454.3437500000,144705.4062500000,,,
4.7039999925,36,147470.2656250000,191619.9687500000,171061.6875000000,148899.8437500000,120254.2812500000,152290.0625000000,133608.1406250000,144853.2500000000,,,
4.7079999924,36,146966.5468750000,192128.8593750000,170396.8750000000,148330.9218750000,119760.8125000000,151811.9843750000,133159.3281250000,144538.0468750000,,,
4.7119999924,36,146511.6875000000,196492.1093750000,169319.3750000000,147799.5468750000,119315.3203125000,151376.8750000000,132747.7968750000,144207.8125000000,,,
4.7159999923,36,146719.5937500000,198725.8593750000,169401.0468750000,148034.4375000000,119516.1406250000,151569.7968750000,132928.5781250000,144305.9687500000,,,
4.7199999925,36,147308.0625000000,195713.9843750000,170388.1093750000,148699.3281250000,120090.3203125000,152128.9062500000,133457.0625000000,144695.2187500000,,,
4.7239999925,36,147472.2500000000,191636.6718750000,171057.4531250000,148895.7656250000,120248.4609375000,152287.1093750000,133609.0625000000,144850.2812500000,,,
4.7279999924,36,146967.9843750000,192100.8593750000,170405.1406250000,148319.1250000000,119758.2656250000,151812.4375000000,133151.4531250000,144540.3437500000,,,
4.7319999924,36,146509.4062500000,196465.2187500000,169326.9687500000,147782.4375000000,119312.3437500000,151373.6562500000,132725.0781250000,144210.8125000000,,,
4.7359999924,37,146719.3437500000,198741.9843750000,169401.8593750000,148017.8125000000,119518.4218750000,151567.1718750000,132909.2656250000,144310.1406250000,,,
4.7399999923,37,147311.2656250000,195753.3750000000,170390.8125000000,148688.5937500000,120099.2500000000,152128.8593750000,133456.4375000000,144699.2656250000,,,
4.7439999923,37,147488.2031250000,191648.7656250000,171072.5000000000,148903.4687500000,120269.9765625000,152301.5625000000,133632.3593750000,144863.3437500000,,,
4.7479999922,37,146991.3437500000,192073.3906250000,170431.6406250000,148345.8906250000,119783.5000000000,151840.2187500000,133187.2031250000,144561.1406250000,,,
4.7519999922,37,146515.7187500000,196450.8281250000,169344.9687500000,147805.6093750000,119317.5234375000,151393.3593750000,132750.4218750000,144219.1875000000,,,
4.7559999921,37,146711.1093750000,198792.6718750000,169405.0156250000,148025.3906250000,119505.8906250000,151574.9531250000,132917.0937500000,144305.8750000000,,,
4.7599999923,37,147309.8125000000,195825.1875000000,170383.4687500000,148696.9375000000,120090.1328125000,152144.8750000000,133461.4531250000,144703.0468750000,,,
4.7639999923,37,147485.7968750000,191665.5625000000,171062.8593750000,148907.7031250000,120258.6250000000,152318.1406250000,133629.3593750000,144867.5468750000,,,
4.7679999922,37,146989.5312500000,192039.8125000000,170431.5468750000,148351.6875000000,119770.3046875000,151852.3125000000,133176.3437500000,144563.8750000000,,,
4.7719999922,37,146510.4843750000,196434.8437500000,169348.3437500000,147803.9062500000,119302.0703125000,151396.5781250000,132732.7812500000,144220.3125000000,,,
4.7759999922,37,146709.5625000000,198825.6875000000,169404.6406250000,148019.8906250000,119499.9921875000,151577.7343750000,132907.7343750000,144312.8750000000,,,
4.7799999923,37,147308.2812500000,195875.2031250000,170379.9687500000,148689.8281250000,120092.6562500000,152143.3437500000,133457.1093750000,144705.2187500000,,,
4.7839999923,37,147483.6406250000,191673.8750000000,171065.5000000000,148901.2500000000,120267.2109375000,152318.3281250000,133630.7812500000,144866.7968750000,,,
4.7879999923,37,146982.5000000000,191987.0000000000,170439.6250000000,148350.5937500000,119776.2578125000,151849.6093750000,133181.8125000000,144558.0468750000,,,
4.7919999922,37,146494.9218750000,196374.1718750000,169350.5937500000,147798.9687500000,119299.8437500000,151383.2031250000,132735.0000000000,144202.7968750000,,,
4.7959999922,37,146682.2812500000,198814.1562500000,169395.9062500000,148004.1875000000,119483.6015625000,151551.2968750000,132898.0625000000,144280.6875000000,,,
4.7999999921,37,147281.2500000000,195897.3281250000,170367.7968750000,148664.1718750000,120072.4296875000,152118.2343750000,133442.0156250000,144669.5000000000,,,
4.8039999923,37,147476.1562500000,191655.5312500000,171062.9687500000,148890.4843750000,120262.0312500000,152305.9062500000,133628.6093750000,144843.5468750000,,,
4.8079999923,37,146992.3125000000,191921.7031250000,170458.5937500000,148347.7968750000,119788.2187500000,151851.4531250000,133194.5781250000,144553.5937500000,,,
4.8119999922,37,146510.9062500000,196314.2031250000,169377.6093750000,147795.1250000000,119314.0078125000,151392.0312500000,132746.1093750000,144213.2500000000,,,
4.8159999922,37,146689.9843750000,198812.5156250000,169413.5156250000,147995.7500000000,119488.4843750000,151553.7812500000,132898.5468750000,144289.4531250000,,,
4.8199999921,37,147293.9843750000,195933.3593750000,170381.5781250000,148669.7656250000,120082.0312500000,152129.9843750000,133446.0937500000,144688.0781250000,,,
4.8239999923,37,147493.8906250000,191658.7968750000,171076.5781250000,148907.6093750000,120275.5000000000,152321.8906250000,133635.0000000000,144866.2968750000,,,
4.8279999923,37,147010.2656250000,191869.1875000000,170481.7187500000,148365.6562500000,119803.6718750000,151867.6562500000,133205.2968750000,144575.7031250000,,,
4.8319999923,37,146520.0937500000,196264.1562500000,169398.2656250000,147807.9218750000,119324.8203125000,151405.7656250000,132763.0156250000,144229.1875000000,,,
4.8359999922,37,146694.2968750000,198812.6562500000,169422.3750000000,148003.9843750000,119495.1875000000,151567.8437500000,132917.2343750000,144304.7187500000,,,
4.8399999922,37,147288.7812500000,195970.2968750000,170379.7812500000,148669.3906250000,120079.5078125000,152133.1250000000,133458.1250000000,144693.4218750000,,,
4.8439999921,37,147490.1562500000,191681.8437500000,171078.9843750000,148912.9687500000,120273.9687500000,152327.6562500000,133645.4843750000,144873.5312500000,,,
4.8479999923,37,147004.1718750000,191849.7968750000,170486.0312500000,148367.4375000000,119796.2421875000,151875.2187500000,133204.3906250000,144580.9531250000,,,
4.8519999923,37,146512.2343750000,196230.6250000000,169393.4062500000,147802.5312500000,119313.7656250000,151409.3750000000,132753.7812500000,144231.8593750000,,,
4.8559999922,37,146678.9843750000,198817.0781250000,169409.8125000000,147988.8125000000,119476.6562500000,151561.8281250000,132892.9843750000,144300.7656250000,,,
4.8599999922,37,147275.9062500000,196006.0937500000,170362.4843750000,148657.6718750000,120064.0859375000,152128.0468750000,133433.4062500000,144688.2656250000,,,
4.8639999921,38,147479.7031250000,191695.0625000000,171065.7656250000,148904.0312500000,120266.6484375000,152323.1875000000,133635.1562500000,144864.8906250000,,,
4.8679999921,38,147001.8593750000,191821.9531250000,170489.7656250000,148367.5156250000,119800.3203125000,151869.0312500000,133211.2812500000,144575.1406250000,,,
4.8719999921,38,146517.0781250000,196200.3750000000,169409.6562500000,147809.3906250000,119327.4687500000,151403.8281250000,132766.5156250000,144232.0781250000,,,
4.8759999920,38,146688.5781250000,198824.3750000000,169423.5781250000,148000.3750000000,119495.5390625000,151559.7500000000,132915.0625000000,144304.8437500000,,,
4.8799999920,38,147286.6562500000,196042.3281250000,170373.1562500000,148666.0468750000,120082.4375000000,152132.5000000000,133459.7343750000,144695.6406250000,,,
4.8839999919,38,147496.6718750000,191710.0625000000,171081.7968750000,148911.7812500000,120286.5781250000,152337.2343750000,133658.4843750000,144876.5625000000,,,
4.8879999921,38,147023.2968750000,191792.2343750000,170515.7187500000,148383.7343750000,119818.7187500000,151890.7812500000,133225.7656250000,144591.2812500000,,,
4.8919999921,38,146525.6406250000,196170.5937500000,169423.6406250000,147813.0156250000,119328.8125000000,151414.7500000000,132763.3593750000,144239.4062500000,,,
4.8959999920,38,146690.0000000000,198833.8437500000,169415.0000000000,147986.9843750000,119486.5781250000,151558.4843750000,132901.7812500000,144305.4687500000,,,
4.8999999920,38,147291.6718750000,196077.1250000000,170358.0937500000,148654.1406250000,120078.7031250000,152129.0625000000,133454.1093750000,144696.3437500000,,,
4.9039999919,38,147507.5625000000,191722.5781250000,171073.3750000000,148906.2031250000,120287.1953125000,152337.6093750000,133659.3281250000,144880.3125000000,,,
4.9079999921,38,147036.0937500000,191752.5937500000,170514.4062500000,148383.7968750000,119822.7656250000,151891.3750000000,133226.1250000000,144594.7656250000,,,
4.9119999921,38,146529.9843750000,196131.8125000000,169422.2968750000,147808.6406250000,119328.1171875000,151408.1250000000,132760.4062500000,144236.2968750000,,,
4.9159999921,38,146686.7812500000,198845.7500000000,169403.8593750000,147978.2656250000,119480.6015625000,151549.9843750000,132899.2656250000,144296.2656250000,,,
4.9199999920,38,147294.9531250000,196120.1718750000,170344.8125000000,148652.3281250000,120077.4453125000,152128.7812500000,133445.3125000000,144693.2812500000,,,
4.9239999920,38,147514.8437500000,191732.4531250000,171067.8281250000,148919.3281250000,120292.5312500000,152341.6093750000,133659.6718750000,144882.8593750000,,,
4.9279999919,38,147029.3593750000,191726.0156250000,170517.4687500000,148381.6718750000,119820.4921875000,151890.7343750000,133231.7187500000,144592.9531250000,,,
4.9319999921,38,146515.1718750000,196104.1406250000,169419.5000000000,147798.0000000000,119322.1328125000,151407.1250000000,132767.4062500000,144233.2343750000,,,
4.9359999921,38,146665.5156250000,198860.0781250000,169391.5468750000,147964.4843750000,119470.8593750000,151544.4062500000,132902.2187500000,144290.7656250000,,,
4.9399999920,38,147267.2656250000,196155.6250000000,170321.1562500000,148636.5156250000,120061.8906250000,152115.3593750000,133451.2031250000,144679.2656250000,,,
4.9439999920,38,147503.2968750000,191736.8750000000,171044.7812500000,148909.2968750000,120290.1953125000,152344.3906250000,133671.0156250000,144877.6093750000,,,
4.9479999919,38,147034.9375000000,191685.5625000000,170514.6562500000,148390.0937500000,119830.8984375000,151903.5156250000,133247.1250000000,144594.7187500000,,,
4.9519999921,38,146517.0000000000,196072.5625000000,169421.6562500000,147799.0468750000,119324.0625000000,151405.1718750000,132771.9375000000,144226.3125000000,,,
4.9559999921,38,146668.9218750000,198883.8437500000,169387.2031250000,147962.3125000000,119469.1171875000,151541.1093750000,132895.7968750000,144286.5781250000,,,
4.9599999920,38,147276.0625000000,196204.8750000000,170312.3281250000,148639.5468750000,120064.3593750000,152116.8437500000,133445.5000000000,144681.0625000000,,,
4.9639999920,38,147514.1406250000,191739.7031250000,171042.7031250000,148925.5781250000,120299.5078125000,152349.0625000000,133668.7968750000,144883.2656250000,,,
4.9679999920,38,147046.0625000000,191632.7031250000,170524.6562500000,148407.0781250000,119841.8671875000,151908.4375000000,133246.0156250000,144605.0937500000,,,
4.9719999919,38,146530.2031250000,196042.6562500000,169442.4062500000,147816.3750000000,119334.6093750000,151411.6562500000,132769.3437500000,144241.1406250000,,,
4.9759999921,38,146675.8437500000,198918.9843750000,169401.7500000000,147969.3125000000,119473.9765625000,151541.6875000000,132892.4531250000,144296.0468750000,,,
4.9799999921,38,147285.2343750000,196272.0468750000,170317.2343750000,148648.9218750000,120070.3125000000,152119.8437500000,133443.2500000000,144689.7968750000,,,
4.9839999920,38,147529.7031250000,191739.9062500000,171043.4218750000,148937.6718750000,120309.3203125000,152351.3750000000,133672.2812500000,144891.2031250000,,,
4.9879999920,38,147059.5625000000,191566.1875000000,170533.1093750000,148413.7500000000,119848.0625000000,151907.8437500000,133248.0625000000,144608.4531250000,,,
4.9919999919,39,146528.2656250000,195999.3593750000,169454.1093750000,147806.2031250000,119325.8359375000,151401.5000000000,132760.0000000000,144236.4218750000,,,
4.9959999919,39,146668.4062500000,198963.3750000000,169414.3593750000,147960.9687500000,119463.7265625000,151530.1093750000,132884.3281250000,144291.9531250000,,,
4.9999999919,39,147281.5625000000,196346.9218750000,170324.6718750000,148642.1718750000,120068.8046875000,152117.6406250000,133444.0937500000,144690.9062500000,,,
5.0039999918,39,147531.5156250000,191763.7500000000,171047.8750000000,148940.5468750000,120313.3984375000,152358.1093750000,133677.5000000000,144897.1093750000,,,
5.0079999918,39,147066.9375000000,191523.3281250000,170547.4531250000,148423.3281250000,119857.6406250000,151920.0937500000,133258.2187500000,144618.9687500000,,,
5.0119999917,39,146530.3281250000,195948.0781250000,169470.7343750000,147816.6718750000,119334.0703125000,151410.2656250000,132769.6562500000,144244.3437500000,,,
5.0159999919,39,146654.2187500000,198952.7500000000,169413.7968750000,147954.5781250000,119458.5234375000,151526.7187500000,132883.1718750000,144286.0781250000,,,
5.0199999919,39,147258.1250000000,196364.5000000000,170309.9687500000,148621.3906250000,120055.6640625000,152107.0156250000,133438.2500000000,144674.9218750000,,,
5.0239999918,39,147516.5468750000,191759.2500000000,171039.7656250000,148921.6093750000,120310.3437500000,152355.8750000000,133680.4062500000,144888.0156250000,,,
5.0279999918,39,147057.1250000000,191476.8437500000,170552.2031250000,148412.4687500000,119862.1953125000,151920.5468750000,133273.8593750000,144616.0468750000,,,
5.0319999917,39,146521.5937500000,195890.8906250000,169476.0937500000,147802.9062500000,119336.8046875000,151410.8750000000,132787.5781250000,144244.0781250000,,,
5.0359999919,39,146631.9062500000,198938.8281250000,169407.9218750000,147926.6406250000,119443.2343750000,151512.0468750000,132880.4843750000,144272.2656250000,,,
5.0399999919,39,147240.0781250000,196395.6875000000,170300.9843750000,148598.9062500000,120038.5000000000,152090.0625000000,133428.5937500000,144659.6562500000,,,
5.0439999918,39,147508.0468750000,191781.2187500000,171036.7656250000,148909.6406250000,120298.8593750000,152344.7656250000,133675.0937500000,144876.0312500000,,,
5.0479999918,39,147045.5312500000,191442.9843750000,170556.8437500000,148402.4375000000,119845.4843750000,151907.7656250000,133258.2812500000,144599.4687500000,,,
5.0519999918,39,146501.7656250000,195842.7500000000,169473.1406250000,147793.0156250000,119311.7812500000,151389.7187500000,132758.9843750000,144220.1406250000,,,
5.0559999917,39,146620.1562500000,198926.7343750000,169393.6718750000,147921.9687500000,119422.3671875000,151493.6250000000,132855.0312500000,144253.9375000000,,,
5.0599999919,39,147224.5468750000,196425.7343750000,170281.0000000000,148594.7968750000,120009.8515625000,152063.9375000000,133397.1562500000,144638.1718750000,,,
5.0639999919,39,147495.0625000000,191797.9843750000,171015.5000000000,148918.2500000000,120272.1718750000,152325.9218750000,133649.5312500000,144857.0156250000,,,
5.0679999918,39,147040.8906250000,191422.8750000000,170547.2656250000,148417.3750000000,119827.2500000000,151907.5781250000,133242.5312500000,144591.5468750000,,,
5.0719999918,39,146492.4843750000,195801.9062500000,169463.8437500000,147796.7343750000,119291.2890625000,151395.8125000000,132738.2500000000,144212.2656250000,,,
5.0759999917,39,146603.0937500000,198926.1406250000,169379.7500000000,147916.9062500000,119400.3750000000,151490.8437500000,132827.7500000000,144242.4062500000,,,
5.0799999919,39,147219.2031250000,196466.2343750000,170271.6406250000,148592.5156250000,120010.0937500000,152068.8750000000,133391.1250000000,144636.3437500000,,,
5.0839999919,39,147500.1875000000,191834.8593750000,171024.2656250000,148917.9218750000,120285.5859375000,152338.8437500000,133659.2656250000,144865.2656250000,,,
5.0879999918,39,147053.6875000000,191410.1875000000,170565.6406250000,148428.8593750000,119845.3828125000,151920.6093750000,133261.1250000000,144604.0468750000,,,
5.0919999918,39,146504.9375000000,195764.2187500000,169474.6718750000,147811.2968750000,119305.9843750000,151397.8750000000,132758.7500000000,144222.3750000000,,,
5.0959999918,39,146608.5937500000,198923.5156250000,169377.7968750000,147926.0156250000,119406.0859375000,151487.0000000000,132840.3593750000,144246.0625000000,,,
5.0999999917,39,147216.3281250000,196508.2343750000,170263.4375000000,148595.1718750000,120006.7187500000,152064.6093750000,133392.5000000000,144633.2656250000,,,
5.1039999919,39,147496.8593750000,191856.9687500000,171018.0937500000,148914.5781250000,120282.8515625000,152334.7656250000,133657.2031250000,144860.2031250000,,,
5.1079999919,39,147050.6562500000,191382.8750000000,170573.5000000000,148419.8906250000,119845.1640625000,151916.0468750000,133256.3437500000,144599.7656250000,,,
5.1119999918,39,146502.0937500000,195729.4218750000,169485.6250000000,147800.1406250000,119310.5468750000,151396.2656250000,132756.0312500000,144221.1718750000,,,
5.1159999918,39,146602.8906250000,198923.5156250000,169382.3281250000,147908.7968750000,119410.7031250000,151482.3593750000,132841.8906250000,144243.9062500000,,,
5.1199999917,40,147208.3906250000,196543.3125000000,170260.9062500000,148580.1875000000,120005.6171875000,152051.7187500000,133390.3281250000,144627.3906250000,,,
5.1239999917,40,147500.4843750000,191889.3593750000,171027.3593750000,148921.6093750000,120288.8828125000,152332.0312500000,133663.2968750000,144859.5781250000,,,
5.1279999916,40,147057.4687500000,191375.7187500000,170590.0468750000,148436.7343750000,119851.9218750000,151916.5781250000,133266.2656250000,144596.5937500000,,,
5.1319999916,40,146510.0625000000,195697.1875000000,169496.2968750000,147817.7343750000,119314.7031250000,151395.1093750000,132765.3437500000,144217.5156250000,,,
5.1359999916,40,146605.1093750000,198920.6718750000,169376.5312500000,147918.3437500000,119406.3593750000,151482.6093750000,132842.7968750000,144243.0781250000,,,
5.1399999915,40,147202.3593750000,196587.8906250000,170246.7500000000,148576.4531250000,119992.9296875000,152053.7500000000,133384.2031250000,144625.5625000000,,,
5.1439999917,40,147493.9375000000,191939.4687500000,171015.8437500000,148916.6406250000,120277.6171875000,152334.9531250000,133651.3593750000,144859.9531250000,,,
5.1479999917,40,147064.2812500000,191384.7343750000,170592.9687500000,148443.5312500000,119855.8437500000,151932.0937500000,133257.7968750000,144611.0781250000,,,
5.1519999916,40,146514.5625000000,195683.2187500000,169498.5156250000,147820.6875000000,119316.8515625000,151406.9687500000,132752.5781250000,144231.3906250000,,,
5.1559999916,40,146604.0156250000,198943.5156250000,169370.4218750000,147914.3750000000,119400.4531250000,151480.1406250000,132827.5937500000,144248.9062500000,,,
5.1599999915,40,147208.4687500000,196658.9531250000,170239.3125000000,148584.2812500000,119993.4140625000,152050.5937500000,133380.7187500000,144634.0625000000,,,
5.1639999917,40,147508.3125000000,191998.1250000000,171015.8437500000,148935.6875000000,120287.3281250000,152336.4843750000,133663.0781250000,144869.9843750000,,,
5.1679999917,40,147080.3750000000,191392.6250000000,170606.5625000000,148463.1875000000,119869.2500000000,151935.5781250000,133283.0625000000,144621.8593750000,,,
5.1719999916,40,146521.7968750000,195661.3593750000,169511.4531250000,147830.7187500000,119325.4375000000,151405.4687500000,132775.7812500000,144236.4531250000,,,
5.1759999916,40,146597.9218750000,198942.3593750000,169367.1718750000,147912.8437500000,119399.4609375000,151468.7343750000,132830.1093750000,144242.1406250000,,,
5.1799999916,40,147206.0625000000,196702.0312500000,170236.5625000000,148581.6250000000,119994.1093750000,152045.5781250000,133379.4843750000,144631.9687500000,,,
5.1839999915,40,147506.9843750000,192041.5312500000,171016.3906250000,148929.1718750000,120284.7500000000,152336.9375000000,133658.0625000000,144871.0625000000,,,
5.1879999917,40,147088.1718750000,191385.7812500000,170614.5000000000,148469.0937500000,119874.3203125000,151946.0156250000,133282.0156250000,144630.8437500000,,,
5.1919999917,40,146532.8281250000,195626.6250000000,169514.2187500000,147839.2968750000,119332.6796875000,151419.5781250000,132775.0312500000,144249.4687500000,,,
5.1959999916,40,146606.0312500000,198935.2812500000,169357.2500000000,147914.5468750000,119400.5390625000,151478.6875000000,132829.3125000000,144253.7343750000,,,
5.1999999916,40,147201.9531250000,196741.7500000000,170221.2968750000,148573.0468750000,119985.8984375000,152043.1875000000,133371.2500000000,144631.3750000000,,,
5.2039999915,40,147514.8593750000,192068.7812500000,171012.2500000000,148931.7656250000,120294.9218750000,152348.6562500000,133669.5937500000,144879.2500000000,,,
5.2079999917,40,147104.5937500000,191371.0312500000,170629.6562500000,148476.7656250000,119895.8046875000,151964.7031250000,133309.8593750000,144647.9375000000,,,
5.2119999917,40,146542.3281250000,195597.8125000000,169531.0312500000,147836.1718750000,119349.1718750000,151433.4375000000,132801.4687500000,144262.4375000000,,,
5.2159999916,40,146607.4531250000,198941.4843750000,169368.2500000000,147904.0781250000,119415.1796875000,151491.0312500000,132850.7968750000,144262.4687500000,,,
5.2199999916,40,147201.5312500000,196786.4531250000,170227.2968750000,148566.0468750000,120002.6953125000,152053.8281250000,133373.8750000000,144635.8906250000,,,
5.2239999915,40,147514.0000000000,192104.6875000000,171019.5156250000,148931.0468750000,120305.1406250000,152353.5937500000,133666.7031250000,144880.2656250000,,,
5.2279999915,40,147098.5625000000,191352.7343750000,170640.0156250000,148479.7031250000,119890.5781250000,151966.2656250000,133304.7656250000,144641.6250000000,,,
5.2319999917,40,146533.4218750000,195546.7500000000,169532.3437500000,147842.6875000000,119331.2578125000,151429.8750000000,132788.3593750000,144251.8437500000,,,
5.2359999917,40,146584.8593750000,198911.8750000000,169347.2187500000,147898.8437500000,119378.2500000000,151471.2343750000,132822.8437500000,144236.9062500000,,,
5.2399999916,40,147166.3593750000,196801.3125000000,170194.8750000000,148542.0468750000,119951.0312500000,152021.5468750000,133347.3593750000,144597.1250000000,,,
5.2439999916,40,147475.9218750000,192123.5937500000,170994.1406250000,148911.7656250000,120254.6875000000,152316.6406250000,133632.7343750000,144835.1562500000,,,
5.2479999915,41,147069.5625000000,191323.8125000000,170623.2031250000,148472.2031250000,119858.0937500000,151937.0468750000,133269.4062500000,144603.0312500000,,,
5.2519999915,41,146512.0468750000,195486.2343750000,169515.3906250000,147840.6406250000,119314.4609375000,151406.2343750000,132760.9375000000,144222.2343750000,,,
5.2559999914,41,146573.9218750000,198885.4531250000,169333.0000000000,147905.7656250000,119375.8359375000,151456.7812500000,132807.2656250000,144221.0312500000,,,
5.2599999914,41,147168.2187500000,196820.9062500000,170186.6093750000,148566.3750000000,119961.7343750000,152021.1093750000,133348.6875000000,144596.8593750000,,,
5.2639999914,41,147491.1562500000,192145.4375000000,171000.2656250000,148943.0000000000,120278.5312500000,152331.2031250000,133653.6093750000,144847.4531250000,,,
5.2679999913,41,147091.7656250000,191298.6093750000,170645.0781250000,148505.7031250000,119885.7734375000,151954.4375000000,133297.2187500000,144618.2656250000,,,
5.2719999915,41,146525.7656250000,195440.7187500000,169536.8281250000,147857.5468750000,119331.7343750000,151413.8281250000,132776.9843750000,144229.4843750000,,,
5.2759999915,41,146571.5000000000,198876.0156250000,169338.3593750000,147903.8906250000,119375.6718750000,151450.0468750000,132809.2187500000,144215.8593750000,,,
5.2799999914,41,147163.7031250000,196852.3593750000,170183.3750000000,148552.4531250000,119956.0781250000,152011.9375000000,133349.5000000000,144588.8750000000,,,
5.2839999914,41,147489.6250000000,192165.7343750000,170995.9687500000,148923.4062500000,120273.7578125000,152325.5937500000,133656.6093750000,144842.9843750000,,,
5.2879999913,41,147096.8906250000,191283.1093750000,170654.2656250000,148489.9843750000,119888.5390625000,151962.3750000000,133306.5781250000,144623.8125000000,,,
5.2919999915,41,146538.5625000000,195401.9062500000,169545.3750000000,147848.9062500000,119342.0390625000,151437.9218750000,132797.4218750000,144248.7187500000,,,
5.2959999915,41,146578.4843750000,198858.5468750000,169334.2968750000,147887.1875000000,119379.3437500000,151470.5625000000,132825.7968750000,144236.6093750000,,,
5.2999999914,41,147161.5156250000,196886.6093750000,170176.5625000000,148533.0312500000,119951.3281250000,152022.8281250000,133350.6250000000,144603.8593750000,,,
5.3039999914,41,147497.1562500000,192199.5312500000,170999.8906250000,148920.5312500000,120278.9609375000,152340.4062500000,133656.9843750000,144860.7968750000,,,
5.3079999913,41,147104.1406250000,191269.5000000000,170667.6093750000,148488.8750000000,119894.3046875000,151969.7187500000,133305.2187500000,144634.7031250000,,,
5.3119999913,41,146532.1250000000,195356.8750000000,169553.1562500000,147839.0625000000,119336.1093750000,151429.2031250000,132784.4062500000,144241.1250000000,,,
5.3159999915,41,146574.3281250000,198832.2343750000,169330.6875000000,147883.0312500000,119375.0546875000,151456.8593750000,132815.0625000000,144226.0468750000,,,
5.3199999915,41,147161.3281250000,196901.5468750000,170169.5625000000,148526.5625000000,119950.7109375000,152005.9531250000,133343.8437500000,144594.2031250000,,,
5.3239999914,41,147493.6406250000,192220.7031250000,170998.4375000000,148909.0156250000,120274.7187500000,152319.4218750000,133646.4687500000,144847.6562500000,,,
5.3279999914,41,147106.7656250000,191247.9375000000,170677.9687500000,148482.8750000000,119897.9765625000,151958.2343750000,133302.2187500000,144630.1250000000,,,
5.3319999913,41,146536.6406250000,195299.5312500000,169561.2500000000,147833.8593750000,119339.0859375000,151418.0625000000,132782.7500000000,144240.7968750000,,,
5.3359999915,41,146573.0625000000,198797.8281250000,169323.2968750000,147874.5000000000,119371.6718750000,151447.5000000000,132809.8125000000,144222.5625000000,,,
5.3399999915,41,147155.9062500000,196915.4531250000,170157.5156250000,148526.1718750000,119945.9375000000,152002.4687500000,133338.4687500000,144589.5468750000,,,
5.3439999914,41,147493.4531250000,192253.4687500000,170998.4687500000,148918.3906250000,120278.6875000000,152324.4375000000,133649.7656250000,144850.0937500000,,,
5.3479999914,41,147112.4218750000,191242.8125000000,170689.8750000000,148502.4218750000,119905.6796875000,151966.4687500000,133310.2031250000,144635.2187500000,,,
5.3519999913,41,146532.9062500000,195247.2500000000,169562.0156250000,147846.1718750000,119340.5859375000,151420.3750000000,132784.2500000000,144237.0468750000,,,
5.3559999913,41,146555.8125000000,198755.0468750000,169309.1562500000,147867.3593750000,119362.5859375000,151435.1875000000,132796.7968750000,144207.2187500000,,,
5.3599999915,41,147136.9218750000,196920.9531250000,170141.7656250000,148512.8125000000,119934.1093750000,151986.7500000000,133326.8906250000,144574.7812500000,,,
5.3639999914,41,147483.3750000000,192274.1250000000,170990.4687500000,148915.3593750000,120272.9218750000,152320.0156250000,133652.2968750000,144842.6562500000,,,
5.3679999914,41,147106.0156250000,191226.4843750000,170692.3750000000,148504.4062500000,119905.0625000000,151966.0937500000,133318.0156250000,144629.1875000000,,,
5.3719999914,41,146532.1875000000,195195.0000000000,169563.8593750000,147850.1093750000,119344.1250000000,151420.7187500000,132792.1093750000,144233.9531250000,,,
5.3759999913,42,146546.4843750000,198709.0468750000,169293.2500000000,147863.5312500000,119353.2187500000,151429.5781250000,132792.3750000000,144202.2343750000,,,
5.3799999913,42,147118.2187500000,196931.1875000000,170119.6093750000,148500.9531250000,119911.6015625000,151975.5625000000,133310.2812500000,144566.1718750000,,,
5.3839999912,42,147476.7500000000,192303.1250000000,170978.5156250000,148909.6718750000,120260.5312500000,152318.4531250000,133642.1093750000,144842.4687500000,,,
5.3879999912,42,147112.2343750000,191217.3593750000,170690.8750000000,148504.2500000000,119902.0312500000,151972.1093750000,133311.1406250000,144636.3750000000,,,
5.3919999911,42,146541.6718750000,195148.2187500000,169558.7343750000,147852.7968750000,119344.2890625000,151426.9687500000,132791.3125000000,144242.9375000000,,,
5.3959999911,42,146554.2812500000,198692.7656250000,169288.9375000000,147863.0468750000,119358.0234375000,151428.7968750000,132798.9531250000,144209.4687500000,,,
5.3999999913,42,147126.0000000000,196962.5000000000,170119.8593750000,148498.5312500000,119921.6093750000,151968.9218750000,133318.2812500000,144570.3593750000,,,
5.4039999912,42,147480.8750000000,192341.7968750000,170987.3281250000,148904.4375000000,120269.0859375000,152308.2968750000,133643.8437500000,144841.4843750000,,,
5.4079999912,42,147121.8906250000,191216.1250000000,170715.5468750000,148504.5156250000,119916.7031250000,151969.2343750000,133318.8437500000,144641.1406250000,,,
5.4119999912,42,146548.8437500000,195129.6562500000,169585.9531250000,147852.9531250000,119353.9687500000,151423.4375000000,132787.9843750000,144248.9531250000,,,
5.4159999911,42,146552.7031250000,198705.1562500000,169298.2656250000,147856.2500000000,119353.3828125000,151422.3906250000,132788.8593750000,144209.1562500000,,,
5.4199999913,42,147115.5625000000,197012.9218750000,170112.5312500000,148481.4531250000,119906.6406250000,151956.6250000000,133300.7968750000,144559.6875000000,,,
5.4239999913,42,147474.5312500000,192374.5000000000,170979.0781250000,148895.9062500000,120256.9687500000,152301.1093750000,133630.2968750000,144830.7500000000,,,
5.4279999912,42,147115.8593750000,191197.4375000000,170715.2500000000,148508.2500000000,119904.2031250000,151967.9687500000,133308.7343750000,144631.0625000000,,,
5.4319999912,42,146538.9218750000,195093.5781250000,169584.1875000000,147855.8281250000,119340.7734375000,151423.5625000000,132782.6093750000,144240.0000000000,,,
5.4359999911,42,146539.9375000000,198707.6250000000,169289.4687500000,147853.4687500000,119341.3671875000,151418.7187500000,132772.7500000000,144199.4375000000,,,
5.4399999911,42,147111.8906250000,197053.7187500000,170107.4843750000,148487.3281250000,119903.2890625000,151953.9687500000,133288.6718750000,144556.5781250000,,,
5.4439999913,42,147478.5000000000,192392.8437500000,170983.3593750000,148906.1875000000,120261.5781250000,152299.3593750000,133626.3281250000,144833.4062500000,,,
5.4479999912,42,147124.3281250000,191160.0156250000,170732.8437500000,148514.3437500000,119915.6015625000,151967.5156250000,133311.9531250000,144639.1093750000,,,
5.4519999912,42,146541.9531250000,195045.2500000000,169607.7187500000,147847.5937500000,119347.5390625000,151417.1250000000,132786.2343750000,144242.4843750000,,,
5.4559999912,42,146542.5937500000,198716.0156250000,169310.8750000000,147840.6406250000,119344.6406250000,151413.0312500000,132780.8750000000,144201.6406250000,,,
5.4599999911,42,147113.8281250000,197112.1562500000,170120.2343750000,148476.8593750000,119900.7421875000,151956.3593750000,133292.3906250000,144560.2031250000,,,
5.4639999913,42,147484.9062500000,192432.5937500000,170990.2031250000,148905.8593750000,120262.5703125000,152315.4531250000,133631.6718750000,144841.3437500000,,,
5.4679999913,42,147132.0937500000,191141.8906250000,170745.6875000000,148518.9218750000,119916.2421875000,151986.5625000000,133316.5625000000,144648.1406250000,,,
5.4719999912,42,146548.7656250000,195017.7812500000,169621.8750000000,147852.9531250000,119342.7890625000,151435.6093750000,132783.9218750000,144254.4843750000,,,
5.4759999912,42,146539.4531250000,198738.2500000000,169314.8125000000,147836.7343750000,119331.8984375000,151420.8281250000,132767.1406250000,144207.8906250000,,,
5.4799999911,42,147110.5781250000,197175.0000000000,170115.3750000000,148466.5468750000,119895.4062500000,151965.6406250000,133287.8906250000,144566.7343750000,,,
5.4839999911,42,147491.8437500000,192481.8593750000,170996.5156250000,148902.9062500000,120271.5000000000,152329.5937500000,133638.9375000000,144853.1406250000,,,
5.4879999913,42,147155.1562500000,191133.4843750000,170768.0625000000,148523.7031250000,119943.9218750000,152013.2812500000,133342.3593750000,144670.2187500000,,,
5.4919999912,42,146567.1250000000,194975.5937500000,169645.4218750000,147855.9062500000,119368.4843750000,151454.8750000000,132805.1250000000,144268.6406250000,,,
5.4959999912,42,146554.5468750000,198721.7812500000,169326.7031250000,147832.0156250000,119353.4375000000,151434.1406250000,132784.4687500000,144217.2187500000,,,
5.4999999912,42,147123.5781250000,197205.7656250000,170125.3750000000,148465.7343750000,119911.8984375000,151972.1093750000,133300.3593750000,144570.7343750000,,,
5.5039999911,43,147504.3281250000,192505.5937500000,171006.4375000000,148907.5468750000,120284.7500000000,152339.7812500000,133654.9531250000,144855.4843750000,,,
5.5079999911,43,147168.7500000000,191105.6250000000,170787.3437500000,148542.7968750000,119952.9921875000,152025.0000000000,133355.2656250000,144672.5000000000,,,
5.5119999910,43,146576.9687500000,194923.7812500000,169666.4843750000,147871.7812500000,119372.4765625000,151466.9062500000,132813.9687500000,144272.3906250000,,,
5.5159999910,43,146553.1875000000,198700.8281250000,169335.7656250000,147838.9062500000,119347.2968750000,151435.3125000000,132783.1250000000,144216.2500000000,,,
5.5199999909,43,147121.8593750000,197230.1250000000,170127.8750000000,148467.8750000000,119906.8828125000,151971.4062500000,133297.8750000000,144572.5625000000,,,
5.5239999909,43,147511.7031250000,192534.6562500000,171015.1562500000,148915.7031250000,120288.2421875000,152344.6875000000,133657.8125000000,144863.1718750000,,,
5.5279999911,43,147181.8750000000,191081.7968750000,170802.1562500000,148561.0000000000,119966.0000000000,152034.7031250000,133365.1406250000,144682.4843750000,,,
5.5319999910,43,146593.6250000000,194858.2968750000,169682.2187500000,147890.8906250000,119392.8671875000,151477.9843750000,132830.1093750000,144285.7187500000,,,
5.5359999910,43,146560.1875000000,198664.9687500000,169346.3906250000,147845.8437500000,119359.6875000000,151436.5000000000,132791.0312500000,144223.0937500000,,,
5.5399999910,43,147121.0937500000,197252.6562500000,170134.0468750000,148465.3593750000,119908.8984375000,151965.6093750000,133298.1093750000,144571.8906250000,,,
5.5439999909,43,147512.3437500000,192560.6718750000,171024.1093750000,148913.1875000000,120291.3750000000,152341.7187500000,133662.2968750000,144864.7031250000,,,
5.5479999911,43,147183.2343750000,191066.9687500000,170821.2812500000,148561.7500000000,119969.4843750000,152035.7031250000,133370.9531250000,144688.4531250000,,,
5.5519999911,43,146586.0625000000,194816.1406250000,169696.5156250000,147884.7656250000,119386.1875000000,151472.3593750000,132822.6406250000,144286.7187500000,,,
5.5559999910,43,146548.5156250000,198639.4375000000,169345.1250000000,147836.3593750000,119349.6562500000,151429.8125000000,132771.0312500000,144220.8437500000,,,
5.5599999910,43,147105.3437500000,197273.6562500000,170126.0781250000,148454.6250000000,119896.5000000000,151955.8593750000,133283.1093750000,144565.8750000000,,,
5.5639999909,43,147499.9531250000,192591.6406250000,171017.0468750000,148907.9843750000,120280.7578125000,152335.5781250000,133663.9687500000,144859.8750000000,,,
5.5679999909,43,147178.6718750000,191056.0000000000,170824.4375000000,148557.8125000000,119966.3203125000,152034.7968750000,133383.5156250000,144685.7031250000,,,
5.5719999911,43,146585.1562500000,194776.2187500000,169702.1562500000,147878.0312500000,119388.4921875000,151469.4531250000,132842.5937500000,144284.6562500000,,,
5.5759999910,43,146545.0312500000,198630.0468750000,169339.7343750000,147827.2656250000,119350.7812500000,151423.6250000000,132796.8281250000,144217.1875000000,,,
5.5799999910,43,147097.7343750000,197305.3593750000,170112.5312500000,148440.3906250000,119898.1953125000,151950.8906250000,133294.9218750000,144558.1562500000,,,
5.5839999910,43,147500.1406250000,192609.4218750000,171011.0468750000,148898.9843750000,120294.0312500000,152337.3906250000,133665.1093750000,144856.0937500000,,,
5.5879999909,43,147189.5937500000,191026.2500000000,170836.0625000000,148561.9687500000,119986.7031250000,152045.0937500000,133384.3437500000,144690.5781250000,,,
5.5919999911,43,146598.7343750000,194725.5312500000,169719.1562500000,147892.2187500000,119403.6484375000,151481.6406250000,132835.7187500000,144294.7968750000,,,
5.5959999911,43,146548.0156250000,198615.3593750000,169347.4062500000,147827.0468750000,119351.4531250000,151421.3750000000,132778.1875000000,144218.0312500000,,,
5.5999999910,43,147105.1562500000,197334.6718750000,170115.6718750000,148442.8593750000,119898.7265625000,151945.6875000000,133286.7031250000,144560.8906250000,,,
5.6039999910,43,147513.5000000000,192633.7343750000,171017.9375000000,148912.4218750000,120298.8046875000,152336.5625000000,133668.7031250000,144863.6875000000,,,
5.6079999909,43,147200.9062500000,191007.0468750000,170854.1562500000,148576.3437500000,119991.0000000000,152043.4218750000,133391.4687500000,144695.2187500000,,,
5.6119999909,43,146596.2812500000,194691.3125000000,169732.1718750000,147893.1093750000,119399.0078125000,151472.8437500000,132841.7500000000,144286.0156250000,,,
5.6159999911,43,146542.8906250000,198615.8906250000,169346.1718750000,147828.0468750000,119345.5234375000,151415.4687500000,132785.8125000000,144208.9375000000,,,
5.6199999910,43,147097.7500000000,197379.6093750000,170103.4375000000,148437.2968750000,119889.4765625000,151940.5312500000,133285.4531250000,144553.2187500000,,,
5.6239999910,43,147508.3125000000,192669.2656250000,171000.9062500000,148906.5625000000,120290.1718750000,152334.9843750000,133664.2343750000,144858.8125000000,,,
5.6279999909,43,147202.1718750000,190998.3281250000,170846.6250000000,148577.6562500000,119988.9062500000,152050.1093750000,133391.0000000000,144700.4687500000,,,
5.6319999909,44,146598.2656250000,194670.2187500000,169737.1093750000,147897.0781250000,119400.9140625000,151480.7500000000,132840.8750000000,144296.2968750000,,,
5.6359999909,44,146538.4062500000,198632.6562500000,169348.2343750000,147826.1093750000,119343.0000000000,151418.7187500000,132776.9062500000,144217.0312500000,,,
5.6399999908,44,147084.2031250000,197433.0312500000,170097.1406250000,148429.0625000000,119882.3984375000,151938.5468750000,133277.5937500000,144553.2031250000,,,
5.6439999908,44,147493.5937500000,192706.5312500000,170994.3593750000,148898.8906250000,120288.5312500000,152330.2812500000,133657.2500000000,144852.1562500000,,,
5.6479999907,44,147190.8281250000,190990.0156250000,170852.6562500000,148575.1093750000,119990.6484375000,152046.2187500000,133385.9843750000,144692.0000000000,,,
5.6519999907,44,146590.2031250000,194640.4843750000,169747.0468750000,147894.5625000000,119401.6093750000,151478.0156250000,132838.6718750000,144291.5937500000,,,
5.6559999909,44,146526.6250000000,198632.5781250000,169349.0468750000,147821.3906250000,119340.0546875000,151412.0312500000,132777.2187500000,144210.6718750000,,,
5.6599999908,44,147070.7187500000,197470.5000000000,170086.9218750000,148423.0312500000,119877.2421875000,151930.7812500000,133270.2343750000,144545.5468750000,,,
5.6639999908,44,147488.5312500000,192730.9375000000,170985.4062500000,148896.0937500000,120289.2578125000,152330.8281250000,133647.0156250000,144849.2656250000,,,
5.6679999908,44,147203.0781250000,190953.8281250000,170857.3750000000,148583.3437500000,120006.5546875000,152061.7187500000,133390.5156250000,144702.9375000000,,,
5.6719999907,44,146596.1875000000,194581.1406250000,169752.9531250000,147900.1875000000,119407.6171875000,151486.0625000000,132846.9062500000,144297.5000000000,,,
5.6759999909,44,146520.8906250000,198617.5468750000,169338.9843750000,147810.0937500000,119328.9765625000,151407.4531250000,132771.5156250000,144205.4687500000,,,
5.6799999909,44,147065.2968750000,197503.3906250000,170068.6718750000,148409.6250000000,119863.0859375000,151919.9062500000,133261.0937500000,144535.7656250000,,,
5.6839999908,44,147497.8593750000,192751.1562500000,170974.9218750000,148899.9375000000,120286.0937500000,152328.6250000000,133660.2031250000,144851.1875000000,,,
5.6879999908,44,147216.9531250000,190922.8593750000,170861.5937500000,148590.6250000000,120005.5625000000,152056.2812500000,133405.5781250000,144707.6718750000,,,
5.6919999907,44,146612.9375000000,194539.0156250000,169769.2968750000,147903.4062500000,119412.6562500000,151483.5625000000,132849.7968750000,144306.5468750000,,,
5.6959999907,44,146531.1093750000,198627.3125000000,169354.0000000000,147805.5312500000,119331.5468750000,151407.9375000000,132763.1406250000,144212.0468750000,,,
5.6999999909,44,147079.9687500000,197566.3593750000,170082.8125000000,148405.8750000000,119872.6015625000,151934.6562500000,133253.3437500000,144549.3281250000,,,
5.7039999908,44,147513.3125000000,192794.6875000000,170986.9843750000,148896.1250000000,120295.0546875000,152347.5156250000,133646.9062500000,144863.9218750000,,,
5.7079999908,44,147227.1093750000,190910.6562500000,170879.5937500000,148591.9843750000,120010.2812500000,152069.9218750000,133384.7500000000,144715.4687500000,,,
5.7119999907,44,146609.7812500000,194499.3750000000,169784.5468750000,147900.5937500000,119404.8828125000,151484.7968750000,132825.2343750000,144301.8125000000,,,
5.7159999907,44,146518.9531250000,198632.8593750000,169359.5625000000,147799.8750000000,119318.2968750000,151397.1406250000,132746.2968750000,144202.4687500000,,,
5.7199999909,44,147063.6406250000,197616.3593750000,170075.7812500000,148402.4687500000,119857.7968750000,151915.4843750000,133244.3593750000,144534.0781250000,,,
5.7239999908,44,147500.1093750000,192829.9531250000,170975.9062500000,148899.2031250000,120286.2031250000,152335.5156250000,133644.9218750000,144849.6562500000,,,
5.7279999908,44,147215.1250000000,190881.9062500000,170873.0781250000,148597.0625000000,120004.8671875000,152070.9218750000,133395.4218750000,144705.0625000000,,,
5.7319999908,44,146594.3906250000,194439.4218750000,169779.3750000000,147905.4531250000,119396.5937500000,151487.9375000000,132837.6250000000,144293.5625000000,,,
5.7359999907,44,146491.5000000000,198603.4218750000,169344.2343750000,147791.9375000000,119294.6953125000,151392.3125000000,132737.8437500000,144187.9531250000,,,
5.7399999907,44,147033.6562500000,197636.8281250000,170054.3281250000,148389.4062500000,119830.0078125000,151908.8906250000,133229.1250000000,144521.2187500000,,,
5.7439999909,44,147479.4531250000,192854.9531250000,170960.2500000000,148891.9062500000,120267.2890625000,152335.3281250000,133637.0000000000,144843.8437500000,,,
5.7479999908,44,147204.5312500000,190873.7500000000,170874.6250000000,148596.3906250000,119991.7187500000,152078.4843750000,133388.7187500000,144703.9687500000,,,
5.7519999908,44,146585.9843750000,194395.6406250000,169781.1250000000,147898.3125000000,119382.6718750000,151492.0156250000,132822.5000000000,144290.6875000000,,,
5.7559999907,44,146491.5781250000,198567.8437500000,169331.8437500000,147786.8906250000,119287.3984375000,151394.4375000000,132726.7968750000,144187.3437500000,,,
5.7599999907,45,147034.6406250000,197648.5468750000,170039.3906250000,148380.4687500000,119825.3984375000,151902.5625000000,133214.2343750000,144516.0156250000,,,
5.7639999907,45,147484.9062500000,192885.5625000000,170958.5312500000,148884.7812500000,120272.8671875000,152328.7812500000,133624.4531250000,144839.2812500000,,,
5.7679999906,45,147223.2343750000,190858.6718750000,170890.4218750000,148598.3437500000,120012.9375000000,152079.9843750000,133391.2343750000,144706.7187500000,,,
5.7719999906,45,146609.6718750000,194344.8437500000,169806.5937500000,147905.0937500000,119408.0468750000,151497.5156250000,132836.6406250000,144296.9843750000,,,
5.7759999905,45,146506.1093750000,198543.2031250000,169351.6406250000,147784.7500000000,119305.2343750000,151388.8125000000,132743.1875000000,144188.7031250000,,,
5.7799999905,45,147050.3593750000,197679.6093750000,170054.8906250000,148378.5937500000,119840.0703125000,151902.1562500000,133228.9062500000,144523.4843750000,,,
5.7839999907,45,147512.7968750000,192927.0312500000,170975.9375000000,148896.9218750000,120296.4218750000,152345.1718750000,133651.2187500000,144861.8125000000,,,
5.7879999906,45,147242.1406250000,190860.6875000000,170913.6250000000,148615.7968750000,120030.5859375000,152092.1406250000,133417.8125000000,144725.9843750000,,,
5.7919999906,45,146617.5000000000,194312.0156250000,169827.2812500000,147915.8750000000,119419.7656250000,151501.0312500000,132854.5781250000,144309.1875000000,,,
5.7959999905,45,146509.2968750000,198532.0156250000,169361.5625000000,147793.2968750000,119312.6640625000,151390.9531250000,132747.5312500000,144195.5781250000,,,
5.7999999905,45,147038.9375000000,197712.3125000000,170053.4375000000,148384.7656250000,119833.9531250000,151889.7968750000,133224.8281250000,144514.3906250000,,,
5.8039999907,45,147484.2031250000,192967.3906250000,170970.0937500000,148891.8281250000,120272.3906250000,152316.2031250000,133638.0781250000,144830.7031250000,,,
5.8079999906,45,147222.7968750000,190854.8593750000,170915.3750000000,148615.2187500000,120016.3203125000,152073.5000000000,133413.2031250000,144699.1875000000,,,
5.8119999906,45,146601.1093750000,194265.5625000000,169824.5625000000,147922.8593750000,119407.0234375000,151488.5781250000,132846.6093750000,144286.5781250000,,,
5.8159999906,45,146481.7812500000,198495.2656250000,169340.6406250000,147787.4062500000,119289.1406250000,151371.7968750000,132729.6093750000,144169.4531250000,,,
5.8199999905,45,147010.9531250000,197731.3437500000,170024.3125000000,148368.3906250000,119808.8750000000,151874.0156250000,133208.9218750000,144493.1093750000,,,
5.8239999905,45,147473.5781250000,193009.4531250000,170948.6875000000,148889.9218750000,120263.0000000000,152320.1562500000,133641.4843750000,144830.6406250000,,,
5.8279999907,45,147214.2968750000,190868.4843750000,170906.4062500000,148614.2187500000,120010.3125000000,152081.5468750000,133413.6093750000,144701.1406250000,,,
5.8319999906,45,146594.7031250000,194239.7343750000,169819.6875000000,147916.2812500000,119405.3671875000,151498.1093750000,132848.8593750000,144289.0312500000,,,
5.8359999906,45,146472.6093750000,198478.6093750000,169326.2500000000,147773.9375000000,119283.3515625000,151376.5468750000,132729.9375000000,144169.3906250000,,,
5.8399999905,45,147001.6562500000,197751.4687500000,170006.5312500000,148351.4531250000,119803.2656250000,151877.3906250000,133205.4843750000,144490.3281250000,,,
5.8439999905,45,147467.2812500000,193045.6562500000,170943.0468750000,148874.5781250000,120259.9687500000,152320.3906250000,133632.2656250000,144823.7812500000,,,
5.8479999907,45,147225.4531250000,190871.3593750000,170922.0000000000,148616.7500000000,120019.7500000000,152092.1875000000,133414.4687500000,144708.0156250000,,,
5.8519999906,45,146611.7343750000,194208.2968750000,169844.2031250000,147920.7656250000,119417.7031250000,151511.3281250000,132854.4687500000,144302.0000000000,,,
5.8559999906,45,146487.8750000000,198464.8281250000,169344.2187500000,147778.3593750000,119293.2734375000,151386.9062500000,132734.5781250000,144184.9218750000,,,
5.8599999906,45,147016.4843750000,197790.2500000000,170021.6093750000,148359.2500000000,119811.0468750000,151885.3593750000,133210.1250000000,144509.2812500000,,,
5.8639999905,45,147482.4687500000,193106.3593750000,170961.4218750000,148884.0000000000,120269.3046875000,152326.8593750000,133638.8281250000,144842.2031250000,,,
5.8679999905,45,147248.0937500000,190886.9687500000,170947.6406250000,148633.0000000000,120040.4843750000,152107.2343750000,133435.4687500000,144731.5937500000,,,
5.8719999907,45,146631.6875000000,194179.9375000000,169872.1250000000,147937.2031250000,119440.1250000000,151523.4062500000,132876.3906250000,144323.7656250000,,,
5.8759999906,45,146496.5312500000,198439.7500000000,169357.1875000000,147785.3593750000,119306.1718750000,151387.8906250000,132740.6406250000,144193.5937500000,,,
5.8799999906,45,147017.9062500000,197816.1875000000,170028.4687500000,148357.6093750000,119817.8046875000,151880.5156250000,133207.5625000000,144508.4531250000,,,
5.8839999905,45,147493.7500000000,193149.6875000000,170973.2812500000,148894.1562500000,120283.9765625000,152333.9062500000,133643.4375000000,144848.8593750000,,,
5.8879999905,46,147265.3125000000,190902.3906250000,170970.6718750000,148652.2812500000,120058.6718750000,152118.6093750000,133438.2812500000,144743.9843750000,,,
5.8919999904,46,146646.8281250000,194147.7343750000,169890.4218750000,147956.7343750000,119454.1796875000,151531.5000000000,132878.3750000000,144334.1093750000,,,
5.8959999904,46,146502.8906250000,198419.0156250000,169363.3125000000,147793.0625000000,119316.7187500000,151391.1875000000,132740.7500000000,144198.7343750000,,,
5.8999999904,46,147017.9843750000,197844.9687500000,170024.7500000000,148354.5000000000,119825.1015625000,151878.9218750000,133207.9531250000,144511.2656250000,,,
5.9039999903,46,147496.2812500000,193189.1875000000,170971.2343750000,148895.2343750000,120293.1718750000,152335.0156250000,133653.3125000000,144853.9843750000,,,
5.9079999903,46,147268.5625000000,190901.1093750000,170977.9218750000,148653.9218750000,120065.2109375000,152124.9375000000,133455.4218750000,144746.7968750000,,,
5.9119999905,46,146649.6406250000,194112.1875000000,169897.5468750000,147959.6250000000,119457.5859375000,151540.6406250000,132894.4062500000,144337.0156250000,,,
5.9159999904,46,146494.7656250000,198401.9843750000,169355.3125000000,147790.1093750000,119306.3125000000,151390.2031250000,132749.2500000000,144193.8906250000,,,
5.9199999904,46,146996.3437500000,197872.7812500000,170002.7968750000,148345.8593750000,119798.2031250000,151867.8437500000,133201.8906250000,144491.9531250000,,,
5.9239999903,46,147468.7812500000,193231.1875000000,170945.1093750000,148882.1406250000,120260.3203125000,152325.2500000000,133636.0625000000,144826.9218750000,,,
5.9279999903,46,147252.0625000000,190890.0468750000,170959.4687500000,148651.5625000000,120047.2734375000,152124.7187500000,133445.3593750000,144728.9062500000,,,
5.9319999905,46,146632.5312500000,194054.0468750000,169883.1250000000,147946.8906250000,119440.7421875000,151536.8437500000,132881.7968750000,144318.7968750000,,,
5.9359999904,46,146482.2343750000,198353.5156250000,169333.7187500000,147765.6718750000,119293.0859375000,151388.2187500000,132736.5625000000,144180.3906250000,,,
5.9399999904,46,146990.6250000000,197876.6250000000,169980.7812500000,148329.8750000000,119791.8984375000,151864.8125000000,133193.5312500000,144488.5781250000,,,
5.9439999904,46,147469.0468750000,193255.6875000000,170932.9687500000,148874.4687500000,120259.6484375000,152317.4687500000,133630.0625000000,144827.9687500000,,,
5.9479999903,46,147255.1250000000,190887.5625000000,170966.5000000000,148646.9218750000,120049.4140625000,152120.1093750000,133440.9843750000,144733.5156250000,,,
5.9519999903,46,146638.9687500000,194019.6562500000,169894.6562500000,147950.3750000000,119445.8671875000,151539.7343750000,132880.2968750000,144328.4531250000,,,
5.9559999905,46,146485.4843750000,198332.6406250000,169333.6718750000,147776.0000000000,119294.8046875000,151388.5312500000,132733.6093750000,144187.7656250000,,,
5.9599999904,46,146986.2343750000,197904.9218750000,169974.6406250000,148329.6718750000,119786.5625000000,151861.7343750000,133184.2187500000,144485.8437500000,,,
5.9639999904,46,147471.3906250000,193307.3906250000,170938.1406250000,148875.1406250000,120260.2890625000,152321.2968750000,133623.1406250000,144830.7187500000,,,
5.9679999903,46,147263.4375000000,190904.1562500000,170980.9218750000,148655.0156250000,120052.5781250000,152126.3125000000,133437.4687500000,144738.1406250000,,,
5.9719999903,46,146644.0000000000,193982.9062500000,169904.2343750000,147958.1562500000,119447.6093750000,151543.3750000000,132878.3750000000,144328.0468750000,,,
5.9759999905,46,146476.3906250000,198295.1562500000,169328.7031250000,147766.4843750000,119285.3359375000,151380.4375000000,132724.3281250000,144178.1406250000,,,
5.9799999904,46,146976.3593750000,197912.4062500000,169964.6562500000,148316.9062500000,119780.4140625000,151856.1250000000,133180.3281250000,144483.5156250000,,,
5.9839999904,46,147461.5937500000,193333.7656250000,170929.7968750000,148865.9531250000,120258.8437500000,152315.6718750000,133628.4531250000,144826.9218750000,,,
5.9879999903,46,147260.4375000000,190900.4062500000,170986.3125000000,148658.0781250000,120058.8593750000,152124.1562500000,133449.4687500000,144734.3281250000,,,
5.9919999903,46,146641.3750000000,193930.7656250000,169913.9375000000,147960.2500000000,119453.2968750000,151542.5312500000,132889.0937500000,144324.2187500000,,,
5.9959999903,46,146473.8125000000,198238.9375000000,169325.1093750000,147764.3437500000,119287.9375000000,151377.8906250000,132729.2343750000,144172.9687500000,,,
5.9999999905,46,146966.4531250000,197899.5000000000,169949.4062500000,148310.4843750000,119769.5000000000,151841.9687500000,133170.8437500000,144469.1093750000,,,
6.0039999904,46,147452.1250000000,193363.8281250000,170918.3750000000,148862.0000000000,120243.9296875000,152308.2187500000,133615.8750000000,144816.3750000000,,,
6.0079999904,46,147257.2656250000,190904.3281250000,170981.7031250000,148657.9687500000,120049.7343750000,152126.4375000000,133443.1875000000,144730.7656250000,,,
6.0119999903,46,146642.9375000000,193884.2500000000,169907.7656250000,147967.5156250000,119448.6015625000,151546.2500000000,132885.4843750000,144323.4843750000,,,
6.0159999903,47,146468.2187500000,198183.5625000000,169308.2656250000,147765.2812500000,119279.4843750000,151376.4218750000,132719.5000000000,144168.7343750000,,,
6.0199999902,47,146958.7031250000,197892.8125000000,169931.9375000000,148307.0000000000,119764.7031250000,151837.1718750000,133161.3437500000,144462.3437500000,,,
6.0239999902,47,147453.8437500000,193396.2031250000,170914.7500000000,148865.4843750000,120252.6171875000,152304.5468750000,133621.8281250000,144813.1093750000,,,
6.0279999902,47,147272.5000000000,190918.5156250000,171002.2812500000,148664.8906250000,120071.7343750000,152128.3750000000,133463.2500000000,144738.4218750000,,,
6.0319999901,47,146667.5468750000,193845.5312500000,169935.6406250000,147971.4062500000,119478.1875000000,151554.9218750000,132913.1250000000,144342.0468750000,,,
6.0359999901,47,146484.0625000000,198131.8281250000,169317.9218750000,147763.3750000000,119298.7421875000,151378.1093750000,132740.7656250000,144183.4843750000,,,
6.0399999903,47,146964.6406250000,197887.4843750000,169931.0000000000,148299.3906250000,119772.6640625000,151831.6718750000,133173.1250000000,144471.1406250000,,,
6.0439999902,47,147463.5000000000,193435.1718750000,170921.4375000000,148862.7343750000,120260.2343750000,152308.8281250000,133626.9531250000,144827.1250000000,,,
6.0479999902,47,147282.5625000000,190940.1250000000,171017.4531250000,148673.0156250000,120078.4609375000,152140.5000000000,133470.4062500000,144751.7656250000,,,
6.0519999901,47,146676.0625000000,193808.0312500000,169946.2031250000,147984.5781250000,119483.2812500000,151567.2812500000,132915.1093750000,144350.4218750000,,,
6.0559999901,47,146495.1406250000,198078.2343750000,169318.7031250000,147775.0156250000,119306.1718750000,151390.2343750000,132739.8593750000,144193.2500000000,,,
6.0599999903,47,146971.8281250000,197888.1718750000,169934.6250000000,148306.7031250000,119776.2343750000,151839.4375000000,133171.4062500000,144482.5937500000,,,
6.0639999902,47,147461.1875000000,193483.4218750000,170931.4843750000,148867.3437500000,120257.8750000000,152309.0468750000,133624.9375000000,144832.5000000000,,,
6.0679999902,47,147278.7187500000,190971.0000000000,171036.3125000000,148675.8281250000,120081.2812500000,152142.2968750000,133472.5000000000,144752.9687500000,,,
6.0719999901,47,146677.7812500000,193776.2968750000,169958.5468750000,147988.2812500000,119493.8203125000,151573.6093750000,132925.3593750000,144352.8593750000,,,
6.0759999901,47,146490.3125000000,198025.7500000000,169313.2031250000,147767.7187500000,119308.1093750000,151388.2187500000,132742.3593750000,144186.1875000000,,,
6.0799999901,47,146965.1250000000,197867.8281250000,169921.0781250000,148290.5625000000,119773.3359375000,151831.0000000000,133169.6875000000,144469.5937500000,,,
6.0839999903,47,147455.5000000000,193508.2968750000,170933.1562500000,148854.2812500000,120253.2109375000,152296.4062500000,133617.6875000000,144818.0937500000,,,
6.0879999902,47,147282.3750000000,190996.1093750000,171054.5468750000,148675.4062500000,120082.4843750000,152139.2031250000,133468.2656250000,144747.6875000000,,,
6.0919999902,47,146681.9843750000,193756.4531250000,169975.9531250000,147991.9531250000,119494.1718750000,151576.1875000000,132922.4843750000,144349.7968750000,,,
6.0959999901,47,146491.5156250000,197968.1875000000,169308.9218750000,147773.6718750000,119305.3671875000,151392.9062500000,132745.6562500000,144187.0000000000,,,
6.0999999901,47,146950.2812500000,197850.3906250000,169903.1875000000,148286.3437500000,119755.2031250000,151826.0000000000,133162.2500000000,144463.5781250000,,,
6.1039999903,47,147434.7968750000,193546.4375000000,170914.6406250000,148841.8281250000,120231.0781250000,152287.0312500000,133608.7343750000,144808.4843750000,,,
6.1079999902,47,147269.5156250000,191021.6718750000,171049.8906250000,148665.9687500000,120068.7812500000,152131.7187500000,133460.5937500000,144738.7500000000,,,
6.1119999902,47,146674.7968750000,193717.6406250000,169972.9218750000,147983.4218750000,119488.1328125000,151568.4531250000,132913.1562500000,144342.3750000000,,,
6.1159999901,47,146487.2500000000,197904.8125000000,169296.7343750000,147762.2656250000,119302.8515625000,151385.1250000000,132737.0468750000,144181.4375000000,,,
6.1199999901,47,146943.1562500000,197834.9843750000,169890.2031250000,148275.1562500000,119748.3671875000,151815.8906250000,133154.5625000000,144454.8906250000,,,
6.1239999901,47,147432.8125000000,193588.2187500000,170914.2187500000,148842.2343750000,120229.3125000000,152283.5937500000,133605.4375000000,144802.9843750000,,,
6.1279999902,47,147276.7187500000,191047.2343750000,171062.5156250000,148677.4375000000,120076.4531250000,152140.1718750000,133468.9687500000,144743.7656250000,,,
6.1319999902,47,146685.0937500000,193665.7343750000,169984.3437500000,147999.7812500000,119501.7890625000,151586.3750000000,132934.4531250000,144355.0625000000,,,
6.1359999902,47,146481.1718750000,197805.0781250000,169284.8593750000,147763.3906250000,119301.6718750000,151389.3437500000,132742.6250000000,144182.8125000000,,,
6.1399999901,47,146926.1406250000,197763.2656250000,169868.9531250000,148266.2343750000,119734.8750000000,151806.3125000000,133136.1250000000,144448.4531250000,,,
6.1439999901,48,147412.2656250000,193563.2031250000,170902.3125000000,148825.3906250000,120208.7656250000,152266.2968750000,133573.4687500000,144791.7187500000,,,
6.1479999900,48,147265.3906250000,191010.0781250000,171067.1875000000,148678.5156250000,120066.1796875000,152123.5468750000,133447.3125000000,144734.9375000000,,,
6.1519999900,48,146679.8593750000,193557.1093750000,169989.1250000000,148000.0000000000,119497.6875000000,151567.0937500000,132923.0000000000,144345.4062500000,,,
6.1559999899,48,146486.6093750000,197657.2656250000,169280.5625000000,147769.9375000000,119307.0312500000,151373.8906250000,132741.8750000000,144182.1093750000,,,
6.1599999899,48,146935.0468750000,197654.0156250000,169864.0781250000,148278.9687500000,119742.4609375000,151788.9375000000,133136.5625000000,144452.7187500000,,,
6.1639999899,48,147415.2812500000,193523.1562500000,170904.2968750000,148835.5000000000,120209.1406250000,152251.3437500000,133569.2812500000,144791.7812500000,,,
6.1679999901,48,147270.1718750000,190986.3906250000,171077.7187500000,148674.7343750000,120065.0781250000,152123.2500000000,133446.7812500000,144734.3593750000,,,
6.1719999900,48,146692.2031250000,193478.0312500000,169994.0781250000,148004.9531250000,119501.8984375000,151575.7343750000,132925.0937500000,144348.2500000000,,,
6.1759999900,48,146481.4687500000,197543.7500000000,169261.5156250000,147753.7343750000,119295.3125000000,151371.6406250000,132732.6406250000,144170.4375000000,,,
6.1799999899,48,146920.5156250000,197577.7968750000,169838.7656250000,148246.7031250000,119724.0625000000,151783.0156250000,133131.2187500000,144435.4531250000,,,
6.1839999899,48,147405.4843750000,193506.6875000000,170896.3281250000,148809.0625000000,120196.9609375000,152246.6093750000,133574.5156250000,144781.7500000000,,,
6.1879999901,48,147276.6250000000,190960.6718750000,171092.6406250000,148674.4843750000,120070.7968750000,152128.0468750000,133464.5625000000,144740.0312500000,,,
6.1919999900,48,146699.6406250000,193377.8281250000,170007.9843750000,148004.7968750000,119510.0468750000,151584.7343750000,132940.0625000000,144357.8437500000,,,
6.1959999900,48,146493.1093750000,197393.0156250000,169265.1718750000,147759.6093750000,119310.1953125000,151384.0625000000,132743.3750000000,144188.3593750000,,,
6.1999999899,48,146922.0937500000,197471.1250000000,169835.9375000000,148245.9531250000,119728.8359375000,151785.3125000000,133121.8125000000,144449.5000000000,,,
6.2039999899,48,147406.3906250000,193492.6250000000,170904.1875000000,148804.4375000000,120204.5781250000,152244.6718750000,133566.4843750000,144795.2656250000,,,
6.2079999899,48,147281.1562500000,190984.5781250000,171114.6562500000,148676.5312500000,120082.8593750000,152132.1562500000,133466.0937500000,144755.5625000000,,,
6.2119999900,48,146706.5468750000,193351.4375000000,170024.0156250000,148008.0937500000,119527.0000000000,151594.8281250000,132951.1093750000,144370.4375000000,,,
6.2159999900,48,146487.7343750000,197319.1406250000,169252.0000000000,147751.6562500000,119313.5781250000,151385.3125000000,132751.1718750000,144184.0156250000,,,
6.2199999900,48,146906.6406250000,197450.5000000000,169813.5468750000,148234.7500000000,119723.7421875000,151777.8906250000,133130.3906250000,144435.6562500000,,,
6.2239999899,48,147392.4687500000,193564.8906250000,170899.7343750000,148800.7656250000,120198.9765625000,152241.3437500000,133577.1875000000,144783.5781250000,,,
6.2279999899,48,147273.1718750000,191079.1406250000,171129.3593750000,148677.2812500000,120080.6093750000,152130.1093750000,133474.8593750000,144745.6718750000,,,
6.2319999901,48,146709.7968750000,193380.4062500000,170036.8906250000,148017.0781250000,119530.5156250000,151598.1718750000,132959.4843750000,144368.0156250000,,,
6.2359999900,48,146491.1718750000,197291.1250000000,169243.4375000000,147757.1250000000,119315.9140625000,151385.3437500000,132752.1406250000,144183.0781250000,,,
6.2399999900,48,146904.2812500000,197450.0937500000,169795.7031250000,148227.8281250000,119718.8359375000,151768.2031250000,133125.8281250000,144429.0625000000,,,
6.2439999899,48,147393.9531250000,193655.8906250000,170897.4062500000,148798.1406250000,120195.3515625000,152234.0468750000,133574.8125000000,144781.9687500000,,,
6.2479999899,48,147280.8750000000,191209.7500000000,171144.1562500000,148679.8593750000,120081.8671875000,152137.8125000000,133475.7812500000,144752.1406250000,,,
6.2519999899,48,146722.0625000000,193434.6093750000,170039.9531250000,148027.5468750000,119537.9687500000,151616.0625000000,132969.8125000000,144377.2656250000,,,
6.2559999900,48,146504.0937500000,197269.0937500000,169223.4062500000,147771.1250000000,119323.9296875000,151408.2187500000,132767.9218750000,144194.3437500000,,,
6.2599999900,48,146908.7968750000,197456.5781250000,169775.9218750000,148239.2812500000,119718.2187500000,151786.7343750000,133132.5312500000,144438.7968750000,,,
6.2639999900,48,147384.8281250000,193734.6718750000,170894.2343750000,148801.1406250000,120181.8906250000,152237.4531250000,133568.9531250000,144778.7968750000,,,
6.2679999899,48,147275.4218750000,191292.5468750000,171161.4843750000,148689.1875000000,120074.4140625000,152136.5312500000,133477.0937500000,144746.0468750000,,,
6.2719999899,49,146721.1250000000,193442.3593750000,170059.0468750000,148038.9218750000,119537.3828125000,151614.7812500000,132974.9218750000,144373.7031250000,,,
6.2759999898,49,146496.0468750000,197211.9687500000,169219.2500000000,147767.2812500000,119318.9140625000,151397.7187500000,132765.0156250000,144184.1562500000,,,
6.2799999898,49,146896.2187500000,197426.6718750000,169761.2656250000,148224.7968750000,119711.1875000000,151770.0312500000,133120.5781250000,144426.0625000000,,,
6.2839999897,49,147382.5781250000,193796.1406250000,170896.4375000000,148795.2656250000,120184.1718750000,152231.0468750000,133561.6562500000,144776.4843750000,,,
6.2879999897,49,147280.6250000000,191394.5781250000,171181.9843750000,148690.2031250000,120080.5859375000,152138.0312500000,133475.7500000000,144748.0781250000,,,
6.2919999897,49,146733.1562500000,193495.5781250000,170075.2968750000,148043.8281250000,119551.8906250000,151627.3281250000,132981.0156250000,144379.5156250000,,,
6.2959999898,49,146513.6250000000,197220.1406250000,169218.3906250000,147773.1093750000,119340.1562500000,151418.7343750000,132771.0468750000,144199.8437500000,,,
6.2999999898,49,146904.6875000000,197472.4843750000,169755.5000000000,148221.8906250000,119721.7812500000,151785.7187500000,133116.9531250000,144439.1406250000,,,
6.3039999898,49,147376.2500000000,193910.0000000000,170898.2656250000,148779.7968750000,120182.5312500000,152236.6562500000,133553.3281250000,144778.6875000000,,,
6.3079999897,49,147279.2812500000,191503.1718750000,171195.6562500000,148682.4843750000,120086.1875000000,152147.2343750000,133478.6718750000,144753.1250000000,,,
6.3119999897,49,146736.6406250000,193537.4531250000,170090.1875000000,148041.0000000000,119561.7343750000,151632.1406250000,132992.1250000000,144383.6250000000,,,
6.3159999899,49,146504.5000000000,197212.6875000000,169212.4375000000,147763.2031250000,119334.8203125000,151404.8437500000,132772.9843750000,144187.6093750000,,,
6.3199999898,49,146886.5781250000,197483.6406250000,169734.4531250000,148209.0468750000,119701.7187500000,151760.2187500000,133109.6562500000,144419.8437500000,,,
6.3239999898,49,147359.8906250000,193951.3125000000,170883.8281250000,148764.4218750000,120158.9296875000,152205.7500000000,133540.0781250000,144758.7812500000,,,
6.3279999897,49,147275.7656250000,191532.7968750000,171200.0000000000,148678.3750000000,120072.6953125000,152132.1250000000,133468.8281250000,144743.5312500000,,,
6.3319999897,49,146737.1875000000,193502.6093750000,170096.4062500000,148035.6406250000,119551.6796875000,151632.4375000000,132983.7500000000,144378.0781250000,,,
6.3359999896,49,146485.8281250000,197132.0937500000,169193.5312500000,147747.0312500000,119309.1562500000,151390.7656250000,132750.4218750000,144164.1875000000,,,
6.3399999898,49,146873.4375000000,197430.5156250000,169712.3125000000,148199.1250000000,119686.8359375000,151753.3750000000,133097.0000000000,144403.2031250000,,,
6.3439999898,49,147356.2656250000,193955.9531250000,170878.0156250000,148769.0312500000,120156.7578125000,152210.7187500000,133538.6562500000,144755.6562500000,,,
6.3479999898,49,147272.6875000000,191553.0156250000,171211.0781250000,148685.0312500000,120074.3046875000,152133.3281250000,133465.6875000000,144742.9687500000,,,
6.3519999897,49,146737.1875000000,193490.1875000000,170108.5625000000,148050.9375000000,119555.4062500000,151634.7187500000,132976.3750000000,144380.8906250000,,,
6.3559999897,49,146501.4375000000,197103.9531250000,169205.4687500000,147767.3125000000,119327.5781250000,151411.2812500000,132757.9062500000,144184.7343750000,,,
6.3599999899,49,146872.8750000000,197453.1562500000,169719.1875000000,148204.6250000000,119689.7578125000,151757.9843750000,133097.7812500000,144409.7812500000,,,
6.3639999898,49,147343.8437500000,194024.4843750000,170883.5312500000,148764.2343750000,120148.2265625000,152200.4375000000,133533.6093750000,144748.4062500000,,,
6.3679999898,49,147261.6093750000,191604.2656250000,171225.7500000000,148681.9218750000,120065.5078125000,152127.7343750000,133467.4375000000,144734.4531250000,,,
6.3719999897,49,146726.9375000000,193491.9375000000,170126.4531250000,148043.7656250000,119547.6015625000,151631.1406250000,132980.1093750000,144374.5312500000,,,
6.3759999897,49,146494.5000000000,197086.6250000000,169208.4375000000,147760.6562500000,119321.9218750000,151407.9062500000,132761.6875000000,144182.6250000000,,,
6.3799999896,49,146866.3593750000,197465.3593750000,169716.9062500000,148189.9531250000,119680.3203125000,151751.4687500000,133092.8125000000,144408.0625000000,,,
6.3839999898,49,147350.2500000000,194084.4062500000,170902.2500000000,148754.8281250000,120148.8750000000,152207.1718750000,133533.2812500000,144760.0000000000,,,
6.3879999898,49,147288.5937500000,191641.4218750000,171267.5781250000,148689.3281250000,120088.6562500000,152153.9843750000,133484.1718750000,144762.9375000000,,,
6.3919999897,49,146763.4687500000,193450.3593750000,170170.7343750000,148063.0000000000,119583.1640625000,151665.2343750000,133014.3281250000,144407.9062500000,,,
6.3959999897,49,146523.5781250000,197002.5468750000,169235.2343750000,147768.7656250000,119350.6171875000,151435.2812500000,132792.8125000000,144209.9062500000,,,
6.3999999897,50,146874.8281250000,197427.5156250000,169734.5781250000,148192.1562500000,119692.7109375000,151759.2187500000,133109.0468750000,144416.1875000000,,,
6.4039999896,50,147342.9062500000,194111.4062500000,170922.3125000000,148758.1718750000,120146.2968750000,152201.0000000000,133535.4531250000,144747.6875000000,,,
6.4079999896,50,147274.1562500000,191669.9843750000,171293.2656250000,148692.9687500000,120074.1484375000,152139.9062500000,133475.0781250000,144736.6875000000,,,
6.4119999895,50,146754.0781250000,193359.2656250000,170186.0468750000,148069.7656250000,119567.1015625000,151650.5937500000,132997.6718750000,144381.2656250000,,,
6.4159999895,50,146510.9687500000,196760.5312500000,169227.5312500000,147769.6718750000,119326.8828125000,151415.6562500000,132763.8125000000,144184.4687500000,,,
6.4199999894,50,146869.0937500000,197090.7812500000,169719.8281250000,148187.4843750000,119672.2421875000,151750.0000000000,133084.4218750000,144409.7812500000,,,
6.4239999896,50,147345.7031250000,193726.7343750000,170921.5937500000,148757.5625000000,120136.1328125000,152204.5937500000,133523.6093750000,144761.7031250000,,,
6.4279999896,50,147283.9843750000,191194.8125000000,171312.2031250000,148699.3593750000,120078.4375000000,152156.7500000000,133478.9218750000,144766.0000000000,,,
6.4319999896,50,146769.6875000000,192740.8281250000,170209.7343750000,148076.1718750000,119584.0781250000,151679.8281250000,133017.4375000000,144419.1875000000,,,
6.4359999895,50,146527.8437500000,196008.9687500000,169233.8437500000,147780.3437500000,119349.5703125000,151444.2812500000,132793.2031250000,144218.5625000000,,,
6.4399999895,50,146880.8750000000,196349.5625000000,169720.1718750000,148200.8906250000,119690.2421875000,151763.5156250000,133103.3281250000,144428.7656250000,,,
6.4439999897,50,147351.7031250000,193175.8906250000,170939.3281250000,148772.5468750000,120147.4531250000,152202.4843750000,133525.9687500000,144765.7031250000,,,
6.4479999896,50,147297.0937500000,190861.1093750000,171348.9531250000,148711.6406250000,120095.2265625000,152152.9218750000,133484.7968750000,144763.6093750000,,,
6.4519999896,50,146787.8593750000,192497.9375000000,170245.0937500000,148089.3437500000,119604.7343750000,151680.0156250000,133023.3437500000,144414.7187500000,,,
6.4559999895,50,146540.3593750000,195813.7343750000,169244.9375000000,147785.7968750000,119366.5546875000,151443.4687500000,132800.9843750000,144211.4062500000,,,
6.4599999895,50,146882.6406250000,196303.4687500000,169718.6250000000,148194.1406250000,119698.4218750000,151759.1406250000,133113.0625000000,144422.7656250000,,,
6.4639999894,50,147349.8750000000,193326.4843750000,170944.9843750000,148757.9062500000,120149.6250000000,152199.9062500000,133542.4843750000,144766.8281250000,,,
6.4679999896,50,147307.6406250000,191105.8437500000,171375.9062500000,148711.8281250000,120107.7812500000,152164.9375000000,133513.1718750000,144781.4843750000,,,
6.4719999896,50,146802.5000000000,192699.6562500000,170270.4375000000,148096.2812500000,119619.8593750000,151693.2656250000,133054.1875000000,144431.8281250000,,,
6.4759999895,50,146549.4843750000,195942.6093750000,169247.6250000000,147787.0312500000,119375.9140625000,151453.5000000000,132817.4843750000,144222.7968750000,,,
6.4799999895,50,146877.6250000000,196429.5468750000,169705.5937500000,148184.9062500000,119693.4296875000,151756.2187500000,133112.7187500000,144424.3906250000,,,
6.4839999895,50,147333.9687500000,193508.2968750000,170933.1562500000,148743.7500000000,120133.3125000000,152186.3906250000,133529.0781250000,144755.2500000000,,,
6.4879999897,50,147293.1562500000,191311.0312500000,171375.0156250000,148709.6250000000,120093.3203125000,152154.4375000000,133498.4687500000,144765.7031250000,,,
6.4919999896,50,146796.8593750000,192861.7968750000,170273.2500000000,148098.4062500000,119616.6406250000,151695.7031250000,133046.0312500000,144427.0312500000,,,
6.4959999896,50,146541.8593750000,196054.7343750000,169231.3437500000,147778.1562500000,119369.3437500000,151457.6562500000,132805.5000000000,144220.6093750000,,,
6.4999999895,50,146859.0937500000,196521.0781250000,169673.2343750000,148161.5468750000,119673.9296875000,151754.0625000000,133083.6093750000,144413.4062500000,,,
6.5039999895,50,147324.0000000000,193580.1718750000,170913.9531250000,148732.1250000000,120124.3828125000,152193.4687500000,133501.3125000000,144754.1718750000,,,
6.5079999894,50,147291.4687500000,191336.7812500000,171376.1406250000,148705.1562500000,120091.8750000000,152159.4531250000,133464.8125000000,144768.0625000000,,,
6.5119999896,50,146802.0937500000,192801.2031250000,170281.8281250000,148104.4687500000,119616.0234375000,151696.7812500000,133026.7500000000,144427.1562500000,,,
6.5159999896,50,146540.9531250000,195929.2500000000,169224.2968750000,147791.1250000000,119361.1328125000,151444.9375000000,132793.3906250000,144210.0937500000,,,
6.5199999895,50,146854.5781250000,196443.0781250000,169656.4531250000,148172.7031250000,119665.6718750000,151734.5156250000,133084.3906250000,144398.4375000000,,,
6.5239999895,50,147312.5468750000,193620.6718750000,170898.7968750000,148733.2343750000,120109.7421875000,152159.1406250000,133504.1093750000,144729.9843750000,,,
6.5279999895,51,147285.3281250000,191438.7812500000,171378.9062500000,148710.5625000000,120083.5625000000,152131.5937500000,133482.7187500000,144753.0000000000,,,
6.5319999894,51,146803.4687500000,192881.0312500000,170294.6250000000,148111.0468750000,119623.2968750000,151689.1093750000,133046.5468750000,144426.1406250000,,,
6.5359999894,51,146540.4687500000,195962.0781250000,169225.1718750000,147785.1718750000,119372.2890625000,151449.2343750000,132803.1875000000,144211.3281250000,,,
6.5399999893,51,146853.8281250000,196472.4843750000,169649.6562500000,148162.3281250000,119673.9609375000,151738.6250000000,133087.1250000000,144400.9218750000,,,
6.5439999893,51,147317.9687500000,193685.6093750000,170903.2500000000,148730.2031250000,120122.2890625000,152171.3750000000,133516.9531250000,144741.0312500000,,,
6.5479999892,51,147289.2656250000,191516.5312500000,171394.6562500000,148712.2343750000,120093.8359375000,152146.8750000000,133495.4687500000,144761.2031250000,,,
6.5519999894,51,146807.8281250000,192918.6875000000,170309.7343750000,148115.9531250000,119630.5078125000,151699.0312500000,133058.5625000000,144429.5781250000,,,
6.5559999894,51,146555.2031250000,195948.8906250000,169229.8125000000,147790.9687500000,119386.5859375000,151460.0156250000,132823.2187500000,144223.7656250000,,,
6.5599999893,51,146861.5000000000,196449.0156250000,169642.5312500000,148160.7656250000,119680.3203125000,151739.4843750000,133084.4218750000,144409.5156250000,,,
6.5639999893,51,147324.3750000000,193699.5625000000,170902.4375000000,148727.0625000000,120127.3906250000,152174.3125000000,133492.6562500000,144747.6093750000,,,
6.5679999893,51,147306.5156250000,191548.3281250000,171418.9062500000,148720.0312500000,120108.7734375000,152159.0781250000,133490.7656250000,144777.2968750000,,,
6.5719999894,51,146827.1250000000,192900.0468750000,170340.5156250000,148130.5156250000,119646.0625000000,151709.8437500000,133071.6250000000,144446.2812500000,,,
6.5759999894,51,146568.3593750000,195860.7500000000,169240.9531250000,147808.0625000000,119395.3046875000,151463.4531250000,132832.9062500000,144233.0937500000,,,
6.5799999894,51,146869.8125000000,196371.5468750000,169640.1875000000,148164.5468750000,119684.4218750000,151741.4062500000,133098.7187500000,144418.1406250000,,,
6.5839999893,51,147320.4531250000,193685.9375000000,170897.9062500000,148722.1250000000,120121.1093750000,152166.6250000000,133510.8125000000,144749.9062500000,,,
6.5879999893,51,147291.8593750000,191572.6406250000,171414.3750000000,148710.0781250000,120093.9140625000,152149.3437500000,133494.1718750000,144770.8906250000,,,
6.5919999892,51,146810.7343750000,192889.4531250000,170333.1093750000,148119.9375000000,119630.5625000000,151706.3750000000,133057.2187500000,144437.2187500000,,,
6.5959999894,51,146551.3906250000,195796.4062500000,169214.5000000000,147794.1093750000,119376.5859375000,151457.4687500000,132812.5156250000,144223.6875000000,,,
6.5999999894,51,146845.7656250000,196326.0937500000,169602.2656250000,148153.5781250000,119655.8281250000,151724.6406250000,133069.1250000000,144400.0156250000,,,
6.6039999893,51,147293.5000000000,193723.2656250000,170868.8906250000,148714.8593750000,120087.8281250000,152146.3906250000,133478.7031250000,144726.4375000000,,,
6.6079999893,51,147274.4375000000,191654.5312500000,171408.8750000000,148709.2812500000,120069.9921875000,152134.0625000000,133467.5468750000,144750.1718750000,,,
6.6119999893,51,146803.7343750000,192919.4687500000,170338.5625000000,148118.7343750000,119619.6484375000,151700.1093750000,133041.6406250000,144422.6250000000,,,
6.6159999894,51,146535.8593750000,195749.3281250000,169207.5781250000,147780.8281250000,119361.3515625000,151444.4687500000,132792.6718750000,144202.7343750000,,,
6.6199999894,51,146829.3437500000,196265.2031250000,169589.2343750000,148137.3593750000,119643.5937500000,151712.4375000000,133054.5937500000,144382.3906250000,,,
6.6239999894,51,147283.5781250000,193726.5625000000,170867.8906250000,148699.0312500000,120081.2812500000,152136.5468750000,133469.7968750000,144715.0937500000,,,
6.6279999893,51,147280.4375000000,191704.0156250000,171433.3125000000,148703.2187500000,120080.1562500000,152135.1250000000,133471.6406250000,144753.3437500000,,,
6.6319999893,51,146817.9531250000,192930.7343750000,170373.4531250000,148125.8437500000,119640.4062500000,151701.2812500000,133051.2656250000,144429.6250000000,,,
6.6359999892,51,146559.9687500000,195701.5312500000,169225.8281250000,147799.6093750000,119390.2656250000,151453.3906250000,132819.5468750000,144215.8593750000,,,
6.6399999894,51,146844.4218750000,196246.6093750000,169591.7812500000,148148.1562500000,119659.5546875000,151711.3750000000,133069.0781250000,144388.7812500000,,,
6.6439999894,51,147292.0781250000,193807.4843750000,170879.1093750000,148705.9531250000,120092.6015625000,152132.3906250000,133472.9687500000,144718.5468750000,,,
6.6479999893,51,147287.2500000000,191840.6250000000,171456.8593750000,148715.5312500000,120091.1796875000,152134.8906250000,133486.3437500000,144756.1093750000,,,
6.6519999893,51,146828.5937500000,193021.9843750000,170391.7187500000,148137.4062500000,119652.1796875000,151716.1093750000,133077.2812500000,144438.3125000000,,,
6.6559999892,52,146554.4687500000,195728.9218750000,169222.3125000000,147794.1093750000,119385.3515625000,151460.4218750000,132819.6250000000,144214.9218750000,,,
6.6599999892,52,146831.2812500000,196281.2968750000,169578.4531250000,148140.4375000000,119649.4453125000,151717.6718750000,133063.6093750000,144385.0156250000,,,
6.6639999892,52,147275.1250000000,193901.3437500000,170867.6875000000,148693.0000000000,120077.5000000000,152139.5312500000,133469.9843750000,144713.2187500000,,,
6.6679999891,52,147269.5000000000,191955.4218750000,171454.5000000000,148703.5468750000,120075.1640625000,152139.9843750000,133480.2500000000,144746.4218750000,,,
6.6719999891,52,146811.8906250000,193090.8593750000,170392.9375000000,148131.0781250000,119639.7890625000,151717.5312500000,133072.9843750000,144428.0937500000,,,
6.6759999890,52,146544.5000000000,195742.8593750000,169211.8437500000,147787.7500000000,119381.4687500000,151464.2500000000,132825.7656250000,144210.4375000000,,,
6.6799999892,52,146818.2656250000,196295.1093750000,169557.4531250000,148125.6562500000,119644.3515625000,151711.0156250000,133068.2656250000,144378.0468750000,,,
6.6839999892,52,147265.1250000000,193956.2812500000,170858.0000000000,148689.3750000000,120077.1796875000,152128.8750000000,133478.1093750000,144709.1875000000,,,
6.6879999891,52,147264.7812500000,192035.2812500000,171467.6875000000,148697.0000000000,120079.4062500000,152133.7968750000,133487.8281250000,144750.6875000000,,,
6.6919999891,52,146816.9218750000,193133.9843750000,170414.0156250000,148131.2656250000,119648.2343750000,151716.1093750000,133077.5781250000,144436.5468750000,,,
6.6959999891,52,146554.2812500000,195724.5468750000,169215.6562500000,147790.2500000000,119391.9296875000,151462.6406250000,132822.4531250000,144218.5312500000,,,
6.6999999892,52,146822.0468750000,196282.4687500000,169545.8281250000,148120.9375000000,119643.5937500000,151705.0625000000,133050.0000000000,144381.1562500000,,,
6.7039999892,52,147264.9843750000,194011.4218750000,170847.8906250000,148682.4531250000,120067.7109375000,152121.1875000000,133456.8906250000,144709.9375000000,,,
6.7079999892,52,147268.5781250000,192131.3281250000,171473.2656250000,148704.8750000000,120071.7890625000,152130.3906250000,133475.0312500000,144750.5468750000,,,
6.7119999891,52,146828.4062500000,193195.9218750000,170427.9375000000,148143.9531250000,119652.3125000000,151724.3437500000,133083.4218750000,144442.5000000000,,,
6.7159999891,52,146559.1875000000,195731.1718750000,169212.7031250000,147797.6250000000,119394.1484375000,151468.6250000000,132834.2500000000,144219.8281250000,,,
6.7199999890,52,146822.8750000000,196289.7500000000,169528.6406250000,148129.0937500000,119644.0781250000,151708.8750000000,133066.0937500000,144379.3281250000,,,
6.7239999892,52,147267.4843750000,194075.8750000000,170842.2500000000,148689.1406250000,120068.6484375000,152118.7187500000,133468.3750000000,144708.5781250000,,,
6.7279999892,52,147277.0000000000,192220.1093750000,171487.1875000000,148710.5156250000,120073.5312500000,152128.9062500000,133479.0468750000,144754.7031250000,,,
6.7319999891,52,146840.7656250000,193239.1875000000,170446.6562500000,148150.6093750000,119655.8515625000,151727.5625000000,133084.9218750000,144449.8750000000,,,
6.7359999891,52,146565.2500000000,195723.4687500000,169214.8750000000,147795.4531250000,119394.7656250000,151465.6250000000,132830.8750000000,144223.6250000000,,,
6.7399999890,52,146819.2031250000,196293.6562500000,169521.1093750000,148116.5625000000,119642.5000000000,151703.7031250000,133062.0937500000,144379.1406250000,,,
6.7439999892,52,147258.3593750000,194125.9218750000,170838.9843750000,148672.5625000000,120067.8437500000,152118.5781250000,133468.1562500000,144706.3437500000,,,
6.7479999892,52,147270.6250000000,192297.4375000000,171503.6875000000,148703.9687500000,120079.2187500000,152129.4218750000,133486.0781250000,144750.3125000000,,,
6.7519999892,52,146836.7968750000,193282.1250000000,170473.0781250000,148150.2187500000,119665.6484375000,151727.9218750000,133086.2968750000,144444.6406250000,,,
6.7559999891,52,146563.4062500000,195700.8593750000,169221.1250000000,147794.2187500000,119405.2031250000,151473.0000000000,132815.7343750000,144222.2187500000,,,
6.7599999891,52,146809.4375000000,196258.7343750000,169509.4843750000,148104.8437500000,119640.3281250000,151696.8906250000,133041.0156250000,144374.1093750000,,,
6.7639999890,52,147246.9687500000,194148.5156250000,170832.1406250000,148660.6718750000,120055.2343750000,152106.1875000000,133461.7187500000,144701.0156250000,,,
6.7679999892,52,147272.4531250000,192345.8281250000,171508.7500000000,148707.0312500000,120074.7656250000,152133.0312500000,133490.1250000000,144757.1250000000,,,
6.7719999892,52,146834.6093750000,193286.5468750000,170475.8906250000,148149.5312500000,119656.0156250000,151730.1250000000,133090.0468750000,144444.7343750000,,,
6.7759999891,52,146554.6093750000,195647.5156250000,169208.5000000000,147784.1875000000,119387.3125000000,151465.0625000000,132829.4531250000,144209.5000000000,,,
6.7799999891,52,146797.9687500000,196207.1250000000,169485.8281250000,148088.2968750000,119621.0703125000,151681.4687500000,133044.1875000000,144355.5156250000,,,
6.7839999890,53,147235.5468750000,194148.7500000000,170820.4218750000,148644.7187500000,120043.8359375000,152084.9531250000,133444.0937500000,144681.5625000000,,,
6.7879999890,53,147266.6250000000,192381.8437500000,171520.5625000000,148699.2968750000,120072.9140625000,152119.6562500000,133478.7343750000,144743.8125000000,,,
6.7919999890,53,146840.3125000000,193277.7812500000,170491.9375000000,148149.6406250000,119664.0390625000,151734.8125000000,133092.4062500000,144444.9687500000,,,
6.7959999889,53,146562.0625000000,195570.8906250000,169201.5000000000,147781.3125000000,119397.6093750000,151474.9375000000,132834.8906250000,144215.0468750000,,,
6.7999999889,53,146804.3281250000,196140.1562500000,169465.7187500000,148089.1562500000,119627.9062500000,151689.3281250000,133044.7812500000,144359.3281250000,,,
6.8039999888,53,147231.7343750000,194160.8125000000,170801.4375000000,148641.2812500000,120034.2578125000,152086.0468750000,133432.3593750000,144677.3281250000,,,
6.8079999890,53,147256.3281250000,192440.0937500000,171512.0312500000,148694.3906250000,120054.5390625000,152115.3437500000,133463.7656250000,144731.4531250000,,,
6.8119999890,53,146837.6562500000,193308.9531250000,170493.7031250000,148154.8437500000,119656.2812500000,151732.7187500000,133091.4375000000,144435.8437500000,,,
6.8159999889,53,146564.6093750000,195556.2343750000,169195.0625000000,147793.5468750000,119395.6015625000,151475.5781250000,132838.7031250000,144211.5625000000,,,
6.8199999889,53,146805.2812500000,196126.2656250000,169445.1718750000,148090.2812500000,119624.6328125000,151691.5781250000,133048.1250000000,144361.6875000000,,,
6.8239999888,53,147231.7500000000,194195.8281250000,170790.0000000000,148633.1250000000,120036.5156250000,152091.1718750000,133441.2812500000,144682.6718750000,,,
6.8279999890,53,147261.4218750000,192502.1718750000,171522.0937500000,148684.0468750000,120068.0312500000,152129.9843750000,133480.4375000000,144744.4375000000,,,
6.8319999890,53,146856.1718750000,193336.5000000000,170514.5625000000,148154.2187500000,119684.3671875000,151764.6875000000,133117.8125000000,144462.0468750000,,,
6.8359999890,53,146581.1093750000,195539.0937500000,169202.7812500000,147790.2187500000,119418.8281250000,151503.6093750000,132860.4218750000,144234.5781250000,,,
6.8399999889,53,146811.0000000000,196116.2031250000,169442.5468750000,148082.3437500000,119635.6562500000,151712.8437500000,133061.9375000000,144377.2500000000,,,
6.8439999889,53,147238.5625000000,194232.7031250000,170792.2812500000,148634.2812500000,120048.5546875000,152116.2812500000,133458.5000000000,144702.1718750000,,,
6.8479999888,53,147277.1093750000,192572.5000000000,171545.5312500000,148701.3125000000,120088.6328125000,152162.7812500000,133508.0156250000,144770.1250000000,,,
6.8519999890,53,146874.9687500000,193387.2500000000,170550.0468750000,148174.5000000000,119703.5468750000,151797.1250000000,133152.7812500000,144487.0781250000,,,
6.8559999890,53,146597.2031250000,195548.7031250000,169224.5000000000,147806.0468750000,119436.4218750000,151538.3125000000,132889.7968750000,144256.0625000000,,,
6.8599999889,53,146815.8593750000,196128.7343750000,169447.3125000000,148086.7343750000,119644.9375000000,151740.8750000000,133085.9687500000,144388.1093750000,,,
6.8639999889,53,147232.1875000000,194286.9375000000,170790.7031250000,148629.4843750000,120042.6328125000,152133.5781250000,133476.7968750000,144700.0781250000,,,
6.8679999888,53,147277.6562500000,192631.7187500000,171550.4375000000,148700.0312500000,120086.5390625000,152180.0781250000,133529.0781250000,144770.5156250000,,,
6.8719999890,53,146873.0625000000,193412.2656250000,170558.0468750000,148167.8437500000,119704.0312500000,151815.2968750000,133161.3125000000,144485.6093750000,,,
6.8759999890,53,146593.6562500000,195537.8906250000,169218.2812500000,147795.7500000000,119438.8906250000,151561.0625000000,132907.2500000000,144256.0000000000,,,
6.8799999889,53,146811.6406250000,196130.3906250000,169426.9375000000,148077.6718750000,119643.3593750000,151761.2031250000,133107.3437500000,144389.3906250000,,,
6.8839999889,53,147235.5468750000,194332.1093750000,170776.2500000000,148628.5781250000,120045.4453125000,152155.2500000000,133492.6250000000,144706.0312500000,,,
6.8879999889,53,147286.0781250000,192695.6406250000,171553.2812500000,148706.8125000000,120090.9062500000,152201.9218750000,133544.3593750000,144776.6562500000,,,
6.8919999888,53,146884.2500000000,193451.9687500000,170572.7968750000,148176.1406250000,119710.7890625000,151834.2656250000,133181.4375000000,144490.1093750000,,,
6.8959999890,53,146608.9218750000,195552.5156250000,169228.4531250000,147801.6718750000,119449.0546875000,151572.3437500000,132924.2968750000,144262.2343750000,,,
6.8999999890,53,146823.0625000000,196160.9218750000,169428.5156250000,148077.4375000000,119650.3593750000,151763.2500000000,133112.2812500000,144392.6093750000,,,
6.9039999889,53,147244.2343750000,194388.9218750000,170777.5625000000,148628.0937500000,120055.7734375000,152160.3125000000,133496.7187500000,144712.0156250000,,,
6.9079999889,53,147300.1250000000,192755.2343750000,171570.8437500000,148714.5625000000,120113.2812500000,152216.4062500000,133562.2812500000,144795.3437500000,,,
6.9119999888,54,146899.6406250000,193485.3593750000,170601.1718750000,148192.6093750000,119733.3671875000,151849.6406250000,133206.1875000000,144515.8593750000,,,
6.9159999888,54,146605.3750000000,195567.9062500000,169235.4218750000,147803.3125000000,119452.4921875000,151577.0781250000,132937.0000000000,144278.0468750000,,,
6.9199999887,54,146805.7968750000,196182.0000000000,169408.6875000000,148067.5937500000,119642.7421875000,151756.3437500000,133110.1093750000,144398.2968750000,,,
6.9239999887,54,147221.5625000000,194429.7031250000,170753.6406250000,148615.1406250000,120045.1796875000,152141.0781250000,133482.8125000000,144708.2812500000,,,
6.9279999887,54,147280.3281250000,192787.2343750000,171559.1562500000,148705.3125000000,120102.9531250000,152194.2812500000,133536.3750000000,144786.5468750000,,,
6.9319999886,54,146887.8437500000,193491.3906250000,170603.6406250000,148190.6406250000,119728.4375000000,151833.7656250000,133193.2343750000,144507.9531250000,,,
6.9359999888,54,146614.2656250000,195557.9843750000,169240.2500000000,147815.7812500000,119467.8359375000,151576.1093750000,132945.3437500000,144282.8750000000,,,
6.9399999888,54,146832.7812500000,196191.2031250000,169417.9531250000,148086.5000000000,119675.2500000000,151768.8750000000,133123.5312500000,144416.7500000000,,,
6.9439999887,54,147250.6875000000,194467.9531250000,170769.3281250000,148631.9218750000,120072.4531250000,152156.6718750000,133510.0312500000,144728.6093750000,,,
6.9479999887,54,147311.3906250000,192834.8437500000,171588.2500000000,148725.7812500000,120127.7343750000,152212.5937500000,133581.6250000000,144807.6250000000,,,
6.9519999886,54,146917.5156250000,193531.0937500000,170642.7812500000,148210.8906250000,119751.0703125000,151849.2343750000,133223.0000000000,144530.0468750000,,,
6.9559999888,54,146616.1093750000,195602.5312500000,169257.9843750000,147818.5156250000,119462.3906250000,151570.9843750000,132942.7500000000,144283.9218750000,,,
6.9599999888,54,146812.0781250000,196252.7031250000,169402.2031250000,148082.8437500000,119648.6093750000,151742.5937500000,133114.7031250000,144397.1250000000,,,
6.9639999887,54,147232.7187500000,194527.9375000000,170741.8906250000,148627.6875000000,120052.1484375000,152129.9843750000,133497.9531250000,144709.1875000000,,,
6.9679999887,54,147290.6562500000,192869.9843750000,171570.2031250000,148720.4375000000,120106.1484375000,152184.1093750000,133552.2500000000,144786.2187500000,,,
6.9719999887,54,146896.2656250000,193543.0781250000,170636.0156250000,148205.3750000000,119730.6640625000,151822.6562500000,133194.8750000000,144506.0625000000,,,
6.9759999886,54,146598.4375000000,195614.5781250000,169247.6250000000,147808.3593750000,119445.3281250000,151544.8906250000,132915.6250000000,144259.5000000000,,,
6.9799999888,54,146795.5781250000,196285.3906250000,169379.9062500000,148062.3281250000,119629.3828125000,151722.3593750000,133083.8750000000,144375.5312500000,,,
6.9839999888,54,147226.6875000000,194573.8750000000,170721.6875000000,148618.8593750000,120039.8906250000,152123.0000000000,133478.9687500000,144699.7187500000,,,
6.9879999887,54,147294.6875000000,192890.6250000000,171563.7968750000,148720.4843750000,120103.8671875000,152188.4531250000,133545.3750000000,144785.6875000000,,,
6.9919999887,54,146904.7968750000,193528.1718750000,170642.5312500000,148209.0000000000,119732.9453125000,151827.7812500000,133192.6406250000,144508.9375000000,,,
6.9959999886,54,146600.2656250000,195599.4531250000,169247.9687500000,147806.2031250000,119442.8046875000,151539.5781250000,132910.5000000000,144258.2812500000,,,
6.9999999888,54,146795.3281250000,196287.4843750000,169368.8906250000,148052.7812500000,119628.1718750000,151713.7343750000,133082.7031250000,144372.8906250000,,,
7.0039999888,54,147219.9531250000,194571.2500000000,170705.3750000000,148605.4218750000,120034.8515625000,152104.3593750000,133466.3125000000,144690.1562500000,,,
7.0079999887,54,147286.6562500000,192875.4843750000,171560.1250000000,148707.9687500000,120098.4765625000,152169.5468750000,133531.7500000000,144776.9531250000,,,
7.0119999887,54,146899.0312500000,193501.7187500000,170658.1250000000,148204.9218750000,119731.4375000000,151815.0156250000,133183.5312500000,144503.0312500000,,,
7.0159999887,54,146593.9218750000,195571.8750000000,169263.2343750000,147801.1562500000,119441.2812500000,151527.7656250000,132900.4687500000,144253.2968750000,,,
7.0199999886,54,146780.1250000000,196279.9843750000,169366.0156250000,148043.1562500000,119615.5703125000,151696.0781250000,133059.7343750000,144361.6875000000,,,
7.0239999888,54,147204.1250000000,194584.0468750000,170695.6250000000,148599.7968750000,120019.4296875000,152088.2968750000,133446.1718750000,144677.2812500000,,,
7.0279999888,54,147277.7343750000,192881.3281250000,171555.7187500000,148714.0312500000,120085.8906250000,152159.8593750000,133517.8906250000,144767.0156250000,,,
7.0319999887,54,146896.7812500000,193491.9843750000,170662.1093750000,148213.5000000000,119723.0468750000,151812.0000000000,133177.1093750000,144499.3906250000,,,
7.0359999887,54,146585.6406250000,195556.1562500000,169251.4687500000,147797.4687500000,119425.7187500000,151517.0468750000,132888.1406250000,144242.6718750000,,,
7.0399999886,55,146777.5468750000,196278.8750000000,169341.1093750000,148038.8906250000,119603.8437500000,151684.1250000000,133047.7031250000,144354.1562500000,,,
7.0439999886,55,147209.2031250000,194594.7187500000,170669.1406250000,148599.8750000000,120014.5234375000,152084.2812500000,133438.0156250000,144676.3281250000,,,
7.0479999885,55,147292.6093750000,192880.3281250000,171547.5937500000,148728.3281250000,120094.0234375000,152163.8593750000,133521.0312500000,144775.7968750000,,,
7.0519999885,55,146909.8906250000,193483.9375000000,170673.6250000000,148228.9531250000,119730.3671875000,151809.4531250000,133174.0781250000,144505.7812500000,,,
7.0559999885,55,146595.4531250000,195580.5625000000,169262.4531250000,147812.2343750000,119429.2343750000,151511.8125000000,132881.9687500000,144246.3437500000,,,
7.0599999884,55,146770.1250000000,196354.6562500000,169336.6250000000,148039.3437500000,119595.3984375000,151665.2812500000,133034.6562500000,144342.3281250000,,,
7.0639999886,55,147195.9218750000,194689.4062500000,170654.1718750000,148594.8281250000,120001.0546875000,152057.8906250000,133423.4687500000,144657.0781250000,,,
7.0679999886,55,147281.2187500000,192952.0000000000,171539.8750000000,148721.3750000000,120081.1171875000,152138.8906250000,133510.3593750000,144758.0625000000,,,
7.0719999885,55,146896.5625000000,193544.9531250000,170676.2187500000,148223.0781250000,119716.8750000000,151787.0312500000,133163.7343750000,144487.7031250000,,,
7.0759999885,55,146583.8437500000,195682.4843750000,169265.9531250000,147807.1250000000,119419.0156250000,151495.1093750000,132875.3906250000,144232.2187500000,,,
7.0799999884,55,146763.7656250000,196486.4218750000,169325.8906250000,148037.3906250000,119587.9453125000,151657.1562500000,133030.7656250000,144335.3750000000,,,
7.0839999886,55,147189.8906250000,194783.2500000000,170635.1562500000,148591.0156250000,119996.4453125000,152055.4218750000,133417.8906250000,144652.1406250000,,,
7.0879999886,55,147273.9687500000,192973.0312500000,171528.7343750000,148717.3593750000,120077.5000000000,152139.4687500000,133498.1406250000,144753.2343750000,,,
7.0919999885,55,146891.5781250000,193530.0781250000,170683.8437500000,148221.3906250000,119714.9453125000,151787.5468750000,133152.7812500000,144487.5312500000,,,
7.0959999885,55,146573.1875000000,195664.5156250000,169268.5156250000,147798.1562500000,119412.2031250000,151491.7031250000,132865.3593750000,144228.2187500000,,,
7.0999999885,55,146746.4843750000,196463.5468750000,169309.9843750000,148022.5312500000,119575.7343750000,151649.0312500000,133019.1093750000,144323.2031250000,,,
7.1039999884,55,147176.0156250000,194739.2031250000,170611.4218750000,148579.9375000000,119986.3281250000,152049.7343750000,133409.3593750000,144641.5781250000,,,
7.1079999886,55,147265.5468750000,192896.4218750000,171516.1250000000,148711.8593750000,120070.9296875000,152135.8593750000,133496.1406250000,144747.2031250000,,,
7.1119999886,55,146883.0937500000,193442.7656250000,170685.5312500000,148218.8437500000,119705.2109375000,151783.7031250000,133146.3750000000,144481.6562500000,,,
7.1159999885,55,146558.9843750000,195602.5625000000,169263.9375000000,147794.1875000000,119395.8437500000,151480.8281250000,132848.0000000000,144217.4375000000,,,
7.1199999885,55,146731.8437500000,196454.5312500000,169297.8593750000,148017.7031250000,119562.5937500000,151637.0781250000,133003.0156250000,144314.6093750000,,,
7.1239999884,55,147164.0781250000,194755.8750000000,170596.9062500000,148580.6875000000,119977.2109375000,152037.8281250000,133396.9531250000,144634.5468750000,,,
7.1279999886,55,147264.0000000000,192896.2187500000,171511.2812500000,148724.0781250000,120071.8906250000,152135.5000000000,133490.6718750000,144747.8750000000,,,
7.1319999886,55,146880.0937500000,193439.5781250000,170699.9062500000,148227.6875000000,119706.9531250000,151786.0625000000,133143.7812500000,144481.4687500000,,,
7.1359999885,55,146553.0312500000,195647.1718750000,169285.7343750000,147793.3281250000,119394.2031250000,151481.3437500000,132839.3750000000,144215.6406250000,,,
7.1399999885,55,146729.1093750000,196541.0156250000,169309.8593750000,148016.2812500000,119559.5937500000,151639.2500000000,132990.5937500000,144313.2968750000,,,
7.1439999884,55,147171.7343750000,194834.1562500000,170608.5312500000,148590.2500000000,119980.1328125000,152052.9531250000,133394.1875000000,144640.2812500000,,,
7.1479999884,55,147274.1093750000,192934.6406250000,171537.7812500000,148739.6093750000,120075.2187500000,152147.3125000000,133493.9375000000,144751.2968750000,,,
7.1519999886,55,146896.0000000000,193460.2187500000,170743.7656250000,148250.2656250000,119717.0390625000,151798.5468750000,133156.0781250000,144488.6875000000,,,
7.1559999886,55,146564.4531250000,195699.0468750000,169327.2812500000,147806.6562500000,119404.5625000000,151488.3906250000,132854.3437500000,144221.5468750000,,,
7.1599999885,55,146736.5468750000,196628.3125000000,169339.6250000000,148023.7031250000,119569.9140625000,151638.2500000000,133005.3125000000,144317.0781250000,,,
7.1639999885,55,147180.9843750000,194905.7031250000,170633.6562500000,148590.9375000000,119996.5468750000,152050.3437500000,133409.7187500000,144645.1406250000,,,
7.1679999884,56,147292.1562500000,192944.6250000000,171570.0937500000,148747.7968750000,120099.3593750000,152155.9218750000,133514.1093750000,144766.7187500000,,,
7.1719999884,56,146913.4375000000,193426.2656250000,170783.2187500000,148249.6875000000,119737.7421875000,151810.0468750000,133173.9531250000,144507.2187500000,,,
7.1759999883,56,146579.5000000000,195662.6718750000,169356.8750000000,147804.8906250000,119419.2578125000,151501.3593750000,132866.5937500000,144240.8281250000,,,
7.1799999883,56,146740.4062500000,196629.9218750000,169353.0156250000,148011.0000000000,119571.4453125000,151647.3125000000,133005.3750000000,144328.5312500000,,,
7.1839999883,56,147175.0781250000,194919.3750000000,170633.2031250000,148575.9531250000,119991.1328125000,152054.9531250000,133405.9531250000,144648.6562500000,,,
7.1879999882,56,147288.8281250000,192929.5468750000,171572.9218750000,148738.0312500000,120102.5781250000,152168.5468750000,133519.3593750000,144771.1718750000,,,
7.1919999884,56,146910.7968750000,193385.9062500000,170794.6250000000,148245.8437500000,119741.0703125000,151825.8437500000,133178.3750000000,144513.1718750000,,,
7.1959999884,56,146570.2500000000,195635.4218750000,169362.0156250000,147797.3281250000,119411.9375000000,151505.5156250000,132861.1562500000,144238.1718750000,,,
7.1999999883,56,146741.2812500000,196622.6093750000,169345.2343750000,148009.3906250000,119571.6328125000,151656.6562500000,133006.6406250000,144332.3437500000,,,
7.2039999883,56,147186.7500000000,194910.1718750000,170625.9531250000,148580.2187500000,119998.8593750000,152073.4687500000,133409.2812500000,144659.3281250000,,,
7.2079999882,56,147301.5468750000,192892.6093750000,171574.4375000000,148747.8437500000,120107.7812500000,152181.0781250000,133521.1093750000,144780.0000000000,,,
7.2119999884,56,146928.5937500000,193331.5312500000,170814.2031250000,148264.0312500000,119753.3515625000,151834.0000000000,133191.8125000000,144523.0937500000,,,
7.2159999884,56,146587.1718750000,195609.7812500000,169388.1250000000,147809.3906250000,119428.6171875000,151509.6718750000,132879.5156250000,144248.5000000000,,,
7.2199999883,56,146742.8906250000,196631.7812500000,169356.8750000000,148008.3906250000,119577.5312500000,151650.9375000000,133017.6875000000,144331.8125000000,,,
7.2239999883,56,147177.7343750000,194913.3906250000,170616.7656250000,148575.8437500000,119991.2656250000,152059.4687500000,133416.3437500000,144648.3125000000,,,
7.2279999882,56,147305.9531250000,192856.3750000000,171570.8281250000,148755.4375000000,120111.6953125000,152181.5625000000,133537.3125000000,144780.4843750000,,,
7.2319999882,56,146933.2500000000,193275.5312500000,170828.4687500000,148271.9687500000,119757.2421875000,151838.2031250000,133197.5468750000,144527.2343750000,,,
7.2359999884,56,146584.9218750000,195568.7031250000,169397.9375000000,147813.6406250000,119426.7968750000,151514.6875000000,132877.4843750000,144250.4843750000,,,
7.2399999883,56,146732.2968750000,196642.9843750000,169353.0156250000,148005.3125000000,119565.6250000000,151642.3750000000,133002.6093750000,144323.9531250000,,,
7.2439999883,56,147180.3125000000,194956.8750000000,170611.1562500000,148574.5312500000,119995.5312500000,152057.0312500000,133406.6250000000,144648.2500000000,,,
7.2479999883,56,147311.4531250000,192888.6406250000,171574.1718750000,148754.3437500000,120120.5468750000,152178.5000000000,133527.7656250000,144779.9218750000,,,
7.2519999882,56,146935.5625000000,193309.4843750000,170846.4375000000,148273.0468750000,119762.8984375000,151831.8750000000,133194.0312500000,144524.1718750000,,,
7.2559999884,56,146581.0312500000,195648.6875000000,169412.2656250000,147812.3437500000,119423.6562500000,151500.0937500000,132871.6718750000,144241.6562500000,,,
7.2599999884,56,146728.9843750000,196768.6562500000,169354.9375000000,147998.7031250000,119561.8671875000,151630.4218750000,133000.8906250000,144317.0312500000,,,
7.2639999883,56,147179.2343750000,195065.5000000000,170604.5625000000,148570.0937500000,119993.1953125000,152048.9218750000,133408.4218750000,144644.0468750000,,,
7.2679999883,56,147317.1562500000,192942.7187500000,171575.4687500000,148754.8281250000,120122.1015625000,152177.1406250000,133532.7968750000,144781.0468750000,,,
7.2719999882,56,146942.2343750000,193342.0468750000,170862.2031250000,148280.5312500000,119763.5468750000,151827.7812500000,133190.5781250000,144523.5781250000,,,
7.2759999882,56,146586.6093750000,195743.8593750000,169434.7656250000,147811.4687500000,119424.5703125000,151495.9843750000,132863.0312500000,144242.6250000000,,,
7.2799999884,56,146736.4531250000,196936.6093750000,169363.4375000000,147994.3906250000,119563.8828125000,151626.8750000000,132991.3437500000,144320.1406250000,,,
7.2839999883,56,147193.4218750000,195228.4687500000,170599.7500000000,148568.2187500000,119998.9921875000,152055.0468750000,133409.1250000000,144654.1562500000,,,
7.2879999883,56,147330.5468750000,193025.2812500000,171575.1875000000,148761.9531250000,120128.6250000000,152184.7500000000,133537.9843750000,144791.8125000000,,,
7.2919999883,56,146954.4687500000,193374.3437500000,170880.0781250000,148287.9375000000,119770.8437500000,151837.0000000000,133200.2031250000,144538.5000000000,,,
7.2959999882,57,146590.6250000000,195788.4375000000,169448.9531250000,147813.9375000000,119423.4453125000,151500.2500000000,132868.3906250000,144252.7343750000,,,
7.2999999882,57,146727.6875000000,196992.9375000000,169359.3437500000,147990.3437500000,119556.2109375000,151624.5781250000,132990.1875000000,144322.3593750000,,,
7.3039999881,57,147178.0625000000,195250.0937500000,170586.1875000000,148564.9218750000,119990.9687500000,152046.8906250000,133400.7500000000,144649.2500000000,,,
7.3079999881,57,147320.1875000000,192977.5312500000,171561.2968750000,148761.0781250000,120125.7265625000,152185.0000000000,133538.9687500000,144788.4218750000,,,
7.3119999880,57,146942.0312500000,193301.3281250000,170875.8593750000,148284.0156250000,119762.4765625000,151836.7812500000,133201.8437500000,144531.7343750000,,,
7.3159999880,57,146566.8125000000,195764.2656250000,169439.6250000000,147798.7500000000,119402.8125000000,151490.4062500000,132855.4375000000,144236.2656250000,,,
7.3199999882,57,146704.5156250000,197020.4531250000,169333.8125000000,147973.0156250000,119534.0312500000,151615.2656250000,132970.1562500000,144304.0937500000,,,
7.3239999881,57,147160.3906250000,195262.4531250000,170546.5937500000,148549.4687500000,119974.1562500000,152040.4218750000,133387.9687500000,144633.1250000000,,,
7.3279999881,57,147315.3125000000,192927.7500000000,171533.7500000000,148757.3125000000,120120.8125000000,152186.7031250000,133535.7812500000,144784.0468750000,,,
7.3319999881,57,146945.8281250000,193231.0312500000,170872.5156250000,148293.5156250000,119764.7031250000,151845.0468750000,133203.0312500000,144535.6250000000,,,
7.3359999880,57,146576.3593750000,195729.8906250000,169445.4687500000,147811.6250000000,119411.9921875000,151499.7968750000,132867.6406250000,144244.7343750000,,,
7.3399999882,57,146709.3125000000,197043.1250000000,169330.5937500000,147974.2968750000,119538.4531250000,151615.7812500000,132982.5937500000,144307.1250000000,,,
7.3439999882,57,147163.6093750000,195300.6250000000,170535.9687500000,148543.5156250000,119976.8359375000,152036.9375000000,133394.9375000000,144631.7812500000,,,
7.3479999881,57,147323.4062500000,192932.9531250000,171533.4843750000,148757.2031250000,120130.5546875000,152189.8750000000,133544.9062500000,144787.4375000000,,,
7.3519999881,57,146954.3437500000,193208.7187500000,170886.9062500000,148292.8906250000,119777.2265625000,151848.0312500000,133212.3593750000,144542.8125000000,,,
7.3559999880,57,146579.9062500000,195749.3593750000,169462.6562500000,147803.1406250000,119416.8203125000,151496.6250000000,132868.1250000000,144250.5937500000,,,
7.3599999880,57,146719.5156250000,197122.3593750000,169338.9218750000,147966.3281250000,119547.2500000000,151621.9218750000,132987.0468750000,144320.8125000000,,,
7.3639999882,57,147186.5937500000,195375.4531250000,170537.2343750000,148551.0312500000,119997.4062500000,152059.1718750000,133411.1562500000,144655.1250000000,,,
7.3679999881,57,147350.9531250000,192947.2500000000,171536.0000000000,148773.5468750000,120153.8359375000,152216.1562500000,133560.5625000000,144811.2500000000,,,
7.3719999881,57,146974.6406250000,193199.1406250000,170903.9687500000,148305.2812500000,119788.1171875000,151865.8437500000,133217.9375000000,144559.4687500000,,,
7.3759999881,57,146586.0625000000,195798.7968750000,169479.3906250000,147806.1718750000,119414.2187500000,151499.4218750000,132868.6562500000,144256.9218750000,,,
7.3799999880,57,146714.4687500000,197252.9218750000,169341.5625000000,147965.6406250000,119538.4531250000,151608.6406250000,132988.9843750000,144312.6875000000,,,
7.3839999882,57,147185.0625000000,195510.7187500000,170533.0000000000,148551.5625000000,119991.6953125000,152041.4375000000,133413.0937500000,144644.8437500000,,,
7.3879999882,57,147351.2187500000,193013.0156250000,171538.0156250000,148777.8125000000,120150.8046875000,152194.1406250000,133566.0312500000,144799.0156250000,,,
7.3919999881,57,146974.6406250000,193233.5468750000,170921.4843750000,148313.5156250000,119792.0546875000,151849.4687500000,133233.9843750000,144550.3281250000,,,
7.3959999881,57,146582.3750000000,195892.4843750000,169504.7500000000,147812.8281250000,119420.6484375000,151487.8125000000,132882.9218750000,144249.1875000000,,,
7.3999999880,57,146706.0156250000,197409.7500000000,169357.2812500000,147965.8437500000,119540.5234375000,151602.1250000000,132988.4531250000,144307.0468750000,,,
7.4039999880,57,147163.0625000000,195647.4375000000,170527.7656250000,148544.1093750000,119979.1406250000,152034.0156250000,133399.5156250000,144630.9843750000,,,
7.4079999882,57,147340.8906250000,193058.8906250000,171530.5312500000,148781.0000000000,120148.1718750000,152205.9687500000,133565.3437500000,144799.6875000000,,,
7.4119999881,57,146964.7500000000,193234.6250000000,170930.4687500000,148313.0625000000,119786.9609375000,151864.3593750000,133225.7187500000,144554.2187500000,,,
7.4159999881,57,146567.7500000000,195934.7500000000,169511.0468750000,147804.1093750000,119406.7031250000,151498.6718750000,132865.1250000000,144247.8593750000,,,
7.4199999881,57,146690.6406250000,197510.9218750000,169345.0156250000,147951.5781250000,119523.2500000000,151604.4531250000,132969.2968750000,144299.4531250000,,,
7.4239999880,58,147162.8437500000,195743.5312500000,170508.7500000000,148536.8437500000,119978.6562500000,152038.9218750000,133396.6250000000,144628.5937500000,,,
7.4279999880,58,147337.4062500000,193087.1250000000,171512.5625000000,148770.7343750000,120145.1406250000,152197.7656250000,133563.6406250000,144784.8281250000,,,
7.4319999879,58,146968.1250000000,193223.7031250000,170929.1250000000,148312.8437500000,119789.5937500000,151851.9687500000,133234.4375000000,144540.2187500000,,,
7.4359999879,58,146573.4062500000,195991.4531250000,169523.4062500000,147802.3125000000,119409.4375000000,151479.6250000000,132871.0000000000,144235.6562500000,,,
7.4399999878,58,146695.5625000000,197661.3437500000,169353.0625000000,147936.3750000000,119525.0703125000,151587.1093750000,132974.6875000000,144291.4375000000,,,
7.4439999878,58,147172.2343750000,195906.7812500000,170512.5625000000,148519.5156250000,119987.7265625000,152034.0156250000,133411.4375000000,144634.2812500000,,,
7.4479999880,58,147357.9843750000,193187.0468750000,171527.8281250000,148762.6875000000,120166.5234375000,152215.3750000000,133588.8593750000,144809.5000000000,,,
7.4519999879,58,146990.5937500000,193292.9375000000,170960.6406250000,148301.2656250000,119812.8203125000,151879.7812500000,133256.9375000000,144572.1093750000,,,
7.4559999879,58,146587.8593750000,196124.3593750000,169552.3281250000,147791.1562500000,119422.6093750000,151503.0156250000,132882.3437500000,144263.5156250000,,,
7.4599999879,58,146699.1718750000,197895.7187500000,169365.8593750000,147933.2656250000,119527.0546875000,151605.9062500000,132976.6406250000,144309.6250000000,,,
7.4639999878,58,147166.2031250000,196173.3906250000,170507.2500000000,148517.2343750000,119978.1250000000,152044.2343750000,133404.3750000000,144636.6093750000,,,
7.4679999880,58,147348.6250000000,193395.5000000000,171514.8437500000,148774.9062500000,120152.7578125000,152216.7031250000,133577.8906250000,144801.1875000000,,,
7.4719999880,58,146974.6718750000,193485.8906250000,170959.1406250000,148326.0156250000,119795.6250000000,151870.5625000000,133249.3437500000,144554.5312500000,,,
7.4759999879,58,146559.5625000000,196429.6250000000,169553.2968750000,147807.5937500000,119400.9375000000,151480.6718750000,132873.5937500000,144235.0000000000,,,
7.4799999879,58,146666.9375000000,198347.7187500000,169354.3281250000,147939.7031250000,119506.7812500000,151572.9062500000,132964.0625000000,144275.6875000000,,,
7.4839999878,58,147138.3906250000,196598.8437500000,170482.7343750000,148522.5937500000,119963.8828125000,152016.3906250000,133395.6093750000,144605.5000000000,,,
7.4879999878,58,147333.0625000000,193643.5625000000,171502.7968750000,148779.3125000000,120151.9531250000,152201.2500000000,133579.5000000000,144783.0625000000,,,
7.4919999880,58,146973.2500000000,193580.6875000000,170970.5468750000,148334.5781250000,119804.4531250000,151867.1562500000,133253.2031250000,144553.3281250000,,,
7.4959999879,58,146564.4843750000,196447.6406250000,169572.3125000000,147812.4062500000,119409.7656250000,151483.7812500000,132875.9531250000,144243.7031250000,,,
7.4999999879,58,146666.7187500000,198305.8750000000,169364.0312500000,147935.7812500000,119504.1250000000,151571.3281250000,132961.1718750000,144279.7968750000,,,
7.5039999878,58,147139.7812500000,196492.8437500000,170483.2656250000,148519.4531250000,119959.1562500000,152012.5468750000,133390.1875000000,144604.5000000000,,,
7.5079999878,58,147344.8906250000,193474.3906250000,171501.8125000000,148783.0156250000,120155.4140625000,152206.6406250000,133580.9218750000,144785.1875000000,,,
7.5119999880,58,146981.0000000000,193367.8437500000,170978.0000000000,148330.4218750000,119804.4531250000,151870.9375000000,133250.8437500000,144551.7500000000,,,
7.5159999880,58,146557.2812500000,196260.8281250000,169580.3593750000,147796.5156250000,119399.3828125000,151479.6250000000,132869.6562500000,144233.9531250000,,,
7.5199999879,58,146655.0000000000,198181.1093750000,169359.8750000000,147911.8906250000,119495.4609375000,151573.9531250000,132961.7656250000,144272.5000000000,,,
7.5239999879,58,147135.9687500000,196392.6875000000,170466.3125000000,148493.7968750000,119959.9140625000,152021.9375000000,133397.7187500000,144605.3906250000,,,
7.5279999878,58,147351.7343750000,193342.4531250000,171488.9843750000,148761.6093750000,120165.0156250000,152224.4531250000,133594.5937500000,144797.0312500000,,,
7.5319999878,58,147000.5781250000,193219.3593750000,170989.7500000000,148325.8593750000,119826.6328125000,151899.5312500000,133275.4687500000,144580.0468750000,,,
7.5359999880,58,146584.5156250000,196146.9218750000,169602.3281250000,147795.7968750000,119427.7031250000,151509.5312500000,132892.0468750000,144271.9062500000,,,
7.5399999879,58,146684.3750000000,198118.9062500000,169373.4218750000,147909.8125000000,119521.1015625000,151593.2500000000,132973.6718750000,144307.9687500000,,,
7.5439999879,58,147168.8906250000,196350.0156250000,170474.7656250000,148503.0156250000,119985.9296875000,152039.4531250000,133411.0625000000,144637.4218750000,,,
7.5479999878,58,147377.7812500000,193260.3437500000,171499.2812500000,148780.9687500000,120184.6562500000,152232.1718750000,133606.2656250000,144816.1875000000,,,
7.5519999878,59,147007.5000000000,193092.6093750000,171009.2812500000,148343.6718750000,119829.8203125000,151890.5937500000,133278.0937500000,144576.8750000000,,,
7.5559999878,59,146568.7656250000,196033.0625000000,169617.2812500000,147807.9687500000,119410.8593750000,151481.7500000000,132881.3125000000,144244.2812500000,,,
7.5599999877,59,146656.1562500000,198057.2656250000,169371.6718750000,147917.5781250000,119493.7421875000,151558.4218750000,132954.3281250000,144268.0781250000,,,
7.5639999877,59,147133.4218750000,196299.3750000000,170453.1250000000,148509.7500000000,119956.3671875000,152007.1875000000,133389.6250000000,144597.4062500000,,,
7.5679999876,59,147346.2031250000,193162.7500000000,171473.3437500000,148792.4531250000,120161.0781250000,152214.1250000000,133587.7031250000,144786.0156250000,,,
7.5719999876,59,146977.5312500000,192945.4843750000,170989.3125000000,148356.4687500000,119804.1562500000,151875.4375000000,133254.1406250000,144551.9062500000,,,
7.5759999878,59,146536.5781250000,195906.2656250000,169600.5000000000,147809.3906250000,119376.9843750000,151462.3281250000,132850.0156250000,144220.5000000000,,,
7.5799999877,59,146617.0156250000,197985.9218750000,169341.5312500000,147905.5625000000,119450.9609375000,151528.1250000000,132912.8906250000,144239.9062500000,,,
7.5839999877,59,147103.8750000000,196246.5000000000,170412.3750000000,148498.2968750000,119919.3281250000,151980.3906250000,133352.8593750000,144573.0781250000,,,
7.5879999876,59,147333.5781250000,193060.8437500000,171436.0625000000,148790.6875000000,120139.7812500000,152198.1093750000,133568.9531250000,144770.4843750000,,,
7.5919999876,59,146983.4375000000,192805.3437500000,170981.4062500000,148367.4375000000,119804.9296875000,151879.7812500000,133260.5781250000,144554.8281250000,,,
7.5959999878,59,146535.6093750000,195805.9531250000,169608.7812500000,147813.2812500000,119376.3984375000,151465.0312500000,132854.6875000000,144221.0781250000,,,
7.5999999878,59,146611.8125000000,197958.9687500000,169346.5000000000,147902.0468750000,119450.6640625000,151531.7187500000,132918.6562500000,144235.6250000000,,,
7.6039999877,59,147099.8125000000,196239.0000000000,170408.7812500000,148485.4531250000,119925.7656250000,151989.2500000000,133364.3125000000,144566.7343750000,,,
7.6079999877,59,147342.6875000000,192999.5000000000,171434.4062500000,148787.3281250000,120159.1953125000,152216.5625000000,133591.1718750000,144772.8906250000,,,
7.6119999876,59,146989.6093750000,192703.2812500000,170989.2187500000,148351.9531250000,119820.0078125000,151890.2500000000,133278.4531250000,144554.4062500000,,,
7.6159999876,59,146548.6250000000,195737.2656250000,169623.4531250000,147792.3593750000,119395.7890625000,151476.7343750000,132872.5781250000,144229.7968750000,,,
7.6199999878,59,146633.5937500000,197949.2812500000,169355.9375000000,147880.6718750000,119472.4218750000,151546.2187500000,132936.5000000000,144258.4531250000,,,
7.6239999877,59,147133.7812500000,196237.6562500000,170406.9531250000,148468.7656250000,119952.0234375000,152008.9843750000,133380.2656250000,144602.5781250000,,,
7.6279999877,59,147391.0468750000,192949.9843750000,171440.7656250000,148778.6406250000,120195.3828125000,152245.2656250000,133610.1093750000,144824.5625000000,,,
7.6319999876,59,147045.2656250000,192620.0781250000,171023.8125000000,148358.4218750000,119861.0468750000,151921.3593750000,133302.3437500000,144613.0156250000,,,
7.6359999876,59,146594.3593750000,195688.0468750000,169668.6562500000,147800.8437500000,119426.8984375000,151493.8437500000,132895.7812500000,144278.7031250000,,,
7.6399999878,59,146659.7812500000,197974.4687500000,169387.0468750000,147879.0000000000,119489.1796875000,151541.8281250000,132950.3593750000,144283.7187500000,,,
7.6439999877,59,147154.2343750000,196277.2187500000,170421.8750000000,148477.1562500000,119967.9843750000,152003.5156250000,133398.3906250000,144614.2187500000,,,
7.6479999877,59,147400.6562500000,192926.1250000000,171444.7343750000,148798.5937500000,120205.0390625000,152241.2343750000,133628.2656250000,144820.7187500000,,,
7.6519999877,59,147039.5000000000,192541.5468750000,171025.6875000000,148381.5156250000,119855.5468750000,151909.6875000000,133302.2343750000,144593.4218750000,,,
7.6559999876,59,146570.1093750000,195642.9218750000,169668.4375000000,147811.6562500000,119403.8906250000,151472.9531250000,132874.5937500000,144247.1093750000,,,
7.6599999876,59,146621.7968750000,197985.2187500000,169369.1250000000,147883.9062500000,119454.1796875000,151515.8125000000,132919.3750000000,144242.8125000000,,,
7.6639999878,59,147110.3125000000,196289.6875000000,170385.6875000000,148476.1718750000,119929.7109375000,151970.1718750000,133359.3750000000,144568.5937500000,,,
7.6679999877,59,147364.7968750000,192873.7343750000,171403.4843750000,148803.2968750000,120174.7578125000,152208.7031250000,133593.7656250000,144782.0625000000,,,
7.6719999877,59,147016.5625000000,192441.5000000000,171002.7343750000,148390.9062500000,119836.1796875000,151885.1718750000,133281.0781250000,144571.3281250000,,,
7.6759999876,59,146549.7812500000,195567.8281250000,169657.8750000000,147818.4062500000,119383.8828125000,151449.0156250000,132853.3906250000,144233.6093750000,,,
7.6799999876,60,146610.9375000000,197988.2031250000,169361.1406250000,147886.4531250000,119442.4296875000,151504.4687500000,132905.7343750000,144244.9218750000,,,
7.6839999876,60,147116.9843750000,196313.1093750000,170371.3437500000,148490.1406250000,119933.8906250000,151980.6562500000,133365.1562500000,144587.5625000000,,,
7.6879999875,60,147379.4375000000,192843.1875000000,171391.4062500000,148819.7812500000,120185.7812500000,152230.0468750000,133606.2968750000,144805.6250000000,,,
7.6919999875,60,147032.5468750000,192369.7812500000,171007.5781250000,148408.5468750000,119848.0078125000,151907.5468750000,133295.8750000000,144596.7343750000,,,
7.6959999874,60,146557.1562500000,195537.2500000000,169677.0468750000,147830.8750000000,119390.3984375000,151469.1718750000,132865.6093750000,144254.1875000000,,,
7.6999999874,60,146603.5000000000,198019.9843750000,169372.0781250000,147885.1718750000,119438.1171875000,151511.2031250000,132906.2656250000,144248.3593750000,,,
7.7039999876,60,147108.3437500000,196358.2187500000,170368.5156250000,148478.9531250000,119931.2343750000,151986.8906250000,133364.7031250000,144583.0468750000,,,
7.7079999875,60,147379.7031250000,192825.9375000000,171388.1875000000,148809.0625000000,120197.8203125000,152247.4687500000,133623.1875000000,144807.0156250000,,,
7.7119999875,60,147031.5625000000,192300.2187500000,171020.8125000000,148389.4218750000,119863.9687500000,151927.3437500000,133320.6875000000,144597.3750000000,,,
7.7159999874,60,146550.0156250000,195491.8125000000,169697.7343750000,147796.0156250000,119399.1953125000,151473.5937500000,132882.9218750000,144246.5625000000,,,
7.7199999874,60,146604.9531250000,198038.9218750000,169386.1875000000,147852.7187500000,119446.3984375000,151513.6875000000,132918.8906250000,144246.2500000000,,,
7.7239999876,60,147113.7343750000,196395.6562500000,170371.0937500000,148447.7656250000,119937.1953125000,151987.8437500000,133372.6250000000,144585.1875000000,,,
7.7279999875,60,147387.8125000000,192814.2656250000,171383.8750000000,148786.3906250000,120201.8437500000,152250.3125000000,133628.0468750000,144813.5312500000,,,
7.7319999875,60,147047.4062500000,192242.6406250000,171027.6250000000,148384.7656250000,119872.6015625000,151939.1406250000,133325.3906250000,144615.2031250000,,,
7.7359999875,60,146566.0000000000,195462.0625000000,169713.5312500000,147801.1562500000,119407.7265625000,151488.7187500000,132884.1406250000,144270.7812500000,,,
7.7399999874,60,146609.4375000000,198065.0156250000,169389.7812500000,147850.5625000000,119447.6640625000,151522.3593750000,132918.5781250000,144261.9375000000,,,
7.7439999874,60,147115.5312500000,196425.9375000000,170358.2500000000,148455.0937500000,119940.9218750000,151994.7656250000,133381.1250000000,144594.5000000000,,,
7.7479999876,60,147390.6718750000,192790.6718750000,171365.7187500000,148798.1875000000,120209.3828125000,152257.5156250000,133640.1718750000,144818.0156250000,,,
7.7519999875,60,147045.2343750000,192171.1250000000,171020.6718750000,148397.2343750000,119876.6796875000,151935.8125000000,133335.1562500000,144609.3281250000,,,
7.7559999875,60,146556.7031250000,195399.5156250000,169712.6093750000,147810.2343750000,119405.9531250000,151472.9218750000,132888.9687500000,144257.0312500000,,,
7.7599999874,60,146594.9531250000,198057.7812500000,169383.8906250000,147854.8593750000,119442.2968750000,151500.9218750000,132912.3750000000,144243.2968750000,,,
7.7639999874,60,147105.2031250000,196446.2968750000,170346.1250000000,148460.6718750000,119937.0312500000,151979.5937500000,133374.7656250000,144578.0312500000,,,
7.7679999876,60,147392.6875000000,192772.9062500000,171359.3593750000,148817.7812500000,120214.8281250000,152251.7343750000,133638.3437500000,144809.3125000000,,,
7.7719999875,60,147052.6406250000,192110.8125000000,171030.1093750000,148422.1562500000,119883.4375000000,151933.2968750000,133332.6875000000,144605.5781250000,,,
7.7759999875,60,146553.8281250000,195347.5312500000,169720.9218750000,147819.3750000000,119396.2187500000,151463.6406250000,132878.1562500000,144245.0937500000,,,
7.7799999875,60,146584.5468750000,198052.6250000000,169376.0000000000,147854.4062500000,119423.8437500000,151485.3125000000,132897.8437500000,144228.7500000000,,,
7.7839999874,60,147102.1562500000,196469.5000000000,170328.6875000000,148459.9375000000,119928.0468750000,151971.6562500000,133366.5312500000,144572.9843750000,,,
7.7879999874,60,147399.5625000000,192771.1718750000,171345.2187500000,148819.2812500000,120212.8437500000,152255.5625000000,133642.5312500000,144814.6562500000,,,
7.7919999876,60,147062.2187500000,192070.4375000000,171032.0468750000,148425.3750000000,119883.1484375000,151940.0781250000,133339.2343750000,144615.9062500000,,,
7.7959999875,60,146566.5625000000,195315.8281250000,169732.8437500000,147820.0937500000,119404.9375000000,151471.2812500000,132884.1562500000,144258.9531250000,,,
7.7999999875,60,146601.7812500000,198070.1875000000,169384.5781250000,147847.2500000000,119437.6015625000,151499.8437500000,132902.6718750000,144246.0000000000,,,
7.8039999874,60,147110.0312500000,196504.1250000000,170322.5468750000,148440.8750000000,119931.0468750000,151978.0937500000,133359.9062500000,144579.6718750000,,,
7.8079999874,61,147407.4218750000,192756.8750000000,171333.7968750000,148799.0781250000,120219.4687500000,152262.1562500000,133640.8437500000,144819.1562500000,,,
7.8119999873,61,147072.7500000000,192004.4062500000,171036.9218750000,148408.0937500000,119894.6015625000,151951.2656250000,133343.6562500000,144624.1718750000,,,
7.8159999873,61,146571.0468750000,195268.5468750000,169747.5937500000,147800.0937500000,119409.8125000000,151481.8593750000,132886.0156250000,144268.6875000000,,,
7.8199999873,61,146595.9687500000,198084.5156250000,169387.1250000000,147824.3906250000,119432.0000000000,151498.9375000000,132901.4843750000,144250.3750000000,,,
7.8239999872,61,147107.7031250000,196547.5625000000,170316.2187500000,148425.4531250000,119932.1250000000,151980.9062500000,133364.5156250000,144587.1250000000,,,
7.8279999872,61,147407.5781250000,192764.8593750000,171327.6875000000,148797.2812500000,120225.0468750000,152265.1718750000,133645.0000000000,144823.4531250000,,,
7.8319999874,61,147076.4062500000,191963.9218750000,171040.7968750000,148418.8281250000,119902.9687500000,151947.3281250000,133350.4375000000,144626.4218750000,,,
7.8359999873,61,146550.6562500000,195263.4218750000,169752.1718750000,147800.3125000000,119390.3203125000,151455.1875000000,132865.1406250000,144248.7656250000,,,
7.8399999873,61,146555.5468750000,198162.1406250000,169373.9843750000,147810.6250000000,119392.9453125000,151464.3906250000,132859.1093750000,144210.7031250000,,,
7.8439999872,61,147063.8281250000,196649.4218750000,170280.5937500000,148413.4843750000,119891.0859375000,151946.1718750000,133318.2812500000,144538.4218750000,,,
7.8479999872,61,147373.8125000000,192794.4687500000,171286.1875000000,148800.9375000000,120193.7187500000,152246.7343750000,133610.1562500000,144785.0468750000,,,
7.8519999874,61,147044.3281250000,191948.1093750000,171016.5937500000,148423.8593750000,119872.3359375000,151941.9062500000,133319.8281250000,144597.2656250000,,,
7.8559999873,61,146532.9375000000,195298.0468750000,169750.1718750000,147810.9218750000,119375.3515625000,151455.4843750000,132851.2812500000,144237.7656250000,,,
7.8599999873,61,146548.4843750000,198285.5156250000,169380.9531250000,147823.1093750000,119388.4375000000,151460.8281250000,132855.7031250000,144211.6406250000,,,
7.8639999873,61,147063.4687500000,196790.9062500000,170284.1875000000,148419.9531250000,119889.3984375000,151943.5625000000,133318.8125000000,144543.8125000000,,,
7.8679999872,61,147387.2968750000,192861.5781250000,171291.5468750000,148814.9843750000,120200.8828125000,152251.0312500000,133616.9375000000,144796.6875000000,,,
7.8719999872,61,147059.2031250000,191938.9375000000,171035.7187500000,148441.7812500000,119878.1562500000,151943.7812500000,133321.4375000000,144607.1562500000,,,
7.8759999874,61,146540.1250000000,195307.2968750000,169784.0625000000,147822.8125000000,119373.2031250000,151453.9375000000,132848.5781250000,144241.4218750000,,,
7.8799999873,61,146549.7187500000,198376.1562500000,169415.6093750000,147826.7812500000,119378.2500000000,151455.8906250000,132846.3750000000,144208.0000000000,,,
7.8839999873,61,147071.6875000000,196896.4531250000,170307.0781250000,148423.2968750000,119887.8125000000,151947.4375000000,133312.8593750000,144544.8750000000,,,
7.8879999872,61,147403.3125000000,192883.5312500000,171303.1093750000,148815.4375000000,120210.2968750000,152265.4375000000,133622.0156250000,144807.6250000000,,,
7.8919999872,61,147078.9843750000,191886.3281250000,171058.5000000000,148441.5468750000,119893.1250000000,151965.7500000000,133335.0937500000,144626.6093750000,,,
7.8959999874,61,146549.6250000000,195288.9218750000,169815.9843750000,147809.5625000000,119374.4140625000,151465.8593750000,132849.0000000000,144257.1093750000,,,
7.8999999873,61,146552.8593750000,198441.6250000000,169438.2031250000,147799.1718750000,119374.4609375000,151461.2187500000,132839.2656250000,144219.0781250000,,,
7.9039999873,61,147077.8750000000,196983.9531250000,170318.9843750000,148398.5781250000,119890.4140625000,151955.9531250000,133316.0000000000,144555.4687500000,,,
7.9079999872,61,147418.7812500000,192898.0937500000,171313.6250000000,148804.9062500000,120224.7500000000,152283.2968750000,133634.5625000000,144819.6250000000,,,
7.9119999872,61,147095.1562500000,191825.3593750000,171080.6250000000,148438.3750000000,119908.0937500000,151980.1562500000,133347.4062500000,144634.2031250000,,,
7.9159999872,61,146553.3437500000,195243.5000000000,169842.8906250000,147803.4375000000,119378.9140625000,151468.2500000000,132854.7656250000,144254.8281250000,,,
7.9199999874,61,146542.4062500000,198480.1406250000,169461.2343750000,147790.4375000000,119368.4296875000,151455.8906250000,132838.5312500000,144209.7656250000,,,
7.9239999873,61,147066.6406250000,197046.7500000000,170322.2812500000,148389.8281250000,119884.4843750000,151957.4687500000,133318.8437500000,144549.1250000000,,,
7.9279999873,61,147409.5000000000,192884.0625000000,171301.1562500000,148802.6718750000,120221.7187500000,152290.2968750000,133640.6250000000,144816.6093750000,,,
7.9319999872,61,147085.0937500000,191734.0625000000,171074.2968750000,148442.2968750000,119908.2812500000,151992.2187500000,133350.4062500000,144635.2656250000,,,
7.9359999872,62,146541.3906250000,195171.3906250000,169853.1406250000,147809.4218750000,119379.3437500000,151474.5625000000,132852.4062500000,144256.4843750000,,,
7.9399999871,62,146532.8593750000,198490.4375000000,169473.2812500000,147799.2656250000,119369.3984375000,151455.1875000000,132836.9531250000,144212.7656250000,,,
7.9439999871,62,147061.0625000000,197092.0156250000,170324.6875000000,148407.2656250000,119884.2734375000,151950.0625000000,133315.0625000000,144548.6875000000,,,
7.9479999871,62,147412.3281250000,192873.9531250000,171296.5625000000,148828.6093750000,120224.4843750000,152281.9062500000,133640.3593750000,144813.3906250000,,,
7.9519999870,62,147093.6718750000,191655.1250000000,171077.9687500000,148470.9843750000,119912.1640625000,151981.5781250000,133354.9218750000,144632.7500000000,,,
7.9559999870,62,146542.0000000000,195101.2500000000,169865.3437500000,147831.3125000000,119375.1093750000,151463.4218750000,132854.0625000000,144251.9843750000,,,
7.9599999872,62,146514.7500000000,198487.4687500000,169474.8593750000,147805.1875000000,119345.5234375000,151433.5156250000,132821.3125000000,144193.9375000000,,,
7.9639999871,62,147044.3750000000,197123.6093750000,170316.1406250000,148405.1406250000,119862.5468750000,151934.5000000000,133296.9218750000,144531.8750000000,,,
7.9679999871,62,147410.0937500000,192871.8593750000,171290.1562500000,148833.7343750000,120219.0390625000,152286.2812500000,133635.2031250000,144812.7187500000,,,
7.9719999870,62,147097.2968750000,191601.2968750000,171087.1875000000,148478.7656250000,119913.0234375000,151994.9843750000,133359.5625000000,144643.2031250000,,,
7.9759999870,62,146538.3281250000,195052.0312500000,169880.3593750000,147817.4687500000,119368.9921875000,151466.1562500000,132847.9218750000,144256.0312500000,,,
7.9799999872,62,146520.5937500000,198484.4843750000,169485.9218750000,147783.0000000000,119350.4843750000,151439.5312500000,132820.3281250000,144204.5625000000,,,
7.9839999871,62,147059.9687500000,197157.6250000000,170322.2500000000,148388.0625000000,119878.5312500000,151942.6875000000,133307.7656250000,144546.9687500000,,,
7.9879999871,62,147424.4687500000,192886.3437500000,171295.6250000000,148814.2656250000,120234.1406250000,152288.3437500000,133642.3906250000,144821.0156250000,,,
7.9919999870,62,147121.0156250000,191563.0937500000,171105.8906250000,148470.4218750000,119935.8281250000,152004.9687500000,133372.8125000000,144651.8750000000,,,
7.9959999870,62,146567.0000000000,195000.5937500000,169907.5781250000,147818.4062500000,119395.2812500000,151481.6093750000,132869.5781250000,144270.1718750000,,,
7.9999999870,62,146530.3593750000,198477.0781250000,169503.2343750000,147777.0468750000,119361.3203125000,151438.8906250000,132832.2968750000,144203.0937500000,,,
8.0039999872,62,147057.1406250000,197186.4531250000,170324.6875000000,148377.7656250000,119877.8046875000,151935.3593750000,133310.3437500000,144532.3281250000,,,
8.0079999871,62,147432.8906250000,192885.0781250000,171300.0468750000,148818.0468750000,120245.0000000000,152297.3750000000,133658.0000000000,144818.1406250000,,,
8.0119999871,62,147119.6875000000,191520.3750000000,171120.4218750000,148475.2343750000,119937.7578125000,152004.6875000000,133379.8125000000,144646.5625000000,,,
8.0159999870,62,146553.9687500000,194953.4375000000,169919.7656250000,147824.7187500000,119386.2968750000,151474.5781250000,132866.4062500000,144259.8906250000,,,
8.0199999870,62,146518.6718750000,198465.3906250000,169499.6406250000,147781.7656250000,119351.6093750000,151436.0937500000,132826.8437500000,144199.0937500000,,,
8.0239999872,62,147040.1718750000,197203.6718750000,170308.6562500000,148380.2187500000,119864.4765625000,151927.9062500000,133301.2968750000,144526.9843750000,,,
8.0279999871,62,147408.9687500000,192886.8281250000,171276.5000000000,148820.0468750000,120226.3593750000,152281.4531250000,133644.1718750000,144804.8437500000,,,
8.0319999871,62,147104.7343750000,191470.4218750000,171103.2656250000,148483.4843750000,119927.0781250000,151999.4062500000,133368.8437500000,144639.3750000000,,,
8.0359999870,62,146532.0000000000,194893.8593750000,169907.6718750000,147824.1718750000,119370.2031250000,151459.1562500000,132850.7187500000,144243.3125000000,,,
8.0399999870,62,146491.3125000000,198444.6093750000,169480.8125000000,147775.7343750000,119330.7968750000,151414.7968750000,132810.3750000000,144175.6250000000,,,
8.0439999870,62,147023.3281250000,197218.1875000000,170285.2343750000,148379.9843750000,119852.2187500000,151918.1718750000,133292.5000000000,144511.3593750000,,,
8.0479999871,62,147407.0468750000,192871.2343750000,171261.1562500000,148833.6250000000,120225.5859375000,152287.1093750000,133646.7968750000,144801.7812500000,,,
8.0519999871,62,147104.6406250000,191408.2031250000,171103.7968750000,148495.3125000000,119928.0156250000,152007.9687500000,133378.3281250000,144641.7812500000,,,
8.0559999871,62,146542.5937500000,194830.1406250000,169917.4843750000,147834.9531250000,119378.5156250000,151475.8906250000,132865.5156250000,144262.7968750000,,,
8.0599999870,62,146497.6875000000,198436.3750000000,169483.9218750000,147774.3437500000,119333.9375000000,151424.7500000000,132815.6562500000,144196.1718750000,,,
8.0639999870,63,147024.1250000000,197245.3281250000,170276.6250000000,148367.4375000000,119850.2109375000,151919.5156250000,133290.1718750000,144524.5781250000,,,
8.0679999869,63,147415.9218750000,192864.6093750000,171248.2343750000,148817.0781250000,120233.4687500000,152288.3125000000,133648.4375000000,144815.1406250000,,,
8.0719999869,63,147130.5625000000,191345.2031250000,171110.4687500000,148494.2187500000,119954.8984375000,152015.0781250000,133389.7812500000,144660.9687500000,,,
8.0759999868,63,146563.0625000000,194778.5000000000,169940.7968750000,147829.0781250000,119399.5937500000,151475.6562500000,132870.3750000000,144274.1093750000,,,
8.0799999868,63,146509.8750000000,198447.2656250000,169497.4531250000,147755.1562500000,119344.6406250000,151419.4062500000,132808.6875000000,144199.2812500000,,,
8.0839999868,63,147039.6875000000,197293.6718750000,170278.0312500000,148346.6718750000,119865.1250000000,151917.3125000000,133284.2968750000,144527.6562500000,,,
8.0879999870,63,147434.4218750000,192887.4375000000,171251.9843750000,148809.3593750000,120253.8828125000,152293.5156250000,133655.1875000000,144821.6875000000,,,
8.0919999869,63,147141.3437500000,191321.1093750000,171123.1406250000,148490.8437500000,119967.6640625000,152020.1718750000,133401.5312500000,144667.2187500000,,,
8.0959999869,63,146570.4375000000,194747.1718750000,169956.1093750000,147827.4531250000,119411.6640625000,151480.2656250000,132886.7187500000,144282.2656250000,,,
8.0999999868,63,146513.0312500000,198459.9375000000,169506.8906250000,147758.2500000000,119353.1640625000,151417.6718750000,132826.6562500000,144205.6562500000,,,
8.1039999868,63,147035.7187500000,197344.4062500000,170274.5156250000,148347.7187500000,119862.9453125000,151908.4843750000,133295.2968750000,144528.2812500000,,,
8.1079999870,63,147434.6093750000,192915.5468750000,171242.9531250000,148812.8125000000,120253.2656250000,152292.3125000000,133665.8593750000,144826.5156250000,,,
8.1119999869,63,147146.9531250000,191293.0000000000,171125.6250000000,148506.1875000000,119970.5859375000,152027.3125000000,133411.5156250000,144675.1562500000,,,
8.1159999869,63,146560.0468750000,194704.6093750000,169959.2656250000,147838.9062500000,119396.4843750000,151475.0468750000,132877.6250000000,144275.7187500000,,,
8.1199999868,63,146490.5781250000,198457.8593750000,169495.5468750000,147759.0312500000,119325.2187500000,151404.3437500000,132803.5312500000,144187.0156250000,,,
8.1239999868,63,147013.7812500000,197377.8281250000,170249.6406250000,148349.2187500000,119835.9921875000,151896.4375000000,133271.9062500000,144507.1093750000,,,
8.1279999868,63,147419.1562500000,192922.3906250000,171212.4843750000,148827.1875000000,120233.2031250000,152285.3593750000,133647.7031250000,144807.2812500000,,,
8.1319999869,63,147135.5781250000,191242.1406250000,171104.8750000000,148519.3750000000,119958.4609375000,152021.6250000000,133400.4375000000,144660.3281250000,,,
8.1359999869,63,146551.9218750000,194638.5937500000,169952.5156250000,147849.2500000000,119390.6406250000,151469.0000000000,132869.2812500000,144266.4062500000,,,
8.1399999869,63,146475.8281250000,198450.0000000000,169488.5468750000,147758.2500000000,119313.6875000000,151383.9531250000,132788.8906250000,144175.6250000000,,,
8.1439999868,63,147002.7812500000,197422.9687500000,170241.8750000000,148346.6718750000,119827.8671875000,151877.9375000000,133261.0468750000,144499.6562500000,,,
8.1479999868,63,147423.6406250000,192943.3593750000,171214.4062500000,148829.3593750000,120239.6640625000,152279.8593750000,133649.2656250000,144811.3593750000,,,
8.1519999870,63,147148.8281250000,191207.9687500000,171123.7031250000,148528.2343750000,119971.2812500000,152026.2812500000,133410.0625000000,144672.1718750000,,,
8.1559999869,63,146557.8281250000,194596.1406250000,169977.5937500000,147843.6250000000,119395.7578125000,151472.9531250000,132877.4062500000,144272.2656250000,,,
8.1599999869,63,146480.7968750000,198464.8593750000,169515.9843750000,147743.1406250000,119318.9687500000,151390.3593750000,132798.6875000000,144177.8281250000,,,
8.1639999868,63,147013.0781250000,197480.9375000000,170263.1093750000,148327.8125000000,119840.9843750000,151890.7812500000,133274.6875000000,144505.1250000000,,,
8.1679999868,63,147442.2031250000,192980.9687500000,171233.8281250000,148816.3750000000,120260.8515625000,152300.2187500000,133667.9531250000,144822.2968750000,,,
8.1719999867,63,147171.6250000000,191193.3593750000,171151.6250000000,148517.5625000000,119996.3593750000,152046.8906250000,133427.2031250000,144686.8437500000,,,
8.1759999869,63,146589.0781250000,194573.5625000000,170015.5156250000,147845.7343750000,119427.3281250000,151495.0468750000,132892.6875000000,144298.3125000000,,,
8.1799999869,63,146506.4062500000,198488.9062500000,169541.4062500000,147744.1875000000,119342.0625000000,151407.3906250000,132806.2187500000,144202.9218750000,,,
8.1839999869,63,147024.0000000000,197545.3125000000,170270.5468750000,148330.5468750000,119848.3281250000,151894.9062500000,133275.8437500000,144520.1250000000,,,
8.1879999868,63,147441.7812500000,193019.2500000000,171229.1093750000,148818.4687500000,120257.8750000000,152294.0781250000,133666.8125000000,144824.3593750000,,,
8.1919999868,64,147173.2656250000,191173.1093750000,171153.9062500000,148525.2812500000,119993.0390625000,152042.8125000000,133426.1250000000,144684.7812500000,,,
8.1959999867,64,146585.3750000000,194534.1562500000,170020.1875000000,147849.2343750000,119415.1250000000,151489.0156250000,132888.4843750000,144291.3125000000,,,
8.1999999867,64,146497.9531250000,198483.5781250000,169536.8750000000,147745.4062500000,119325.8359375000,151400.4218750000,132798.3593750000,144195.0937500000,,,
8.2039999866,64,147024.0000000000,197587.7968750000,170263.9687500000,148335.7812500000,119843.0468750000,151895.0781250000,133269.1093750000,144519.7500000000,,,
8.2079999866,64,147455.8281250000,193057.5937500000,171228.2031250000,148837.7812500000,120267.3203125000,152309.5312500000,133666.3750000000,144835.8437500000,,,
8.2119999866,64,147187.9531250000,191164.4218750000,171167.2343750000,148555.0781250000,120006.1484375000,152065.3593750000,133431.8906250000,144701.6562500000,,,
8.2159999867,64,146591.6250000000,194505.2968750000,170039.9531250000,147873.6875000000,119426.4765625000,151503.7187500000,132893.1718750000,144303.7500000000,,,
8.2199999867,64,146493.2656250000,198484.7500000000,169543.1562500000,147754.4062500000,119331.1484375000,151404.1250000000,132800.3125000000,144198.9062500000,,,
8.2239999867,64,147009.3281250000,197630.9531250000,170253.9375000000,148335.1406250000,119838.7265625000,151890.8906250000,133267.7500000000,144512.3125000000,,,
8.2279999866,64,147441.6718750000,193093.2968750000,171215.4062500000,148837.7343750000,120261.6562500000,152307.9218750000,133667.3906250000,144827.0156250000,,,
8.2319999866,64,147183.6406250000,191153.0937500000,171166.7812500000,148553.3906250000,120006.8203125000,152067.4375000000,133438.1250000000,144698.8125000000,,,
8.2359999868,64,146590.2031250000,194459.2343750000,170043.2031250000,147869.3437500000,119427.6015625000,151502.8593750000,132899.9843750000,144301.3437500000,,,
8.2399999867,64,146490.6875000000,198462.9531250000,169541.7812500000,147742.0781250000,119328.9453125000,151397.1718750000,132801.3125000000,144193.9687500000,,,
8.2439999867,64,147017.0937500000,197653.7187500000,170257.7968750000,148322.7187500000,119848.6250000000,151892.5312500000,133276.6562500000,144518.6718750000,,,
8.2479999866,64,147460.3281250000,193122.6093750000,171229.4843750000,148829.7968750000,120281.9921875000,152317.1250000000,133682.5781250000,144843.8906250000,,,
8.2519999866,64,147205.5781250000,191142.6562500000,171191.7656250000,148550.5781250000,120029.6718750000,152080.4375000000,133450.5312500000,144720.3437500000,,,
8.2559999865,64,146606.6718750000,194433.7343750000,170070.5000000000,147863.8437500000,119442.5937500000,151513.7656250000,132901.9531250000,144319.8437500000,,,
8.2599999867,64,146500.9062500000,198466.5468750000,169553.6718750000,147734.4375000000,119335.7031250000,151405.0000000000,132798.3593750000,144209.2812500000,,,
8.2639999867,64,147015.2031250000,197695.4687500000,170251.3906250000,148310.8437500000,119839.1875000000,151887.1093750000,133262.7812500000,144522.0781250000,,,
8.2679999867,64,147458.5156250000,193161.5312500000,171216.7187500000,148820.1406250000,120271.7187500000,152307.0937500000,133669.1093750000,144840.3281250000,,,
8.2719999866,64,147217.0625000000,191137.6718750000,171191.7500000000,148559.3437500000,120031.0937500000,152079.7187500000,133456.8750000000,144719.9218750000,,,
8.2759999866,64,146619.8125000000,194391.5937500000,170076.7031250000,147879.6250000000,119445.9687500000,151515.3281250000,132917.5000000000,144319.4687500000,,,
8.2799999868,64,146500.6875000000,198450.3125000000,169551.7656250000,147750.7968750000,119329.3515625000,151395.8906250000,132801.9218750000,144198.8750000000,,,
8.2839999867,64,147003.3906250000,197724.1562500000,170239.2343750000,148313.1718750000,119825.0234375000,151876.9375000000,133256.6093750000,144506.5781250000,,,
8.2879999867,64,147441.9687500000,193190.3125000000,171199.3906250000,148818.0468750000,120255.9218750000,152300.7031250000,133658.8593750000,144825.7343750000,,,
8.2919999866,64,147203.4375000000,191126.1406250000,171185.6093750000,148567.1562500000,120021.4140625000,152078.2656250000,133447.3125000000,144712.2812500000,,,
8.2959999866,64,146599.2968750000,194348.3593750000,170073.7500000000,147887.1875000000,119433.9843750000,151509.1093750000,132904.0937500000,144310.3437500000,,,
8.2999999865,64,146470.7812500000,198419.9531250000,169536.1718750000,147743.7031250000,119307.5937500000,151385.3750000000,132781.6250000000,144185.6718750000,,,
8.3039999867,64,146978.9531250000,197732.0781250000,170217.1093750000,148312.1250000000,119805.2031250000,151863.9062500000,133237.7812500000,144491.0000000000,,,
8.3079999867,64,147432.1718750000,193210.1875000000,171189.3906250000,148830.7812500000,120249.3750000000,152293.8593750000,133655.6406250000,144813.9375000000,,,
8.3119999866,64,147201.2343750000,191106.8750000000,171188.2031250000,148582.2812500000,120023.2890625000,152079.0000000000,133452.6093750000,144705.9218750000,,,
8.3159999866,64,146603.6875000000,194305.1562500000,170084.3437500000,147899.1250000000,119441.3359375000,151514.0625000000,132907.9062500000,144310.0000000000,,,
8.3199999866,65,146471.5312500000,198403.4531250000,169537.4687500000,147744.2968750000,119312.0234375000,151385.6718750000,132779.4843750000,144182.3593750000,,,
8.3239999865,65,146980.3593750000,197762.3593750000,170211.0000000000,148305.1718750000,119810.8046875000,151867.4531250000,133235.8593750000,144492.9062500000,,,
8.3279999865,65,147436.7031250000,193248.1718750000,171186.9375000000,148821.7968750000,120258.1718750000,152304.3281250000,133657.3593750000,144822.6562500000,,,
8.3319999864,65,147212.7343750000,191106.2343750000,171200.0937500000,148575.7812500000,120039.9765625000,152095.5468750000,133463.1250000000,144720.2187500000,,,
8.3359999864,65,146622.9218750000,194275.4531250000,170101.6718750000,147893.5625000000,119463.2187500000,151537.9843750000,132927.3750000000,144332.8281250000,,,
8.3399999863,65,146492.1875000000,198394.6875000000,169546.8750000000,147732.9531250000,119331.1171875000,151408.0937500000,132798.1406250000,144210.3593750000,,,
8.3439999865,65,146993.3593750000,197808.7656250000,170214.5937500000,148288.6562500000,119818.9296875000,151879.4062500000,133246.2656250000,144514.7343750000,,,
8.3479999865,65,147461.7500000000,193305.2812500000,171196.1250000000,148818.7968750000,120277.6171875000,152324.7656250000,133674.2343750000,144854.1093750000,,,
8.3519999865,65,147241.2031250000,191119.5937500000,171218.2500000000,148581.5781250000,120060.6796875000,152114.6875000000,133475.5625000000,144751.2031250000,,,
8.3559999864,65,146641.8281250000,194249.7812500000,170118.6718750000,147895.5312500000,119475.8828125000,151546.5468750000,132932.5781250000,144353.9687500000,,,
8.3599999864,65,146495.4375000000,198390.0000000000,169551.5156250000,147732.5781250000,119332.7578125000,151402.2968750000,132797.4218750000,144214.5937500000,,,
8.3639999866,65,146987.4375000000,197844.5312500000,170208.1250000000,148288.4375000000,119817.0859375000,151871.8750000000,133242.5625000000,144509.4531250000,,,
8.3679999865,65,147441.4062500000,193342.1250000000,171183.9375000000,148817.8750000000,120264.3437500000,152308.1562500000,133660.7187500000,144833.4375000000,,,
8.3719999865,65,147219.3125000000,191107.5468750000,171211.3593750000,148583.3437500000,120048.3437500000,152100.5625000000,133467.6562500000,144727.0781250000,,,
8.3759999864,65,146612.8906250000,194205.4843750000,170111.5156250000,147889.5468750000,119456.9687500000,151527.5625000000,132919.9687500000,144325.2031250000,,,
8.3799999864,65,146463.2031250000,198361.7812500000,169531.1093750000,147722.5000000000,119309.5000000000,151378.9062500000,132776.3437500000,144185.4062500000,,,
8.3839999863,65,146949.8906250000,197864.0937500000,170178.3593750000,148272.4843750000,119787.1796875000,151838.4843750000,133212.6250000000,144476.1875000000,,,
8.3879999865,65,147411.8906250000,193365.4843750000,171155.4843750000,148806.3437500000,120236.9843750000,152277.9062500000,133633.9687500000,144803.7187500000,,,
8.3919999865,65,147197.3125000000,191089.2812500000,171194.8906250000,148584.4218750000,120022.1406250000,152075.3437500000,133441.8437500000,144701.0156250000,,,
8.3959999864,65,146592.1093750000,194146.2031250000,170094.8906250000,147900.1406250000,119429.9296875000,151500.9218750000,132889.2343750000,144297.8437500000,,,
8.3999999864,65,146446.5468750000,198315.5312500000,169509.4843750000,147735.7187500000,119286.5156250000,151360.1562500000,132747.0468750000,144164.4062500000,,,
8.4039999864,65,146940.0937500000,197854.4062500000,170155.8437500000,148286.5625000000,119771.3515625000,151821.5781250000,133186.4218750000,144458.8906250000,,,
8.4079999865,65,147424.0937500000,193354.3906250000,171147.0312500000,148832.9218750000,120246.2343750000,152279.7500000000,133629.6093750000,144803.2656250000,,,
8.4119999865,65,147218.4218750000,191036.5625000000,171205.3750000000,148609.3906250000,120041.2109375000,152088.3750000000,133454.5312500000,144709.6250000000,,,
8.4159999865,65,146617.4843750000,194050.9843750000,170118.7031250000,147921.0625000000,119454.0156250000,151520.2656250000,132912.5156250000,144314.8281250000,,,
8.4199999864,65,146464.1406250000,198230.0468750000,169527.5156250000,147730.3281250000,119302.2031250000,151367.0000000000,132764.7031250000,144176.1875000000,,,
8.4239999864,65,146962.0312500000,197806.6093750000,170170.2500000000,148270.7187500000,119792.5703125000,151834.4531250000,133209.2968750000,144477.9375000000,,,
8.4279999863,65,147444.4062500000,193331.1875000000,171164.5468750000,148807.2031250000,120264.1796875000,152288.9218750000,133646.6875000000,144824.7968750000,,,
8.4319999865,65,147257.6875000000,190994.3593750000,171241.6093750000,148592.6562500000,120077.3671875000,152111.1250000000,133480.1562500000,144751.8906250000,,,
8.4359999865,65,146659.4218750000,193999.9687500000,170163.8906250000,147898.6093750000,119495.1406250000,151560.4375000000,132946.5312500000,144365.6093750000,,,
8.4399999864,65,146498.1718750000,198212.2968750000,169561.5781250000,147708.5781250000,119339.2734375000,151415.2500000000,132799.8281250000,144224.4375000000,,,
8.4439999864,65,146993.6093750000,197848.1093750000,170196.1406250000,148259.8750000000,119824.4296875000,151882.6250000000,133240.8750000000,144523.5625000000,,,
8.4479999864,66,147464.6250000000,193384.8593750000,171186.6562500000,148798.4062500000,120285.1250000000,152325.0312500000,133669.7500000000,144854.7031250000,,,
8.4519999863,66,147265.7187500000,191007.9843750000,171263.3593750000,148593.7031250000,120090.7500000000,152141.7812500000,133500.3281250000,144765.9531250000,,,
8.4559999863,66,146655.1406250000,193969.9062500000,170176.5625000000,147911.5156250000,119494.5234375000,151568.1875000000,132948.2968750000,144357.0781250000,,,
8.4599999862,66,146478.8906250000,198195.3750000000,169556.0468750000,147717.2031250000,119321.7890625000,151395.7187500000,132781.7500000000,144196.1718750000,,,
8.4639999862,66,146962.6718750000,197874.2343750000,170175.4062500000,148265.3750000000,119796.4062500000,151848.5156250000,133218.7343750000,144484.0781250000,,,
8.4679999861,66,147440.1406250000,193425.7656250000,171164.0937500000,148814.1250000000,120265.0937500000,152303.7343750000,133659.3750000000,144822.8906250000,,,
8.4719999863,66,147248.0312500000,191013.0000000000,171250.0312500000,148615.5156250000,120076.2343750000,152125.1562500000,133490.8281250000,144740.5468750000,,,
8.4759999863,66,146646.5312500000,193935.6718750000,170169.6406250000,147930.7187500000,119488.5625000000,151554.4375000000,132944.8906250000,144346.2343750000,,,
8.4799999862,66,146472.6718750000,198163.5312500000,169541.4687500000,147728.9375000000,119316.4218750000,151381.6406250000,132776.0937500000,144194.6718750000,,,
8.4839999862,66,146954.0156250000,197887.0468750000,170153.1093750000,148262.4531250000,119785.8906250000,151835.5312500000,133205.0625000000,144480.9375000000,,,
8.4879999862,66,147441.4218750000,193461.1406250000,171149.7968750000,148818.8750000000,120261.7421875000,152301.2968750000,133653.1718750000,144824.7968750000,,,
8.4919999863,66,147256.1406250000,191022.6562500000,171253.6562500000,148628.8437500000,120080.4218750000,152131.2187500000,133495.1093750000,144746.8750000000,,,
8.4959999863,66,146650.2500000000,193899.6250000000,170177.7656250000,147941.8437500000,119491.3281250000,151564.6250000000,132948.5156250000,144350.2343750000,,,
8.4999999863,66,146461.6718750000,198118.4218750000,169535.4843750000,147721.0468750000,119305.6406250000,151382.0000000000,132769.3906250000,144183.6093750000,,,
8.5039999862,66,146935.7812500000,197879.0625000000,170138.9218750000,148245.2812500000,119769.9296875000,151826.2187500000,133193.5000000000,144461.7656250000,,,
8.5079999862,66,147423.1875000000,193484.5000000000,171137.4062500000,148797.4687500000,120245.1640625000,152289.4843750000,133637.0000000000,144805.5312500000,,,
8.5119999861,66,147244.8125000000,191019.2343750000,171247.4062500000,148605.2968750000,120065.6406250000,152122.5781250000,133477.2187500000,144732.7500000000,,,
8.5159999863,66,146647.9531250000,193860.0312500000,170174.2187500000,147913.2500000000,119481.3750000000,151555.2031250000,132933.5937500000,144343.4531250000,,,
8.5199999863,66,146472.6093750000,198093.7500000000,169525.0000000000,147697.4375000000,119309.4453125000,151383.0625000000,132767.8593750000,144192.6875000000,,,
8.5239999862,66,146950.0468750000,197903.8437500000,170127.1562500000,148221.9687500000,119777.7109375000,151833.5937500000,133196.6718750000,144481.2812500000,,,
8.5279999862,66,147445.7968750000,193527.9218750000,171135.9062500000,148782.7968750000,120261.4453125000,152304.7031250000,133649.7500000000,144834.4843750000,,,
8.5319999862,66,147279.5312500000,191027.7812500000,171264.4531250000,148604.8906250000,120094.6640625000,152149.6406250000,133501.3125000000,144769.5937500000,,,
8.5359999863,66,146675.7812500000,193821.6562500000,170194.0468750000,147915.5312500000,119505.3828125000,151577.1718750000,132952.9375000000,144368.6875000000,,,
8.5399999863,66,146483.7500000000,198058.4218750000,169531.4531250000,147694.0312500000,119319.4531250000,151392.7812500000,132772.6093750000,144201.0000000000,,,
8.5439999863,66,146947.3125000000,197915.2656250000,170125.9218750000,148218.5468750000,119775.1875000000,151828.6093750000,133188.5625000000,144473.5312500000,,,
8.5479999862,66,147432.3906250000,193564.7500000000,171133.4375000000,148783.4687500000,120251.2812500000,152287.5937500000,133635.0781250000,144813.0000000000,,,
8.5519999862,66,147258.4218750000,191039.9687500000,171263.5156250000,148610.7812500000,120081.5234375000,152125.9531250000,133484.5468750000,144741.5625000000,,,
8.5559999861,66,146656.2968750000,193798.2968750000,170192.4375000000,147935.0937500000,119495.2734375000,151560.0937500000,132940.9687500000,144345.4375000000,,,
8.5599999863,66,146460.3281250000,198042.8281250000,169520.2812500000,147716.3281250000,119303.4375000000,151368.9375000000,132756.9687500000,144177.0625000000,,,
8.5639999863,66,146919.3593750000,197946.0000000000,170105.4218750000,148232.8593750000,119752.8671875000,151799.1250000000,133167.2187500000,144448.1093750000,,,
8.5679999862,66,147413.3125000000,193601.6250000000,171112.2500000000,148800.7968750000,120235.1015625000,152265.7031250000,133616.2968750000,144793.9218750000,,,
8.5719999862,66,147251.7187500000,191037.6562500000,171259.6875000000,148635.7656250000,120073.4765625000,152113.8281250000,133470.3906250000,144729.8437500000,,,
8.5759999861,67,146655.2187500000,193765.5937500000,170197.9843750000,147954.1093750000,119489.3671875000,151549.0468750000,132926.5625000000,144337.1406250000,,,
8.5799999861,67,146459.8750000000,198040.5468750000,169520.2968750000,147726.4843750000,119294.8593750000,151355.8906250000,132743.0468750000,144172.5156250000,,,
8.5839999861,67,146916.4687500000,197989.0625000000,170096.3125000000,148233.5312500000,119739.2968750000,151782.5000000000,133148.1718750000,144442.0156250000,,,
8.5879999860,67,147411.3593750000,193654.9062500000,171104.8125000000,148799.9687500000,120224.2421875000,152256.2343750000,133600.5000000000,144790.2812500000,,,
8.5919999860,67,147253.8281250000,191042.4531250000,171258.8750000000,148635.4843750000,120070.0156250000,152117.5937500000,133469.7656250000,144735.4843750000,,,
8.5959999859,67,146650.5156250000,193734.8593750000,170203.0000000000,147949.9687500000,119481.3750000000,151550.6250000000,132929.4062500000,144345.1406250000,,,
8.5999999861,67,146446.0312500000,198031.2500000000,169515.7656250000,147709.8593750000,119282.2265625000,151351.3906250000,132737.0781250000,144173.9375000000,,,
8.6039999861,67,146906.5937500000,198025.5312500000,170089.2812500000,148211.7812500000,119732.4062500000,151780.5468750000,133146.3750000000,144445.2031250000,,,
8.6079999860,67,147407.0625000000,193695.9687500000,171104.5156250000,148776.8750000000,120221.6406250000,152253.1250000000,133602.4375000000,144793.5156250000,,,
8.6119999860,67,147263.5156250000,191038.7500000000,171279.7812500000,148626.6718750000,120081.7890625000,152120.7812500000,133480.3125000000,144744.5156250000,,,
8.6159999860,67,146667.1718750000,193703.6875000000,170237.4687500000,147942.9687500000,119498.8125000000,151563.5468750000,132940.5937500000,144356.9687500000,,,
8.6199999861,67,146459.1406250000,198025.9375000000,169547.4375000000,147699.9062500000,119294.1093750000,151361.9375000000,132742.6250000000,144184.0156250000,,,
8.6239999861,67,146915.3437500000,198075.4218750000,170115.0000000000,148202.3750000000,119742.3828125000,151789.5312500000,133151.3125000000,144451.8125000000,,,
8.6279999861,67,147421.5468750000,193748.1875000000,171130.9375000000,148772.5000000000,120241.5703125000,152271.3906250000,133619.2187500000,144805.9375000000,,,
8.6319999860,67,147286.3593750000,191042.2187500000,171315.0781250000,148628.8437500000,120110.2187500000,152147.8125000000,133504.3125000000,144763.5000000000,,,
8.6359999860,67,146687.7812500000,193667.2343750000,170270.8437500000,147941.7187500000,119525.9843750000,151581.0156250000,132958.9687500000,144370.6406250000,,,
8.6399999859,67,146470.3906250000,198008.1562500000,169566.5625000000,147690.6093750000,119313.3671875000,151368.9843750000,132752.1406250000,144189.5625000000,,,
8.6439999861,67,146920.2500000000,198099.2656250000,170127.5000000000,148189.7031250000,119754.6953125000,151790.7343750000,133154.6093750000,144453.8437500000,,,
8.6479999861,67,147433.2656250000,193769.2187500000,171142.3906250000,148770.5468750000,120254.0156250000,152280.3125000000,133623.9687500000,144814.6562500000,,,
8.6519999860,67,147296.5937500000,191017.2656250000,171330.9062500000,148637.8750000000,120114.0000000000,152155.6718750000,133501.7968750000,144769.4375000000,,,
8.6559999860,67,146696.3593750000,193613.1875000000,170295.1562500000,147960.4375000000,119526.3046875000,151591.0468750000,132956.4687500000,144379.2812500000,,,
8.6599999859,67,146469.8437500000,197984.8437500000,169584.8125000000,147700.1562500000,119303.7578125000,151370.9218750000,132745.5156250000,144192.4062500000,,,
8.6639999861,67,146913.9687500000,198125.6875000000,170128.6718750000,148199.5000000000,119740.4765625000,151786.4687500000,133146.6250000000,144452.1093750000,,,
8.6679999861,67,147423.7187500000,193803.6875000000,171135.1562500000,148783.1406250000,120239.1562500000,152271.9218750000,133617.6875000000,144808.1875000000,,,
8.6719999861,67,147287.7031250000,191000.8281250000,171328.2500000000,148652.4687500000,120104.7265625000,152149.4218750000,133505.1406250000,144763.8281250000,,,
8.6759999860,67,146684.5312500000,193553.4375000000,170297.1562500000,147973.8906250000,119516.0078125000,151583.3750000000,132961.1406250000,144370.5625000000,,,
8.6799999860,67,146453.0781250000,197948.3437500000,169579.0937500000,147707.2812500000,119289.0625000000,151360.1093750000,132743.2343750000,144180.2343750000,,,
8.6839999859,67,146894.7968750000,198149.4843750000,170117.8437500000,148197.5937500000,119721.9218750000,151770.5312500000,133136.6718750000,144433.7343750000,,,
8.6879999861,67,147411.5937500000,193850.4843750000,171133.8437500000,148783.7968750000,120228.2421875000,152264.4062500000,133609.9218750000,144791.6406250000,,,
8.6919999861,67,147285.0000000000,191012.7031250000,171343.0000000000,148655.1250000000,120102.7656250000,152152.0625000000,133503.1562500000,144755.8593750000,,,
8.6959999860,67,146687.7500000000,193525.5312500000,170318.6093750000,147976.6875000000,119518.7656250000,151591.1250000000,132964.8437500000,144371.2812500000,,,
8.6999999860,67,146451.9843750000,197929.4062500000,169590.2500000000,147699.2968750000,119287.4843750000,151359.3593750000,132741.6562500000,144177.2812500000,,,
8.7039999859,68,146894.5000000000,198174.7656250000,170122.5937500000,148180.7500000000,119722.8046875000,151774.1562500000,133138.2500000000,144435.7968750000,,,
8.7079999859,68,147419.4062500000,193883.0000000000,171139.9531250000,148772.0625000000,120240.0390625000,152274.5468750000,133623.4062500000,144802.4062500000,,,
8.7119999859,68,147304.9062500000,191006.3750000000,171359.4062500000,148652.3281250000,120127.1171875000,152171.4687500000,133521.5625000000,144773.6718750000,,,
8.7159999858,68,146706.0156250000,193485.2812500000,170339.2656250000,147963.5937500000,119540.1953125000,151605.7968750000,132971.9218750000,144384.1875000000,,,
8.7199999858,68,146467.7812500000,197906.3906250000,169606.8281250000,147685.7812500000,119306.6875000000,151372.1250000000,132748.6093750000,144190.8593750000,,,
8.7239999857,68,146901.4218750000,198194.6718750000,170128.4062500000,148172.6562500000,119732.1875000000,151778.2031250000,133142.8281250000,144441.7031250000,,,
8.7279999859,68,147416.2343750000,193927.0156250000,171137.8125000000,148763.8906250000,120236.8984375000,152269.2343750000,133616.3281250000,144797.0937500000,,,
8.7319999859,68,147306.2187500000,191014.9687500000,171364.0468750000,148658.0468750000,120127.0625000000,152168.5468750000,133520.9218750000,144770.2656250000,,,
8.7359999858,68,146713.0781250000,193451.1406250000,170351.2500000000,147978.9375000000,119545.3515625000,151608.6093750000,132979.0625000000,144387.4687500000,,,
8.7399999858,68,146460.2500000000,197879.8125000000,169604.0312500000,147690.3281250000,119296.8671875000,151364.3750000000,132743.6406250000,144184.0156250000,,,
8.7439999857,68,146882.4218750000,198214.8125000000,170110.7031250000,148165.2968750000,119712.7421875000,151757.4531250000,133126.2343750000,144426.5468750000,,,
8.7479999859,68,147408.3750000000,193955.3593750000,171123.0781250000,148760.6718750000,120229.8515625000,152257.5000000000,133610.6718750000,144790.7031250000,,,
8.7519999859,68,147308.9218750000,191005.3281250000,171366.7812500000,148662.6562500000,120129.5078125000,152165.9218750000,133527.7812500000,144774.2656250000,,,
8.7559999858,68,146708.7500000000,193406.7656250000,170359.8125000000,147986.9531250000,119541.2734375000,151597.1406250000,132979.8125000000,144384.6250000000,,,
8.7599999858,68,146452.3281250000,197859.4531250000,169603.3750000000,147694.0625000000,119289.9765625000,151353.8906250000,132740.8281250000,144178.7031250000,,,
8.7639999858,68,146878.9687500000,198237.2343750000,170101.3750000000,148169.8125000000,119708.3750000000,151756.7812500000,133122.4531250000,144428.0156250000,,,
8.7679999857,68,147403.2812500000,193980.0312500000,171110.1562500000,148767.5156250000,120222.0703125000,152252.6875000000,133601.5781250000,144787.2187500000,,,
8.7719999859,68,147307.0468750000,190980.1718750000,171357.8750000000,148676.3906250000,120124.7343750000,152163.3281250000,133519.2031250000,144768.6562500000,,,
8.7759999859,68,146706.0937500000,193351.2500000000,170359.6406250000,147998.6562500000,119538.0781250000,151597.2343750000,132977.9531250000,144381.6718750000,,,
8.7799999858,68,146449.5781250000,197825.6562500000,169599.8281250000,147706.8906250000,119290.8906250000,151352.8593750000,132743.7812500000,144179.0312500000,,,
8.7839999858,68,146868.2968750000,198255.4843750000,170091.4531250000,148172.8437500000,119704.0312500000,151749.1562500000,133121.4531250000,144420.6718750000,,,
8.7879999857,68,147401.3281250000,194015.7656250000,171102.7187500000,148769.3906250000,120227.9140625000,152255.5312500000,133610.5312500000,144788.1562500000,,,
8.7919999859,68,147312.4062500000,190982.0312500000,171363.5625000000,148679.5625000000,120139.3515625000,152171.9375000000,133536.1875000000,144776.5156250000,,,
8.7959999859,68,146712.9375000000,193328.1875000000,170374.8281250000,148000.9843750000,119552.6718750000,151610.2968750000,132994.9843750000,144392.0000000000,,,
8.7999999858,68,146453.7031250000,197823.6250000000,169604.1250000000,147697.0156250000,119296.1953125000,151361.0468750000,132749.8593750000,144186.6406250000,,,
8.8039999858,68,146882.5937500000,198303.7656250000,170085.3281250000,148165.2656250000,119714.2187500000,151756.7500000000,133123.7656250000,144435.2031250000,,,
8.8079999858,68,147424.0468750000,194064.5781250000,171095.5156250000,148772.3437500000,120245.7812500000,152268.2031250000,133617.9062500000,144807.0468750000,,,
8.8119999857,68,147335.0781250000,190981.7343750000,171369.1718750000,148685.8906250000,120157.5078125000,152189.5781250000,133548.0625000000,144795.6406250000,,,
8.8159999859,68,146733.8593750000,193294.2031250000,170393.0625000000,148006.4062500000,119570.4296875000,151625.4843750000,133004.4062500000,144409.0781250000,,,
8.8199999859,68,146463.7343750000,197818.4375000000,169617.7656250000,147700.5312500000,119302.3671875000,151365.0625000000,132748.5000000000,144197.1250000000,,,
8.8239999858,68,146873.1718750000,198341.1718750000,170083.8281250000,148152.8750000000,119702.4687500000,151749.7031250000,133116.6093750000,144429.9687500000,,,
8.8279999858,68,147408.7031250000,194101.2500000000,171085.5781250000,148765.5781250000,120228.3203125000,152261.7656250000,133609.9687500000,144795.2656250000,,,
8.8319999857,69,147327.2500000000,190979.1562500000,171366.2031250000,148692.4375000000,120144.9062500000,152186.8125000000,133543.0000000000,144785.7968750000,,,
8.8359999857,69,146723.6875000000,193252.0937500000,170391.2187500000,148010.7812500000,119553.4218750000,151615.5312500000,132996.9843750000,144396.0781250000,,,
8.8399999856,69,146446.0000000000,197803.0937500000,169609.6406250000,147701.1406250000,119281.6875000000,151342.4375000000,132734.2500000000,144175.7343750000,,,
8.8439999856,69,146862.4218750000,198378.5625000000,170070.4218750000,148162.6718750000,119690.5859375000,151733.6250000000,133104.3125000000,144414.6093750000,,,
8.8479999856,69,147409.0468750000,194145.0000000000,171076.0937500000,148780.7812500000,120225.9296875000,152257.3125000000,133603.4531250000,144790.0625000000,,,
8.8519999855,69,147328.0781250000,190968.5312500000,171364.9375000000,148711.1562500000,120146.2421875000,152184.1562500000,133538.8125000000,144781.5312500000,,,
8.8559999857,69,146727.6093750000,193203.8906250000,170401.3750000000,148028.9375000000,119560.9062500000,151621.5625000000,133000.5781250000,144397.7812500000,,,
8.8599999857,69,146441.3906250000,197776.7031250000,169615.8437500000,147700.4218750000,119280.1328125000,151352.1875000000,132735.5625000000,144176.9375000000,,,
8.8639999856,69,146843.0781250000,198405.7031250000,170066.0468750000,148149.7187500000,119675.8359375000,151731.1875000000,133091.7187500000,144403.8750000000,,,
8.8679999856,69,147389.1250000000,194177.3125000000,171066.3281250000,148769.2187500000,120215.1796875000,152251.1562500000,133593.6562500000,144774.7187500000,,,
8.8719999855,69,147321.1250000000,190951.1562500000,171363.4062500000,148714.7812500000,120147.3984375000,152191.1406250000,133545.7031250000,144776.6562500000,,,
8.8759999857,69,146714.5468750000,193145.3281250000,170403.8125000000,148033.2343750000,119555.4296875000,151622.1875000000,133003.6093750000,144387.6250000000,,,
8.8799999857,69,146420.5156250000,197734.7031250000,169609.6250000000,147690.4375000000,119268.8359375000,151340.9218750000,132729.8750000000,144159.4531250000,,,
8.8839999856,69,146821.9687500000,198413.0625000000,170054.6562500000,148132.8125000000,119662.6718750000,151712.8906250000,133087.2656250000,144384.2656250000,,,
8.8879999856,69,147377.7187500000,194202.2812500000,171054.5312500000,148755.0937500000,120206.7812500000,152237.7500000000,133594.3906250000,144764.1250000000,,,
8.8919999856,69,147315.3593750000,190937.1562500000,171357.1250000000,148694.0156250000,120142.5703125000,152183.8593750000,133541.5000000000,144773.2968750000,,,
8.8959999855,69,146719.5625000000,193098.4687500000,170409.6875000000,148015.2812500000,119561.6796875000,151627.3906250000,133005.0000000000,144397.6250000000,,,
8.8999999857,69,146434.3593750000,197706.2968750000,169617.2343750000,147684.9218750000,119281.2812500000,151349.2656250000,132738.5000000000,144177.5468750000,,,
8.9039999857,69,146839.5156250000,198431.0625000000,170058.0625000000,148128.3125000000,119674.7656250000,151724.4843750000,133092.2500000000,144407.2343750000,,,
8.9079999856,69,147396.3906250000,194237.6406250000,171057.0468750000,148752.2812500000,120217.7500000000,152251.0312500000,133595.2968750000,144785.4218750000,,,
8.9119999856,69,147338.4843750000,190948.3125000000,171373.3906250000,148702.4062500000,120158.2890625000,152199.2343750000,133550.8593750000,144792.5312500000,,,
8.9159999855,69,146739.1406250000,193069.9687500000,170431.4218750000,148032.1875000000,119572.0390625000,151635.4375000000,133009.6562500000,144409.3281250000,,,
8.9199999857,69,146440.2031250000,197676.9843750000,169622.4375000000,147695.8125000000,119276.2968750000,151349.7812500000,132728.2656250000,144177.8437500000,,,
8.9239999857,69,146832.2343750000,198447.9062500000,170048.5156250000,148127.2187500000,119658.4531250000,151718.7968750000,133078.7343750000,144398.5156250000,,,
8.9279999856,69,147388.2968750000,194283.3750000000,171047.0937500000,148753.1875000000,120204.7968750000,152246.4375000000,133589.0937500000,144778.4687500000,,,
8.9319999856,69,147339.8750000000,190961.6093750000,171375.0000000000,148712.6250000000,120156.9218750000,152201.8593750000,133554.3437500000,144793.8750000000,,,
8.9359999856,69,146739.8593750000,193030.8281250000,170437.3750000000,148035.7031250000,119571.2578125000,151636.3750000000,133012.5937500000,144409.9687500000,,,
8.9399999855,69,146436.5156250000,197627.8437500000,169619.4062500000,147687.1406250000,119273.4531250000,151345.5937500000,132731.2500000000,144176.5000000000,,,
8.9439999857,69,146824.7656250000,198440.3125000000,170040.7812500000,148122.1406250000,119656.2031250000,151710.8281250000,133077.2343750000,144394.1875000000,,,
8.9479999857,69,147380.4843750000,194316.2031250000,171048.6718750000,148749.2656250000,120205.2265625000,152239.0156250000,133583.9843750000,144771.3437500000,,,
8.9519999856,69,147340.0156250000,190978.4062500000,171392.0781250000,148717.1875000000,120164.0234375000,152200.3906250000,133552.5156250000,144789.5312500000,,,
8.9559999856,69,146748.2812500000,192993.3906250000,170461.0000000000,148048.4687500000,119583.9687500000,151645.5468750000,133016.5000000000,144409.2968750000,,,
8.9599999855,70,146431.5156250000,197572.5937500000,169627.2187500000,147687.7656250000,119274.9843750000,151343.8281250000,132724.1718750000,144162.9687500000,,,
8.9639999855,70,146817.0312500000,198416.2031250000,170035.8750000000,148114.3125000000,119654.4609375000,151702.1406250000,133072.0781250000,144378.3750000000,,,
8.9679999854,70,147375.3281250000,194330.1718750000,171046.6093750000,148739.3437500000,120205.4375000000,152234.1250000000,133582.3750000000,144757.6562500000,,,
8.9719999854,70,147338.9062500000,190988.9531250000,171401.5156250000,148711.6875000000,120168.2343750000,152202.5625000000,133556.8906250000,144779.9687500000,,,
8.9759999854,70,146758.2656250000,192959.0625000000,170477.2343750000,148058.5000000000,119598.3984375000,151654.8750000000,133032.3281250000,144413.4062500000,,,
8.9799999853,70,146449.4687500000,197513.6406250000,169636.8437500000,147695.2187500000,119293.1640625000,151357.5312500000,132745.4375000000,144176.9062500000,,,
8.9839999855,70,146832.9375000000,198397.9531250000,170042.2031250000,148114.8281250000,119665.5937500000,151714.1875000000,133081.7656250000,144394.6718750000,,,
8.9879999855,70,147391.3281250000,194362.4375000000,171058.0156250000,148743.7656250000,120211.3671875000,152242.2812500000,133585.9843750000,144775.8125000000,,,
8.9919999854,70,147359.2187500000,191019.8125000000,171428.2343750000,148723.5781250000,120179.6875000000,152210.7187500000,133565.7343750000,144801.7812500000,,,
8.9959999854,70,146779.5156250000,192944.7812500000,170508.5312500000,148063.7812500000,119612.1640625000,151654.7187500000,133038.1250000000,144430.8281250000,,,
8.9999999853,70,146463.1093750000,197474.2812500000,169649.8281250000,147700.3437500000,119299.2031250000,151357.7500000000,132740.8750000000,144189.7500000000,,,
9.0039999855,70,146828.1875000000,198389.9687500000,170035.8750000000,148106.3125000000,119656.4687500000,151720.3281250000,133070.0468750000,144394.7500000000,,,
9.0079999855,70,147377.2343750000,194405.6718750000,171050.3593750000,148735.0312500000,120196.8828125000,152241.5625000000,133573.2500000000,144766.1562500000,,,
9.0119999854,70,147351.0312500000,191053.3437500000,171426.1406250000,148721.2968750000,120169.7968750000,152218.6875000000,133556.0781250000,144796.8437500000,,,
9.0159999854,70,146769.3750000000,192919.3281250000,170504.5312500000,148062.3906250000,119601.3828125000,151672.5000000000,133030.3125000000,144427.7968750000,,,
9.0199999854,70,146448.3906250000,197411.9843750000,169630.0625000000,147689.9843750000,119288.0156250000,151369.0937500000,132730.7656250000,144183.6406250000,,,
9.0239999853,70,146818.9843750000,198359.3906250000,170011.6562500000,148098.0781250000,119650.9765625000,151719.2500000000,133061.6718750000,144394.1406250000,,,
9.0279999855,70,147376.9218750000,194435.3125000000,171040.8125000000,148730.2343750000,120197.6875000000,152247.9218750000,133572.7968750000,144775.6875000000,,,
9.0319999855,70,147356.9843750000,191088.9375000000,171434.5468750000,148724.8593750000,120176.5000000000,152228.4687500000,133561.4531250000,144807.8437500000,,,
9.0359999854,70,146778.3593750000,192893.7500000000,170514.1718750000,148065.5000000000,119611.7343750000,151681.1718750000,133038.6875000000,144434.7500000000,,,
9.0399999854,70,146452.7343750000,197346.8750000000,169626.0937500000,147692.4531250000,119292.7656250000,151370.4531250000,132739.0781250000,144182.9375000000,,,
9.0439999853,70,146812.2812500000,198337.4687500000,169998.0312500000,148098.2187500000,119644.7500000000,151706.5156250000,133059.9531250000,144381.2343750000,,,
9.0479999855,70,147361.0937500000,194478.9062500000,171031.2500000000,148721.4843750000,120185.5625000000,152234.9375000000,133562.3125000000,144757.0468750000,,,
9.0519999855,70,147340.9531250000,191132.6875000000,171435.1250000000,148718.6093750000,120168.1015625000,152226.8593750000,133555.9687500000,144793.0156250000,,,
9.0559999854,70,146767.4687500000,192886.1562500000,170516.3906250000,148068.9218750000,119610.5546875000,151689.1562500000,133042.5781250000,144427.4843750000,,,
9.0599999854,70,146442.2187500000,197296.3281250000,169610.0000000000,147694.2187500000,119290.2968750000,151377.3281250000,132741.2343750000,144178.9218750000,,,
9.0639999853,70,146794.3906250000,198308.7812500000,169974.4531250000,148088.1093750000,119631.7187500000,151705.7031250000,133052.7968750000,144374.2968750000,,,
9.0679999853,70,147345.1093750000,194511.1718750000,171017.7031250000,148707.2343750000,120170.8906250000,152226.1875000000,133552.9687500000,144750.2031250000,,,
9.0719999855,70,147340.1406250000,191187.7031250000,171438.6093750000,148712.5468750000,120162.9531250000,152223.5312500000,133553.9375000000,144793.2500000000,,,
9.0759999854,70,146780.2343750000,192887.4375000000,170524.1406250000,148072.2812500000,119614.6562500000,151695.7656250000,133048.7500000000,144436.5937500000,,,
9.0799999854,70,146457.7031250000,197264.0625000000,169608.2812500000,147696.6406250000,119297.2734375000,151384.2500000000,132750.3750000000,144190.2656250000,,,
9.0839999854,70,146806.0156250000,198308.7812500000,169963.5312500000,148087.0937500000,119635.6875000000,151708.2812500000,133057.8437500000,144384.7031250000,,,
9.0879999853,71,147349.3437500000,194571.2500000000,171011.1718750000,148708.0781250000,120166.1484375000,152225.2031250000,133554.2343750000,144753.0937500000,,,
9.0919999853,71,147348.5937500000,191263.7187500000,171447.2812500000,148723.2812500000,120163.0078125000,152226.6718750000,133559.4843750000,144797.5781250000,,,
9.0959999852,71,146787.2031250000,192904.6093750000,170532.3593750000,148081.2968750000,119618.6562500000,151699.9375000000,133053.1093750000,144436.2812500000,,,
9.0999999852,71,146457.4062500000,197225.0312500000,169594.4375000000,147698.8593750000,119299.7890625000,151385.1250000000,132750.6093750000,144183.5312500000,,,
9.1039999851,71,146799.0312500000,198298.1250000000,169942.0468750000,148077.8281250000,119636.5468750000,151701.0937500000,133056.1250000000,144374.7812500000,,,
9.1079999851,71,147347.4375000000,194629.4218750000,171005.8906250000,148705.2031250000,120175.1015625000,152219.9687500000,133558.4687500000,144750.5000000000,,,
9.1119999853,71,147352.5625000000,191332.1562500000,171459.7812500000,148729.2656250000,120178.6484375000,152228.2343750000,133570.4843750000,144801.1093750000,,,
9.1159999853,71,146796.0312500000,192916.7812500000,170546.1875000000,148084.1875000000,119635.8750000000,151702.4375000000,133066.0468750000,144443.0937500000,,,
9.1199999852,71,146459.8750000000,197184.9062500000,169590.7031250000,147693.9062500000,119306.7890625000,151374.9375000000,132751.7500000000,144183.7187500000,,,
9.1239999852,71,146784.1562500000,198287.5000000000,169923.0937500000,148071.3906250000,119621.0156250000,151675.0781250000,133033.4218750000,144359.5625000000,,,
9.1279999851,71,147328.9531250000,194683.1718750000,170990.5312500000,148704.2031250000,120153.7031250000,152193.0468750000,133529.3437500000,144730.2500000000,,,
9.1319999853,71,147326.5156250000,191395.9218750000,171452.7031250000,148726.7968750000,120150.8828125000,152195.4062500000,133536.6718750000,144771.2656250000,,,
9.1359999853,71,146777.6562500000,192921.1562500000,170538.1250000000,148097.3281250000,119617.8984375000,151684.7343750000,133045.7187500000,144418.7031250000,,,
9.1399999852,71,146452.6250000000,197142.1250000000,169569.1406250000,147714.1718750000,119301.9609375000,151372.9218750000,132749.8125000000,144171.8125000000,,,
9.1439999852,71,146784.3437500000,198264.1093750000,169897.9218750000,148086.5000000000,119624.2578125000,151678.7500000000,133042.3906250000,144358.0937500000,,,
9.1479999851,71,147331.0312500000,194721.5156250000,170979.4218750000,148712.7656250000,120159.6562500000,152196.6406250000,133536.3125000000,144734.7500000000,,,
9.1519999851,71,147343.6250000000,191459.6718750000,171466.5625000000,148740.9843750000,120169.6562500000,152212.1718750000,133553.5312500000,144791.3281250000,,,
9.1559999853,71,146800.9687500000,192935.8593750000,170561.6718750000,148108.2812500000,119638.3125000000,151705.3281250000,133062.3906250000,144448.2968750000,,,
9.1599999852,71,146466.5468750000,197106.6875000000,169574.6406250000,147706.4843750000,119307.8359375000,151387.5468750000,132748.2812500000,144196.2187500000,,,
9.1639999852,71,146798.2031250000,198247.1406250000,169895.7500000000,148075.2343750000,119629.7812500000,151693.8593750000,133038.5468750000,144382.8281250000,,,
9.1679999852,71,147343.0937500000,194771.8593750000,170990.0781250000,148703.5468750000,120161.9843750000,152212.7812500000,133531.9687500000,144758.3906250000,,,
9.1719999851,71,147355.9687500000,191531.0156250000,171493.3906250000,148741.1406250000,120172.5000000000,152231.8281250000,133550.5000000000,144810.8750000000,,,
9.1759999853,71,146819.3906250000,192963.7031250000,170588.7343750000,148118.2343750000,119649.3671875000,151731.2968750000,133069.9062500000,144462.9687500000,,,
9.1799999853,71,146483.3593750000,197077.5937500000,169582.7187500000,147715.5156250000,119323.4765625000,151406.0781250000,132763.0937500000,144199.6562500000,,,
9.1839999852,71,146797.8281250000,198236.6250000000,169890.9531250000,148071.7187500000,119631.4453125000,151691.7656250000,133042.3593750000,144370.3281250000,,,
9.1879999852,71,147339.3125000000,194818.9843750000,170990.5312500000,148700.1875000000,120163.7343750000,152203.0781250000,133538.9687500000,144741.8281250000,,,
9.1919999851,71,147360.5625000000,191596.7031250000,171507.4218750000,148743.1250000000,120182.8828125000,152222.3906250000,133563.8125000000,144801.3750000000,,,
9.1959999851,71,146830.0625000000,192965.7812500000,170602.4375000000,148120.5312500000,119663.5781250000,151725.5781250000,133081.6875000000,144462.4062500000,,,
9.1999999853,71,146489.2968750000,197016.4062500000,169578.1093750000,147716.0781250000,119330.6406250000,151399.7812500000,132765.3125000000,144203.0000000000,,,
9.2039999852,71,146801.6406250000,198191.5937500000,169878.2187500000,148066.0312500000,119635.2265625000,151690.5625000000,133043.9375000000,144379.8125000000,,,
9.2079999852,71,147334.7343750000,194848.0312500000,170986.5000000000,148688.7656250000,120156.4062500000,152196.1718750000,133532.0312500000,144747.6562500000,,,
9.2119999852,71,147362.0000000000,191654.3437500000,171521.1406250000,148730.0156250000,120184.1953125000,152226.2656250000,133565.1250000000,144811.6562500000,,,
9.2159999851,72,146837.2812500000,192974.6718750000,170619.4218750000,148116.5312500000,119675.0312500000,151738.1875000000,133091.4687500000,144472.6562500000,,,
9.2199999851,72,146496.5312500000,196957.1250000000,169574.2187500000,147714.0468750000,119344.3437500000,151419.4062500000,132778.2500000000,144213.6250000000,,,
9.2239999850,72,146790.5000000000,198130.2187500000,169853.8125000000,148057.0937500000,119630.3984375000,151696.3281250000,133040.3437500000,144376.8750000000,,,
9.2279999850,72,147316.8437500000,194855.0312500000,170967.5937500000,148670.7968750000,120142.8125000000,152191.6250000000,133521.0468750000,144738.8906250000,,,
9.2319999849,72,147352.9375000000,191696.3750000000,171518.8750000000,148720.3906250000,120172.9609375000,152222.8593750000,133556.3593750000,144806.4218750000,,,
9.2359999849,72,146834.5468750000,192957.6406250000,170616.3593750000,148111.8750000000,119666.7968750000,151733.8125000000,133080.8437500000,144465.5156250000,,,
9.2399999851,72,146494.9843750000,196873.7968750000,169554.6250000000,147704.0625000000,119336.8046875000,151408.0156250000,132763.6718750000,144202.9218750000,,,
9.2439999850,72,146785.4062500000,198064.7500000000,169829.4843750000,148040.8125000000,119619.7265625000,151674.4843750000,133021.7031250000,144365.0937500000,,,
9.2479999850,72,147305.4062500000,194859.6406250000,170953.4062500000,148646.1875000000,120125.6718750000,152166.1406250000,133497.0781250000,144724.2656250000,,,
9.2519999850,72,147339.5312500000,191728.1406250000,171520.7187500000,148704.3750000000,120157.2109375000,152203.5468750000,133533.6875000000,144790.7812500000,,,
9.2559999849,72,146823.2812500000,192941.8125000000,170619.7656250000,148099.8593750000,119654.7578125000,151723.6250000000,133063.7031250000,144453.1562500000,,,
9.2599999851,72,146481.8593750000,196799.3125000000,169539.8593750000,147695.5937500000,119322.4296875000,151404.2500000000,132755.3593750000,144192.4062500000,,,
9.2639999851,72,146757.7812500000,198001.3437500000,169796.6718750000,148021.8750000000,119590.0859375000,151659.5781250000,133000.7812500000,144339.6093750000,,,
9.2679999850,72,147279.0781250000,194856.5312500000,170928.0312500000,148637.3437500000,120099.4140625000,152151.4687500000,133477.5468750000,144696.7812500000,,,
9.2719999850,72,147320.0312500000,191747.6093750000,171512.8906250000,148703.1875000000,120137.2031250000,152190.1093750000,133519.6093750000,144766.1562500000,,,
9.2759999849,72,146811.8593750000,192917.7812500000,170621.3437500000,148104.3125000000,119642.6562500000,151714.8281250000,133058.1250000000,144434.0000000000,,,
9.2799999849,72,146474.8125000000,196743.1093750000,169532.0468750000,147698.3593750000,119316.1015625000,151399.1250000000,132749.8125000000,144177.0156250000,,,
9.2839999851,72,146747.9062500000,197975.3750000000,169779.3750000000,148018.8593750000,119582.1718750000,151653.9375000000,132995.3750000000,144325.6093750000,,,
9.2879999850,72,147262.6562500000,194886.2031250000,170910.6250000000,148636.4062500000,120081.9218750000,152141.5468750000,133464.1406250000,144681.6718750000,,,
9.2919999850,72,147304.2343750000,191795.5156250000,171508.4062500000,148694.8437500000,120118.6171875000,152184.2500000000,133506.3281250000,144752.8593750000,,,
9.2959999850,72,146797.2968750000,192924.7812500000,170619.0625000000,148094.6250000000,119627.2890625000,151713.1718750000,133048.3125000000,144421.8437500000,,,
9.2999999849,72,146457.4375000000,196705.5625000000,169512.4218750000,147686.1718750000,119297.5390625000,151390.0937500000,132735.7343750000,144160.0625000000,,,
9.3039999851,72,146734.2656250000,197956.6562500000,169754.5156250000,148014.2656250000,119566.8046875000,151647.1250000000,132980.7500000000,144315.3593750000,,,
9.3079999851,72,147245.1406250000,194912.6093750000,170893.0000000000,148625.1875000000,120064.6250000000,152128.6406250000,133443.8281250000,144669.3906250000,,,
9.3119999850,72,147292.4062500000,191818.0625000000,171504.5781250000,148700.0781250000,120108.3671875000,152171.9531250000,133492.8593750000,144741.3593750000,,,
9.3159999850,72,146798.2656250000,192905.5937500000,170628.7187500000,148112.4531250000,119629.2734375000,151710.2968750000,133049.8437500000,144419.1718750000,,,
9.3199999849,72,146457.1562500000,196652.4375000000,169510.8281250000,147692.7500000000,119298.1015625000,151390.0625000000,132737.5000000000,144161.0000000000,,,
9.3239999849,72,146724.3437500000,197922.7812500000,169739.5937500000,147997.5312500000,119557.8437500000,151634.3593750000,132976.0000000000,144308.5468750000,,,
9.3279999851,72,147236.9375000000,194916.7500000000,170886.8281250000,148605.2031250000,120057.4921875000,152114.2031250000,133441.5000000000,144660.0000000000,,,
9.3319999850,72,147290.3906250000,191819.3281250000,171516.2187500000,148682.3281250000,120106.6015625000,152168.3906250000,133495.0156250000,144738.1562500000,,,
9.3359999850,72,146796.0312500000,192864.1875000000,170647.6093750000,148090.7031250000,119624.8750000000,151707.2343750000,133044.7187500000,144415.9218750000,,,
9.3399999849,72,146454.6875000000,196589.8750000000,169523.4375000000,147676.7656250000,119292.6875000000,151381.9062500000,132729.5312500000,144155.4218750000,,,
9.3439999849,73,146716.0000000000,197890.3437500000,169745.5000000000,147985.8906250000,119546.0156250000,151623.1562500000,132962.3750000000,144296.5156250000,,,
9.3479999849,73,147233.7968750000,194937.9843750000,170901.6875000000,148592.7968750000,120050.5937500000,152112.3593750000,133431.0312500000,144655.2812500000,,,
9.3519999848,73,147295.7031250000,191852.7031250000,171548.2656250000,148681.3906250000,120109.1484375000,152169.7656250000,133489.0000000000,144738.0312500000,,,
9.3559999848,73,146809.8750000000,192851.9531250000,170685.1875000000,148099.3906250000,119639.5703125000,151713.8593750000,133052.6250000000,144418.5468750000,,,
9.3599999847,73,146459.4687500000,196541.6093750000,169542.0781250000,147676.3906250000,119300.0859375000,151382.3750000000,132734.1250000000,144151.6718750000,,,
9.3639999847,73,146715.8125000000,197874.3437500000,169752.3125000000,147979.6718750000,119548.1640625000,151620.3593750000,132960.4375000000,144294.3906250000,,,
9.3679999849,73,147226.4531250000,194972.7187500000,170906.5000000000,148589.8125000000,120046.9218750000,152103.0468750000,133422.8593750000,144647.9062500000,,,
9.3719999848,73,147294.1406250000,191887.5468750000,171560.5468750000,148687.8281250000,120112.5000000000,152169.2500000000,133491.8906250000,144736.1250000000,,,
9.3759999848,73,146807.1875000000,192830.8125000000,170699.0781250000,148111.1406250000,119638.8203125000,151715.2812500000,133053.3906250000,144417.8437500000,,,
9.3799999848,73,146453.8125000000,196477.4375000000,169542.0781250000,147682.5000000000,119294.9609375000,151381.8125000000,132724.7031250000,144147.0000000000,,,
9.3839999847,73,146710.4375000000,197827.5000000000,169744.2656250000,147984.1406250000,119543.0937500000,151615.6406250000,132956.0781250000,144287.9843750000,,,
9.3879999849,73,147213.8125000000,194983.7500000000,170904.9843750000,148588.4531250000,120031.8437500000,152092.2968750000,133419.1093750000,144636.5312500000,,,
9.3919999849,73,147281.6406250000,191913.7656250000,171569.5625000000,148688.2500000000,120093.9375000000,152161.7656250000,133485.3593750000,144725.4218750000,,,
9.3959999848,73,146813.0312500000,192791.4687500000,170719.7343750000,148126.1875000000,119639.3828125000,151726.2500000000,133062.8593750000,144420.9843750000,,,
9.3999999848,73,146455.8750000000,196357.2500000000,169551.1250000000,147690.9843750000,119293.1093750000,151390.2031250000,132735.3593750000,144147.8281250000,,,
9.4039999847,73,146705.6718750000,197691.0156250000,169742.2031250000,147983.3125000000,119534.1875000000,151618.2500000000,132954.0156250000,144286.9062500000,,,
9.4079999847,73,147222.4218750000,194875.6875000000,170916.3125000000,148591.4531250000,120034.0703125000,152099.1875000000,133420.4375000000,144646.8593750000,,,
9.4119999849,73,147302.8281250000,191821.5312500000,171605.7187500000,148696.4531250000,120108.6640625000,152175.7656250000,133496.3281250000,144745.2187500000,,,
9.4159999848,73,146842.1093750000,192663.9375000000,170759.2343750000,148134.9687500000,119665.5078125000,151750.0000000000,133082.5937500000,144445.9843750000,,,
9.4199999848,73,146497.5312500000,196172.4687500000,169577.9687500000,147707.6562500000,119336.0859375000,151424.6875000000,132768.6093750000,144183.4843750000,,,
9.4239999847,73,146736.3281250000,197524.2343750000,169758.2656250000,147985.0781250000,119568.3906250000,151641.5781250000,132979.4687500000,144314.8281250000,,,
9.4279999847,73,147241.0312500000,194810.4218750000,170936.9062500000,148584.3750000000,120059.3906250000,152114.0781250000,133439.5156250000,144666.8125000000,,,
9.4319999849,73,147325.6562500000,191821.3750000000,171643.3750000000,148700.6406250000,120137.8515625000,152196.2812500000,133521.5312500000,144769.3281250000,,,
9.4359999849,73,146861.8750000000,192635.2343750000,170800.6875000000,148136.9531250000,119689.5937500000,151767.7968750000,133105.0156250000,144466.0468750000,,,
9.4399999848,73,146505.9843750000,196079.4531250000,169592.0156250000,147698.5937500000,119345.4453125000,151430.7812500000,132778.7500000000,144191.4687500000,,,
9.4439999848,73,146733.3750000000,197433.8593750000,169753.1718750000,147972.6875000000,119565.1718750000,151638.9218750000,132977.7187500000,144314.8281250000,,,
9.4479999847,73,147235.5468750000,194808.2812500000,170943.3437500000,148577.6406250000,120053.5468750000,152113.8593750000,133435.6718750000,144667.1875000000,,,
9.4519999847,73,147314.1562500000,191885.7968750000,171662.6093750000,148691.6093750000,120128.6250000000,152190.9218750000,133514.5312500000,144760.9375000000,,,
9.4559999849,73,146860.5937500000,192673.9375000000,170816.8593750000,148141.7500000000,119691.3437500000,151771.6875000000,133106.7343750000,144462.3437500000,,,
9.4599999848,73,146504.4687500000,196060.5781250000,169585.8593750000,147702.3437500000,119349.0937500000,151438.4218750000,132780.6093750000,144188.4375000000,,,
9.4639999848,73,146725.9218750000,197424.7968750000,169728.7656250000,147971.8281250000,119562.8359375000,151642.7343750000,132975.5781250000,144310.5156250000,,,
9.4679999847,73,147220.0937500000,194868.3593750000,170921.1875000000,148577.2031250000,120041.5546875000,152106.6406250000,133422.5156250000,144658.6093750000,,,
9.4719999847,74,147303.1875000000,191992.4062500000,171659.2812500000,148696.6250000000,120119.2890625000,152187.3750000000,133498.2031250000,144756.3750000000,,,
9.4759999847,74,146861.5625000000,192746.3281250000,170823.1875000000,148156.5625000000,119692.4140625000,151777.4062500000,133099.1093750000,144467.6875000000,,,
9.4799999846,74,146508.1250000000,196076.5937500000,169579.2500000000,147721.9375000000,119349.4921875000,151445.6718750000,132779.9062500000,144195.4687500000,,,
9.4839999846,74,146719.3437500000,197448.2500000000,169705.6406250000,147981.2187500000,119554.0156250000,151636.0781250000,132969.6250000000,144305.7812500000,,,
9.4879999845,74,147208.7656250000,194941.7187500000,170899.3593750000,148583.4062500000,120028.2812500000,152092.6250000000,133419.9062500000,144648.5468750000,,,
9.4919999845,74,147295.7500000000,192085.9218750000,171653.1875000000,148704.7968750000,120110.6250000000,152177.7187500000,133504.5000000000,144748.9687500000,,,
9.4959999847,74,146854.5625000000,192790.7968750000,170822.9218750000,148159.9843750000,119686.3515625000,151769.7656250000,133105.0156250000,144457.6875000000,,,
9.4999999846,74,146505.8437500000,196065.1875000000,169567.6406250000,147719.7656250000,119349.6796875000,151442.8593750000,132782.9375000000,144189.0000000000,,,
9.5039999846,74,146718.8906250000,197431.6718750000,169686.4375000000,147975.9062500000,119552.8046875000,151634.0937500000,132965.2500000000,144303.7031250000,,,
9.5079999845,74,147206.4687500000,194969.4843750000,170888.5468750000,148564.0312500000,120025.2187500000,152086.9375000000,133406.5781250000,144644.3906250000,,,
9.5119999845,74,147306.2968750000,192123.5468750000,171660.7500000000,148693.8593750000,120121.7578125000,152182.7343750000,133499.5468750000,144755.6250000000,,,
9.5159999847,74,146871.4531250000,192789.7343750000,170840.8125000000,148157.8125000000,119704.4062500000,151781.0781250000,133112.2656250000,144469.7812500000,,,
9.5199999847,74,146520.3593750000,196027.8750000000,169573.7343750000,147714.2031250000,119365.8515625000,151450.5312500000,132793.9843750000,144197.5312500000,,,
9.5239999846,74,146731.3593750000,197412.7500000000,169678.0156250000,147962.0156250000,119564.5234375000,151643.9687500000,132974.3125000000,144312.5937500000,,,
9.5279999846,74,147215.3906250000,194994.9531250000,170879.2187500000,148551.1093750000,120033.5937500000,152100.6406250000,133417.2812500000,144656.5937500000,,,
9.5319999845,74,147314.6093750000,192173.4062500000,171667.4062500000,148690.0937500000,120132.0781250000,152200.1406250000,133521.1093750000,144770.4531250000,,,
9.5359999845,74,146887.5156250000,192818.1562500000,170862.7968750000,148160.7343750000,119723.5000000000,151804.3593750000,133139.4843750000,144490.8281250000,,,
9.5399999847,74,146532.4218750000,196022.2500000000,169580.8437500000,147715.0156250000,119381.8437500000,151471.0156250000,132814.1093750000,144214.8906250000,,,
9.5439999846,74,146732.5156250000,197405.6718750000,169665.0000000000,147959.6093750000,119572.4687500000,151651.0156250000,132986.3750000000,144318.6562500000,,,
9.5479999846,74,147210.0000000000,195026.0156250000,170868.6718750000,148551.3437500000,120032.3281250000,152097.3125000000,133419.6093750000,144653.1406250000,,,
9.5519999845,74,147307.5000000000,192218.6093750000,171664.1875000000,148700.0781250000,120123.6328125000,152195.0000000000,133515.3437500000,144763.7968750000,,,
9.5559999845,74,146873.2031250000,192820.3281250000,170850.1875000000,148170.3750000000,119703.7031250000,151797.1406250000,133119.6875000000,144476.3750000000,,,
9.5599999847,74,146514.3750000000,195971.1562500000,169548.0312500000,147721.9843750000,119356.8125000000,151459.2656250000,132785.9062500000,144195.7656250000,,,
9.5639999846,74,146708.5625000000,197365.8125000000,169620.1093750000,147964.7187500000,119543.5781250000,151635.4843750000,132960.5000000000,144297.6875000000,,,
9.5679999846,74,147183.7968750000,195040.1562500000,170828.6093750000,148556.1718750000,120004.4062500000,152083.9218750000,133394.4218750000,144632.5937500000,,,
9.5719999846,74,147289.5312500000,192240.2187500000,171645.9531250000,148698.7187500000,120105.7968750000,152185.7656250000,133493.5312500000,144746.4531250000,,,
9.5759999845,74,146877.9687500000,192765.7968750000,170857.2187500000,148187.4218750000,119708.9375000000,151801.6718750000,133117.1093750000,144474.4218750000,,,
9.5799999845,74,146533.9531250000,195781.4843750000,169559.3281250000,147746.6562500000,119376.6640625000,151471.2343750000,132802.6562500000,144207.0781250000,,,
9.5839999847,74,146721.6250000000,197058.9218750000,169626.2500000000,147974.7500000000,119555.1640625000,151640.4843750000,132971.6250000000,144306.1875000000,,,
9.5879999846,74,147194.2031250000,194673.3593750000,170836.8593750000,148561.9687500000,120008.9140625000,152083.7343750000,133402.6093750000,144640.7968750000,,,
9.5919999846,74,147303.6093750000,191835.2031250000,171669.2812500000,148710.2500000000,120111.2656250000,152187.5156250000,133505.0156250000,144757.3125000000,,,
9.5959999845,74,146889.9687500000,192274.0156250000,170889.4843750000,148194.4531250000,119714.7578125000,151806.4843750000,133130.3437500000,144483.4531250000,,,
9.5999999845,75,146529.9375000000,195165.3281250000,169574.1875000000,147740.1093750000,119373.2343750000,151466.6093750000,132803.7500000000,144201.1875000000,,,
9.6039999845,75,146715.9375000000,196401.7187500000,169625.0625000000,147965.8750000000,119554.0390625000,151633.3906250000,132969.8906250000,144299.3750000000,,,
9.6079999844,75,147194.2031250000,194126.8906250000,170845.8437500000,148556.3437500000,120015.8359375000,152079.5000000000,133404.1406250000,144640.1875000000,,,
9.6119999844,75,147308.7031250000,191449.0781250000,171697.7187500000,148707.4062500000,120124.4375000000,152188.9687500000,133510.1406250000,144759.8125000000,,,
9.6159999843,75,146901.4375000000,191941.6718750000,170923.0156250000,148195.3750000000,119732.6171875000,151816.3750000000,133141.7968750000,144489.8906250000,,,
9.6199999843,75,146543.0937500000,194818.6250000000,169586.8750000000,147733.5937500000,119390.0468750000,151486.1718750000,132817.0000000000,144214.1406250000,,,
9.6239999845,75,146728.2031250000,196117.0625000000,169621.7343750000,147954.1562500000,119570.6953125000,151657.4218750000,132984.2968750000,144316.8593750000,,,
9.6279999844,75,147199.4687500000,193997.5312500000,170844.1562500000,148538.3906250000,120024.0390625000,152098.5781250000,133409.9062500000,144654.9843750000,,,
9.6319999844,75,147311.8750000000,191461.5312500000,171710.0625000000,148694.5312500000,120129.5312500000,152204.3906250000,133514.1875000000,144774.9062500000,,,
9.6359999843,75,146905.0156250000,191990.3437500000,170940.5781250000,148189.5468750000,119737.9609375000,151826.6718750000,133148.2031250000,144501.2968750000,,,
9.6399999843,75,146546.0781250000,194836.0937500000,169589.2812500000,147731.8281250000,119393.9921875000,151490.6250000000,132819.7343750000,144219.7500000000,,,
9.6439999845,75,146724.2031250000,196141.3281250000,169604.4375000000,147952.2187500000,119561.5234375000,151651.7656250000,132974.8281250000,144314.8593750000,,,
9.6479999844,75,147189.2656250000,194116.9843750000,170829.6718750000,148540.0312500000,120007.6562500000,152083.6875000000,133397.6406250000,144645.9531250000,,,
9.6519999844,75,147307.5000000000,191648.7968750000,171711.7500000000,148707.8593750000,120122.1875000000,152199.1875000000,133512.3593750000,144769.4687500000,,,
9.6559999844,75,146905.3593750000,192144.3906250000,170952.7343750000,148206.5000000000,119739.7578125000,151828.5468750000,133149.9218750000,144500.2968750000,,,
9.6599999843,75,146557.0781250000,194905.1250000000,169597.7343750000,147761.7031250000,119409.0937500000,151502.2656250000,132828.7500000000,144229.6718750000,,,
9.6639999843,75,146727.8281250000,196185.7187500000,169605.0625000000,147979.6718750000,119571.6328125000,151653.0312500000,132980.9062500000,144317.3750000000,,,
9.6679999845,75,147188.3593750000,194202.5312500000,170831.8750000000,148557.6250000000,120013.0156250000,152081.3750000000,133400.9218750000,144642.9218750000,,,
9.6719999844,75,147311.3437500000,191772.8437500000,171729.7968750000,148728.8125000000,120127.6328125000,152199.3906250000,133514.7812500000,144767.4531250000,,,
9.6759999844,75,146916.6718750000,192232.4375000000,170977.8906250000,148234.5312500000,119748.1484375000,151839.5781250000,133159.7812500000,144503.9218750000,,,
9.6799999843,75,146564.7968750000,194922.9687500000,169606.4062500000,147781.3125000000,119410.2421875000,151511.6250000000,132836.9843750000,144228.7343750000,,,
9.6839999843,75,146735.1718750000,196182.8593750000,169599.8593750000,147990.6093750000,119571.7656250000,151662.4218750000,132981.4687500000,144317.7500000000,,,
9.6879999845,75,147200.1406250000,194268.3281250000,170836.3750000000,148567.1562500000,120019.7812500000,152097.8437500000,133403.1406250000,144654.1875000000,,,
9.6919999844,75,147320.1875000000,191902.2343750000,171751.5156250000,148727.8593750000,120135.7265625000,152216.7031250000,133520.6718750000,144781.2656250000,,,
9.6959999844,75,146934.0625000000,192346.0937500000,171013.2187500000,148237.8750000000,119767.8671875000,151861.6250000000,133176.5000000000,144522.6406250000,,,
9.6999999844,75,146577.5468750000,194966.1250000000,169625.0468750000,147773.1406250000,119427.1953125000,151528.6875000000,132850.2031250000,144241.2812500000,,,
9.7039999843,75,146734.5781250000,196213.4843750000,169598.7812500000,147967.4062500000,119574.5000000000,151670.8125000000,132982.8750000000,144321.9375000000,,,
9.7079999843,75,147190.7968750000,194352.6250000000,170832.2500000000,148540.0781250000,120013.7968750000,152103.7812500000,133397.8906250000,144653.1406250000,,,
9.7119999845,75,147319.0312500000,192034.0625000000,171763.0781250000,148717.4062500000,120136.2890625000,152228.6093750000,133513.6250000000,144785.6093750000,,,
9.7159999844,75,146933.9843750000,192448.8125000000,171031.7187500000,148229.4843750000,119765.9843750000,151868.1406250000,133161.3750000000,144523.5625000000,,,
9.7199999844,75,146576.8125000000,194990.6875000000,169625.7187500000,147765.2812500000,119427.9218750000,151536.2812500000,132848.6250000000,144242.1093750000,,,
9.7239999843,75,146727.2343750000,196215.3593750000,169578.8750000000,147953.9218750000,119573.2421875000,151673.5000000000,132990.2500000000,144320.7031250000,,,
9.7279999843,76,147175.1562500000,194416.2187500000,170816.6093750000,148524.2343750000,120006.7187500000,152086.3906250000,133396.7031250000,144642.0781250000,,,
9.7319999842,76,147307.6406250000,192156.3281250000,171767.8906250000,148709.9218750000,120132.3203125000,152210.1718750000,133517.6406250000,144775.3437500000,,,
9.7359999842,76,146933.3125000000,192549.4843750000,171047.1406250000,148237.2968750000,119771.7265625000,151866.1093750000,133178.3750000000,144519.9375000000,,,
9.7399999842,76,146579.1562500000,195016.0468750000,169627.1562500000,147775.4218750000,119434.2500000000,151535.4687500000,132857.0781250000,144238.2500000000,,,
9.7439999841,76,146735.9218750000,196205.8750000000,169571.2343750000,147973.1718750000,119584.7265625000,151680.3593750000,132994.9062500000,144320.7343750000,,,
9.7479999841,76,147176.5000000000,194451.9687500000,170810.4218750000,148537.9062500000,120004.8359375000,152089.5937500000,133390.7812500000,144635.0781250000,,,
9.7519999843,76,147316.2187500000,192236.9843750000,171776.7656250000,148730.2343750000,120133.4218750000,152215.4062500000,133520.0312500000,144772.3593750000,,,
9.7559999842,76,146949.9062500000,192604.4375000000,171071.9375000000,148264.7812500000,119782.3515625000,151877.8750000000,133192.2187500000,144525.9687500000,,,
9.7599999842,76,146594.0312500000,195000.8593750000,169644.8593750000,147798.0781250000,119442.4609375000,151546.6875000000,132867.1093750000,144247.2343750000,,,
9.7639999841,76,146735.8750000000,196174.2187500000,169565.7031250000,147974.6250000000,119574.7968750000,151669.7656250000,132986.0625000000,144318.5625000000,,,
9.7679999841,76,147175.8125000000,194486.5000000000,170805.2343750000,148541.1093750000,119994.3750000000,152078.6718750000,133382.2187500000,144636.1562500000,,,
9.7719999843,76,147307.4687500000,192340.4062500000,171787.6718750000,148726.6093750000,120119.2031250000,152206.5000000000,133508.5781250000,144767.1875000000,,,
9.7759999842,76,146942.3437500000,192693.9687500000,171086.7031250000,148256.3125000000,119773.8984375000,151872.9687500000,133182.2968750000,144519.9687500000,,,
9.7799999842,76,146594.3906250000,195034.1250000000,169645.2968750000,147789.9843750000,119444.5000000000,151547.7812500000,132862.1406250000,144246.6406250000,,,
9.7839999842,76,146739.1406250000,196195.2500000000,169554.5000000000,147964.9375000000,119582.1250000000,151674.8437500000,132984.3750000000,144324.2187500000,,,
9.7879999841,76,147182.8593750000,194558.1093750000,170799.0781250000,148528.1250000000,120005.9921875000,152085.2656250000,133386.9687500000,144648.8437500000,,,
9.7919999841,76,147321.9062500000,192446.4531250000,171792.8281250000,148720.1093750000,120135.8359375000,152216.8593750000,133516.4375000000,144788.4531250000,,,
9.7959999843,76,146960.0000000000,192773.0937500000,171102.5937500000,148248.2031250000,119790.7734375000,151886.4843750000,133187.6562500000,144544.0000000000,,,
9.7999999842,76,146613.5937500000,195040.9843750000,169647.9687500000,147782.0937500000,119461.4765625000,151565.7187500000,132866.5468750000,144270.2031250000,,,
9.8039999842,76,146748.2343750000,196178.8125000000,169540.2812500000,147949.2187500000,119588.0781250000,151686.8750000000,132984.6875000000,144341.1718750000,,,
9.8079999841,76,147179.9062500000,194586.9375000000,170783.9218750000,148507.9218750000,120001.3515625000,152089.4218750000,133381.9531250000,144656.1875000000,,,
9.8119999841,76,147312.2031250000,192527.8437500000,171793.6562500000,148703.3281250000,120128.5937500000,152216.0312500000,133512.1718750000,144785.8281250000,,,
9.8159999843,76,146955.5625000000,192836.0468750000,171113.6718750000,148248.6406250000,119790.5000000000,151890.4062500000,133193.3906250000,144542.6250000000,,,
9.8199999842,76,146601.7343750000,195047.0000000000,169643.4062500000,147779.0625000000,119454.0156250000,151560.8750000000,132871.7968750000,144262.3125000000,,,
9.8239999842,76,146719.5937500000,196177.0937500000,169513.5937500000,147934.2031250000,119563.6406250000,151659.2343750000,132971.8125000000,144313.0625000000,,,
9.8279999841,76,147145.3906250000,194626.1562500000,170753.8437500000,148491.6718750000,119969.9453125000,152050.1250000000,133352.8281250000,144617.5937500000,,,
9.8319999841,76,147290.0937500000,192600.9531250000,171783.7968750000,148705.6093750000,120104.5390625000,152181.6875000000,133487.9531250000,144754.2343750000,,,
9.8359999841,76,146949.7812500000,192884.2187500000,171123.7500000000,148265.9375000000,119782.2656250000,151866.5312500000,133183.1250000000,144520.7187500000,,,
9.8399999843,76,146605.8593750000,195047.0156250000,169652.9843750000,147805.2656250000,119457.7734375000,151548.1093750000,132870.9062500000,144246.4062500000,,,
9.8439999842,76,146727.0000000000,196166.6093750000,169511.4218750000,147965.2031250000,119570.8593750000,151656.4375000000,132973.5000000000,144305.6250000000,,,
9.8479999842,76,147155.7187500000,194671.8281250000,170756.2343750000,148526.3593750000,119979.6484375000,152058.3593750000,133361.1718750000,144619.0781250000,,,
9.8519999841,76,147307.3125000000,192688.0781250000,171801.2187500000,148738.8906250000,120123.9296875000,152202.1562500000,133506.0625000000,144766.4062500000,,,
9.8559999841,77,146961.2343750000,192948.7031250000,171145.7187500000,148287.9531250000,119794.4218750000,151884.2968750000,133194.2343750000,144531.1406250000,,,
9.8599999840,77,146611.0468750000,195059.1406250000,169657.3281250000,147817.8750000000,119460.8593750000,151560.0625000000,132869.5781250000,144253.2187500000,,,
9.8639999840,77,146727.5625000000,196170.0937500000,169497.7500000000,147968.8593750000,119570.1015625000,151662.7187500000,132967.8750000000,144308.0625000000,,,
9.8679999840,77,147152.9218750000,194707.3750000000,170740.1718750000,148525.1250000000,119975.0625000000,152057.6406250000,133354.5156250000,144620.2968750000,,,
9.8719999839,77,147299.0000000000,192745.7656250000,171793.7187500000,148730.2031250000,120113.5781250000,152197.4687500000,133492.7343750000,144762.7343750000,,,
9.8759999839,77,146955.9218750000,192988.5625000000,171149.2656250000,148283.0000000000,119790.3984375000,151885.4375000000,133183.4687500000,144528.1093750000,,,
9.8799999841,77,146602.8906250000,195062.6250000000,169648.7031250000,147808.1562500000,119455.6250000000,151562.2968750000,132865.8906250000,144248.2500000000,,,
9.8839999840,77,146717.9531250000,196175.1250000000,169468.5000000000,147947.0781250000,119560.8281250000,151666.2812500000,132969.2500000000,144305.5000000000,,,
9.8879999840,77,147141.8437500000,194764.2031250000,170708.7031250000,148492.9531250000,119962.3750000000,152059.8906250000,133356.9843750000,144617.7031250000,,,
9.8919999839,77,147297.1562500000,192839.7187500000,171777.7031250000,148706.5468750000,120102.3359375000,152206.0000000000,133494.5468750000,144768.2031250000,,,
9.8959999839,77,146963.8281250000,193067.9531250000,171149.8750000000,148265.0000000000,119784.8984375000,151902.5312500000,133194.0312500000,144543.2656250000,,,
9.8999999841,77,146614.1250000000,195102.7500000000,169650.1250000000,147785.1250000000,119456.3281250000,151577.6562500000,132878.1250000000,144264.7187500000,,,
9.9039999840,77,146725.7812500000,196185.5937500000,169463.5781250000,147925.0781250000,119565.8125000000,151675.7812500000,132974.6875000000,144314.7500000000,,,
9.9079999840,77,147141.4218750000,194768.5781250000,170702.7500000000,148474.8593750000,119965.6796875000,152060.3281250000,133352.3125000000,144617.0625000000,,,
9.9119999839,77,147292.6718750000,192842.8281250000,171787.2031250000,148691.1250000000,120110.4375000000,152198.9062500000,133497.1093750000,144760.5312500000,,,
9.9159999839,77,146967.8750000000,193028.9062500000,171172.7812500000,148265.1562500000,119802.8437500000,151900.5156250000,133208.8750000000,144536.4375000000,,,
9.9199999839,77,146616.7031250000,195004.6406250000,169660.4218750000,147797.4375000000,119469.0625000000,151577.6093750000,132886.5468750000,144253.2187500000,,,
9.9239999841,77,146718.8906250000,196079.7187500000,169451.5625000000,147933.9843750000,119561.7656250000,151664.4062500000,132967.7343750000,144296.2656250000,,,
9.9279999840,77,147139.0000000000,194729.3125000000,170696.2812500000,148484.2968750000,119962.4843750000,152051.9843750000,133344.9375000000,144606.2031250000,,,
9.9319999840,77,147300.6093750000,192856.0781250000,171799.5625000000,148713.5468750000,120115.8828125000,152203.9843750000,133497.6093750000,144762.0000000000,,,
9.9359999839,77,146974.7500000000,193042.1250000000,171198.8750000000,148291.4687500000,119807.2109375000,151908.3750000000,133208.4687500000,144542.3125000000,,,
9.9399999839,77,146626.5468750000,194980.4687500000,169678.2031250000,147821.0625000000,119476.1718750000,151587.4531250000,132888.8906250000,144265.6093750000,,,
9.9439999841,77,146722.8281250000,196056.3593750000,169455.7968750000,147951.5781250000,119562.7031250000,151666.6250000000,132966.7500000000,144304.9375000000,,,
9.9479999840,77,147133.3750000000,194736.9375000000,170688.6406250000,148497.3593750000,119952.7187500000,152041.5468750000,133336.2031250000,144602.8750000000,,,
9.9519999840,77,147290.4218750000,192892.6406250000,171795.4531250000,148727.7812500000,120101.9296875000,152192.5000000000,133485.8593750000,144754.5781250000,,,
9.9559999839,77,146968.1562500000,193073.6093750000,171202.9843750000,148308.7187500000,119795.8671875000,151903.2812500000,133199.6406250000,144537.5312500000,,,
9.9599999839,77,146609.3281250000,195004.7500000000,169671.0468750000,147823.5000000000,119453.2656250000,151573.6093750000,132870.1875000000,144250.0312500000,,,
9.9639999839,77,146706.9531250000,196105.1718750000,169425.9062500000,147948.8125000000,119539.8515625000,151657.1093750000,132948.2656250000,144292.8281250000,,,
9.9679999840,77,147124.9218750000,194829.5937500000,170652.8125000000,148492.0468750000,119936.4921875000,152043.6406250000,133327.0781250000,144601.2812500000,,,
9.9719999840,77,147289.5312500000,193001.7031250000,171773.6718750000,148720.2968750000,120097.5078125000,152197.6562500000,133486.7500000000,144758.5156250000,,,
9.9759999840,77,146974.9687500000,193179.8593750000,171205.6093750000,148300.5937500000,119804.3125000000,151911.9218750000,133212.4375000000,144545.9531250000,,,
9.9799999839,77,146620.8281250000,195124.5312500000,169678.6562500000,147815.6250000000,119465.5000000000,151584.5312500000,132884.7812500000,144263.1406250000,,,
9.9839999839,78,146718.4375000000,196248.5156250000,169432.6718750000,147930.9843750000,119552.9687500000,151669.3906250000,132960.1718750000,144305.2500000000,,,
9.9879999838,78,147141.0937500000,194960.4062500000,170664.5312500000,148473.8593750000,119957.5781250000,152059.8906250000,133350.1406250000,144615.8593750000,,,
9.9919999838,78,147307.9531250000,193078.5937500000,171795.6718750000,148707.9375000000,120115.1015625000,152214.0937500000,133506.4062500000,144770.7968750000,,,
9.9959999837,78,146994.2968750000,193205.3281250000,171240.0468750000,148290.4218750000,119817.8593750000,151928.9531250000,133224.0781250000,144558.3750000000,,,
9.9999999837,78,146636.5156250000,195122.3593750000,169709.3906250000,147804.8593750000,119480.6562500000,151600.8125000000,132898.2500000000,144272.9375000000,,,
10.0039999837,78,146724.3125000000,196244.5937500000,169446.0000000000,147926.1562500000,119565.3281250000,151672.5781250000,132966.3750000000,144305.2812500000,,,
10.0079999838,78,147136.4531250000,194965.1562500000,170665.7968750000,148474.0781250000,119958.9453125000,152048.6562500000,133335.3906250000,144604.2656250000,,,
10.0119999838,78,147307.9062500000,193079.9687500000,171805.4375000000,148716.3906250000,120123.4453125000,152209.1406250000,133500.9062500000,144766.3281250000,,,
10.0159999838,78,146993.3281250000,193203.7812500000,171267.5156250000,148308.9531250000,119827.6796875000,151923.5000000000,133219.4375000000,144554.5937500000,,,
10.0199999837,78,146628.0156250000,195138.8125000000,169732.7812500000,147813.4531250000,119480.1953125000,151588.5781250000,132882.7187500000,144262.0625000000,,,
10.0239999837,78,146709.8281250000,196287.5625000000,169445.5156250000,147921.6406250000,119554.6250000000,151657.1875000000,132946.8750000000,144292.3437500000,,,
10.0279999839,78,147121.8437500000,195023.4687500000,170651.5468750000,148467.8281250000,119946.3359375000,152035.1406250000,133319.1562500000,144594.2812500000,,,
10.0319999838,78,147299.2968750000,193120.9843750000,171798.9687500000,148719.9062500000,120114.5937500000,152200.0625000000,133487.3125000000,144761.3125000000,,,
10.0359999838,78,146989.2031250000,193228.3437500000,171272.2968750000,148315.1875000000,119821.4296875000,151917.6250000000,133213.2656250000,144553.0156250000,,,
10.0399999837,78,146632.3593750000,195185.8593750000,169741.6406250000,147830.6718750000,119481.1328125000,151587.5781250000,132886.2812500000,144269.4218750000,,,
10.0439999837,78,146712.1093750000,196377.2031250000,169443.5625000000,147929.0468750000,119552.4843750000,151656.1406250000,132950.8437500000,144297.1250000000,,,
10.0479999837,78,147118.5937500000,195124.1093750000,170643.3906250000,148464.9531250000,119938.4296875000,152031.4687500000,133320.1093750000,144594.5000000000,,,
10.0519999838,78,147298.3906250000,193185.9375000000,171796.8750000000,148720.4062500000,120108.6953125000,152201.1718750000,133490.9375000000,144763.2656250000,,,
10.0559999838,78,146986.9218750000,193252.9375000000,171285.1406250000,148316.6250000000,119814.0546875000,151919.1562500000,133212.6250000000,144552.6875000000,,,
10.0599999838,78,146625.6875000000,195203.7968750000,169756.5000000000,147822.8281250000,119473.4140625000,151587.5000000000,132883.8750000000,144266.0937500000,,,
10.0639999837,78,146707.8906250000,196412.0000000000,169454.0000000000,147924.8593750000,119549.8515625000,151657.0312500000,132953.7656250000,144295.2500000000,,,
10.0679999837,78,147117.5468750000,195158.0937500000,170649.4375000000,148464.9375000000,119941.8828125000,152036.0156250000,133326.1718750000,144592.7812500000,,,
10.0719999839,78,147302.1718750000,193190.5781250000,171809.4843750000,148720.6250000000,120118.1875000000,152211.3125000000,133499.1093750000,144762.4375000000,,,
10.0759999838,78,147000.3593750000,193237.3906250000,171316.0468750000,148315.4218750000,119830.5468750000,151932.7031250000,133227.0625000000,144558.8593750000,,,
10.0799999838,78,146639.0937500000,195192.7656250000,169783.7812500000,147816.7812500000,119486.9062500000,151594.6875000000,132893.6093750000,144268.6406250000,,,
10.0839999837,78,146719.2343750000,196430.0000000000,169470.2031250000,147913.0625000000,119561.1718750000,151662.3906250000,132958.8906250000,144295.8125000000,,,
10.0879999837,78,147134.2812500000,195190.8906250000,170665.6093750000,148455.0000000000,119959.7734375000,152043.7968750000,133337.5312500000,144598.4687500000,,,
10.0919999836,78,147324.0000000000,193202.2500000000,171837.6718750000,148718.9687500000,120141.6328125000,152218.5468750000,133516.6562500000,144774.2343750000,,,
10.0959999838,78,147018.3125000000,193207.4531250000,171355.3593750000,148323.5468750000,119851.6796875000,151941.4218750000,133243.8281250000,144572.0781250000,,,
10.0999999838,78,146645.7500000000,195157.0156250000,169818.7031250000,147825.0625000000,119497.5000000000,151600.6406250000,132904.4375000000,144277.7656250000,,,
10.1039999838,78,146709.2968750000,196417.7343750000,169483.0156250000,147912.8750000000,119554.7890625000,151652.4062500000,132952.3750000000,144293.7656250000,,,
10.1079999837,78,147116.4531250000,195185.6718750000,170657.6718750000,148454.5156250000,119941.9375000000,152030.3906250000,133317.7968750000,144590.0781250000,,,
10.1119999837,79,147304.3593750000,193182.6718750000,171827.3281250000,148719.9062500000,120117.9765625000,152211.8437500000,133499.1406250000,144763.9687500000,,,
10.1159999836,79,147006.4218750000,193171.1875000000,171358.7968750000,148330.8125000000,119833.3125000000,151941.4218750000,133235.9375000000,144567.1406250000,,,
10.1199999836,79,146635.0000000000,195125.2656250000,169822.7656250000,147831.9843750000,119481.3203125000,151595.9062500000,132898.8593750000,144274.6406250000,,,
10.1239999835,79,146702.9531250000,196398.9843750000,169472.3437500000,147919.7187500000,119544.2187500000,151650.6718750000,132954.4375000000,144294.9843750000,,,
10.1279999835,79,147120.5312500000,195181.9375000000,170643.7500000000,148455.8125000000,119941.4531250000,152034.3593750000,133333.5937500000,144598.6093750000,,,
10.1319999835,79,147321.2656250000,193172.4843750000,171828.2656250000,148733.9843750000,120129.6640625000,152220.7187500000,133519.8750000000,144778.4531250000,,,
10.1359999836,79,147023.7187500000,193153.2500000000,171376.6250000000,148351.9531250000,119842.7265625000,151948.8750000000,133249.9843750000,144579.4843750000,,,
10.1399999836,79,146642.6406250000,195128.0000000000,169842.7343750000,147841.5312500000,119478.0234375000,151596.3281250000,132897.0625000000,144278.2656250000,,,
10.1439999836,79,146702.6718750000,196445.6250000000,169476.5312500000,147916.3593750000,119531.2968750000,151644.5625000000,132939.6250000000,144291.5781250000,,,
10.1479999835,79,147112.2656250000,195250.8125000000,170632.5625000000,148456.2343750000,119919.8125000000,152023.3906250000,133309.1250000000,144587.7968750000,,,
10.1519999835,79,147311.2812500000,193214.4531250000,171815.5781250000,148736.0937500000,120110.2500000000,152214.2500000000,133498.3125000000,144768.7968750000,,,
10.1559999837,79,147020.0000000000,193172.1875000000,171386.9062500000,148351.0937500000,119837.6562500000,151952.2031250000,133241.4531250000,144577.6093750000,,,
10.1599999836,79,146648.8125000000,195164.1562500000,169864.5156250000,147842.2343750000,119489.0468750000,151608.7812500000,132901.1718750000,144285.3750000000,,,
10.1639999836,79,146713.7343750000,196514.9687500000,169492.1875000000,147916.2343750000,119550.5000000000,151658.2812500000,132950.5468750000,144302.7500000000,,,
10.1679999835,79,147127.2656250000,195315.0781250000,170639.4218750000,148446.5000000000,119946.3359375000,152041.0156250000,133327.0781250000,144600.5312500000,,,
10.1719999835,79,147333.5156250000,193238.8593750000,171830.8593750000,148729.1562500000,120145.5703125000,152236.5937500000,133525.3750000000,144785.3906250000,,,
10.1759999834,79,147034.1093750000,193173.3906250000,171410.2968750000,148347.5000000000,119863.8359375000,151962.7968750000,133262.4375000000,144587.7500000000,,,
10.1799999836,79,146651.2187500000,195196.9531250000,169881.7031250000,147830.2656250000,119500.8203125000,151603.4062500000,132913.2968750000,144285.0625000000,,,
10.1839999836,79,146707.0156250000,196597.4531250000,169488.9218750000,147892.8437500000,119551.2734375000,151646.5937500000,132956.0937500000,144291.5937500000,,,
10.1879999836,79,147121.8437500000,195396.5156250000,170621.3437500000,148434.4062500000,119946.1484375000,152031.3281250000,133328.9843750000,144591.3593750000,,,
10.1919999835,79,147332.5312500000,193266.9531250000,171816.0312500000,148729.5625000000,120144.4218750000,152227.7500000000,133522.6093750000,144782.3593750000,,,
10.1959999835,79,147037.8906250000,193160.8593750000,171411.1718750000,148355.3281250000,119862.4687500000,151959.4531250000,133258.2812500000,144589.9375000000,,,
10.1999999837,79,146649.3437500000,195189.6562500000,169882.5937500000,147839.6250000000,119492.8281250000,151604.1875000000,132904.5156250000,144288.0625000000,,,
10.2039999836,79,146699.2031250000,196603.0781250000,169473.9531250000,147898.6562500000,119541.1406250000,151645.0312500000,132942.8437500000,144293.2343750000,,,
10.2079999836,79,147114.1718750000,195394.6406250000,170596.8125000000,148439.2031250000,119939.2343750000,152027.5000000000,133317.9375000000,144590.1875000000,,,
10.2119999835,79,147326.0625000000,193231.8906250000,171790.1718750000,148733.2812500000,120139.6953125000,152229.1093750000,133522.2812500000,144781.0000000000,,,
10.2159999835,79,147035.9062500000,193107.4843750000,171402.5468750000,148357.1250000000,119861.2578125000,151963.3125000000,133263.6718750000,144592.8437500000,,,
10.2199999834,79,146640.4843750000,195173.7500000000,169877.2968750000,147828.4375000000,119483.7109375000,151594.8281250000,132903.0468750000,144284.2500000000,,,
10.2239999836,79,146687.1875000000,196658.2812500000,169456.3281250000,147887.4218750000,119524.9062500000,151631.8125000000,132940.7656250000,144285.8125000000,,,
10.2279999836,79,147106.6875000000,195470.4843750000,170567.6718750000,148435.5625000000,119923.2187500000,152017.0937500000,133319.9375000000,144582.5312500000,,,
10.2319999835,79,147319.1093750000,193258.8750000000,171762.5000000000,148730.5000000000,120123.5234375000,152215.9531250000,133515.4531250000,144766.1875000000,,,
10.2359999835,79,147024.4687500000,193093.8593750000,171394.7031250000,148358.5781250000,119845.6484375000,151949.6875000000,133255.3281250000,144573.5781250000,,,
10.2399999835,80,146620.7031250000,195153.8750000000,169877.3593750000,147829.0625000000,119463.9687500000,151577.2031250000,132889.9062500000,144257.4062500000,,,
10.2439999834,80,146660.5468750000,196640.0937500000,169441.7656250000,147874.9218750000,119500.7187500000,151607.9375000000,132918.8437500000,144253.0312500000,,,
10.2479999834,80,147081.2031250000,195441.1250000000,170541.5781250000,148415.3281250000,119904.5781250000,151997.8593750000,133301.0781250000,144554.1562500000,,,
10.2519999833,80,147304.6093750000,193198.9062500000,171743.9375000000,148718.6718750000,120118.6718750000,152204.8906250000,133509.1406250000,144750.0156250000,,,
10.2559999833,80,147020.3125000000,193017.3593750000,171396.4843750000,148355.7031250000,119848.9765625000,151943.3593750000,133256.0312500000,144568.1562500000,,,
10.2599999832,80,146625.9531250000,195106.4531250000,169886.7500000000,147828.6250000000,119473.4687500000,151579.8593750000,132896.2656250000,144264.4062500000,,,
10.2639999834,80,146669.4375000000,196650.2656250000,169445.1250000000,147867.7656250000,119511.4218750000,151613.2031250000,132925.5781250000,144265.6093750000,,,
10.2679999834,80,147087.8281250000,195479.2812500000,170536.3750000000,148402.6562500000,119910.0234375000,151999.0156250000,133300.1250000000,144563.5781250000,,,
10.2719999833,80,147316.8125000000,193214.0312500000,171743.7656250000,148710.9375000000,120126.5859375000,152216.7031250000,133510.3750000000,144764.7343750000,,,
10.2759999833,80,147033.2812500000,192992.2812500000,171405.8437500000,148350.2343750000,119856.0546875000,151962.6875000000,133256.8281250000,144583.5781250000,,,
10.2799999833,80,146627.7031250000,195097.1562500000,169898.3593750000,147820.3906250000,119470.5156250000,151593.7812500000,132886.7968750000,144271.7031250000,,,
10.2839999835,80,146654.5468750000,196678.3437500000,169439.6250000000,147852.7656250000,119495.2734375000,151612.3750000000,132900.1562500000,144256.7812500000,,,
10.2879999834,80,147078.1250000000,195515.8750000000,170518.5312500000,148394.7656250000,119896.4531250000,151995.6093750000,133284.4531250000,144554.0000000000,,,
10.2919999834,80,147317.8906250000,193216.5156250000,171731.2500000000,148721.7187500000,120121.3828125000,152219.4531250000,133509.2031250000,144762.5468750000,,,
10.2959999833,80,147033.7031250000,192975.7343750000,171415.5468750000,148365.5468750000,119851.1484375000,151960.8437500000,133257.3593750000,144582.5625000000,,,
10.2999999833,80,146626.8906250000,195089.0000000000,169910.4062500000,147824.6093750000,119467.3203125000,151587.1562500000,132891.6250000000,144272.6406250000,,,
10.3039999832,80,146651.7812500000,196713.4843750000,169439.5312500000,147856.2031250000,119490.5000000000,151601.1250000000,132906.6718750000,144257.8906250000,,,
10.3079999834,80,147074.2031250000,195574.1875000000,170510.3906250000,148398.7343750000,119895.4062500000,151987.6562500000,133288.0312500000,144553.8906250000,,,
10.3119999834,80,147318.5468750000,193238.5156250000,171725.1250000000,148727.4687500000,120128.2734375000,152214.7968750000,133515.9062500000,144764.6875000000,,,
10.3159999833,80,147039.9062500000,192957.1562500000,171422.3281250000,148375.3750000000,119861.6093750000,151957.8906250000,133268.3125000000,144587.4687500000,,,
10.3199999833,80,146624.0000000000,195097.7968750000,169925.6093750000,147833.2187500000,119464.7187500000,151577.0468750000,132890.0156250000,144267.0000000000,,,
10.3239999833,80,146642.0156250000,196778.2187500000,169447.7187500000,147856.6093750000,119483.3359375000,151593.1562500000,132904.9218750000,144246.2968750000,,,
10.3279999834,80,147064.5781250000,195644.1562500000,170506.5156250000,148398.2187500000,119889.6328125000,151987.4687500000,133289.6406250000,144543.7812500000,,,
10.3319999834,80,147309.8593750000,193261.4218750000,171720.2968750000,148725.6406250000,120123.7109375000,152222.2812500000,133516.4062500000,144755.5468750000,,,
10.3359999834,80,147036.5000000000,192943.2812500000,171434.5937500000,148376.1718750000,119863.2734375000,151973.1250000000,133267.7187500000,144584.9218750000,,,
10.3399999833,80,146627.4062500000,195113.9375000000,169946.0156250000,147833.7031250000,119475.5546875000,151592.5937500000,132893.6093750000,144274.5156250000,,,
10.3439999833,80,146644.5156250000,196847.9687500000,169455.6875000000,147846.2812500000,119491.6484375000,151598.5000000000,132902.0312500000,144252.2812500000,,,
10.3479999832,80,147071.2343750000,195737.2031250000,170506.8906250000,148391.2187500000,119900.6640625000,151992.3281250000,133285.5625000000,144551.7187500000,,,
10.3519999834,80,147324.8281250000,193311.5000000000,171728.2968750000,148728.4062500000,120141.5468750000,152225.7968750000,133517.0000000000,144767.0781250000,,,
10.3559999834,80,147051.0312500000,192956.8750000000,171460.3750000000,148384.3593750000,119879.3359375000,151971.8125000000,133271.3593750000,144596.2500000000,,,
10.3599999833,80,146634.7187500000,195144.6875000000,169971.7187500000,147835.1250000000,119482.7968750000,151586.6718750000,132894.8125000000,144279.9531250000,,,
10.3639999833,80,146651.9218750000,196922.9531250000,169466.2031250000,147846.6250000000,119497.2812500000,151592.8125000000,132906.5000000000,144257.7500000000,,,
10.3679999833,81,147074.6562500000,195820.2187500000,170503.3906250000,148384.1718750000,119900.7656250000,151983.7968750000,133293.2343750000,144552.0625000000,,,
10.3719999832,81,147334.4531250000,193354.0156250000,171725.1562500000,148731.0625000000,120145.7343750000,152229.0156250000,133531.6250000000,144774.6406250000,,,
10.3759999832,81,147059.4218750000,192965.4687500000,171469.5937500000,148391.9218750000,119881.2656250000,151978.5781250000,133281.0000000000,144605.4375000000,,,
10.3799999831,81,146634.1875000000,195180.2187500000,169984.4843750000,147832.1406250000,119476.4921875000,151587.6875000000,132893.2812500000,144283.6406250000,,,
10.3839999831,81,146646.7656250000,197021.0937500000,169467.2656250000,147837.2968750000,119486.2578125000,151596.1093750000,132897.2187500000,144260.7343750000,,,
10.3879999830,81,147066.5937500000,195935.7187500000,170492.4062500000,148374.0312500000,119889.5546875000,151985.0000000000,133277.3437500000,144553.9531250000,,,
10.3919999832,81,147327.4843750000,193416.5937500000,171714.5156250000,148721.7500000000,120140.0234375000,152227.6406250000,133521.1875000000,144772.6250000000,,,
10.3959999832,81,147065.7031250000,192978.4687500000,171477.3750000000,148392.4531250000,119889.3984375000,151984.7656250000,133286.8437500000,144608.0937500000,,,
10.3999999831,81,146641.4062500000,195213.9062500000,170001.3281250000,147837.3750000000,119485.8828125000,151587.1875000000,132901.3906250000,144281.2187500000,,,
10.4039999831,81,146648.9375000000,197119.4062500000,169475.1250000000,147845.7656250000,119491.5468750000,151584.7656250000,132901.5781250000,144249.2968750000,,,
10.4079999831,81,147070.0468750000,196061.0625000000,170490.9843750000,148377.6562500000,119894.3046875000,151975.5625000000,133276.4062500000,144541.7968750000,,,
10.4119999832,81,147338.2187500000,193501.1250000000,171716.2187500000,148735.2187500000,120150.1875000000,152228.9062500000,133522.0937500000,144768.2500000000,,,
10.4159999832,81,147074.9843750000,193026.5937500000,171491.9687500000,148408.0937500000,119899.8828125000,151987.8750000000,133289.8750000000,144608.6093750000,,,
10.4199999832,81,146636.2500000000,195316.6406250000,170019.0625000000,147836.9218750000,119480.0937500000,151578.7812500000,132890.0625000000,144276.3593750000,,,
10.4239999831,81,146637.0625000000,197316.6562500000,169478.8281250000,147832.8125000000,119478.4296875000,151575.4375000000,132885.8281250000,144244.1250000000,,,
10.4279999831,81,147067.0156250000,196270.4843750000,170478.9531250000,148375.5312500000,119892.3203125000,151976.1093750000,133275.9531250000,144545.5468750000,,,
10.4319999830,81,147339.3750000000,193637.3593750000,171707.8906250000,148734.3281250000,120154.4765625000,152234.2343750000,133530.5781250000,144777.7968750000,,,
10.4359999832,81,147070.9531250000,193102.2656250000,171497.7343750000,148406.1406250000,119898.0312500000,151990.9687500000,133294.9375000000,144614.6250000000,,,
10.4399999832,81,146635.7656250000,195422.2656250000,170032.3125000000,147843.7031250000,119481.4062500000,151589.3593750000,132896.2656250000,144287.0625000000,,,
10.4439999831,81,146637.8125000000,197495.8750000000,169485.1406250000,147836.5468750000,119480.9765625000,151581.2031250000,132889.0781250000,144253.4843750000,,,
10.4479999831,81,147062.7031250000,196480.4687500000,170474.9062500000,148367.9687500000,119889.9296875000,151976.4218750000,133282.3593750000,144547.6406250000,,,
10.4519999831,81,147333.8906250000,193793.7656250000,171696.3750000000,148728.7500000000,120151.1796875000,152235.2656250000,133537.3906250000,144774.5000000000,,,
10.4559999832,81,147071.4687500000,193208.2031250000,171498.2343750000,148402.3750000000,119900.3671875000,151996.9375000000,133303.3593750000,144615.5000000000,,,
10.4599999832,81,146627.6093750000,195570.5312500000,170037.7500000000,147824.9843750000,119477.1953125000,151582.4062500000,132901.1093750000,144280.8125000000,,,
10.4639999832,81,146621.4687500000,197751.1718750000,169476.8437500000,147808.8593750000,119469.0156250000,151568.8125000000,132888.6093750000,144241.8906250000,,,
10.4679999831,81,147053.1718750000,196784.0781250000,170453.0156250000,148349.2656250000,119880.6484375000,151968.1562500000,133271.1718750000,144538.9062500000,,,
10.4719999831,81,147331.9687500000,194059.1875000000,171677.8750000000,148720.4687500000,120146.8046875000,152232.6250000000,133526.9531250000,144769.9687500000,,,
10.4759999830,81,147074.0156250000,193444.9687500000,171502.2343750000,148404.2031250000,119901.3828125000,151999.3593750000,133297.2187500000,144614.6406250000,,,
10.4799999832,81,146630.6406250000,195829.4687500000,170053.1718750000,147827.2031250000,119477.6250000000,151583.5156250000,132889.2031250000,144279.2031250000,,,
10.4839999832,81,146624.4843750000,198022.5781250000,169481.6562500000,147811.4843750000,119468.1015625000,151566.7656250000,132874.0312500000,144238.0156250000,,,
10.4879999831,81,147048.5156250000,196974.3750000000,170444.2187500000,148351.0625000000,119873.4609375000,151957.7343750000,133256.2968750000,144524.9218750000,,,
10.4919999831,81,147327.6718750000,194073.0000000000,171665.2031250000,148726.7343750000,120140.5312500000,152222.5781250000,133518.9375000000,144755.5625000000,,,
10.4959999830,82,147056.0156250000,193300.8750000000,171492.6093750000,148407.4843750000,119880.4375000000,151975.3593750000,133280.0625000000,144589.9687500000,,,
10.4999999830,82,146605.8593750000,195648.1093750000,170046.7343750000,147833.0000000000,119452.0859375000,151558.6093750000,132873.4687500000,144253.5625000000,,,
10.5039999830,82,146593.0468750000,197893.6250000000,169468.4843750000,147813.4218750000,119437.9531250000,151540.8593750000,132853.6875000000,144211.3281250000,,,
10.5079999829,82,147029.8906250000,196873.6562500000,170424.9218750000,148357.0312500000,119858.6562500000,151946.6562500000,133246.9843750000,144514.0937500000,,,
10.5119999829,82,147338.8593750000,193934.8906250000,171661.2343750000,148755.7656250000,120154.3437500000,152240.3750000000,133531.8906250000,144774.0000000000,,,
10.5159999828,82,147085.7343750000,193110.2500000000,171515.3281250000,148449.4531250000,119909.3203125000,152005.6562500000,133305.4531250000,144623.9062500000,,,
10.5199999830,82,146634.6093750000,195477.2968750000,170082.4843750000,147863.2812500000,119477.9687500000,151586.3437500000,132894.4687500000,144288.4687500000,,,
10.5239999830,82,146619.6250000000,197786.9218750000,169493.6093750000,147830.7812500000,119462.6796875000,151569.2656250000,132875.2656250000,144247.7968750000,,,
10.5279999829,82,147051.6718750000,196795.3437500000,170433.3750000000,148366.7031250000,119878.6953125000,151970.9843750000,133265.7031250000,144544.7812500000,,,
10.5319999829,82,147358.7812500000,193802.6093750000,171662.5000000000,148758.2031250000,120174.8906250000,152261.0937500000,133552.6718750000,144798.4375000000,,,
10.5359999829,82,147108.4843750000,192939.0156250000,171533.6718750000,148448.7031250000,119934.9375000000,152033.0937500000,133333.3750000000,144652.9218750000,,,
10.5399999830,82,146649.8281250000,195353.7031250000,170105.6718750000,147859.0781250000,119494.3828125000,151606.9218750000,132915.3906250000,144314.5625000000,,,
10.5439999830,82,146621.7500000000,197745.1875000000,169510.4843750000,147816.9062500000,119464.6640625000,151573.7656250000,132883.5156250000,144259.0937500000,,,
10.5479999830,82,147052.5000000000,196773.9375000000,170436.1875000000,148348.4218750000,119881.0234375000,151973.6093750000,133274.0156250000,144548.8750000000,,,
10.5519999829,82,147361.8125000000,193732.0937500000,171655.7343750000,148748.2031250000,120181.4843750000,152268.5156250000,133563.8593750000,144799.7656250000,,,
10.5559999829,82,147115.7187500000,192805.0625000000,171543.8906250000,148452.7031250000,119945.4765625000,152046.2656250000,133349.4218750000,144657.1250000000,,,
10.5599999828,82,146651.2500000000,195236.2187500000,170131.2343750000,147860.3593750000,119500.6328125000,151613.8750000000,132929.0312500000,144313.2968750000,,,
10.5639999830,82,146620.1875000000,197693.4843750000,169530.6875000000,147811.8593750000,119469.7109375000,151577.3906250000,132893.0937500000,144255.3437500000,,,
10.5679999830,82,147054.4062500000,196759.6718750000,170439.6875000000,148346.6406250000,119887.6015625000,151977.8437500000,133282.0937500000,144544.5625000000,,,
10.5719999829,82,147367.6406250000,193682.2812500000,171649.3281250000,148747.5312500000,120185.3203125000,152270.8437500000,133566.8593750000,144792.2031250000,,,
10.5759999829,82,147118.0625000000,192730.5000000000,171543.4375000000,148445.7812500000,119943.9531250000,152051.0468750000,133343.7343750000,144647.8437500000,,,
10.5799999828,82,146653.2343750000,195177.2187500000,170147.9375000000,147854.4843750000,119501.5781250000,151632.0312500000,132927.0312500000,144314.1093750000,,,
10.5839999830,82,146619.7343750000,197687.4375000000,169543.5312500000,147805.4531250000,119471.3984375000,151595.9843750000,132897.4062500000,144259.9218750000,,,
10.5879999830,82,147052.2968750000,196770.5312500000,170442.0937500000,148343.2343750000,119891.5937500000,151997.7187500000,133297.7343750000,144550.6250000000,,,
10.5919999829,82,147366.9375000000,193648.3281250000,171647.3750000000,148747.5312500000,120195.8125000000,152304.6406250000,133596.3906250000,144806.5781250000,,,
10.5959999829,82,147121.9531250000,192643.0312500000,171549.6406250000,148455.8906250000,119961.5468750000,152095.7031250000,133382.4687500000,144670.2812500000,,,
10.5999999829,82,146645.9375000000,195096.5937500000,170155.4218750000,147856.2812500000,119505.1171875000,151660.5937500000,132949.9062500000,144325.5312500000,,,
10.6039999828,82,146599.6875000000,197662.7656250000,169533.5000000000,147793.9218750000,119456.1093750000,151608.7812500000,132901.8906250000,144255.6562500000,,,
10.6079999830,82,147040.8125000000,196776.8593750000,170418.9687500000,148331.6562500000,119880.8906250000,152019.0156250000,133303.7187500000,144548.7500000000,,,
10.6119999830,82,147368.7343750000,193619.8750000000,171628.9218750000,148747.3125000000,120199.0859375000,152336.1875000000,133610.4531250000,144812.6406250000,,,
10.6159999829,82,147122.7812500000,192571.2031250000,171550.0625000000,148454.7031250000,119964.3125000000,152114.7500000000,133392.4218750000,144674.1562500000,,,
10.6199999829,82,146648.8281250000,195037.0937500000,170170.3593750000,147858.9843750000,119510.9062500000,151670.7031250000,132958.7500000000,144330.7656250000,,,
10.6239999828,83,146605.0781250000,197650.1093750000,169546.9375000000,147793.8437500000,119468.1796875000,151623.0937500000,132916.0781250000,144265.7656250000,,,
10.6279999828,83,147048.0312500000,196776.5625000000,170420.8281250000,148325.4531250000,119896.1015625000,152037.6250000000,133318.9531250000,144560.7343750000,,,
10.6319999828,83,147376.2187500000,193581.5937500000,171626.2343750000,148739.5625000000,120214.2890625000,152347.9062500000,133630.3750000000,144822.4843750000,,,
10.6359999827,83,147142.3281250000,192482.5000000000,171567.7187500000,148459.8906250000,119990.1953125000,152134.7343750000,133431.8437500000,144694.6250000000,,,
10.6399999827,83,146661.4062500000,194968.2656250000,170199.3593750000,147854.4375000000,119528.0468750000,151685.4843750000,132990.7031250000,144345.2656250000,,,
10.6439999826,83,146608.5156250000,197648.0625000000,169566.2968750000,147786.3593750000,119473.7578125000,151625.8593750000,132930.1093750000,144269.4218750000,,,
10.6479999828,83,147043.8437500000,196808.8281250000,170420.9843750000,148311.6406250000,119892.6953125000,152024.5156250000,133318.4375000000,144553.2500000000,,,
10.6519999828,83,147387.0781250000,193560.7343750000,171618.3437500000,148739.0000000000,120222.3359375000,152346.0937500000,133629.7343750000,144823.2187500000,,,
10.6559999827,83,147150.6250000000,192405.7968750000,171565.9687500000,148460.7656250000,119992.5234375000,152125.6406250000,133416.8281250000,144691.5781250000,,,
10.6599999827,83,146666.6406250000,194921.4062500000,170214.3437500000,147853.5156250000,119525.8750000000,151665.6875000000,132970.8750000000,144340.0625000000,,,
10.6639999826,83,146602.6718750000,197691.7031250000,169578.4531250000,147775.3281250000,119462.6250000000,151592.6562500000,132902.4531250000,144256.1718750000,,,
10.6679999828,83,147041.7031250000,196878.8437500000,170417.7187500000,148315.0156250000,119887.4140625000,151997.7500000000,133297.7031250000,144544.2656250000,,,
10.6719999828,83,147392.3906250000,193551.1562500000,171602.5781250000,148755.4375000000,120223.3828125000,152323.8281250000,133619.4062500000,144818.7656250000,,,
10.6759999827,83,147156.7343750000,192321.0625000000,171562.7187500000,148480.4375000000,119992.6093750000,152107.1875000000,133408.6406250000,144691.2968750000,,,
10.6799999827,83,146654.7031250000,194873.6406250000,170221.1093750000,147863.8750000000,119507.2890625000,151638.9218750000,132947.8125000000,144333.7343750000,,,
10.6839999827,83,146582.0781250000,197736.7656250000,169575.3437500000,147773.6718750000,119433.0468750000,151562.2968750000,132869.3593750000,144245.9531250000,,,
10.6879999826,83,147029.4062500000,196951.8750000000,170397.0937500000,148310.0312500000,119864.7968750000,151976.0781250000,133272.0156250000,144536.9218750000,,,
10.6919999828,83,147386.6875000000,193548.1562500000,171571.0312500000,148757.9062500000,120208.4687500000,152310.5156250000,133597.9843750000,144812.0781250000,,,
10.6959999828,83,147148.6406250000,192243.2500000000,171541.4218750000,148487.4062500000,119976.7031250000,152091.0937500000,133382.8593750000,144678.4531250000,,,
10.6999999827,83,146636.0625000000,194828.0781250000,170218.3437500000,147866.5625000000,119483.6875000000,151615.1875000000,132918.4375000000,144313.0312500000,,,
10.7039999827,83,146560.3750000000,197784.6718750000,169578.7500000000,147764.6875000000,119410.5156250000,151535.3593750000,132846.3750000000,144223.6562500000,,,
10.7079999826,83,147012.7500000000,197028.7187500000,170390.1875000000,148302.6250000000,119847.6093750000,151953.8437500000,133251.1718750000,144515.7187500000,,,
10.7119999828,83,147378.7187500000,193546.4531250000,171554.6718750000,148749.9375000000,120202.1171875000,152299.9062500000,133589.0156250000,144798.1093750000,,,
10.7159999828,83,147152.5000000000,192150.7656250000,171537.6406250000,148487.0781250000,119983.8593750000,152088.1406250000,133383.5937500000,144676.7343750000,,,
10.7199999827,83,146637.7031250000,194758.6250000000,170239.7187500000,147853.6875000000,119487.3593750000,151605.4687500000,132920.8750000000,144311.3750000000,,,
10.7239999827,83,146555.0625000000,197819.1406250000,169602.7812500000,147739.0625000000,119405.5234375000,151517.0937500000,132840.4375000000,144216.2343750000,,,
10.7279999827,83,147009.6093750000,197100.5156250000,170399.5000000000,148273.9843750000,119843.6328125000,151936.4531250000,133244.9218750000,144506.5468750000,,,
10.7319999826,83,147388.9843750000,193541.2500000000,171555.7968750000,148734.9218750000,120210.8828125000,152291.4843750000,133592.5156250000,144792.9531250000,,,
10.7359999828,83,147167.3281250000,192071.0625000000,171554.5468750000,148480.4531250000,119997.1093750000,152085.9062500000,133395.0937500000,144674.8281250000,,,
10.7399999828,83,146655.8125000000,194710.4531250000,170275.7968750000,147854.5937500000,119502.5703125000,151607.5625000000,132926.3750000000,144316.7031250000,,,
10.7439999827,83,146565.5468750000,197872.1718750000,169638.5625000000,147744.0937500000,119411.2343750000,151513.9375000000,132832.3437500000,144216.9218750000,,,
10.7479999827,83,147017.5312500000,197197.7187500000,170419.8593750000,148281.0625000000,119847.7968750000,151933.8906250000,133235.9687500000,144504.1093750000,,,
10.7519999826,84,147405.9687500000,193572.6718750000,171567.0625000000,148757.3125000000,120225.9296875000,152296.7343750000,133595.2968750000,144797.9218750000,,,
10.7559999826,84,147194.1718750000,192026.1093750000,171578.9687500000,148517.8437500000,120020.8203125000,152100.2656250000,133409.8437500000,144693.0781250000,,,
10.7599999825,84,146668.0312500000,194676.0468750000,170309.8125000000,147883.6875000000,119511.7109375000,151607.8281250000,132932.3281250000,144327.4062500000,,,
10.7639999825,84,146566.4375000000,197916.4687500000,169665.3750000000,147765.5468750000,119410.7812500000,151506.1562500000,132830.4062500000,144223.3593750000,,,
10.7679999825,84,147016.5625000000,197280.5468750000,170431.2031250000,148298.4218750000,119847.6328125000,151930.6875000000,133233.2031250000,144510.5468750000,,,
10.7719999824,84,147412.8281250000,193588.2812500000,171564.5781250000,148778.1562500000,120230.4687500000,152306.9531250000,133596.1250000000,144812.1406250000,,,
10.7759999826,84,147194.0937500000,191956.2343750000,171577.2031250000,148535.8750000000,120017.9296875000,152104.9218750000,133401.5312500000,144701.8125000000,,,
10.7799999826,84,146657.1406250000,194612.2656250000,170317.6093750000,147889.5625000000,119499.6718750000,151602.7343750000,132917.6875000000,144328.9687500000,,,
10.7839999825,84,146546.1250000000,197930.3125000000,169667.9062500000,147757.7968750000,119391.2265625000,151494.0312500000,132811.2343750000,144215.0000000000,,,
10.7879999825,84,146995.7187500000,197334.9531250000,170422.5156250000,148287.0468750000,119829.8750000000,151911.3281250000,133218.3906250000,144494.8593750000,,,
10.7919999824,84,147400.6250000000,193599.8593750000,171553.2812500000,148775.0156250000,120225.3437500000,152295.6875000000,133598.7343750000,144797.9531250000,,,
10.7959999826,84,147190.1562500000,191900.7968750000,171582.5781250000,148536.9531250000,120023.1875000000,152101.8437500000,133418.2656250000,144693.0781250000,,,
10.7999999826,84,146650.9218750000,194554.2968750000,170333.8750000000,147888.2343750000,119499.6171875000,151594.8593750000,132923.7500000000,144318.2343750000,,,
10.8039999825,84,146542.0781250000,197934.9218750000,169682.0312500000,147749.5781250000,119391.7343750000,151484.9062500000,132814.7968750000,144207.6718750000,,,
10.8079999825,84,146997.7656250000,197388.4218750000,170426.7031250000,148278.0625000000,119836.1250000000,151911.7343750000,133225.3125000000,144495.9843750000,,,
10.8119999825,84,147409.6093750000,193633.1250000000,171553.5000000000,148765.9531250000,120236.8203125000,152304.0625000000,133602.1562500000,144805.9062500000,,,
10.8159999824,84,147196.7812500000,191875.9531250000,171590.5312500000,148526.1875000000,120027.5546875000,152104.7968750000,133414.9531250000,144696.7187500000,,,
10.8199999826,84,146651.2968750000,194524.5000000000,170350.8437500000,147873.0937500000,119500.4218750000,151589.4375000000,132919.7812500000,144315.9531250000,,,
10.8239999826,84,146537.5468750000,197947.4062500000,169689.6875000000,147732.7187500000,119390.2343750000,151473.6718750000,132812.2500000000,144200.9687500000,,,
10.8279999825,84,146990.2031250000,197428.3906250000,170420.0156250000,148264.1875000000,119831.7578125000,151893.9218750000,133218.9843750000,144485.5468750000,,,
10.8319999825,84,147402.9375000000,193646.7968750000,171542.5312500000,148760.9843750000,120232.8828125000,152282.2500000000,133595.8281250000,144791.5937500000,,,
10.8359999824,84,147201.5312500000,191838.1093750000,171591.2656250000,148540.2500000000,120033.3750000000,152095.3750000000,133418.0625000000,144693.5625000000,,,
10.8399999826,84,146656.7968750000,194474.6406250000,170357.7968750000,147896.7343750000,119500.3125000000,151584.6406250000,132918.6562500000,144317.6406250000,,,
10.8439999826,84,146530.2031250000,197943.5625000000,169684.9062500000,147744.5156250000,119371.9140625000,151458.0937500000,132793.4531250000,144195.7968750000,,,
10.8479999825,84,146972.8906250000,197460.5468750000,170399.9375000000,148265.9843750000,119802.6562500000,151872.5625000000,133190.9531250000,144470.3906250000,,,
10.8519999825,84,147396.0156250000,193635.2187500000,171517.7187500000,148774.2187500000,120215.6328125000,152273.6093750000,133581.7500000000,144784.2968750000,,,
10.8559999825,84,147198.8125000000,191764.2656250000,171577.5625000000,148556.6562500000,120024.5234375000,152091.4843750000,133410.5000000000,144690.7343750000,,,
10.8599999824,84,146645.4843750000,194412.3281250000,170358.3593750000,147900.8281250000,119487.7109375000,151571.6562500000,132909.3281250000,144308.7968750000,,,
10.8639999826,84,146519.6250000000,197953.1718750000,169688.3125000000,147747.8750000000,119365.8828125000,151446.3593750000,132789.1875000000,144189.8906250000,,,
10.8679999826,84,146971.6875000000,197505.4843750000,170400.7343750000,148275.2187500000,119809.0625000000,151872.8906250000,133199.4531250000,144473.4531250000,,,
10.8719999825,84,147391.6406250000,193629.6093750000,171507.3906250000,148779.0468750000,120216.7890625000,152272.2187500000,133588.1093750000,144781.5312500000,,,
10.8759999825,84,147196.0312500000,191686.7187500000,171573.7656250000,148562.1093750000,120023.7187500000,152097.1718750000,133418.9375000000,144689.5625000000,,,
10.8799999824,85,146637.6250000000,194336.5625000000,170365.0625000000,147906.2187500000,119482.6093750000,151576.3125000000,132913.7812500000,144309.2187500000,,,
10.8839999824,85,146496.1875000000,197954.4218750000,169684.0000000000,147732.4218750000,119342.7343750000,151435.4843750000,132774.5625000000,144176.0156250000,,,
10.8879999823,85,146958.5937500000,197544.3750000000,170380.1406250000,148258.0312500000,119794.7109375000,151866.5937500000,133187.2187500000,144465.0781250000,,,
10.8919999823,85,147393.5156250000,193619.0156250000,171483.0937500000,148766.8437500000,120218.4453125000,152275.9218750000,133584.1406250000,144783.0312500000,,,
10.8959999823,85,147210.2656250000,191612.6406250000,171567.2031250000,148558.1875000000,120040.4062500000,152107.1875000000,133426.6093750000,144701.1250000000,,,
10.8999999822,85,146650.4218750000,194282.5937500000,170382.0937500000,147895.3906250000,119497.9531250000,151580.2031250000,132918.8750000000,144318.9375000000,,,
10.9039999824,85,146507.0000000000,197976.0468750000,169702.7968750000,147720.7812500000,119356.1484375000,151439.2343750000,132773.8750000000,144185.8906250000,,,
10.9079999824,85,146964.0937500000,197602.6093750000,170380.8125000000,148242.9218750000,119795.6250000000,151867.2812500000,133183.3125000000,144469.1093750000,,,
10.9119999823,85,147405.9375000000,193623.0937500000,171469.4687500000,148762.5156250000,120222.1484375000,152288.0781250000,133590.0937500000,144791.2656250000,,,
10.9159999823,85,147221.5312500000,191546.8125000000,171560.7031250000,148555.5312500000,120040.0781250000,152118.8281250000,133424.8437500000,144707.9531250000,,,
10.9199999822,85,146655.1875000000,194238.2500000000,170386.6562500000,147888.9531250000,119489.1562500000,151588.2500000000,132910.5625000000,144325.6406250000,,,
10.9239999824,85,146508.1562500000,198016.5468750000,169707.0156250000,147709.8281250000,119343.6484375000,151441.7812500000,132769.4687500000,144191.7968750000,,,
10.9279999824,85,146966.9218750000,197682.4218750000,170372.9218750000,148233.3437500000,119789.6718750000,151868.0156250000,133176.4218750000,144472.7343750000,,,
10.9319999823,85,147417.9218750000,193648.7812500000,171457.0468750000,148760.7968750000,120232.5312500000,152292.4687500000,133592.5625000000,144798.4843750000,,,
10.9359999823,85,147239.3281250000,191506.6718750000,171564.6250000000,148565.9375000000,120059.5312500000,152125.3750000000,133438.6562500000,144719.7343750000,,,
10.9399999822,85,146670.6093750000,194194.3125000000,170408.2187500000,147896.1718750000,119507.0468750000,151587.5781250000,132924.3906250000,144335.9062500000,,,
10.9439999822,85,146512.6250000000,198031.1718750000,169722.4843750000,147707.7656250000,119350.3750000000,151432.1250000000,132775.5625000000,144193.6250000000,,,
10.9479999824,85,146968.7968750000,197733.6875000000,170372.4843750000,148231.7187500000,119793.9375000000,151858.9687500000,133183.1250000000,144472.4687500000,,,
10.9519999824,85,147422.4843750000,193672.7031250000,171450.8281250000,148762.3906250000,120238.4609375000,152290.3281250000,133600.7656250000,144800.8437500000,,,
10.9559999823,85,147246.9062500000,191468.6250000000,171568.3281250000,148571.4375000000,120067.5234375000,152128.9687500000,133448.3906250000,144727.1406250000,,,
10.9599999823,85,146673.0312500000,194146.8437500000,170424.3125000000,147907.6718750000,119509.7031250000,151587.4218750000,132925.9843750000,144342.2187500000,,,
10.9639999822,85,146502.9531250000,198040.0781250000,169734.5000000000,147708.0156250000,119343.1093750000,151427.9062500000,132764.4843750000,144192.3281250000,,,
10.9679999824,85,146958.4062500000,197791.2968750000,170373.4531250000,148232.9218750000,119789.6171875000,151856.9375000000,133177.3750000000,144470.1875000000,,,
10.9719999824,85,147419.7812500000,193692.8593750000,171443.7343750000,148770.5156250000,120240.7343750000,152293.5468750000,133599.6093750000,144800.3906250000,,,
10.9759999823,85,147243.3750000000,191417.1875000000,171564.6562500000,148578.3281250000,120064.2500000000,152128.7968750000,133445.1718750000,144722.5000000000,,,
10.9799999823,85,146666.0468750000,194086.6562500000,170430.9687500000,147904.3750000000,119501.5234375000,151583.8281250000,132924.2968750000,144335.4218750000,,,
10.9839999822,85,146494.0625000000,198031.7812500000,169738.2031250000,147696.3906250000,119334.0703125000,151415.1406250000,132762.0468750000,144183.8750000000,,,
10.9879999822,85,146952.9218750000,197821.9062500000,170366.6250000000,148219.4531250000,119780.7656250000,151848.8906250000,133170.5468750000,144463.9531250000,,,
10.9919999824,85,147427.3750000000,193697.7968750000,171433.5000000000,148772.4375000000,120242.0000000000,152300.3750000000,133600.7187500000,144805.9062500000,,,
10.9959999823,85,147261.2812500000,191359.1718750000,171567.8750000000,148595.2656250000,120078.4609375000,152144.5937500000,133454.5156250000,144736.1562500000,,,
10.9999999823,85,146682.8750000000,194018.3593750000,170449.3437500000,147923.6093750000,119517.6171875000,151600.4531250000,132936.6875000000,144350.2343750000,,,
11.0039999823,85,146500.0000000000,198034.5156250000,169754.3750000000,147711.1718750000,119335.6015625000,151421.3750000000,132763.9531250000,144190.0312500000,,,
11.0079999822,86,146955.4843750000,197889.5937500000,170371.6406250000,148230.1250000000,119773.4453125000,151846.1562500000,133164.6718750000,144462.6718750000,,,
11.0119999822,86,147433.3593750000,193734.3437500000,171427.8593750000,148789.0781250000,120237.7031250000,152297.7500000000,133598.1093750000,144803.3906250000,,,
11.0159999821,86,147270.1406250000,191322.0000000000,171573.6093750000,148614.6250000000,120078.1171875000,152146.5312500000,133454.2968750000,144736.9218750000,,,
11.0199999821,86,146681.8281250000,193971.0312500000,170464.2187500000,147926.9062500000,119507.2109375000,151595.9218750000,132928.2656250000,144346.1562500000,,,
11.0239999820,86,146494.8437500000,198047.7187500000,169763.6250000000,147710.1093750000,119326.2890625000,151415.1250000000,132754.6875000000,144187.5625000000,,,
11.0279999820,86,146946.1093750000,197942.5156250000,170370.7500000000,148224.2031250000,119771.0000000000,151840.9687500000,133162.1406250000,144461.1718750000,,,
11.0319999822,86,147418.6562500000,193761.2187500000,171420.8906250000,148778.4843750000,120235.9921875000,152294.7968750000,133596.2656250000,144798.1562500000,,,
11.0359999822,86,147258.0156250000,191283.4531250000,171566.9062500000,148610.1250000000,120078.9453125000,152148.5156250000,133455.3437500000,144733.3593750000,,,
11.0399999821,86,146667.0156250000,193909.1718750000,170467.1406250000,147920.3281250000,119502.7812500000,151593.0781250000,132918.8750000000,144339.5625000000,,,
11.0439999821,86,146469.5312500000,198029.9531250000,169764.4062500000,147690.0156250000,119310.1171875000,151401.5937500000,132734.8750000000,144168.6406250000,,,
11.0479999820,86,146919.6562500000,197974.2968750000,170361.7968750000,148196.6093750000,119751.3984375000,151824.1250000000,133139.7812500000,144436.7812500000,,,
11.0519999822,86,147398.7031250000,193775.6250000000,171402.8593750000,148748.0625000000,120218.3984375000,152277.8437500000,133579.0937500000,144772.8750000000,,,
11.0559999822,86,147249.2187500000,191252.3906250000,171564.3125000000,148589.2500000000,120071.5703125000,152135.5937500000,133449.6562500000,144715.4687500000,,,
11.0599999821,86,146664.4218750000,193866.4218750000,170476.2187500000,147912.0156250000,119501.2812500000,151584.1250000000,132920.2656250000,144330.0312500000,,,
11.0639999821,86,146460.0000000000,198028.6250000000,169758.6718750000,147674.6093750000,119299.6328125000,151385.8750000000,132729.4843750000,144157.1093750000,,,
11.0679999820,86,146913.7031250000,198017.2187500000,170342.7656250000,148183.5625000000,119742.5156250000,151810.7968750000,133136.0000000000,144427.6406250000,,,
11.0719999820,86,147408.7031250000,193802.4687500000,171385.9687500000,148747.7656250000,120224.0312500000,152283.1406250000,133585.5937500000,144777.1562500000,,,
11.0759999822,86,147266.1406250000,191227.7500000000,171561.2500000000,148599.9062500000,120083.6640625000,152152.9375000000,133460.7812500000,144729.4375000000,,,
11.0799999821,86,146674.4531250000,193819.8593750000,170482.0937500000,147918.1093750000,119506.6171875000,151596.5937500000,132924.8593750000,144340.8125000000,,,
11.0839999821,86,146473.6562500000,198012.7968750000,169767.9687500000,147677.6250000000,119308.5859375000,151400.0156250000,132731.9687500000,144173.6875000000,,,
11.0879999821,86,146919.0312500000,198043.2031250000,170348.2656250000,148177.6875000000,119744.2109375000,151811.3906250000,133127.3125000000,144434.7187500000,,,
11.0919999820,86,147420.0781250000,193824.3437500000,171394.5781250000,148752.5156250000,120234.7578125000,152283.5937500000,133590.9843750000,144786.7343750000,,,
11.0959999822,86,147286.2031250000,191207.4375000000,171584.0781250000,148611.5156250000,120100.1875000000,152155.1875000000,133478.5625000000,144742.6406250000,,,
11.0999999822,86,146699.1250000000,193773.0312500000,170517.5781250000,147938.4687500000,119527.8046875000,151594.6718750000,132943.3906250000,144355.5156250000,,,
11.1039999821,86,146483.3906250000,197985.1718750000,169792.9531250000,147684.3281250000,119317.5234375000,151387.3906250000,132740.7656250000,144175.2187500000,,,
11.1079999821,86,146923.2031250000,198053.2187500000,170356.7968750000,148176.2968750000,119748.8984375000,151806.2343750000,133134.1250000000,144437.9375000000,,,
11.1119999820,86,147424.0937500000,193835.5781250000,171395.4843750000,148751.3593750000,120238.8906250000,152285.3593750000,133590.0625000000,144793.9218750000,,,
11.1159999820,86,147287.1250000000,191169.5312500000,171588.3906250000,148611.7343750000,120102.9296875000,152160.0000000000,133472.3437500000,144748.9375000000,,,
11.1199999822,86,146686.2187500000,193697.9218750000,170519.8281250000,147928.4062500000,119520.6953125000,151598.7500000000,132933.3281250000,144355.1093750000,,,
11.1239999821,86,146461.6718750000,197932.6562500000,169779.1093750000,147675.2343750000,119300.0078125000,151382.9375000000,132726.3125000000,144169.2031250000,,,
11.1279999821,86,146902.3750000000,198041.4062500000,170331.2187500000,148170.7500000000,119729.4843750000,151795.5625000000,133121.1562500000,144430.4531250000,,,
11.1319999821,86,147409.9687500000,193842.9531250000,171376.0156250000,148747.0468750000,120225.8750000000,152276.2343750000,133584.7031250000,144787.5156250000,,,
11.1359999820,87,147279.6562500000,191149.7500000000,171583.2968750000,148613.4687500000,120097.4296875000,152153.1875000000,133473.2812500000,144742.6093750000,,,
11.1399999820,87,146682.4062500000,193649.3281250000,170524.1718750000,147922.0000000000,119515.7656250000,151588.3281250000,132932.5468750000,144344.0156250000,,,
11.1439999819,87,146459.2812500000,197899.6875000000,169780.5312500000,147663.2187500000,119295.8515625000,151368.0000000000,132721.8593750000,144156.6562500000,,,
11.1479999819,87,146896.2343750000,198051.1562500000,170323.8906250000,148155.9375000000,119723.4765625000,151777.5156250000,133114.5156250000,144414.6875000000,,,
11.1519999818,87,147394.2656250000,193864.6718750000,171357.0000000000,148728.2187500000,120208.8984375000,152252.1093750000,133568.8750000000,144762.5937500000,,,
11.1559999818,87,147264.9843750000,191138.0156250000,171565.7500000000,148599.7656250000,120077.8984375000,152130.8593750000,133455.1718750000,144716.0625000000,,,
11.1599999820,87,146668.0156250000,193602.3906250000,170504.4843750000,147919.0781250000,119493.1015625000,151569.9843750000,132911.9218750000,144321.0781250000,,,
11.1639999819,87,146437.3906250000,197869.8906250000,169748.0000000000,147656.7812500000,119267.2265625000,151350.9062500000,132695.4218750000,144132.6250000000,,,
11.1679999819,87,146878.0781250000,198073.5156250000,170287.4687500000,148151.3593750000,119701.4296875000,151766.5156250000,133093.2187500000,144395.5625000000,,,
11.1719999819,87,147394.5625000000,193898.2500000000,171334.3281250000,148742.4375000000,120210.6953125000,152260.6562500000,133568.6875000000,144760.9375000000,,,
11.1759999818,87,147281.1875000000,191133.4062500000,171567.4218750000,148627.6093750000,120098.8203125000,152159.8125000000,133473.9531250000,144736.7968750000,,,
11.1799999820,87,146688.7187500000,193566.5468750000,170524.9687500000,147950.9062500000,119519.7578125000,151602.5781250000,132938.3125000000,144351.0312500000,,,
11.1839999820,87,146453.4375000000,197848.9062500000,169761.6718750000,147675.6093750000,119289.7578125000,151376.4218750000,132717.6718750000,144160.4062500000,,,
11.1879999819,87,146879.7500000000,198097.8125000000,170289.0781250000,148157.5781250000,119709.2578125000,151776.4687500000,133100.8125000000,144411.2500000000,,,
11.1919999819,87,147392.8750000000,193939.2656250000,171333.7187500000,148743.4843750000,120211.4765625000,152262.8906250000,133570.4375000000,144770.3281250000,,,
11.1959999818,87,147283.2500000000,191136.8750000000,171574.3906250000,148629.3437500000,120102.4453125000,152162.8906250000,133477.2500000000,144743.0156250000,,,
11.1999999818,87,146695.4218750000,193527.2031250000,170535.6250000000,147947.8281250000,119531.6953125000,151610.6562500000,132944.3593750000,144357.5625000000,,,
11.2039999820,87,146448.1562500000,197820.7500000000,169764.6250000000,147661.1250000000,119288.9531250000,151371.1250000000,132713.6875000000,144152.3593750000,,,
11.2079999819,87,146872.3125000000,198115.6250000000,170282.2656250000,148137.5937500000,119705.2109375000,151767.7968750000,133098.0625000000,144397.5156250000,,,
11.2119999819,87,147392.0000000000,193964.3437500000,171327.5156250000,148731.3593750000,120214.5859375000,152259.6093750000,133574.6718750000,144759.1406250000,,,
11.2159999819,87,147287.7656250000,191122.8125000000,171580.3437500000,148627.0625000000,120108.5859375000,152160.9843750000,133479.9687500000,144735.2968750000,,,
11.2199999818,87,146699.0468750000,193480.7500000000,170549.4687500000,147951.5625000000,119532.4765625000,151603.5468750000,132945.1875000000,144354.1718750000,,,
11.2239999820,87,146458.4531250000,197783.0156250000,169770.8750000000,147666.8437500000,119296.1171875000,151369.0937500000,132719.7968750000,144160.3593750000,,,
11.2279999820,87,146882.7187500000,198118.4687500000,170278.8281250000,148135.5781250000,119708.7500000000,151765.7968750000,133097.6406250000,144406.5000000000,,,
11.2319999819,87,147399.0156250000,193976.4218750000,171317.0625000000,148725.5000000000,120210.2109375000,152257.6562500000,133569.7031250000,144762.3593750000,,,
11.2359999819,87,147296.4218750000,191090.0156250000,171577.1250000000,148629.4375000000,120108.9609375000,152167.2656250000,133485.5468750000,144740.8125000000,,,
11.2399999818,87,146706.8750000000,193399.0937500000,170551.9843750000,147957.3281250000,119532.3671875000,151614.4062500000,132950.7031250000,144358.4062500000,,,
11.2439999818,87,146448.7187500000,197698.0156250000,169758.5937500000,147659.1875000000,119277.8281250000,151365.3593750000,132708.7187500000,144149.1718750000,,,
11.2479999820,87,146863.5468750000,198072.3906250000,170256.9375000000,148125.8750000000,119683.8828125000,151750.5000000000,133079.6093750000,144387.4375000000,,,
11.2519999819,87,147383.2187500000,193957.1093750000,171302.3125000000,148715.0781250000,120195.8906250000,152243.5000000000,133557.2343750000,144748.2656250000,,,
11.2559999819,87,147284.7031250000,191060.8750000000,171574.0625000000,148619.3750000000,120100.4843750000,152154.2500000000,133476.0156250000,144727.5625000000,,,
11.2599999818,87,146700.4375000000,193342.4843750000,170559.1718750000,147948.9062500000,119531.4296875000,151603.3281250000,132948.2187500000,144349.1562500000,,,
11.2639999818,88,146444.0156250000,197661.8281250000,169763.5468750000,147652.7500000000,119280.2656250000,151356.4375000000,132711.2656250000,144145.7187500000,,,
11.2679999818,88,146856.2968750000,198088.5625000000,170253.4843750000,148115.5781250000,119684.6328125000,151744.4687500000,133083.1093750000,144386.4375000000,,,
11.2719999817,88,147377.2968750000,194007.2343750000,171297.0468750000,148707.5937500000,120195.6484375000,152235.8750000000,133557.6875000000,144746.2656250000,,,
11.2759999817,88,147289.8593750000,191086.0156250000,171581.1562500000,148622.8593750000,120109.2812500000,152151.9687500000,133485.5937500000,144733.0625000000,,,
11.2799999816,88,146702.5312500000,193330.7812500000,170566.6093750000,147952.7031250000,119535.5859375000,151597.9062500000,132951.6406250000,144351.7031250000,,,
11.2839999816,88,146442.7656250000,197651.5000000000,169754.9062500000,147649.8906250000,119278.9765625000,151348.3281250000,132706.0156250000,144145.1250000000,,,
11.2879999818,88,146844.5468750000,198122.9062500000,170230.5468750000,148100.5000000000,119671.0937500000,151726.3281250000,133064.8906250000,144375.6406250000,,,
11.2919999817,88,147367.7968750000,194058.1718750000,171276.2968750000,148702.0625000000,120184.5468750000,152223.6093750000,133545.8906250000,144738.2187500000,,,
11.2959999817,88,147284.7500000000,191103.3750000000,171571.6562500000,148626.5312500000,120102.2265625000,152148.0000000000,133477.5781250000,144729.6875000000,,,
11.2999999817,88,146702.2031250000,193303.4218750000,170563.9531250000,147958.6406250000,119534.5625000000,151602.9062500000,132952.9843750000,144353.3437500000,,,
11.3039999816,88,146435.4375000000,197624.5937500000,169744.6875000000,147647.0468750000,119272.7031250000,151344.1250000000,132704.5156250000,144139.1093750000,,,
11.3079999818,88,146836.2968750000,198128.6718750000,170218.2187500000,148097.1718750000,119665.6718750000,151717.9687500000,133064.9687500000,144369.0625000000,,,
11.3119999818,88,147362.7500000000,194085.4687500000,171268.4062500000,148699.0937500000,120181.8359375000,152220.7500000000,133550.3125000000,144732.7656250000,,,
11.3159999817,88,147295.7812500000,191100.4687500000,171578.5937500000,148634.6562500000,120111.9921875000,152159.9687500000,133493.4218750000,144735.1562500000,,,
11.3199999817,88,146713.4687500000,193268.9843750000,170580.0937500000,147961.1875000000,119540.9218750000,151607.1406250000,132961.0312500000,144356.1406250000,,,
11.3239999816,88,146444.9531250000,197609.7968750000,169755.2656250000,147647.2656250000,119275.7343750000,151345.5937500000,132706.5000000000,144142.4687500000,,,
11.3279999816,88,146840.1562500000,198161.3125000000,170213.0312500000,148089.1718750000,119661.2500000000,151714.4218750000,133056.4218750000,144367.6718750000,,,
11.3319999818,88,147367.6406250000,194130.3281250000,171259.2812500000,148694.9843750000,120178.6953125000,152217.7500000000,133537.3906250000,144733.0937500000,,,
11.3359999817,88,147294.5156250000,191113.2187500000,171580.1562500000,148632.3750000000,120107.0859375000,152156.9062500000,133481.2812500000,144730.7812500000,,,
11.3399999817,88,146704.6250000000,193242.0000000000,170588.1718750000,147951.8437500000,119533.2812500000,151604.0468750000,132952.2343750000,144347.0937500000,,,
11.3439999816,88,146423.3593750000,197594.0937500000,169754.0312500000,147628.3281250000,119259.0468750000,151335.0312500000,132692.5937500000,144125.1406250000,,,
11.3479999816,88,146818.3750000000,198192.8437500000,170204.6406250000,148071.0000000000,119645.6875000000,151703.0468750000,133044.5000000000,144350.8750000000,,,
11.3519999818,88,147356.6718750000,194171.2031250000,171252.6093750000,148681.0156250000,120173.4140625000,152213.5000000000,133533.0937500000,144724.9062500000,,,
11.3559999818,88,147299.0781250000,191113.1562500000,171588.9062500000,148626.3437500000,120118.1093750000,152163.2968750000,133488.0156250000,144737.1875000000,,,
11.3599999817,88,146709.3750000000,193208.0156250000,170609.1406250000,147959.2187500000,119543.2578125000,151607.0781250000,132952.5000000000,144352.7343750000,,,
11.3639999817,88,146425.2656250000,197574.5000000000,169768.2656250000,147629.5781250000,119263.7968750000,151330.8906250000,132685.2968750000,144127.1250000000,,,
11.3679999816,88,146814.5937500000,198217.2656250000,170209.7343750000,148066.7343750000,119642.6015625000,151692.0312500000,133028.9531250000,144347.1406250000,,,
11.3719999816,88,147348.5625000000,194205.4531250000,171256.3593750000,148678.0625000000,120163.8671875000,152196.8281250000,133514.4531250000,144711.9218750000,,,
11.3759999818,88,147292.5937500000,191112.1406250000,171601.7968750000,148633.7968750000,120104.7265625000,152145.6250000000,133469.3750000000,144720.8593750000,,,
11.3799999817,88,146712.9687500000,193174.1718750000,170629.6875000000,147974.1718750000,119535.6406250000,151597.9062500000,132941.8281250000,144346.4531250000,,,
11.3839999817,88,146424.2500000000,197560.0312500000,169784.2812500000,147639.9843750000,119251.9687500000,151319.8125000000,132673.5312500000,144119.6093750000,,,
11.3879999816,88,146812.5781250000,198262.0312500000,170224.7500000000,148078.1250000000,119633.8359375000,151683.6093750000,133020.9531250000,144341.1875000000,,,
11.3919999816,89,147360.1562500000,194266.1718750000,171277.6875000000,148694.9531250000,120171.8046875000,152200.7343750000,133523.3906250000,144719.9218750000,,,
11.3959999816,89,147314.0000000000,191122.3125000000,171633.1250000000,148652.9843750000,120124.8359375000,152157.9531250000,133489.8593750000,144737.4687500000,,,
11.3999999815,89,146733.8281250000,193142.7656250000,170670.2500000000,147985.8906250000,119558.7890625000,151610.7812500000,132968.5468750000,144364.8750000000,,,
11.4039999815,89,146437.7187500000,197551.2656250000,169819.2656250000,147643.8593750000,119269.3750000000,151324.7343750000,132691.2656250000,144132.4375000000,,,
11.4079999814,89,146820.3125000000,198299.0625000000,170246.0312500000,148072.6093750000,119643.9453125000,151684.8750000000,133032.0000000000,144349.4531250000,,,
11.4119999814,89,147360.0156250000,194311.9687500000,171290.9375000000,148684.7968750000,120171.9921875000,152200.5781250000,133525.1875000000,144718.9062500000,,,
11.4159999816,89,147315.0156250000,191125.2031250000,171650.7500000000,148648.9531250000,120124.8671875000,152163.9687500000,133495.2187500000,144735.4218750000,,,
11.4199999815,89,146731.2812500000,193103.9687500000,170693.5000000000,147986.8593750000,119555.0312500000,151615.6406250000,132969.9687500000,144359.6718750000,,,
11.4239999815,89,146430.2031250000,197531.7187500000,169831.5781250000,147640.5312500000,119261.9765625000,151331.0312500000,132693.8593750000,144127.4687500000,,,
11.4279999814,89,146813.5000000000,198331.1718750000,170250.5312500000,148066.9687500000,119638.5000000000,151691.8906250000,133038.6250000000,144347.6875000000,,,
11.4319999814,89,147357.4531250000,194358.5312500000,171290.6093750000,148690.3125000000,120171.3515625000,152208.3593750000,133534.0312500000,144720.4843750000,,,
11.4359999816,89,147314.5312500000,191114.5312500000,171649.8437500000,148661.8281250000,120128.8906250000,152171.8281250000,133504.1875000000,144737.5937500000,,,
11.4399999816,89,146733.8906250000,193043.2968750000,170696.4531250000,147995.9531250000,119564.6562500000,151628.4843750000,132981.8281250000,144366.6406250000,,,
11.4439999815,89,146429.2187500000,197493.8437500000,169833.7187500000,147641.7812500000,119266.6640625000,151332.6406250000,132698.6875000000,144134.5000000000,,,
11.4479999815,89,146805.0156250000,198358.0937500000,170247.5468750000,148060.9375000000,119634.0781250000,151683.7343750000,133035.0625000000,144348.0312500000,,,
11.4519999814,89,147354.7968750000,194407.2812500000,171290.3437500000,148684.1406250000,120171.3203125000,152205.1562500000,133536.1562500000,144721.8281250000,,,
11.4559999814,89,147326.9531250000,191123.7343750000,171663.4375000000,148666.5468750000,120140.2109375000,152181.5000000000,133516.9531250000,144748.4375000000,,,
11.4599999816,89,146750.4062500000,193017.3593750000,170720.7812500000,148008.1562500000,119573.1875000000,151637.5781250000,132994.7031250000,144378.1250000000,,,
11.4639999815,89,146439.0000000000,197484.5312500000,169851.7343750000,147650.2656250000,119267.4453125000,151336.6718750000,132703.7031250000,144137.6718750000,,,
11.4679999815,89,146807.8906250000,198397.0937500000,170253.0781250000,148066.1718750000,119628.7109375000,151680.2343750000,133030.3437500000,144344.3906250000,,,
11.4719999814,89,147358.8125000000,194459.8281250000,171290.3437500000,148691.2500000000,120169.3671875000,152204.3593750000,133535.1562500000,144721.0781250000,,,
11.4759999814,89,147337.4843750000,191129.8906250000,171669.9531250000,148681.8593750000,120145.0625000000,152184.1093750000,133518.4843750000,144753.3906250000,,,
11.4799999816,89,146759.7968750000,192981.7968750000,170737.8593750000,148016.6250000000,119579.7109375000,151639.8593750000,132994.9687500000,144384.1562500000,,,
11.4839999815,89,146433.2968750000,197468.0312500000,169858.4687500000,147641.5156250000,119261.1718750000,151327.0937500000,132695.4687500000,144131.5000000000,,,
11.4879999815,89,146804.1250000000,198427.5937500000,170249.8906250000,148056.0000000000,119624.1484375000,151671.7812500000,133027.1718750000,144339.0000000000,,,
11.4919999815,89,147362.8125000000,194502.5000000000,171285.5156250000,148689.7187500000,120171.4531250000,152202.0000000000,133534.2031250000,144719.0156250000,,,
11.4959999814,89,147339.5000000000,191142.7656250000,171672.5625000000,148678.0312500000,120148.7890625000,152188.2343750000,133523.0937500000,144752.8593750000,,,
11.4999999814,89,146758.1875000000,192956.5000000000,170743.5468750000,148017.4843750000,119583.2500000000,151646.5468750000,133002.3437500000,144384.0781250000,,,
11.5039999816,89,146432.5625000000,197443.3906250000,169855.5468750000,147638.7031250000,119263.7968750000,151336.0781250000,132697.9687500000,144134.8437500000,,,
11.5079999815,89,146802.2500000000,198437.0937500000,170235.4843750000,148049.8906250000,119626.0312500000,151679.8593750000,133030.2968750000,144344.4687500000,,,
11.5119999815,89,147361.3906250000,194518.7031250000,171268.6718750000,148676.9843750000,120173.3906250000,152213.5312500000,133543.0156250000,144722.5312500000,,,
11.5159999814,89,147343.9843750000,191125.0156250000,171666.7968750000,148671.7500000000,120153.5625000000,152201.1875000000,133531.1406250000,144755.6718750000,,,
11.5199999814,90,146767.5937500000,192905.3281250000,170748.2187500000,148021.5937500000,119591.8281250000,151656.4375000000,133013.5781250000,144388.7187500000,,,
11.5239999813,90,146436.9843750000,197416.4531250000,169857.0781250000,147642.4062500000,119268.3828125000,151345.3593750000,132711.4531250000,144140.2187500000,,,
11.5279999813,90,146806.8125000000,198471.1093750000,170232.7968750000,148052.6406250000,119630.3437500000,151694.4687500000,133041.6875000000,144353.3750000000,,,
11.5319999813,90,147368.0625000000,194570.6562500000,171266.1250000000,148682.4375000000,120183.3906250000,152233.6562500000,133557.7656250000,144740.3125000000,,,
11.5359999812,90,147355.4062500000,191144.3750000000,171673.9062500000,148684.6562500000,120173.2500000000,152233.1093750000,133564.5312500000,144783.1406250000,,,
11.5399999812,90,146782.6718750000,192894.0156250000,170769.1875000000,148032.5781250000,119616.7734375000,151703.5937500000,133063.1250000000,144422.0156250000,,,
11.5439999814,90,146448.7968750000,197416.1093750000,169875.5312500000,147650.2968750000,119292.2031250000,151388.2187500000,132761.6875000000,144168.8281250000,,,
11.5479999813,90,146803.9375000000,198507.7187500000,170236.4531250000,148045.4531250000,119638.0156250000,151723.4062500000,133072.0312500000,144364.0468750000,,,
11.5519999813,90,147372.4062500000,194618.3750000000,171264.7031250000,148680.7968750000,120196.2421875000,152261.9687500000,133589.5312500000,144746.3125000000,,,
11.5559999812,90,147380.3281250000,191147.9687500000,171684.4687500000,148698.3281250000,120203.3984375000,152271.5781250000,133602.8281250000,144798.5156250000,,,
11.5599999812,90,146805.1250000000,192860.6718750000,170787.3437500000,148047.5312500000,119639.0937500000,151728.3281250000,133086.7500000000,144432.7031250000,,,
11.5639999814,90,146461.5937500000,197404.6562500000,169882.9375000000,147651.9062500000,119300.7031250000,151403.2656250000,132772.7656250000,144176.2187500000,,,
11.5679999813,90,146809.2500000000,198541.0000000000,170227.2968750000,148042.7187500000,119642.6562500000,151732.5625000000,133086.9062500000,144370.5625000000,,,
11.5719999813,90,147378.1562500000,194654.4062500000,171249.0312500000,148689.2187500000,120203.7734375000,152273.9062500000,133610.0468750000,144757.7656250000,,,
11.5759999813,90,147379.1406250000,191143.0625000000,171673.9062500000,148703.1562500000,120205.1953125000,152278.7968750000,133619.8593750000,144807.1250000000,,,
11.5799999812,90,146804.0468750000,192821.0625000000,170785.6093750000,148046.9375000000,119643.6796875000,151741.7812500000,133103.1875000000,144444.7812500000,,,
11.5839999812,90,146458.6562500000,197391.6406250000,169882.5937500000,147648.0625000000,119306.2578125000,151416.2968750000,132785.4375000000,144186.4062500000,,,
11.5879999814,90,146809.7656250000,198588.7187500000,170225.5000000000,148037.9531250000,119651.1093750000,151744.0156250000,133097.3125000000,144380.3281250000,,,
11.5919999813,90,147384.2968750000,194716.5468750000,171247.4843750000,148683.0468750000,120215.1796875000,152285.6093750000,133620.5312500000,144767.3125000000,,,
11.5959999813,90,147398.7812500000,191155.8125000000,171683.2812500000,148709.3281250000,120226.5234375000,152299.0468750000,133639.1562500000,144824.5781250000,,,
11.5999999812,90,146824.7812500000,192794.1875000000,170808.5625000000,148055.7031250000,119664.4375000000,151763.6718750000,133119.3125000000,144464.2812500000,,,
11.6039999812,90,146467.3750000000,197387.7343750000,169900.7968750000,147651.6875000000,119312.4218750000,151422.8906250000,132785.3281250000,144194.5312500000,,,
11.6079999814,90,146818.3750000000,198630.7968750000,170232.1250000000,148037.3281250000,119653.1718750000,151747.9531250000,133091.8750000000,144388.7031250000,,,
11.6119999813,90,147391.9062500000,194769.3125000000,171246.2812500000,148684.1406250000,120214.5312500000,152289.2812500000,133609.8906250000,144773.8125000000,,,
11.6159999813,90,147402.7968750000,191153.9843750000,171680.1718750000,148719.7656250000,120221.5312500000,152302.0781250000,133620.8906250000,144825.2500000000,,,
11.6199999813,90,146831.1406250000,192751.2343750000,170812.8906250000,148067.8750000000,119659.0468750000,151765.1250000000,133104.9843750000,144465.9687500000,,,
11.6239999812,90,146472.9843750000,197367.7812500000,169902.0937500000,147661.7187500000,119307.1953125000,151415.1250000000,132781.1406250000,144197.2656250000,,,
11.6279999812,90,146807.5312500000,198670.3125000000,170222.0156250000,148035.6093750000,119635.0156250000,151720.3593750000,133075.5156250000,144376.9687500000,,,
11.6319999814,90,147383.3281250000,194812.4375000000,171229.4062500000,148684.8906250000,120202.3046875000,152270.9062500000,133598.2500000000,144763.2187500000,,,
11.6359999813,90,147405.1406250000,191152.2968750000,171674.5156250000,148724.9375000000,120221.3203125000,152296.2500000000,133623.0625000000,144824.2343750000,,,
11.6399999813,90,146823.7187500000,192710.0156250000,170816.4531250000,148078.6406250000,119652.6875000000,151744.4687500000,133096.4531250000,144455.0312500000,,,
11.6439999812,90,146463.0156250000,197338.3593750000,169904.9531250000,147668.8437500000,119300.7343750000,151396.5000000000,132762.7968750000,144186.6718750000,,,
11.6479999812,91,146796.6718750000,198692.0625000000,170221.1406250000,148026.1406250000,119628.0703125000,151705.5156250000,133058.4843750000,144368.2500000000,,,
11.6519999811,91,147374.6718750000,194851.8125000000,171227.0468750000,148671.1718750000,120197.5000000000,152253.4218750000,133584.2968750000,144752.5625000000,,,
11.6559999811,91,147409.7812500000,191157.6093750000,171690.2031250000,148719.5000000000,120233.1171875000,152284.3906250000,133609.1406250000,144822.4062500000,,,
11.6599999811,91,146841.7031250000,192676.1406250000,170850.4062500000,148080.7343750000,119675.8671875000,151746.0156250000,133095.0625000000,144465.4843750000,,,
11.6639999810,91,146470.1093750000,197318.3906250000,169931.1406250000,147658.7656250000,119309.5000000000,151391.9218750000,132761.8593750000,144192.1718750000,,,
11.6679999810,91,146796.0000000000,198720.5468750000,170230.8437500000,148017.8906250000,119628.1718750000,151695.7656250000,133052.1562500000,144368.1250000000,,,
11.6719999812,91,147382.9062500000,194911.1875000000,171236.5156250000,148672.1562500000,120204.2343750000,152253.1406250000,133581.5937500000,144762.3593750000,,,
11.6759999811,91,147417.0156250000,191181.6875000000,171697.2812500000,148725.4531250000,120235.8828125000,152285.1250000000,133615.9531250000,144831.5000000000,,,
11.6799999811,91,146840.3437500000,192647.1718750000,170853.3906250000,148085.4218750000,119670.4453125000,151738.8125000000,133095.8437500000,144465.6406250000,,,
11.6839999810,91,146470.1093750000,197288.0000000000,169927.9687500000,147656.2500000000,119306.0937500000,151382.5000000000,132747.9375000000,144191.2343750000,,,
11.6879999810,91,146791.1718750000,198734.0937500000,170219.2500000000,148013.1718750000,119619.0000000000,151679.8750000000,133026.1250000000,144361.4375000000,,,
11.6919999812,91,147367.8593750000,194945.9843750000,171216.7656250000,148663.7031250000,120183.4218750000,152228.4218750000,133558.5781250000,144744.5937500000,,,
11.6959999811,91,147401.5937500000,191189.5156250000,171689.0000000000,148729.7968750000,120215.8203125000,152266.0156250000,133608.0312500000,144811.1718750000,,,
11.6999999811,91,146828.1875000000,192609.4531250000,170855.2968750000,148074.0312500000,119653.4687500000,151729.7343750000,133087.8750000000,144450.5937500000,,,
11.7039999811,91,146445.4375000000,197234.6093750000,169920.1093750000,147637.9531250000,119281.3359375000,151354.7656250000,132732.8125000000,144161.4062500000,,,
11.7079999810,91,146773.8437500000,198714.5468750000,170209.3906250000,147997.9843750000,119606.3671875000,151661.7500000000,133010.7031250000,144338.2656250000,,,
11.7119999810,91,147362.8906250000,194969.3125000000,171219.5937500000,148656.5781250000,120186.4531250000,152224.9375000000,133523.1406250000,144733.8750000000,,,
11.7159999812,91,147389.3593750000,191189.1718750000,171695.5781250000,148720.0312500000,120206.9453125000,152244.8593750000,133561.7500000000,144785.4687500000,,,
11.7199999811,91,146824.1718750000,192561.5781250000,170867.5156250000,148086.5000000000,119644.7500000000,151709.0937500000,133066.5312500000,144431.9531250000,,,
11.7239999811,91,146447.7187500000,197184.4218750000,169926.2031250000,147649.0625000000,119275.1406250000,151346.7187500000,132728.6250000000,144156.2812500000,,,
11.7279999810,91,146764.1406250000,198706.4062500000,170202.7656250000,148002.3281250000,119585.9843750000,151637.8437500000,133007.2968750000,144326.7031250000,,,
11.7319999810,91,147338.2656250000,194991.6406250000,171198.3437500000,148650.4843750000,120147.1250000000,152188.0312500000,133524.2187500000,144711.1562500000,,,
11.7359999812,91,147382.9218750000,191201.6718750000,171682.1406250000,148721.8906250000,120189.7734375000,152240.0781250000,133576.6093750000,144789.5000000000,,,
11.7399999811,91,146822.9062500000,192528.4062500000,170867.7031250000,148091.2500000000,119646.6015625000,151713.3281250000,133078.5156250000,144441.7500000000,,,
11.7439999811,91,146441.9218750000,197131.8281250000,169922.7968750000,147644.7343750000,119280.9375000000,151348.6875000000,132715.0156250000,144163.7343750000,,,
11.7479999810,91,146756.5000000000,198683.7500000000,170188.0156250000,147999.5156250000,119585.5312500000,151642.3750000000,132996.2187500000,144333.8125000000,,,
11.7519999810,91,147322.5156250000,195006.9687500000,171184.2656250000,148636.9375000000,120138.4687500000,152176.9687500000,133520.9218750000,144703.9843750000,,,
11.7559999810,91,147376.6718750000,191207.5781250000,171681.7656250000,148726.3437500000,120189.5859375000,152227.0468750000,133573.6562500000,144782.5000000000,,,
11.7599999812,91,146820.3125000000,192487.0468750000,170873.3437500000,148097.0937500000,119647.8125000000,151701.5781250000,133062.3437500000,144432.5000000000,,,
11.7639999811,91,146437.5312500000,197049.8593750000,169907.8750000000,147645.6718750000,119269.6718750000,151330.6250000000,132712.9843750000,144149.7343750000,,,
11.7679999811,91,146738.5468750000,198631.4218750000,170159.0468750000,147982.2968750000,119560.7968750000,151607.3593750000,132983.4375000000,144309.4687500000,,,
11.7719999810,91,147313.1562500000,195010.3593750000,171164.5000000000,148637.8281250000,120125.5937500000,152154.5156250000,133508.0156250000,144692.4218750000,,,
11.7759999810,92,147377.7968750000,191221.8906250000,171683.1875000000,148726.3125000000,120186.3437500000,152223.4843750000,133576.9218750000,144782.8125000000,,,
11.7799999809,92,146820.2187500000,192454.4843750000,170882.8281250000,148093.6562500000,119641.1562500000,151699.2968750000,133074.5156250000,144430.8906250000,,,
11.7839999809,92,146418.2187500000,196978.7500000000,169897.5468750000,147637.4687500000,119245.5312500000,151316.1250000000,132696.5468750000,144131.9843750000,,,
11.7879999809,92,146715.5156250000,198580.4062500000,170133.7500000000,147967.9218750000,119535.8281250000,151591.5468750000,132951.0625000000,144285.1406250000,,,
11.7919999808,92,147303.9687500000,195019.9531250000,171156.5000000000,148628.9531250000,120115.2343750000,152149.8906250000,133487.2812500000,144679.2031250000,,,
11.7959999808,92,147369.1875000000,191245.5000000000,171692.4843750000,148728.4375000000,120180.0937500000,152211.0312500000,133555.9218750000,144766.5312500000,,,
11.7999999810,92,146827.1718750000,192425.8281250000,170899.3593750000,148116.8125000000,119649.4140625000,151696.4062500000,133064.3281250000,144426.2187500000,,,
11.8039999809,92,146445.8437500000,196911.9375000000,169916.6718750000,147658.2500000000,119275.6250000000,151328.1406250000,132710.2187500000,144147.3750000000,,,
11.8079999809,92,146734.9062500000,198545.3750000000,170147.7187500000,147971.4062500000,119556.5312500000,151594.3906250000,132960.7343750000,144299.4062500000,,,
11.8119999808,92,147304.4218750000,195043.4062500000,171160.8750000000,148624.2812500000,120116.6875000000,152138.7031250000,133481.2031250000,144678.6718750000,,,
11.8159999808,92,147371.2656250000,191284.9218750000,171703.0625000000,148723.4375000000,120182.5859375000,152205.7500000000,133547.3125000000,144768.7968750000,,,
11.8199999810,92,146822.2656250000,192416.4218750000,170907.0000000000,148105.6406250000,119645.5546875000,151690.3593750000,133048.9375000000,144424.9531250000,,,
11.8239999809,92,146418.4375000000,196851.0468750000,169893.0781250000,147648.3906250000,119250.4140625000,151304.6718750000,132678.8906250000,144126.6718750000,,,
11.8279999809,92,146699.3906250000,198506.4218750000,170104.7031250000,147970.7656250000,119526.5703125000,151561.7031250000,132926.0000000000,144272.7187500000,,,
11.8319999808,92,147276.0937500000,195080.0156250000,171130.6718750000,148618.3750000000,120095.8203125000,152111.0468750000,133456.5781250000,144659.8906250000,,,
11.8359999808,92,147357.0625000000,191342.4062500000,171698.2343750000,148711.5781250000,120176.6093750000,152189.9843750000,133541.3593750000,144760.5625000000,,,
11.8399999808,92,146826.5000000000,192427.6250000000,170918.4531250000,148110.4531250000,119657.1953125000,151687.4218750000,133059.0625000000,144429.6250000000,,,
11.8439999809,92,146443.5937500000,196824.4687500000,169908.7187500000,147664.5000000000,119282.3046875000,151318.8281250000,132707.2187500000,144151.1250000000,,,
11.8479999809,92,146721.1250000000,198509.2968750000,170118.4062500000,147976.1562500000,119551.4062500000,151574.3593750000,132953.7187500000,144296.6406250000,,,
11.8519999809,92,147299.2343750000,195139.3906250000,171150.3281250000,148629.4843750000,120116.6015625000,152124.1093750000,133477.3906250000,144685.7187500000,,,
11.8559999808,92,147381.6718750000,191414.0156250000,171727.7031250000,148732.9062500000,120197.1015625000,152208.7031250000,133556.8906250000,144788.7968750000,,,
11.8599999808,92,146848.6093750000,192448.6875000000,170948.4218750000,148120.6093750000,119679.2734375000,151712.9531250000,133079.5312500000,144457.0312500000,,,
11.8639999810,92,146451.7968750000,196804.1093750000,169920.0000000000,147660.3281250000,119291.4218750000,151335.2968750000,132717.4843750000,144165.8281250000,,,
11.8679999809,92,146723.3125000000,198508.9531250000,170117.5000000000,147966.8125000000,119557.0156250000,151594.1250000000,132958.1406250000,144308.5000000000,,,
11.8719999809,92,147288.1406250000,195195.2187500000,171148.4062500000,148612.3906250000,120108.2890625000,152133.9218750000,133477.0937500000,144683.2812500000,,,
11.8759999808,92,147383.3593750000,191486.3593750000,171736.9843750000,148735.2968750000,120197.1250000000,152222.0000000000,133565.6875000000,144787.8593750000,,,
11.8799999808,92,146867.1718750000,192471.4531250000,170964.6406250000,148145.0781250000,119689.4609375000,151731.2656250000,133094.7656250000,144461.2031250000,,,
11.8839999808,92,146467.7812500000,196763.3593750000,169918.7968750000,147667.4843750000,119300.3515625000,151348.9687500000,132717.1406250000,144167.1718750000,,,
11.8879999809,92,146732.3906250000,198483.2187500000,170104.7031250000,147960.9218750000,119555.2968750000,151592.2812500000,132944.2968750000,144305.1406250000,,,
11.8919999809,92,147294.3906250000,195239.0468750000,171146.1250000000,148606.7656250000,120107.4062500000,152126.8906250000,133468.5625000000,144681.8906250000,,,
11.8959999809,92,147383.1875000000,191571.5468750000,171752.6718750000,148726.1562500000,120194.0390625000,152219.0000000000,133566.4062500000,144788.6875000000,,,
11.8999999808,92,146869.6562500000,192507.9062500000,170981.5625000000,148135.6093750000,119692.1484375000,151743.2812500000,133103.8125000000,144470.3125000000,,,
11.9039999808,93,146463.2187500000,196731.6875000000,169911.2812500000,147665.2812500000,119295.7656250000,151364.2343750000,132729.7500000000,144171.6562500000,,,
11.9079999807,93,146710.0625000000,198455.9687500000,170075.6718750000,147949.8125000000,119542.1796875000,151590.9062500000,132935.2812500000,144293.8281250000,,,
11.9119999807,93,147270.9218750000,195288.8750000000,171126.9687500000,148597.1562500000,120093.3515625000,152123.9531250000,133448.3593750000,144670.7031250000,,,
11.9159999806,93,147358.5156250000,191666.6875000000,171750.6718750000,148725.1093750000,120170.9765625000,152211.6250000000,133540.7968750000,144772.2812500000,,,
11.9199999806,93,146849.0625000000,192538.8906250000,170973.7656250000,148136.3906250000,119674.6562500000,151732.4218750000,133092.9531250000,144448.7187500000,,,
11.9239999806,93,146446.7031250000,196672.5000000000,169882.4062500000,147659.1718750000,119282.0859375000,151346.1250000000,132725.5312500000,144150.3281250000,,,
11.9279999807,93,146688.1875000000,198390.1875000000,170034.3437500000,147938.2187500000,119516.1406250000,151566.4531250000,132938.7656250000,144272.4687500000,,,
11.9319999807,93,147244.8437500000,195319.8750000000,171102.1093750000,148575.9218750000,120061.1640625000,152092.4843750000,133443.8906250000,144649.2656250000,,,
11.9359999807,93,147349.4218750000,191757.5625000000,171752.5625000000,148707.4843750000,120163.8671875000,152192.3437500000,133543.8281250000,144765.2187500000,,,
11.9399999806,93,146849.9375000000,192589.1718750000,170987.5468750000,148129.3281250000,119679.2734375000,151723.4687500000,133093.8906250000,144449.9531250000,,,
11.9439999806,93,146453.4843750000,196636.2343750000,169880.4062500000,147657.9062500000,119295.1250000000,151348.2500000000,132731.7031250000,144153.8125000000,,,
11.9479999808,93,146689.4687500000,198351.2031250000,170025.0156250000,147931.9687500000,119523.3515625000,151566.5781250000,132939.9218750000,144272.0468750000,,,
11.9519999807,93,147237.8125000000,195356.1406250000,171096.8281250000,148569.6406250000,120055.4218750000,152088.0781250000,133437.0468750000,144642.7031250000,,,
11.9559999807,93,147346.7500000000,191836.7187500000,171766.2500000000,148704.2343750000,120160.5937500000,152195.4843750000,133540.2343750000,144762.0000000000,,,
11.9599999806,93,146861.4843750000,192616.6406250000,171011.7187500000,148136.6562500000,119689.7890625000,151742.3437500000,133103.2500000000,144456.6562500000,,,
11.9639999806,93,146474.2187500000,196589.4062500000,169889.7187500000,147671.7968750000,119312.6093750000,151374.0781250000,132743.7031250000,144171.0625000000,,,
11.9679999806,93,146716.9531250000,198307.7812500000,170024.5781250000,147945.0156250000,119547.4375000000,151593.0781250000,132950.4687500000,144298.9531250000,,,
11.9719999807,93,147254.5781250000,195379.6718750000,171107.0156250000,148566.9843750000,120070.4140625000,152093.8750000000,133434.3906250000,144659.8593750000,,,
11.9759999807,93,147364.9062500000,191902.0468750000,171794.5781250000,148710.2500000000,120175.7500000000,152197.2187500000,133539.1093750000,144778.6562500000,,,
11.9799999807,93,146878.5312500000,192642.6875000000,171043.3906250000,148141.9375000000,119703.6484375000,151746.6875000000,133104.2968750000,144472.2656250000,,,
11.9839999806,93,146471.6406250000,196546.4843750000,169893.3125000000,147665.3437500000,119309.5312500000,151362.7031250000,132733.7187500000,144167.3281250000,,,
11.9879999806,93,146703.7656250000,198263.0156250000,170008.5156250000,147930.5000000000,119533.3046875000,151575.1093750000,132937.0312500000,144286.1250000000,,,
11.9919999808,93,147253.5312500000,195402.3281250000,171104.6562500000,148566.1250000000,120071.6796875000,152094.0468750000,133444.5312500000,144661.1562500000,,,
11.9959999807,93,147361.7031250000,191948.3750000000,171803.7500000000,148723.5156250000,120171.6718750000,152199.0781250000,133543.5781250000,144778.0468750000,,,
11.9999999807,93,146876.9218750000,192637.3437500000,171050.8281250000,148153.5468750000,119699.2265625000,151754.4687500000,133107.0312500000,144474.2812500000,,,
12.0039999806,93,146476.8437500000,196483.4843750000,169889.0312500000,147673.7656250000,119312.7734375000,151375.5312500000,132742.6718750000,144177.9531250000,,,
12.0079999806,93,146698.1093750000,198211.7031250000,169990.8906250000,147931.2031250000,119528.8515625000,151575.9375000000,132931.1250000000,144292.7187500000,,,
12.0119999805,93,147229.3906250000,195401.0468750000,171082.2812500000,148555.5937500000,120049.1484375000,152081.5625000000,133418.1406250000,144653.2968750000,,,
12.0159999807,93,147345.3750000000,191975.2812500000,171802.4062500000,148704.7968750000,120163.0625000000,152197.5156250000,133535.5312500000,144776.7031250000,,,
12.0199999807,93,146868.1250000000,192631.1250000000,171064.3125000000,148142.0156250000,119702.8750000000,151751.5000000000,133108.8593750000,144470.4687500000,,,
12.0239999807,93,146470.4687500000,196425.9375000000,169892.3281250000,147662.6875000000,119316.9843750000,151370.8281250000,132743.2968750000,144170.0625000000,,,
12.0279999806,93,146684.3750000000,198155.2656250000,169981.4531250000,147908.2343750000,119520.5078125000,151564.7656250000,132929.0312500000,144275.7500000000,,,
12.0319999806,94,147207.7187500000,195390.9375000000,171074.3437500000,148535.9531250000,120025.8671875000,152061.3906250000,133406.5000000000,144626.9843750000,,,
12.0359999805,94,147335.0468750000,191981.8437500000,171809.9687500000,148711.0156250000,120146.5937500000,152189.3125000000,133530.1250000000,144755.9218750000,,,
12.0399999805,94,146874.2656250000,192588.6406250000,171083.4687500000,148157.8437500000,119701.1562500000,151761.5781250000,133116.3281250000,144461.7031250000,,,
12.0439999804,94,146467.9218750000,196342.7187500000,169898.2031250000,147666.3281250000,119307.8671875000,151371.0468750000,132739.1562500000,144154.3281250000,,,
12.0479999804,94,146677.6718750000,198090.9062500000,169976.9531250000,147905.5625000000,119514.8515625000,151559.4531250000,132922.3281250000,144260.9218750000,,,
12.0519999804,94,147218.8281250000,195391.5468750000,171086.2500000000,148541.2656250000,120043.4609375000,152068.4843750000,133413.3437500000,144633.1718750000,,,
12.0559999805,94,147350.4687500000,192010.5781250000,171838.5937500000,148711.2656250000,120169.3671875000,152189.6562500000,133533.5000000000,144766.7031250000,,,
12.0599999805,94,146889.2187500000,192585.6718750000,171112.2500000000,148172.8906250000,119719.6406250000,151751.7656250000,133113.4687500000,144470.8750000000,,,
12.0639999805,94,146489.2656250000,196300.6875000000,169914.0781250000,147688.7812500000,119327.9296875000,151371.6406250000,132746.6406250000,144174.1406250000,,,
12.0679999804,94,146689.9531250000,198077.3750000000,169977.6093750000,147912.9375000000,119520.8593750000,151555.3125000000,132923.4062500000,144276.9218750000,,,
12.0719999804,94,147214.1093750000,195453.0312500000,171084.2500000000,148546.0625000000,120029.2968750000,152053.8906250000,133394.9687500000,144638.0000000000,,,
12.0759999806,94,147345.4062500000,192099.5156250000,171846.7656250000,148716.3281250000,120155.3359375000,152180.7812500000,133522.3906250000,144770.9375000000,,,
12.0799999805,94,146893.9531250000,192616.0781250000,171128.9218750000,148175.8906250000,119715.7734375000,151757.6093750000,133113.2187500000,144480.4062500000,,,
12.0839999805,94,146497.6562500000,196265.9218750000,169918.6875000000,147694.0625000000,119328.2500000000,151383.3906250000,132749.7500000000,144184.9843750000,,,
12.0879999804,94,146694.0781250000,198048.9218750000,169976.1406250000,147922.6406250000,119515.1718750000,151562.0781250000,132924.0937500000,144282.8750000000,,,
12.0919999804,94,147219.3906250000,195480.4687500000,171096.2031250000,148536.6250000000,120023.5859375000,152056.9375000000,133401.7968750000,144642.2187500000,,,
12.0959999803,94,147360.3906250000,192150.0937500000,171880.4843750000,148720.4062500000,120160.5703125000,152193.5000000000,133536.1562500000,144782.2500000000,,,
12.0999999805,94,146911.9531250000,192613.5000000000,171168.4375000000,148185.9843750000,119730.4765625000,151778.5625000000,133128.7500000000,144498.2031250000,,,
12.1039999805,94,146504.9375000000,196196.2656250000,169938.3750000000,147696.8281250000,119337.0468750000,151398.8437500000,132759.3593750000,144196.4843750000,,,
12.1079999804,94,146690.5468750000,197972.5625000000,169974.7968750000,147916.9531250000,119518.7109375000,151570.9531250000,132938.5000000000,144291.2812500000,,,
12.1119999804,94,147210.3593750000,195458.7656250000,171094.2812500000,148528.7187500000,120026.7500000000,152061.5000000000,133416.9375000000,144650.5000000000,,,
12.1159999804,94,147344.2031250000,192170.3281250000,171889.4687500000,148707.6718750000,120157.0234375000,152189.0156250000,133543.0781250000,144782.9218750000,,,
12.1199999806,94,146902.6562500000,192602.1093750000,171178.0937500000,148180.6093750000,119729.8281250000,151778.0000000000,133144.5468750000,144495.8750000000,,,
12.1239999805,94,146506.5937500000,196115.1875000000,169932.7968750000,147691.9218750000,119347.2968750000,151405.3750000000,132780.2031250000,144198.0156250000,,,
12.1279999805,94,146695.7187500000,197905.8593750000,169963.7500000000,147919.7656250000,119525.8515625000,151576.3750000000,132937.1406250000,144292.0312500000,,,
12.1319999804,94,147209.9843750000,195479.1250000000,171093.7187500000,148529.0000000000,120022.5390625000,152059.7656250000,133400.7343750000,144643.0781250000,,,
12.1359999804,94,147352.5312500000,192236.8437500000,171908.0625000000,148711.2656250000,120159.5703125000,152193.9218750000,133537.5156250000,144780.7500000000,,,
12.1399999803,94,146916.0625000000,192628.2031250000,171206.5000000000,148193.0625000000,119738.3359375000,151787.4062500000,133147.8750000000,144497.8906250000,,,
12.1439999805,94,146510.2968750000,196072.8906250000,169940.3281250000,147702.5156250000,119347.1328125000,151405.4375000000,132779.0781250000,144191.6406250000,,,
12.1479999805,94,146688.2656250000,197852.7968750000,169950.7656250000,147918.7031250000,119519.0859375000,151564.4687500000,132934.1250000000,144278.7031250000,,,
12.1519999804,94,147192.6250000000,195494.3593750000,171085.1562500000,148527.2968750000,120009.8515625000,152036.8593750000,133392.6250000000,144625.5625000000,,,
12.1559999804,94,147342.1093750000,192308.3437500000,171922.0625000000,148719.0625000000,120156.0312500000,152181.9687500000,133534.4062500000,144772.3281250000,,,
12.1599999804,95,146919.0937500000,192663.6093750000,171228.0937500000,148209.5625000000,119747.7500000000,151792.6875000000,133148.5781250000,144503.9218750000,,,
12.1639999803,95,146524.9218750000,196025.8125000000,169946.2031250000,147718.5000000000,119367.8359375000,151422.9531250000,132785.3437500000,144206.8750000000,,,
12.1679999803,95,146692.0156250000,197779.6093750000,169936.3593750000,147914.8125000000,119522.3046875000,151569.2656250000,132929.8437500000,144284.0312500000,,,
12.1719999802,95,147191.3906250000,195483.0468750000,171076.9218750000,148512.5312500000,120003.4140625000,152036.6406250000,133385.0625000000,144626.9843750000,,,
12.1759999802,95,147345.7187500000,192347.2187500000,171928.4375000000,148705.7656250000,120149.3828125000,152182.5468750000,133530.0625000000,144775.6562500000,,,
12.1799999801,95,146929.1718750000,192671.4687500000,171240.4531250000,148200.2500000000,119745.7343750000,151795.4218750000,133151.9218750000,144509.6406250000,,,
12.1839999803,95,146535.5625000000,195970.0468750000,169943.3437500000,147708.4375000000,119366.3359375000,151427.5937500000,132790.8437500000,144215.9062500000,,,
12.1879999803,95,146703.7343750000,197720.2500000000,169920.4843750000,147902.8750000000,119528.6406250000,151580.2031250000,132938.7656250000,144301.1250000000,,,
12.1919999802,95,147199.8125000000,195469.8437500000,171064.0937500000,148505.2968750000,120012.8828125000,152044.3593750000,133392.3906250000,144643.9843750000,,,
12.1959999802,95,147349.4218750000,192371.5781250000,171933.8906250000,148701.1718750000,120157.9140625000,152187.4375000000,133535.5937500000,144787.8593750000,,,
12.1999999802,95,146933.9843750000,192660.0625000000,171251.8281250000,148200.4843750000,119756.3046875000,151803.5312500000,133162.0468750000,144517.8125000000,,,
12.2039999804,95,146535.9375000000,195900.2812500000,169937.3593750000,147707.2812500000,119373.3671875000,151427.8281250000,132797.8437500000,144216.3437500000,,,
12.2079999803,95,146695.9843750000,197657.6093750000,169901.5000000000,147896.9218750000,119526.7343750000,151570.5312500000,132939.9062500000,144294.5468750000,,,
12.2119999803,95,147190.8750000000,195469.2031250000,171053.7656250000,148503.9062500000,120009.1796875000,152037.5781250000,133395.7656250000,144637.0937500000,,,
12.2159999802,95,147339.6875000000,192400.0781250000,171938.1718750000,148705.2343750000,120153.2187500000,152181.9687500000,133537.0937500000,144776.4687500000,,,
12.2199999802,95,146928.4843750000,192661.0312500000,171267.3281250000,148199.8125000000,119757.5937500000,151800.4218750000,133166.9687500000,144504.6406250000,,,
12.2239999801,95,146532.9375000000,195855.2187500000,169943.5312500000,147709.0312500000,119376.9062500000,151426.9531250000,132804.7656250000,144202.9218750000,,,
12.2279999803,95,146680.4843750000,197610.0625000000,169884.2812500000,147891.9531250000,119518.3359375000,151556.7343750000,132932.4687500000,144268.5625000000,,,
12.2319999803,95,147169.6875000000,195454.3437500000,171027.5156250000,148494.9218750000,119991.1328125000,152012.0156250000,133374.3125000000,144603.1718750000,,,
12.2359999802,95,147327.5156250000,192402.0937500000,171927.6406250000,148708.5312500000,120141.2812500000,152161.6093750000,133519.5312500000,144751.8593750000,,,
12.2399999802,95,146925.5000000000,192624.4531250000,171270.3593750000,148209.4531250000,119753.9453125000,151789.0468750000,133159.0312500000,144493.5468750000,,,
12.2439999802,95,146520.9375000000,195771.0781250000,169928.5000000000,147698.0937500000,119363.3906250000,151410.1250000000,132794.9531250000,144189.6562500000,,,
12.2479999803,95,146670.3750000000,197534.2343750000,169855.5781250000,147877.6406250000,119504.4453125000,151543.9687500000,132923.0000000000,144262.2031250000,,,
12.2519999803,95,147163.5468750000,195444.8437500000,171006.2187500000,148478.6875000000,119978.3671875000,152004.8906250000,133367.0625000000,144608.0781250000,,,
12.2559999803,95,147329.6875000000,192432.9062500000,171921.3906250000,148692.3593750000,120135.0625000000,152166.2968750000,133521.7031250000,144768.7187500000,,,
12.2599999802,95,146926.0156250000,192628.0781250000,171272.2187500000,148201.1562500000,119744.6640625000,151796.0468750000,133159.3906250000,144508.2187500000,,,
12.2639999802,95,146521.6406250000,195689.7031250000,169916.6718750000,147707.0781250000,119353.7343750000,151418.0625000000,132787.0156250000,144199.7812500000,,,
12.2679999801,95,146663.2656250000,197400.3437500000,169825.6718750000,147880.1562500000,119489.2343750000,151542.1250000000,132908.7812500000,144263.0000000000,,,
12.2719999803,95,147152.5468750000,195341.7187500000,170982.2656250000,148474.9062500000,119963.2656250000,151996.0625000000,133354.5625000000,144602.1250000000,,,
12.2759999803,95,147319.8125000000,192369.3437500000,171918.8593750000,148696.4062500000,120126.1796875000,152152.6406250000,133512.3906250000,144756.4531250000,,,
12.2799999802,95,146932.0468750000,192548.6562500000,171289.6250000000,148213.4218750000,119756.9765625000,151791.4531250000,133160.8281250000,144501.6718750000,,,
12.2839999802,95,146548.2968750000,195582.6875000000,169940.6562500000,147713.6093750000,119395.3046875000,151432.0625000000,132790.9843750000,144209.4687500000,,,
12.2879999802,96,146674.2812500000,197320.1093750000,169837.3906250000,147872.7812500000,119514.2343750000,151542.6875000000,132908.2031250000,144262.5000000000,,,
12.2919999801,96,147155.3437500000,195340.7031250000,170993.3750000000,148476.4687500000,119973.0234375000,151993.6718750000,133366.3906250000,144600.5156250000,,,
12.2959999801,96,147324.9375000000,192435.4687500000,171945.9218750000,148696.1406250000,120133.5859375000,152155.4687500000,133530.6562500000,144760.2031250000,,,
12.2999999800,96,146947.2500000000,192589.5312500000,171325.4843750000,148218.2968750000,119773.7656250000,151808.6562500000,133190.0156250000,144518.4062500000,,,
12.3039999800,96,146550.5625000000,195552.7031250000,169951.8437500000,147719.1406250000,119394.0468750000,151436.4687500000,132823.2500000000,144214.8281250000,,,
12.3079999799,96,146676.5468750000,197272.4218750000,169830.0156250000,147875.6406250000,119517.7500000000,151548.9375000000,132932.8125000000,144268.3437500000,,,
12.3119999801,96,147151.6718750000,195356.4062500000,170990.5468750000,148464.0781250000,119974.3125000000,151990.4218750000,133361.4375000000,144600.5156250000,,,
12.3159999801,96,147313.7500000000,192498.3593750000,171954.1562500000,148679.3125000000,120127.9531250000,152146.2812500000,133512.2031250000,144754.7031250000,,,
12.3199999800,96,146941.2187500000,192634.9843750000,171343.3906250000,148222.8281250000,119772.7968750000,151806.7500000000,133178.6406250000,144516.7500000000,,,
12.3239999800,96,146544.9218750000,195540.6875000000,169953.2343750000,147721.8437500000,119390.9843750000,151438.2187500000,132812.6093750000,144216.2031250000,,,
12.3279999800,96,146668.0312500000,197267.8906250000,169815.1562500000,147866.9375000000,119506.0781250000,151547.2500000000,132920.4843750000,144271.2343750000,,,
12.3319999801,96,147134.3593750000,195410.0312500000,170975.1093750000,148456.8906250000,119953.3359375000,151980.4531250000,133338.6406250000,144595.8906250000,,,
12.3359999801,96,147301.7656250000,192557.6406250000,171949.0937500000,148688.1406250000,120108.0781250000,152140.5000000000,133495.6250000000,144749.5937500000,,,
12.3399999801,96,146937.2968750000,192600.9843750000,171344.0156250000,148224.3906250000,119755.9531250000,151809.7500000000,133176.2812500000,144515.3281250000,,,
12.3439999800,96,146542.8593750000,195357.9375000000,169940.8125000000,147724.1875000000,119377.9531250000,151438.7031250000,132814.2343750000,144210.4843750000,,,
12.3479999800,96,146664.0468750000,196944.2500000000,169790.3125000000,147870.2031250000,119494.0078125000,151541.7656250000,132905.4375000000,144258.4531250000,,,
12.3519999799,96,147137.6406250000,195030.5468750000,170960.0781250000,148463.0000000000,119950.3906250000,151981.6562500000,133327.6875000000,144590.8750000000,,,
12.3559999801,96,147313.3281250000,192200.7656250000,171961.3281250000,148689.5156250000,120117.4062500000,152150.9531250000,133501.6875000000,144756.1250000000,,,
12.3599999801,96,146957.9375000000,192224.4843750000,171377.0312500000,148239.8906250000,119778.5156250000,151822.5937500000,133188.5625000000,144528.8125000000,,,
12.3639999800,96,146576.6562500000,194912.6406250000,169975.9062500000,147749.8593750000,119413.9453125000,151467.1250000000,132839.5312500000,144239.1093750000,,,
12.3679999800,96,146682.8750000000,196487.4218750000,169808.5000000000,147876.8750000000,119514.3125000000,151554.9218750000,132926.5156250000,144278.7187500000,,,
12.3719999800,96,147137.7968750000,194679.4843750000,170968.3437500000,148449.1093750000,119948.0781250000,151976.2968750000,133329.6562500000,144598.1250000000,,,
12.3759999801,96,147322.7968750000,191965.4062500000,171980.9531250000,148691.8437500000,120124.4140625000,152153.6406250000,133500.6093750000,144771.7968750000,,,
12.3799999801,96,146960.9687500000,192015.1250000000,171395.1406250000,148242.6250000000,119779.1328125000,151818.8125000000,133186.0156250000,144531.7656250000,,,
12.3839999801,96,146574.6093750000,194649.1093750000,169976.5937500000,147741.6718750000,119411.3203125000,151459.5625000000,132839.0000000000,144232.0000000000,,,
12.3879999800,96,146690.8125000000,196214.7812500000,169796.6250000000,147885.7031250000,119519.1406250000,151564.3906250000,132936.3125000000,144283.7656250000,,,
12.3919999800,96,147161.4531250000,194491.4531250000,170971.7812500000,148468.0156250000,119969.6171875000,152005.9843750000,133358.5937500000,144623.1406250000,,,
12.3959999799,96,147346.1875000000,191876.6250000000,172007.0000000000,148701.7968750000,120147.3671875000,152176.4375000000,133530.7343750000,144792.8437500000,,,
12.3999999801,96,146992.5312500000,191947.7500000000,171445.3750000000,148265.2343750000,119815.3359375000,151843.3281250000,133222.0156250000,144556.2500000000,,,
12.4039999801,96,146595.7031250000,194539.0156250000,170008.8906250000,147748.4531250000,119432.8046875000,151477.7187500000,132848.7812500000,144251.4687500000,,,
12.4079999800,96,146678.0156250000,196116.3437500000,169790.3125000000,147869.5000000000,119509.7578125000,151556.3906250000,132899.8593750000,144276.1562500000,,,
12.4119999800,96,147129.0000000000,194494.5468750000,170943.2187500000,148443.2343750000,119938.6953125000,151979.4531250000,133324.9375000000,144598.1562500000,,,
12.4159999799,97,147321.8593750000,191987.4531250000,171990.1250000000,148690.5781250000,120119.9062500000,152166.0625000000,133517.2968750000,144778.8437500000,,,
12.4199999799,97,146980.0625000000,192055.9062500000,171433.8906250000,148259.2656250000,119792.6484375000,151853.3125000000,133217.6093750000,144556.6250000000,,,
12.4239999799,97,146614.1562500000,194560.8437500000,169997.0625000000,147758.1406250000,119439.9921875000,151515.4843750000,132880.0937500000,144279.0468750000,,,
12.4279999798,97,146695.7968750000,196088.7968750000,169784.1718750000,147890.3125000000,119518.3359375000,151581.1250000000,132948.7031250000,144298.2031250000,,,
12.4319999798,97,147122.5156250000,194498.3281250000,170937.2656250000,148447.4687500000,119927.6953125000,151979.1093750000,133331.1875000000,144593.7812500000,,,
12.4359999797,97,147300.5312500000,192052.0625000000,171991.0156250000,148685.2968750000,120096.8671875000,152146.4531250000,133491.0468750000,144755.1093750000,,,
12.4399999799,97,146969.1406250000,192116.0937500000,171444.1718750000,148256.2031250000,119783.1562500000,151839.1250000000,133195.5156250000,144540.0781250000,,,
12.4439999799,97,146597.5781250000,194550.5156250000,169992.1250000000,147759.1875000000,119431.4062500000,151492.8750000000,132858.6875000000,144254.5312500000,,,
12.4479999798,97,146713.8437500000,196050.6250000000,169770.9843750000,147888.5781250000,119543.3359375000,151594.1250000000,132957.2812500000,144311.2656250000,,,
12.4519999798,97,147156.3281250000,194542.8750000000,170949.1718750000,148458.2500000000,119971.6875000000,152003.1406250000,133358.9687500000,144627.0156250000,,,
12.4559999797,97,147321.2968750000,192173.5625000000,172022.1093750000,148698.7187500000,120133.5000000000,152156.8906250000,133516.2500000000,144775.7343750000,,,
12.4599999799,97,146979.8437500000,192220.0312500000,171483.0312500000,148270.4687500000,119807.3437500000,151843.8750000000,133212.3281250000,144546.5468750000,,,
12.4639999799,97,146601.1093750000,194566.1562500000,170013.4218750000,147759.1875000000,119445.4921875000,151496.7187500000,132866.5625000000,144254.6093750000,,,
12.4679999799,97,146688.9062500000,196033.1562500000,169764.3593750000,147872.6406250000,119527.6484375000,151569.1562500000,132938.6875000000,144284.5468750000,,,
12.4719999798,97,147104.4843750000,194581.1718750000,170919.0156250000,148417.3437500000,119926.0312500000,151952.7187500000,133315.0625000000,144573.6093750000,,,
12.4759999798,97,147285.2968750000,192285.2031250000,172003.5937500000,148673.7343750000,120096.0078125000,152121.9843750000,133479.4218750000,144735.5625000000,,,
12.4799999797,97,146967.2656250000,192319.5937500000,171480.4375000000,148268.9687500000,119793.1562500000,151829.2500000000,133194.2031250000,144527.4531250000,,,
12.4839999799,97,146598.4062500000,194593.7343750000,170009.1406250000,147771.4375000000,119444.6328125000,151487.8125000000,132864.2031250000,144244.1562500000,,,
12.4879999799,97,146696.8125000000,196024.3437500000,169753.0312500000,147887.0156250000,119539.9062500000,151572.1406250000,132946.3593750000,144286.7968750000,,,
12.4919999798,97,147129.3437500000,194627.5000000000,170923.2812500000,148438.8125000000,119950.7109375000,151977.9062500000,133333.4531250000,144601.1562500000,,,
12.4959999798,97,147306.9687500000,192409.0468750000,172022.9375000000,148694.2812500000,120113.1718750000,152147.4687500000,133500.5312500000,144765.3906250000,,,
12.4999999797,97,146981.0000000000,192453.9218750000,171501.4843750000,148283.1250000000,119798.7890625000,151851.3281250000,133212.5000000000,144550.3750000000,,,
12.5039999799,97,146602.2187500000,194669.2031250000,170007.4375000000,147779.2812500000,119437.7109375000,151496.3437500000,132866.3750000000,144254.7187500000,,,
12.5079999799,97,146681.6562500000,196069.5312500000,169724.7968750000,147879.2500000000,119511.4687500000,151561.2968750000,132929.8906250000,144279.0468750000,,,
12.5119999798,97,147106.4218750000,194717.3750000000,170893.9062500000,148425.8437500000,119917.5078125000,151954.1093750000,133316.2343750000,144581.2187500000,,,
12.5159999798,97,147301.6093750000,192536.3125000000,172017.7656250000,148691.3281250000,120105.0156250000,152138.0781250000,133500.2656250000,144759.0000000000,,,
12.5199999798,97,146985.9531250000,192559.6250000000,171523.7812500000,148278.3593750000,119807.6171875000,151853.2343750000,133217.7187500000,144552.5312500000,,,
12.5239999797,97,146604.1406250000,194717.5625000000,170023.7187500000,147772.0625000000,119448.4687500000,151499.3593750000,132873.5156250000,144252.2500000000,,,
12.5279999799,97,146681.6875000000,196106.3593750000,169720.3906250000,147867.0625000000,119522.1718750000,151563.0937500000,132941.5937500000,144274.6718750000,,,
12.5319999799,97,147109.2343750000,194808.2968750000,170886.5156250000,148413.9218750000,119931.6093750000,151959.4687500000,133327.1250000000,144581.7812500000,,,
12.5359999798,97,147300.9843750000,192679.6718750000,172023.0156250000,148684.2812500000,120113.8437500000,152138.9062500000,133503.8593750000,144756.4531250000,,,
12.5399999798,97,146986.3593750000,192684.2656250000,171538.4531250000,148283.6875000000,119816.3593750000,151848.5312500000,133217.9843750000,144545.1250000000,,,
12.5439999797,98,146610.6718750000,194773.4062500000,170031.3906250000,147778.1718750000,119462.3359375000,151498.9375000000,132865.7968750000,144247.9843750000,,,
12.5479999797,98,146682.7968750000,196122.4531250000,169710.5781250000,147861.7031250000,119525.9843750000,151560.6875000000,132933.0937500000,144268.1093750000,,,
12.5519999797,98,147096.9218750000,194846.7187500000,170872.0312500000,148404.2812500000,119918.4140625000,151943.4843750000,133313.0781250000,144567.1718750000,,,
12.5559999796,98,147289.0781250000,192749.7968750000,172021.9687500000,148670.0625000000,120101.3203125000,152123.4687500000,133492.2500000000,144741.7031250000,,,
12.5599999796,98,146988.3750000000,192736.0312500000,171555.5000000000,148280.0937500000,119817.6171875000,151850.0625000000,133224.8593750000,144544.6875000000,,,
12.5639999795,98,146612.3593750000,194755.8750000000,170039.1406250000,147776.5468750000,119461.3125000000,151505.7187500000,132881.7187500000,144251.0156250000,,,
12.5679999797,98,146681.4531250000,196070.3906250000,169699.6562500000,147861.7031250000,119523.2968750000,151566.3906250000,132939.6093750000,144273.7343750000,,,
12.5719999797,98,147099.1250000000,194846.3906250000,170862.5312500000,148406.6718750000,119920.3515625000,151954.0781250000,133323.0000000000,144580.8437500000,,,
12.5759999796,98,147288.8593750000,192807.5937500000,172024.3593750000,148663.4062500000,120102.1484375000,152133.5000000000,133504.6093750000,144753.9062500000,,,
12.5799999796,98,146988.2187500000,192773.3437500000,171565.9218750000,148275.4375000000,119817.3515625000,151860.6406250000,133235.4843750000,144553.7031250000,,,
12.5839999795,98,146616.7812500000,194711.7500000000,170036.7031250000,147775.6093750000,119464.8281250000,151517.8437500000,132890.3281250000,144261.9687500000,,,
12.5879999797,98,146680.6718750000,195980.2187500000,169683.2187500000,147856.8125000000,119524.5312500000,151573.3437500000,132938.2968750000,144279.3750000000,,,
12.5919999797,98,147094.7500000000,194804.1406250000,170848.5312500000,148397.5468750000,119916.4062500000,151956.4218750000,133312.2187500000,144580.9843750000,,,
12.5959999796,98,147291.8593750000,192856.7343750000,172029.6875000000,148676.3750000000,120101.6953125000,152140.6562500000,133498.7343750000,144761.5156250000,,,
12.5999999796,98,146990.3281250000,192840.1562500000,171579.1406250000,148286.7968750000,119815.8515625000,151868.0156250000,133234.5937500000,144558.9687500000,,,
12.6039999796,98,146614.7656250000,194736.4218750000,170035.6093750000,147778.7187500000,119460.8593750000,151520.2343750000,132893.7968750000,144260.2656250000,,,
12.6079999795,98,146674.5000000000,196012.5156250000,169663.0000000000,147850.7812500000,119518.2031250000,151566.1875000000,132941.2343750000,144272.8437500000,,,
12.6119999797,98,147083.5937500000,194904.5156250000,170829.4062500000,148377.6562500000,119911.6328125000,151943.4375000000,133312.1562500000,144569.8593750000,,,
12.6159999797,98,147279.8281250000,193005.4375000000,172028.5156250000,148657.6406250000,120098.2031250000,152128.3750000000,133496.0312500000,144746.4218750000,,,
12.6199999796,98,146992.4218750000,192975.5468750000,171598.9531250000,148281.5000000000,119825.4765625000,151861.0312500000,133239.5000000000,144550.3281250000,,,
12.6239999796,98,146619.6562500000,194838.0156250000,170052.7656250000,147771.1562500000,119472.9531250000,151511.4843750000,132895.9843750000,144251.0156250000,,,
12.6279999795,98,146679.3281250000,196099.7812500000,169661.3906250000,147847.6406250000,119524.6171875000,151557.9218750000,132936.9218750000,144265.1250000000,,,
12.6319999797,98,147077.5625000000,195008.1250000000,170818.3593750000,148376.4375000000,119900.2812500000,151921.6562500000,133292.5625000000,144555.0781250000,,,
12.6359999797,98,147280.8750000000,193107.4062500000,172027.0156250000,148663.5781250000,120090.9375000000,152112.6562500000,133476.8437500000,144739.4687500000,,,
12.6399999796,98,147000.2343750000,193040.3281250000,171612.4843750000,148292.0312500000,119823.7578125000,151860.7343750000,133227.4531250000,144555.8437500000,,,
12.6439999796,98,146632.7968750000,194837.1093750000,170057.3593750000,147792.5781250000,119473.2265625000,151521.6093750000,132894.0625000000,144266.0625000000,,,
12.6479999796,98,146682.8437500000,196064.4375000000,169647.5468750000,147845.6562500000,119518.0156250000,151558.0468750000,132930.2500000000,144270.3281250000,,,
12.6519999795,98,147076.2187500000,194989.4375000000,170798.5625000000,148361.2968750000,119891.7812500000,151920.5000000000,133284.3750000000,144556.1406250000,,,
12.6559999797,98,147287.6250000000,193130.9531250000,172023.5468750000,148657.8125000000,120089.9140625000,152123.8125000000,133481.0312500000,144750.4218750000,,,
12.6599999797,98,147013.5937500000,193071.2500000000,171625.9218750000,148297.2187500000,119828.5859375000,151877.8593750000,133235.0000000000,144572.9062500000,,,
12.6639999796,98,146645.0781250000,194838.4062500000,170067.7343750000,147793.2968750000,119479.7109375000,151531.8750000000,132897.0625000000,144278.2187500000,,,
12.6679999796,98,146687.2187500000,196059.9375000000,169644.1093750000,147851.0000000000,119518.3125000000,151562.1093750000,132925.8437500000,144278.4375000000,,,
12.6719999795,99,147071.6093750000,195018.7812500000,170792.7656250000,148364.7031250000,119884.7812500000,151918.0312500000,133272.3593750000,144558.2656250000,,,
12.6759999795,99,147280.7812500000,193179.2343750000,172029.9062500000,148660.6718750000,120084.5234375000,152114.5000000000,133468.4531250000,144747.9531250000,,,
12.6799999794,99,147007.3593750000,193094.2968750000,171647.4062500000,148305.2812500000,119827.3593750000,151865.9218750000,133229.4687500000,144566.4218750000,,,
12.6839999794,99,146634.8906250000,194817.3125000000,170083.8281250000,147797.7343750000,119477.4921875000,151521.8906250000,132894.3750000000,144266.8437500000,,,
12.6879999794,99,146672.4687500000,196024.5468750000,169644.2656250000,147845.2812500000,119511.8437500000,151546.8125000000,132919.3750000000,144259.5781250000,,,
12.6919999793,99,147057.7343750000,195020.8906250000,170796.1406250000,148360.4531250000,119878.1328125000,151897.7031250000,133267.5625000000,144537.7187500000,,,
12.6959999795,99,147267.1562500000,193213.8437500000,172044.6562500000,148652.1250000000,120078.5703125000,152097.8437500000,133462.6093750000,144726.7812500000,,,
12.6999999795,99,147003.0781250000,193114.9375000000,171676.6562500000,148297.7812500000,119832.2343750000,151863.4218750000,133230.0937500000,144552.5312500000,,,
12.7039999794,99,146629.2187500000,194781.7500000000,170105.2031250000,147783.0000000000,119480.7343750000,151521.0156250000,132890.6875000000,144254.7187500000,,,
12.7079999794,99,146666.1406250000,195947.5781250000,169643.4062500000,147831.7187500000,119512.0078125000,151549.3593750000,132917.2812500000,144252.0937500000,,,
12.7119999793,99,147056.2656250000,194966.5312500000,170790.3593750000,148355.3125000000,119881.2421875000,151905.8750000000,133266.8906250000,144535.5000000000,,,
12.7159999795,99,147279.9843750000,193207.1406250000,172062.9218750000,148659.8125000000,120093.5078125000,152114.0781250000,133472.6093750000,144737.0000000000,,,
12.7199999795,99,147019.4531250000,193099.3906250000,171711.1875000000,148320.2500000000,119846.2421875000,151873.4218750000,133241.4531250000,144562.8750000000,,,
12.7239999794,99,146655.2656250000,194714.5625000000,170134.3906250000,147805.4062500000,119504.2578125000,151539.9218750000,132912.3281250000,144274.4843750000,,,
12.7279999794,99,146684.2343750000,195876.1250000000,169655.8125000000,147838.5468750000,119527.4062500000,151564.1093750000,132932.5468750000,144272.6875000000,,,
12.7319999794,99,147067.0625000000,194955.4843750000,170794.4531250000,148353.2187500000,119885.0468750000,151915.1406250000,133276.6562500000,144555.6093750000,,,
12.7359999793,99,147281.8281250000,193262.2031250000,172074.4843750000,148651.9375000000,120085.6562500000,152113.3437500000,133477.1250000000,144749.4531250000,,,
12.7399999795,99,147026.4062500000,193150.6250000000,171728.5937500000,148307.8906250000,119842.8593750000,151883.1406250000,133249.7812500000,144581.7812500000,,,
12.7439999795,99,146658.5937500000,194717.4531250000,170136.7812500000,147805.2968750000,119492.9140625000,151546.7812500000,132912.3750000000,144289.3437500000,,,
12.7479999794,99,146681.3437500000,195858.8125000000,169640.9218750000,147833.9375000000,119510.8515625000,151561.5468750000,132922.6875000000,144274.9375000000,,,
12.7519999794,99,147061.9531250000,194962.0000000000,170781.9843750000,148345.7343750000,119872.3125000000,151908.3750000000,133264.3906250000,144553.2187500000,,,
12.7559999793,99,147279.2656250000,193294.4375000000,172075.0781250000,148657.1875000000,120078.7343750000,152113.0625000000,133469.0781250000,144748.4531250000,,,
12.7599999795,99,147021.4375000000,193160.0937500000,171743.3750000000,148321.6406250000,119838.3281250000,151885.4687500000,133246.0156250000,144574.1406250000,,,
12.7639999795,99,146658.5156250000,194678.1406250000,170152.6562500000,147808.1562500000,119501.4375000000,151553.8906250000,132914.5781250000,144283.1562500000,,,
12.7679999794,99,146675.3906250000,195795.2187500000,169639.1562500000,147832.0156250000,119516.5937500000,151559.9531250000,132915.6250000000,144264.8593750000,,,
12.7719999794,99,147046.6093750000,194945.8281250000,170775.1406250000,148337.2812500000,119868.7968750000,151898.4218750000,133262.8593750000,144538.3437500000,,,
12.7759999793,99,147266.2968750000,193331.8593750000,172079.9843750000,148652.9531250000,120077.8984375000,152103.7187500000,133475.6250000000,144734.7812500000,,,
12.7799999793,99,147016.6250000000,193205.8750000000,171762.6875000000,148321.4062500000,119844.5781250000,151883.1718750000,133254.1406250000,144568.8593750000,,,
12.7839999795,99,146652.2343750000,194684.8906250000,170165.1562500000,147807.5468750000,119503.6640625000,151549.8125000000,132922.8750000000,144276.0625000000,,,
12.7879999795,99,146678.1562500000,195791.4375000000,169641.9062500000,147832.4687500000,119528.2109375000,151564.9531250000,132936.7343750000,144265.0468750000,,,
12.7919999794,99,147056.4218750000,194969.2968750000,170781.0781250000,148339.8125000000,119887.1953125000,151909.1875000000,133277.6093750000,144544.0156250000,,,
12.7959999794,99,147276.7656250000,193376.1875000000,172098.5000000000,148651.2031250000,120094.6406250000,152113.2656250000,133486.2968750000,144741.4531250000,,,
12.7999999793,100,147034.6406250000,193245.9687500000,171802.5625000000,148323.3437500000,119864.0234375000,151895.7656250000,133272.4062500000,144579.8281250000,,,
12.8039999793,100,146673.4843750000,194702.5468750000,170198.9218750000,147817.4687500000,119520.6171875000,151562.0156250000,132940.5625000000,144288.6562500000,,,
12.8079999792,100,146689.0312500000,195808.8281250000,169649.5000000000,147838.3125000000,119532.3359375000,151564.1093750000,132944.5625000000,144269.6250000000,,,
12.8119999792,100,147052.8281250000,195017.1875000000,170766.7968750000,148340.6093750000,119873.5703125000,151894.8281250000,133267.1250000000,144537.5781250000,,,
12.8159999792,100,147273.2187500000,193447.2656250000,172088.5468750000,148650.8125000000,120079.6718750000,152102.0937500000,133471.2500000000,144736.0468750000,,,
12.8199999791,100,147039.6875000000,193299.0468750000,171806.3437500000,148330.2812500000,119858.1718750000,151893.8593750000,133261.6875000000,144583.6406250000,,,
12.8239999793,100,146674.0781250000,194718.2968750000,170196.1875000000,147816.7968750000,119513.5937500000,151560.2500000000,132925.3906250000,144290.1562500000,,,
12.8279999793,100,146682.5000000000,195810.1093750000,169626.8125000000,147824.6093750000,119517.8593750000,151561.5625000000,132922.6562500000,144267.8125000000,,,
12.8319999792,100,147054.9687500000,195032.4062500000,170744.6718750000,148329.2343750000,119868.1484375000,151897.6406250000,133257.4687500000,144545.0468750000,,,
12.8359999792,100,147280.4687500000,193470.8437500000,172078.0781250000,148654.1093750000,120079.4296875000,152104.0468750000,133468.5937500000,144746.4687500000,,,
12.8399999791,100,147046.4375000000,193307.2656250000,171814.8437500000,148342.5625000000,119860.3203125000,151894.3281250000,133263.4062500000,144593.4531250000,,,
12.8439999793,100,146675.5468750000,194693.1093750000,170203.8281250000,147823.4062500000,119514.8281250000,151555.8593750000,132927.4218750000,144290.9531250000,,,
12.8479999793,100,146682.6093750000,195761.1250000000,169620.0781250000,147833.0781250000,119518.8984375000,151553.2812500000,132925.5468750000,144262.5781250000,,,
12.8519999792,100,147045.9843750000,194998.6562500000,170728.2343750000,148333.8437500000,119860.5859375000,151881.9531250000,133250.7968750000,144530.2656250000,,,
12.8559999792,100,147274.8281250000,193460.6093750000,172071.4531250000,148650.7500000000,120080.4453125000,152094.7031250000,133471.0000000000,144737.2187500000,,,
12.8599999791,100,147047.8593750000,193295.3281250000,171824.0468750000,148340.3437500000,119870.1640625000,151894.1562500000,133273.2187500000,144589.3593750000,,,
12.8639999791,100,146680.4531250000,194663.2968750000,170211.0781250000,147820.8281250000,119524.8281250000,151562.5625000000,132937.2968750000,144294.2031250000,,,
12.8679999793,100,146678.3906250000,195736.2187500000,169608.3906250000,147822.2968750000,119521.7734375000,151553.8437500000,132930.3437500000,144261.1093750000,,,
12.8719999793,100,147033.2187500000,195001.4843750000,170705.4062500000,148314.8281250000,119859.7812500000,151882.0625000000,133253.2031250000,144524.7968750000,,,
12.8759999792,100,147253.5156250000,193486.9687500000,172051.5625000000,148631.9218750000,120069.0781250000,152094.7031250000,133463.5000000000,144724.9062500000,,,
12.8799999792,100,147032.7656250000,193306.5937500000,171819.9531250000,148331.1093750000,119859.3281250000,151896.0625000000,133268.3906250000,144579.4218750000,,,
12.8839999791,100,146668.5781250000,194632.3750000000,170206.4375000000,147812.4843750000,119513.1875000000,151558.6718750000,132932.5312500000,144282.3125000000,,,
12.8879999793,100,146677.7812500000,195679.2656250000,169587.7812500000,147814.2187500000,119516.5156250000,151554.7031250000,132930.5937500000,144259.5781250000,,,
12.8919999793,100,147046.8125000000,194973.7968750000,170688.2343750000,148318.7812500000,119865.3125000000,151892.2031250000,133263.5937500000,144536.8281250000,,,
12.8959999792,100,147277.3281250000,193504.5312500000,172057.1875000000,148649.0625000000,120085.3281250000,152110.4062500000,133468.3281250000,144746.5781250000,,,
12.8999999792,100,147057.4687500000,193335.7968750000,171845.6406250000,148352.1718750000,119879.2265625000,151908.9687500000,133270.9062500000,144604.5312500000,,,
12.9039999791,100,146693.0937500000,194635.7812500000,170231.5468750000,147830.7968750000,119534.4062500000,151576.0312500000,132955.1406250000,144311.0781250000,,,
12.9079999791,100,146692.6093750000,195672.4062500000,169598.2656250000,147826.7187500000,119530.5390625000,151566.9843750000,132951.2500000000,144282.1875000000,,,
12.9119999793,100,147048.3281250000,194987.6406250000,170684.8125000000,148317.6718750000,119864.3437500000,151882.0156250000,133264.0937500000,144546.5156250000,,,
12.9159999792,100,147284.9218750000,193541.2343750000,172062.0937500000,148653.1406250000,120087.5312500000,152100.3437500000,133480.3125000000,144756.7812500000,,,
12.9199999792,100,147065.9687500000,193352.5625000000,171861.5937500000,148356.3281250000,119882.9609375000,151914.5156250000,133290.3593750000,144613.7656250000,,,
12.9239999792,100,146694.8906250000,194614.4843750000,170242.7812500000,147833.2968750000,119535.1015625000,151579.8125000000,132955.5625000000,144312.8125000000,,,
12.9279999791,101,146689.1718750000,195636.3906250000,169592.2968750000,147825.1406250000,119528.2343750000,151567.2500000000,132943.1250000000,144280.7656250000,,,
12.9319999791,101,147040.9687500000,194984.4375000000,170673.7500000000,148310.7812500000,119860.9609375000,151888.0000000000,133258.1093750000,144542.8750000000,,,
12.9359999790,101,147269.7343750000,193569.4531250000,172057.2968750000,148643.8281250000,120076.9609375000,152099.3437500000,133473.7968750000,144745.9062500000,,,
12.9399999790,101,147056.6406250000,193383.0312500000,171877.7968750000,148354.0937500000,119878.6406250000,151905.8593750000,133285.6562500000,144603.5937500000,,,
12.9439999789,101,146691.8593750000,194610.4687500000,170258.9218750000,147824.0156250000,119536.9765625000,151572.9375000000,132950.1718750000,144306.5156250000,,,
12.9479999789,101,146675.8906250000,195619.1093750000,169588.7968750000,147808.6406250000,119519.4921875000,151554.5468750000,132927.7031250000,144265.8281250000,,,
12.9519999791,101,147020.0312500000,194985.5937500000,170658.6093750000,148295.3125000000,119841.1406250000,151867.5000000000,133235.9687500000,144519.1562500000,,,
12.9559999791,101,147261.4531250000,193594.6562500000,172054.3437500000,148639.6250000000,120068.5156250000,152094.0937500000,133459.7187500000,144734.6406250000,,,
12.9599999790,101,147058.4531250000,193398.1875000000,171891.9687500000,148363.7500000000,119877.6171875000,151915.2656250000,133276.9531250000,144599.9687500000,,,
12.9639999790,101,146691.4062500000,194601.4531250000,170270.7812500000,147838.5781250000,119531.2421875000,151579.0781250000,132939.7656250000,144298.8750000000,,,
12.9679999789,101,146674.9062500000,195606.2343750000,169583.8750000000,147809.6875000000,119514.1015625000,151553.1718750000,132918.2500000000,144255.2343750000,,,
12.9719999791,101,147026.2656250000,195000.0000000000,170649.9375000000,148290.0000000000,119846.0781250000,151871.7656250000,133235.2031250000,144517.9218750000,,,
12.9759999791,101,147264.2343750000,193628.9687500000,172050.9375000000,148635.5468750000,120068.4062500000,152092.6406250000,133455.6093750000,144730.3281250000,,,
12.9799999790,101,147057.8750000000,193435.1406250000,171902.0781250000,148362.4218750000,119874.0781250000,151907.0937500000,133274.9843750000,144596.9687500000,,,
12.9839999790,101,146690.0781250000,194620.5781250000,170279.0156250000,147840.4062500000,119527.7500000000,151572.7500000000,132942.5312500000,144299.1562500000,,,
12.9879999789,101,146671.0937500000,195618.6562500000,169572.4375000000,147809.2031250000,119505.6484375000,151550.5781250000,132919.7812500000,144258.5625000000,,,
12.9919999789,101,147018.5468750000,195028.6250000000,170626.6875000000,148287.3906250000,119832.7734375000,151869.1875000000,133235.1562500000,144519.7812500000,,,
12.9959999791,101,147261.5781250000,193674.1875000000,172039.5156250000,148641.2812500000,120061.6718750000,152095.9218750000,133461.3437500000,144738.6718750000,,,
12.9999999790,101,147060.7968750000,193467.9843750000,171909.7968750000,148367.0781250000,119874.8828125000,151916.4218750000,133282.8437500000,144607.9375000000,,,
13.0039999790,101,146701.5937500000,194630.3437500000,170293.9531250000,147842.2500000000,119541.8593750000,151589.8437500000,132957.2031250000,144316.2187500000,,,
13.0079999790,101,146680.8281250000,195629.0625000000,169580.3750000000,147812.1093750000,119521.7421875000,151562.5625000000,132932.0468750000,144273.7343750000,,,
13.0119999789,101,147026.7031250000,195063.5156250000,170631.4375000000,148291.9218750000,119846.0000000000,151872.2968750000,133239.9062500000,144530.7968750000,,,
13.0159999791,101,147268.0937500000,193718.5000000000,172050.8281250000,148641.4531250000,120072.6171875000,152097.9218750000,133463.4062500000,144744.5781250000,,,
13.0199999791,101,147072.6562500000,193500.0625000000,171936.1093750000,148369.4218750000,119889.5546875000,151925.5468750000,133291.7031250000,144619.2031250000,,,
13.0239999790,101,146703.5156250000,194654.3750000000,170317.5000000000,147842.6875000000,119543.4140625000,151590.1875000000,132956.4687500000,144318.8281250000,,,
13.0279999790,101,146677.3750000000,195654.3593750000,169584.5468750000,147807.8125000000,119516.8125000000,151562.7500000000,132928.2656250000,144270.4062500000,,,
13.0319999789,101,147017.0781250000,195102.1406250000,170622.8281250000,148281.2031250000,119837.9531250000,151877.6875000000,133238.5625000000,144527.0937500000,,,
13.0359999789,101,147264.5937500000,193754.3593750000,172047.1875000000,148641.9531250000,120071.0859375000,152108.8437500000,133468.9687500000,144747.4687500000,,,
13.0399999791,101,147072.1875000000,193523.6875000000,171952.2343750000,148380.4062500000,119892.3750000000,151937.6718750000,133297.1093750000,144620.9531250000,,,
13.0439999790,101,146690.1406250000,194667.9687500000,170330.7343750000,147845.6875000000,119536.6875000000,151588.5000000000,132946.0937500000,144305.9218750000,,,
13.0479999790,101,146656.7187500000,195673.9062500000,169574.2968750000,147797.8125000000,119500.7421875000,151548.3906250000,132909.0468750000,144247.6406250000,,,
13.0519999790,101,147004.1250000000,195125.5312500000,170597.2656250000,148273.8437500000,119820.5703125000,151857.8906250000,133220.0000000000,144504.3281250000,,,
13.0559999789,102,147258.3125000000,193778.4218750000,172028.6718750000,148636.1406250000,120056.3593750000,152089.3437500000,133457.5468750000,144729.8437500000,,,
13.0599999789,102,147068.8593750000,193531.6875000000,171947.2187500000,148376.9843750000,119879.7109375000,151920.9843750000,133294.2500000000,144612.0468750000,,,
13.0639999788,102,146700.3281250000,194669.4687500000,170333.8906250000,147853.9531250000,119537.1953125000,151589.0625000000,132964.3125000000,144314.3437500000,,,
13.0679999788,102,146670.0000000000,195684.6093750000,169570.9062500000,147809.9375000000,119506.0781250000,151556.7343750000,132929.7031250000,144263.0000000000,,,
13.0719999787,102,147012.4531250000,195145.1093750000,170587.8125000000,148283.0000000000,119828.0546875000,151872.2812500000,133238.8906250000,144518.7031250000,,,
13.0759999787,102,147263.6250000000,193787.1875000000,172023.5000000000,148644.7968750000,120063.9531250000,152107.7968750000,133473.6093750000,144741.7031250000,,,
13.0799999789,102,147069.9375000000,193531.7656250000,171958.5937500000,148386.4218750000,119882.1250000000,151935.3125000000,133304.2500000000,144617.2500000000,,,
13.0839999788,102,146700.2812500000,194667.3281250000,170349.9843750000,147857.2812500000,119538.3750000000,151600.1093750000,132971.6093750000,144318.0468750000,,,
13.0879999788,102,146665.0625000000,195690.3750000000,169571.2343750000,147806.6093750000,119503.9062500000,151563.6250000000,132940.4687500000,144263.0625000000,,,
13.0919999788,102,147001.5468750000,195161.7343750000,170570.3593750000,148278.8437500000,119820.5390625000,151874.7187500000,133248.3750000000,144515.6406250000,,,
13.0959999787,102,147260.8593750000,193801.7187500000,172011.3750000000,148649.2812500000,120064.3828125000,152117.7031250000,133491.0468750000,144743.5468750000,,,
13.0999999789,102,147080.6093750000,193534.7187500000,171970.3437500000,148401.6562500000,119893.6562500000,151954.4843750000,133331.2031250000,144627.3281250000,,,
13.1039999789,102,146705.1250000000,194664.9062500000,170367.4531250000,147868.0312500000,119541.4062500000,151614.7812500000,132986.1718750000,144323.5937500000,,,
13.1079999788,102,146653.7187500000,195698.6406250000,169568.9531250000,147798.9062500000,119490.0703125000,151571.4843750000,132931.1562500000,144256.2500000000,,,
13.1119999788,102,146986.7656250000,195182.1718750000,170558.0156250000,148259.4531250000,119804.0234375000,151881.3437500000,133233.5468750000,144502.5781250000,,,
13.1159999787,102,147251.9218750000,193805.9687500000,172003.4062500000,148632.8906250000,120056.6015625000,152122.9218750000,133484.7343750000,144731.7812500000,,,
13.1199999787,102,147083.2656250000,193518.5937500000,171982.8437500000,148398.9218750000,119902.1093750000,151971.2812500000,133346.2500000000,144626.6406250000,,,
13.1239999789,102,146713.5781250000,194656.4687500000,170392.9375000000,147879.3437500000,119557.9296875000,151641.2812500000,133014.2187500000,144327.8125000000,,,
13.1279999788,102,146670.8281250000,195706.9218750000,169586.2812500000,147816.7187500000,119514.9062500000,151601.0000000000,132965.1093750000,144264.8593750000,,,
13.1319999788,102,147019.5625000000,195201.8906250000,170569.7656250000,148286.4218750000,119841.0859375000,151915.5625000000,133264.8437500000,144523.0000000000,,,
13.1359999788,102,147288.3750000000,193825.9218750000,172023.3437500000,148661.2187500000,120092.4921875000,152166.0625000000,133522.7187500000,144759.8281250000,,,
13.1399999787,102,147114.5468750000,193526.0000000000,172017.5781250000,148428.0781250000,119930.8046875000,152017.9218750000,133390.8906250000,144656.9375000000,,,
13.1439999789,102,146738.1562500000,194659.7656250000,170428.4687500000,147883.9687500000,119582.9765625000,151679.9531250000,133053.2500000000,144356.9843750000,,,
13.1479999789,102,146694.4375000000,195727.6093750000,169610.3437500000,147815.5156250000,119539.8750000000,151637.5000000000,133004.8125000000,144297.0781250000,,,
13.1519999788,102,147028.7343750000,195233.2812500000,170575.0468750000,148281.0937500000,119851.6015625000,151940.1562500000,133298.8125000000,144545.3125000000,,,
13.1559999788,102,147295.6250000000,193850.0625000000,172029.9375000000,148654.0468750000,120103.8359375000,152185.3906250000,133547.4531250000,144778.4218750000,,,
13.1599999787,102,147121.1406250000,193538.5156250000,172037.5312500000,148412.8906250000,119940.4609375000,152032.3281250000,133395.4687500000,144671.5625000000,,,
13.1639999787,102,146752.4218750000,194675.7968750000,170451.2656250000,147884.8437500000,119597.5937500000,151698.8906250000,133055.2031250000,144378.3750000000,,,
13.1679999789,102,146688.5312500000,195763.5000000000,169608.4843750000,147802.6875000000,119534.7812500000,151632.8125000000,132987.7812500000,144300.5781250000,,,
13.1719999788,102,147014.3906250000,195285.6875000000,170558.5625000000,148257.8906250000,119838.4609375000,151931.8437500000,133279.2031250000,144539.0937500000,,,
13.1759999788,102,147283.7656250000,193875.7343750000,172010.8593750000,148645.5781250000,120090.9921875000,152180.6250000000,133527.4843750000,144770.0781250000,,,
13.1799999787,102,147119.6875000000,193538.2812500000,172035.8125000000,148421.6875000000,119934.6171875000,152030.8750000000,133383.5937500000,144669.0625000000,,,
13.1839999787,103,146748.8750000000,194682.5625000000,170457.5937500000,147888.8750000000,119585.1015625000,151692.3750000000,133046.6718750000,144371.6562500000,,,
13.1879999787,103,146693.2968750000,195790.4687500000,169610.5625000000,147809.1562500000,119529.3906250000,151633.2968750000,132988.1718750000,144300.2343750000,,,
13.1919999786,103,147014.5000000000,195307.8593750000,170544.6093750000,148268.5937500000,119831.3281250000,151925.0625000000,133278.6875000000,144534.9843750000,,,
13.1959999786,103,147282.1093750000,193874.9218750000,171996.4687500000,148647.0000000000,120084.6875000000,152171.9843750000,133526.5312500000,144768.4687500000,,,
13.1999999785,103,147111.9687500000,193520.7656250000,172036.2968750000,148423.9687500000,119925.0937500000,152015.9843750000,133374.0468750000,144664.7812500000,,,
13.2039999785,103,146730.0468750000,194669.0781250000,170462.0000000000,147885.9687500000,119567.6406250000,151664.2968750000,133027.6093750000,144357.2656250000,,,
13.2079999787,103,146670.7500000000,195787.5468750000,169596.2343750000,147797.5468750000,119508.6796875000,151600.0625000000,132971.4687500000,144279.6875000000,,,
13.2119999786,103,146999.9531250000,195323.1250000000,170524.0312500000,148253.2031250000,119817.8593750000,151897.6250000000,133264.7187500000,144520.0781250000,,,
13.2159999786,103,147274.4531250000,193898.2343750000,171986.2968750000,148644.4531250000,120077.0703125000,152151.0937500000,133515.3906250000,144755.2500000000,,,
13.2199999786,103,147110.2500000000,193528.8593750000,172045.6250000000,148425.5000000000,119923.9921875000,151999.7031250000,133370.4531250000,144653.0000000000,,,
13.2239999785,103,146732.8125000000,194656.4687500000,170474.9531250000,147889.2187500000,119570.9375000000,151655.0625000000,133024.6875000000,144350.3593750000,,,
13.2279999787,103,146668.8750000000,195779.2656250000,169596.7968750000,147794.4531250000,119508.2265625000,151590.9062500000,132959.7500000000,144274.4843750000,,,
13.2319999787,103,146989.3593750000,195331.4218750000,170512.0156250000,148246.8906250000,119809.5703125000,151880.3281250000,133245.4062500000,144508.7187500000,,,
13.2359999786,103,147261.3125000000,193901.2031250000,171970.7656250000,148641.1562500000,120066.2578125000,152133.4687500000,133496.4843750000,144743.2343750000,,,
13.2399999786,103,147097.6718750000,193520.8125000000,172039.2968750000,148416.4062500000,119912.5937500000,151990.1093750000,133351.3281250000,144645.8125000000,,,
13.2439999785,103,146713.9843750000,194657.3281250000,170468.1875000000,147864.6718750000,119553.3437500000,151641.8750000000,133002.0468750000,144340.7187500000,,,
13.2479999785,103,146643.0937500000,195813.4375000000,169574.8593750000,147767.2031250000,119483.9218750000,151568.7812500000,132932.3593750000,144254.6875000000,,,
13.2519999787,103,146968.4375000000,195384.2343750000,170479.8125000000,148224.2812500000,119789.4296875000,151865.0312500000,133225.5312500000,144491.3437500000,,,
13.2559999786,103,147249.9687500000,193927.2812500000,171940.1562500000,148629.5625000000,120052.3359375000,152129.4218750000,133480.9218750000,144736.6093750000,,,
13.2599999786,103,147084.6093750000,193515.8281250000,172021.3281250000,148410.5937500000,119893.6562500000,151980.9062500000,133329.8437500000,144635.0625000000,,,
13.2639999785,103,146703.3906250000,194658.9062500000,170463.6562500000,147867.6562500000,119535.1328125000,151629.5312500000,132985.4375000000,144327.6562500000,,,
13.2679999785,103,146630.4375000000,195833.1250000000,169556.2187500000,147767.7656250000,119463.7578125000,151557.1406250000,132918.3906250000,144242.5468750000,,,
13.2719999787,103,146958.4687500000,195395.4062500000,170446.8906250000,148220.3437500000,119772.4765625000,151858.6250000000,133210.4218750000,144484.1250000000,,,
13.2759999787,103,147237.8125000000,193910.5625000000,171911.3750000000,148615.2343750000,120038.2578125000,152119.3125000000,133469.2656250000,144725.1718750000,,,
13.2799999786,103,147081.3125000000,193481.4218750000,172014.0781250000,148412.3125000000,119891.5156250000,151977.9531250000,133333.4843750000,144632.1562500000,,,
13.2839999786,103,146702.7656250000,194660.5156250000,170470.1250000000,147873.1875000000,119536.7656250000,151634.0937500000,132989.4375000000,144329.3593750000,,,
13.2879999785,103,146631.2343750000,195881.7187500000,169559.8593750000,147767.6406250000,119469.6562500000,151563.5468750000,132918.6875000000,144245.7656250000,,,
13.2919999785,103,146954.7343750000,195443.2343750000,170436.8906250000,148213.0468750000,119777.1171875000,151857.3281250000,133215.1718750000,144478.6562500000,,,
13.2959999787,103,147241.1718750000,193917.3750000000,171905.0312500000,148618.8281250000,120046.6796875000,152125.7656250000,133482.7500000000,144725.2812500000,,,
13.2999999786,103,147088.8437500000,193456.3437500000,172029.3437500000,148416.5625000000,119902.7500000000,151993.5312500000,133348.4843750000,144639.5312500000,,,
13.3039999786,103,146706.4531250000,194642.0937500000,170498.6875000000,147870.8281250000,119544.9453125000,151647.5000000000,133000.1406250000,144336.2031250000,,,
13.3079999785,103,146631.7968750000,195882.6406250000,169577.4375000000,147759.9062500000,119471.4296875000,151571.0312500000,132923.2656250000,144249.2187500000,,,
13.3119999785,104,146961.9218750000,195457.8593750000,170445.5000000000,148212.4062500000,119782.8046875000,151875.1250000000,133224.4218750000,144491.9062500000,,,
13.3159999785,104,147250.2343750000,193915.0468750000,171913.7500000000,148621.2968750000,120057.8906250000,152152.4531250000,133496.4531250000,144742.1093750000,,,
13.3199999784,104,147101.4062500000,193432.5468750000,172055.2812500000,148427.7500000000,119917.5859375000,152025.2343750000,133366.7656250000,144657.5625000000,,,
13.3239999784,104,146714.7812500000,194605.6875000000,170528.0312500000,147885.3906250000,119553.8203125000,151677.6250000000,133020.2812500000,144350.7187500000,,,
13.3279999783,104,146632.5000000000,195859.6250000000,169591.8593750000,147763.9843750000,119475.2890625000,151601.5000000000,132946.8750000000,144258.0156250000,,,
13.3319999783,104,146960.2656250000,195463.2187500000,170449.8125000000,148216.5781250000,119786.0781250000,151902.7968750000,133243.8281250000,144494.7812500000,,,
13.3359999785,104,147251.5468750000,193936.4843750000,171922.4531250000,148629.4843750000,120061.1406250000,152174.5625000000,133514.2656250000,144743.3125000000,,,
13.3399999784,104,147096.2031250000,193455.3906250000,172074.0781250000,148432.9531250000,119913.2109375000,152034.9843750000,133377.0468750000,144650.1562500000,,,
13.3439999784,104,146710.9843750000,194640.3750000000,170548.5781250000,147893.1093750000,119554.1718750000,151683.7343750000,133024.2031250000,144342.7968750000,,,
13.3479999783,104,146627.5625000000,195929.5000000000,169594.4062500000,147771.6875000000,119473.3828125000,151600.3281250000,132944.7500000000,144247.9531250000,,,
13.3519999783,104,146955.5937500000,195570.8281250000,170446.4375000000,148213.1562500000,119781.4375000000,151895.2812500000,133239.1250000000,144486.1406250000,,,
13.3559999785,104,147255.5156250000,194025.4218750000,171930.9687500000,148633.7187500000,120067.8437500000,152169.4843750000,133504.4531250000,144739.6562500000,,,
13.3599999784,104,147111.2968750000,193482.0000000000,172097.7656250000,148449.7500000000,119931.8828125000,152044.0625000000,133386.6250000000,144655.2812500000,,,
13.3639999784,104,146736.3281250000,194625.2500000000,170579.9531250000,147912.2812500000,119578.0156250000,151703.0781250000,133054.1562500000,144361.0468750000,,,
13.3679999784,104,146652.8593750000,195906.1093750000,169622.4687500000,147785.0156250000,119495.5937500000,151616.1250000000,132973.1093750000,144270.2500000000,,,
13.3719999783,104,146964.5312500000,195535.5625000000,170461.6718750000,148218.4062500000,119787.5781250000,151900.2968750000,133256.0468750000,144496.4375000000,,,
13.3759999783,104,147259.2187500000,193974.5937500000,171939.9531250000,148641.6875000000,120065.0000000000,152175.1562500000,133528.5156250000,144746.9843750000,,,
13.3799999785,104,147120.9531250000,193420.3750000000,172120.6250000000,148457.3906250000,119932.7968750000,152047.9062500000,133403.4687500000,144667.4062500000,,,
13.3839999784,104,146730.4218750000,194563.2343750000,170598.8906250000,147904.7031250000,119566.3515625000,151689.2187500000,133041.5781250000,144356.7187500000,,,
13.3879999784,104,146637.2656250000,195893.7968750000,169627.9062500000,147773.4062500000,119479.4453125000,151598.9375000000,132947.2968750000,144258.5781250000,,,
13.3919999783,104,146958.3281250000,195579.2500000000,170458.5937500000,148213.5000000000,119779.9609375000,151883.5156250000,133233.8125000000,144489.5468750000,,,
13.3959999783,104,147251.6875000000,194018.3593750000,171935.9218750000,148627.3125000000,120055.1328125000,152153.2656250000,133504.3125000000,144735.4531250000,,,
13.3999999785,104,147117.4218750000,193421.1250000000,172125.2656250000,148453.8750000000,119928.9296875000,152036.6875000000,133389.2031250000,144660.7500000000,,,
13.4039999784,104,146726.0000000000,194559.1875000000,170615.9531250000,147903.1718750000,119562.9140625000,151678.8906250000,133034.9062500000,144350.7656250000,,,
13.4079999784,104,146626.0000000000,195900.5312500000,169630.8281250000,147763.7500000000,119466.4375000000,151575.7500000000,132939.0937500000,144245.6875000000,,,
13.4119999784,104,146944.3125000000,195568.8125000000,170442.7343750000,148201.5625000000,119765.9296875000,151859.0000000000,133222.2031250000,144475.4687500000,,,
13.4159999783,104,147246.0781250000,193970.2187500000,171916.8281250000,148623.4531250000,120050.0312500000,152139.3750000000,133493.8906250000,144727.5625000000,,,
13.4199999783,104,147113.6562500000,193364.8750000000,172125.5781250000,148451.4062500000,119922.3359375000,152021.6406250000,133375.8906250000,144653.4375000000,,,
13.4239999785,104,146722.6718750000,194532.4375000000,170628.0312500000,147899.6875000000,119553.3984375000,151661.0781250000,133018.0937500000,144345.2968750000,,,
13.4279999784,104,146623.8906250000,195927.5937500000,169635.3906250000,147755.2656250000,119456.8593750000,151560.8437500000,132917.3750000000,144240.6718750000,,,
13.4319999784,104,146940.0156250000,195625.9531250000,170431.1718750000,148183.4531250000,119755.9531250000,151841.5937500000,133203.9687500000,144464.8906250000,,,
13.4359999783,104,147255.7343750000,194003.2187500000,171909.6093750000,148620.4218750000,120056.3359375000,152130.0625000000,133499.2187500000,144728.3125000000,,,
13.4399999783,105,147127.7968750000,193357.6093750000,172136.1562500000,148462.4687500000,119934.6718750000,152015.4218750000,133386.2500000000,144659.2187500000,,,
13.4439999782,105,146732.8437500000,194533.8125000000,170650.9062500000,147905.5312500000,119563.5078125000,151657.1093750000,133029.5312500000,144349.4843750000,,,
13.4479999782,105,146620.6718750000,195968.8906250000,169644.0625000000,147752.6093750000,119455.5781250000,151547.7812500000,132923.5937500000,144233.9843750000,,,
13.4519999782,105,146937.3906250000,195685.7656250000,170425.5468750000,148185.7968750000,119752.6562500000,151835.3906250000,133204.4687500000,144460.0156250000,,,
13.4559999781,105,147257.6093750000,194032.3125000000,171902.8750000000,148625.1093750000,120058.8828125000,152136.0625000000,133502.6250000000,144731.0468750000,,,
13.4599999781,105,147137.9062500000,193355.7031250000,172144.6562500000,148463.4062500000,119945.8281250000,152031.0000000000,133396.8437500000,144672.9062500000,,,
13.4639999783,105,146748.6875000000,194548.1093750000,170671.2968750000,147917.5937500000,119578.3125000000,151671.4062500000,133040.0312500000,144369.3281250000,,,
13.4679999782,105,146633.5156250000,196031.9843750000,169658.2187500000,147759.0000000000,119467.6953125000,151560.5468750000,132933.5468750000,144254.3906250000,,,
13.4719999782,105,146950.7187500000,195765.3437500000,170431.1718750000,148185.9218750000,119769.9843750000,151855.0625000000,133225.8281250000,144482.0625000000,,,
13.4759999781,105,147271.3437500000,194068.2500000000,171901.9375000000,148628.7343750000,120074.9765625000,152154.8750000000,133523.3125000000,144749.1562500000,,,
13.4799999781,105,147152.6875000000,193334.4843750000,172152.9687500000,148472.8750000000,119963.2109375000,152054.2968750000,133424.1250000000,144689.8593750000,,,
13.4839999783,105,146755.0000000000,194517.8437500000,170687.4062500000,147920.9843750000,119589.3593750000,151696.7812500000,133068.1406250000,144379.8125000000,,,
13.4879999782,105,146632.4375000000,196020.5312500000,169665.4375000000,147752.5312500000,119473.6015625000,151580.4531250000,132957.7656250000,144255.1562500000,,,
13.4919999782,105,146943.2031250000,195759.8125000000,170423.7968750000,148179.7812500000,119767.0078125000,151868.6875000000,133236.0468750000,144473.6875000000,,,
13.4959999782,105,147266.2500000000,194026.8125000000,171890.2812500000,148626.7968750000,120073.3437500000,152175.7968750000,133532.7968750000,144739.6406250000,,,
13.4999999781,105,147155.3750000000,193260.2656250000,172155.5781250000,148477.1562500000,119968.8125000000,152076.3593750000,133436.5937500000,144686.5000000000,,,
13.5039999781,105,146762.0781250000,194463.6718750000,170707.5312500000,147927.4375000000,119599.1562500000,151722.5000000000,133083.3906250000,144385.3906250000,,,
13.5079999783,105,146641.1875000000,196032.4687500000,169681.6562500000,147762.9375000000,119485.8046875000,151613.2812500000,132973.7187500000,144268.4843750000,,,
13.5119999782,105,146961.2812500000,195798.1718750000,170424.1718750000,148195.7656250000,119787.8437500000,151903.2500000000,133260.5000000000,144492.8750000000,,,
13.5159999782,105,147292.4062500000,194027.0781250000,171886.1093750000,148653.6562500000,120103.2187500000,152215.9218750000,133566.8593750000,144766.1562500000,,,
13.5199999781,105,147163.5468750000,193219.7343750000,172160.2343750000,148496.2343750000,119984.3750000000,152101.8437500000,133457.5156250000,144699.1406250000,,,
13.5239999781,105,146750.5625000000,194448.5625000000,170722.1718750000,147928.7343750000,119597.5937500000,151723.1718750000,133076.1093750000,144382.7656250000,,,
13.5279999783,105,146623.9375000000,196048.9843750000,169679.7343750000,147752.0312500000,119475.9609375000,151602.3906250000,132948.1406250000,144259.8437500000,,,
13.5319999782,105,146940.6562500000,195807.1093750000,170401.2656250000,148172.7031250000,119774.2734375000,151894.1562500000,133250.5000000000,144483.4531250000,,,
13.5359999782,105,147274.5625000000,193989.3437500000,171854.3593750000,148627.5468750000,120090.6406250000,152199.5781250000,133569.1406250000,144756.9843750000,,,
13.5399999782,105,147163.1406250000,193158.7187500000,172152.2656250000,148492.6406250000,119983.5937500000,152095.5937500000,133469.1250000000,144704.7187500000,,,
13.5439999781,105,146754.2187500000,194406.8281250000,170733.2187500000,147922.2343750000,119597.8125000000,151719.4375000000,133095.5468750000,144390.8125000000,,,
13.5479999781,105,146624.5625000000,196056.8125000000,169690.0625000000,147738.3125000000,119473.7343750000,151597.4218750000,132959.6875000000,144265.2343750000,,,
13.5519999783,105,146947.2031250000,195837.0156250000,170398.5937500000,148166.6875000000,119774.1171875000,151889.5781250000,133246.4218750000,144490.7031250000,,,
13.5559999782,105,147293.8750000000,193976.2031250000,171845.2187500000,148635.5468750000,120102.5781250000,152207.5000000000,133566.2031250000,144770.6718750000,,,
13.5599999782,105,147179.7968750000,193096.5468750000,172154.2031250000,148496.2031250000,119996.0937500000,152105.7031250000,133467.3906250000,144716.8906250000,,,
13.5639999781,105,146757.4375000000,194387.1718750000,170752.3125000000,147930.1718750000,119597.3828125000,151719.8906250000,133085.5468750000,144393.8750000000,,,
13.5679999781,106,146615.0156250000,196131.2187500000,169707.6562500000,147741.2656250000,119460.9375000000,151582.8593750000,132951.5156250000,144254.4531250000,,,
13.5719999780,106,146934.3593750000,195932.9062500000,170394.4062500000,148167.3593750000,119763.6015625000,151870.7968750000,133229.7656250000,144471.4687500000,,,
13.5759999780,106,147281.1093750000,193993.9375000000,171822.2187500000,148635.4843750000,120092.9218750000,152191.1406250000,133544.2812500000,144749.6718750000,,,
13.5799999780,106,147172.6718750000,193051.4843750000,172142.4531250000,148505.5937500000,119989.5468750000,152092.5625000000,133454.6406250000,144702.4375000000,,,
13.5839999779,106,146742.1406250000,194379.9531250000,170762.4843750000,147932.0625000000,119582.0703125000,151695.2500000000,133068.1875000000,144374.6093750000,,,
13.5879999779,106,146593.2500000000,196204.5781250000,169712.4062500000,147733.8125000000,119439.3984375000,151548.2031250000,132924.3437500000,144231.5156250000,,,
13.5919999781,106,146920.7500000000,196021.4218750000,170380.1875000000,148152.2187500000,119750.8046875000,151844.1093750000,133211.9062500000,144458.0625000000,,,
13.5959999780,106,147277.8906250000,194027.6718750000,171797.7656250000,148629.2656250000,120090.3203125000,152174.1093750000,133537.5781250000,144745.8593750000,,,
13.5999999780,106,147171.9218750000,193044.1562500000,172130.4687500000,148503.6875000000,119989.2500000000,152076.0625000000,133447.1093750000,144701.3906250000,,,
13.6039999779,106,146743.5156250000,194403.6875000000,170766.9687500000,147929.5937500000,119583.7343750000,151679.2968750000,133060.8906250000,144375.9843750000,,,
13.6079999779,106,146589.9375000000,196295.9687500000,169714.4062500000,147724.2343750000,119435.5156250000,151531.5000000000,132913.8750000000,144227.5468750000,,,
13.6119999781,106,146912.5000000000,196129.4062500000,170367.8750000000,148145.9062500000,119740.9062500000,151824.3437500000,133197.7968750000,144445.0000000000,,,
13.6159999780,106,147281.6250000000,194077.7187500000,171790.8125000000,148631.2031250000,120092.3046875000,152165.3906250000,133535.3437500000,144741.8125000000,,,
13.6199999780,106,147178.5468750000,193025.3593750000,172140.8437500000,148504.7812500000,119991.5312500000,152073.2031250000,133443.7500000000,144700.3750000000,,,
13.6239999780,106,146748.8593750000,194363.2656250000,170787.2187500000,147927.9531250000,119581.7734375000,151675.0312500000,133051.3750000000,144377.6718750000,,,
13.6279999779,106,146594.0312500000,196270.7812500000,169729.0781250000,147722.0156250000,119430.9765625000,151522.9218750000,132902.0312500000,144229.9062500000,,,
13.6319999779,106,146914.6093750000,196113.4687500000,170371.7187500000,148144.5937500000,119735.2187500000,151811.9843750000,133185.7031250000,144444.5156250000,,,
13.6359999781,106,147286.8281250000,194026.1406250000,171783.5468750000,148631.9843750000,120090.8046875000,152158.0312500000,133527.0937500000,144742.1875000000,,,
13.6399999780,106,147184.6562500000,192922.7187500000,172138.3437500000,148516.7187500000,119993.2500000000,152063.9687500000,133437.3750000000,144699.3281250000,,,
13.6439999780,106,146751.4218750000,194251.9843750000,170798.3437500000,147938.0312500000,119581.8828125000,151662.9843750000,133042.0156250000,144372.9218750000,,,
13.6479999779,106,146584.3281250000,196195.7343750000,169733.7187500000,147716.0625000000,119421.0781250000,151502.6093750000,132885.7968750000,144214.9375000000,,,
13.6519999779,106,146908.5312500000,196055.8281250000,170357.3906250000,148137.3281250000,119729.9140625000,151799.9375000000,133175.9375000000,144431.0000000000,,,
13.6559999781,106,147281.0000000000,193951.3437500000,171762.4687500000,148628.5156250000,120084.5546875000,152150.3125000000,133514.0468750000,144729.0156250000,,,
13.6599999780,106,147178.8437500000,192829.7500000000,172129.2656250000,148514.5781250000,119982.9765625000,152057.5312500000,133426.9843750000,144688.0312500000,,,
13.6639999780,106,146736.5937500000,194200.1718750000,170806.1562500000,147939.1875000000,119563.4765625000,151648.7656250000,133026.4218750000,144358.2187500000,,,
13.6679999779,106,146573.6562500000,196224.4531250000,169744.1093750000,147712.2968750000,119410.6484375000,151491.9843750000,132874.7187500000,144209.3437500000,,,
13.6719999779,106,146901.3593750000,196113.9843750000,170352.7812500000,148126.2812500000,119725.1328125000,151790.5468750000,133168.6718750000,144428.7656250000,,,
13.6759999779,106,147281.3281250000,193946.7812500000,171741.5781250000,148620.7968750000,120088.0390625000,152142.7812500000,133514.1875000000,144725.4218750000,,,
13.6799999780,106,147188.0937500000,192774.3593750000,172129.1250000000,148512.1875000000,119995.6875000000,152059.3125000000,133432.0000000000,144691.9531250000,,,
13.6839999780,106,146740.5625000000,194188.1718750000,170837.2656250000,147929.4531250000,119567.6093750000,151646.7031250000,133025.2187500000,144359.0312500000,,,
13.6879999780,106,146570.7343750000,196286.1250000000,169767.5781250000,147700.7343750000,119402.8671875000,151487.8281250000,132865.7656250000,144203.6250000000,,,
13.6919999779,106,146903.1093750000,196197.4218750000,170355.2968750000,148123.1406250000,119718.3203125000,151796.7187500000,133162.8125000000,144425.6250000000,,,
13.6959999779,107,147291.5937500000,193993.4218750000,171737.3593750000,148633.0781250000,120091.2343750000,152160.3750000000,133521.8281250000,144730.9218750000,,,
13.6999999778,107,147193.7031250000,192781.7656250000,172131.6250000000,148529.8906250000,119995.7187500000,152070.5625000000,133438.5468750000,144693.3750000000,,,
13.7039999778,107,146741.0156250000,194218.9375000000,170847.9687500000,147942.3281250000,119565.4140625000,151657.8593750000,133029.2187500000,144361.7656250000,,,
13.7079999777,107,146566.7500000000,196387.1875000000,169772.3437500000,147707.7656250000,119399.2734375000,151499.9531250000,132870.1406250000,144206.1250000000,,,
13.7119999777,107,146901.2343750000,196330.3750000000,170350.3906250000,148126.6562500000,119722.1093750000,151807.1718750000,133175.0000000000,144431.2968750000,,,
13.7159999777,107,147293.5625000000,194073.9218750000,171727.9218750000,148637.3750000000,120100.5156250000,152179.2812500000,133536.4531250000,144741.6406250000,,,
13.7199999779,107,147198.1250000000,192785.3593750000,172130.6875000000,148537.6406250000,120008.7031250000,152103.7500000000,133458.5000000000,144713.4531250000,,,
13.7239999778,107,146746.2812500000,194219.6093750000,170862.0468750000,147951.3125000000,119578.7421875000,151691.7812500000,133053.8125000000,144382.9531250000,,,
13.7279999778,107,146573.8437500000,196438.8437500000,169785.4062500000,147713.1093750000,119415.4218750000,151531.6406250000,132899.3437500000,144227.7031250000,,,
13.7319999777,107,146902.0937500000,196414.3593750000,170346.6875000000,148127.4218750000,119728.2500000000,151839.0156250000,133193.6406250000,144446.5781250000,,,
13.7359999777,107,147296.5937500000,194147.5156250000,171723.3125000000,148641.3593750000,120107.0859375000,152218.3593750000,133560.9062500000,144759.9062500000,,,
13.7399999779,107,147204.9062500000,192825.7968750000,172140.0468750000,148547.0312500000,120022.0546875000,152144.8437500000,133492.6562500000,144731.8906250000,,,
13.7439999778,107,146755.8593750000,194181.5000000000,170860.6562500000,147961.0781250000,119595.1875000000,151730.7656250000,133086.4218750000,144401.0000000000,,,
13.7479999778,107,146576.8437500000,196334.9843750000,169758.7812500000,147717.9687500000,119424.8125000000,151559.1250000000,132916.8281250000,144238.7812500000,,,
13.7519999777,107,146891.0312500000,196347.5937500000,170325.1718750000,148118.1406250000,119725.8593750000,151848.4062500000,133204.6875000000,144447.7656250000,,,
13.7559999777,107,147273.1406250000,194172.3750000000,171728.5156250000,148618.6250000000,120092.6015625000,152204.3593750000,133554.4531250000,144746.0468750000,,,
13.7599999777,107,147203.4531250000,192845.2031250000,172162.4687500000,148541.4062500000,120027.2890625000,152137.4375000000,133477.5156250000,144726.2187500000,,,
13.7639999778,107,146773.7968750000,194074.2968750000,170866.5000000000,147969.0625000000,119619.1093750000,151744.0156250000,133091.9531250000,144407.8750000000,,,
13.7679999778,107,146596.4531250000,196147.3906250000,169741.8281250000,147722.1406250000,119447.1796875000,151575.9375000000,132944.2187500000,144250.3281250000,,,
13.7719999778,107,146906.2968750000,196264.0000000000,170329.0937500000,148127.6718750000,119741.7968750000,151857.4218750000,133224.0781250000,144464.7031250000,,,
13.7759999777,107,147292.4843750000,194227.5312500000,171758.4375000000,148640.1875000000,120110.9687500000,152219.0312500000,133575.1562500000,144770.6093750000,,,
13.7799999777,107,147231.9375000000,192915.2031250000,172200.5000000000,148564.4687500000,120053.0390625000,152166.8593750000,133529.3906250000,144759.5156250000,,,
13.7839999779,107,146798.2031250000,194115.5781250000,170904.0000000000,147987.0625000000,119640.0312500000,151764.0781250000,133134.0312500000,144435.9062500000,,,
13.7879999778,107,146602.1406250000,196208.9218750000,169764.0937500000,147730.1875000000,119450.2890625000,151580.4218750000,132945.2656250000,144262.8125000000,,,
13.7919999778,107,146901.6875000000,196304.8437500000,170321.4687500000,148124.5000000000,119734.8750000000,151851.3281250000,133211.1250000000,144461.2031250000,,,
13.7959999777,107,147290.9531250000,194179.7343750000,171735.4843750000,148634.9062500000,120107.5390625000,152208.8437500000,133568.5781250000,144764.1562500000,,,
13.7999999777,107,147224.7031250000,192804.5000000000,172188.3437500000,148555.4062500000,120044.5859375000,152151.7812500000,133513.2968750000,144747.2343750000,,,
13.8039999777,107,146781.7968750000,194037.9687500000,170918.0000000000,147971.2187500000,119623.5859375000,151746.2031250000,133112.4531250000,144417.6406250000,,,
13.8079999778,107,146582.7968750000,196217.9062500000,169786.7812500000,147705.4062500000,119430.0156250000,151551.7968750000,132922.7656250000,144239.0000000000,,,
13.8119999778,107,146890.0156250000,196340.8906250000,170321.8281250000,148102.1406250000,119719.6640625000,151826.6250000000,133190.9062500000,144440.6562500000,,,
13.8159999778,107,147291.2812500000,194146.1250000000,171714.0468750000,148622.3750000000,120103.5937500000,152200.5000000000,133558.4375000000,144751.6718750000,,,
13.8199999777,107,147229.2968750000,192718.6718750000,172175.3125000000,148554.7343750000,120043.3828125000,152144.5156250000,133504.9843750000,144740.4375000000,,,
13.8239999777,108,146778.7343750000,194025.0937500000,170929.3750000000,147976.9843750000,119614.5468750000,151726.5468750000,133098.6875000000,144409.0781250000,,,
13.8279999776,108,146570.1875000000,196348.4218750000,169804.3125000000,147701.7812500000,119414.5390625000,151524.5000000000,132903.3437500000,144226.5000000000,,,
13.8319999776,108,146871.4531250000,196534.5000000000,170315.5468750000,148085.7968750000,119701.7500000000,151796.7187500000,133167.4843750000,144420.3750000000,,,
13.8359999775,108,147278.1093750000,194261.6718750000,171681.0312500000,148607.8593750000,120093.9687500000,152171.6875000000,133535.2500000000,144731.2968750000,,,
13.8399999775,108,147222.9375000000,192728.3906250000,172151.6562500000,148550.8125000000,120040.7812500000,152119.0625000000,133488.1093750000,144728.2968750000,,,
13.8439999775,108,146766.3593750000,194027.2500000000,170931.2812500000,147961.2968750000,119603.5000000000,151694.1250000000,133072.6093750000,144394.7812500000,,,
13.8479999776,108,146556.8593750000,196381.2031250000,169804.6093750000,147685.3437500000,119400.1640625000,151488.7187500000,132870.4375000000,144209.0625000000,,,
13.8519999776,108,146859.6875000000,196546.8281250000,170297.3906250000,148071.6093750000,119687.5078125000,151761.5468750000,133134.3281250000,144402.0781250000,,,
13.8559999776,108,147267.0625000000,194226.3437500000,171653.3281250000,148604.1093750000,120074.8125000000,152142.8281250000,133503.3750000000,144713.5625000000,,,
13.8599999775,108,147215.1875000000,192665.5468750000,172132.2031250000,148547.6718750000,120021.1718750000,152096.7500000000,133460.5937500000,144711.4218750000,,,
13.8639999775,108,146770.0625000000,193966.0937500000,170920.7343750000,147968.3750000000,119595.3984375000,151686.8281250000,133058.0312500000,144391.0781250000,,,
13.8679999777,108,146546.6093750000,196354.9218750000,169783.6718750000,147683.2343750000,119382.2187500000,151474.3906250000,132853.4531250000,144199.9218750000,,,
13.8719999776,108,146843.5312500000,196567.4062500000,170272.5000000000,148067.4531250000,119668.8359375000,151748.3593750000,133122.7500000000,144390.8437500000,,,
13.8759999776,108,147258.0625000000,194259.7656250000,171637.7500000000,148603.1406250000,120069.2656250000,152139.5625000000,133505.4687500000,144710.2656250000,,,
13.8799999775,108,147208.1250000000,192668.8906250000,172132.9062500000,148558.1875000000,120021.8125000000,152095.4687500000,133465.4531250000,144710.8281250000,,,
13.8839999775,108,146762.0000000000,193911.6718750000,170923.9062500000,147975.7187500000,119596.9296875000,151680.4218750000,133056.8437500000,144385.4218750000,,,
13.8879999775,108,146540.5468750000,196278.8750000000,169769.1875000000,147686.2500000000,119382.1640625000,151466.2968750000,132842.9687500000,144192.5781250000,,,
13.8919999776,108,146828.7343750000,196555.1250000000,170243.6875000000,148056.7031250000,119657.6796875000,151729.3437500000,133099.2968750000,144378.5781250000,,,
13.8959999776,108,147234.1406250000,194323.5156250000,171614.6250000000,148579.0625000000,120048.2109375000,152114.6875000000,133473.4687500000,144690.3437500000,,,
13.8999999776,108,147194.7187500000,192743.7812500000,172125.3906250000,148538.4531250000,120009.5859375000,152085.0000000000,133443.8593750000,144700.2343750000,,,
13.9039999775,108,146753.1718750000,193975.4531250000,170925.2187500000,147961.0468750000,119588.1562500000,151676.5468750000,133043.0000000000,144381.1250000000,,,
13.9079999775,108,146526.2343750000,196369.6250000000,169763.4687500000,147666.4687500000,119369.1015625000,151456.2968750000,132829.1250000000,144184.1562500000,,,
13.9119999777,108,146825.3750000000,196649.3750000000,170234.2031250000,148049.6718750000,119653.4687500000,151724.8593750000,133093.1406250000,144376.6250000000,,,
13.9159999776,108,147247.8281250000,194376.6562500000,171618.7343750000,148590.1875000000,120058.9375000000,152115.1562500000,133478.1093750000,144698.9531250000,,,
13.9199999776,108,147213.4375000000,192738.9062500000,172151.6562500000,148546.8750000000,120027.1015625000,152082.4218750000,133452.4687500000,144709.8437500000,,,
13.9239999775,108,146767.8906250000,193944.9531250000,170962.9843750000,147971.2187500000,119603.8984375000,151668.4531250000,133050.0312500000,144387.1875000000,,,
13.9279999775,108,146534.8437500000,196346.4218750000,169786.9687500000,147671.6718750000,119378.4843750000,151446.9843750000,132830.2031250000,144187.8281250000,,,
13.9319999774,108,146829.9687500000,196653.5312500000,170238.0312500000,148046.1093750000,119657.2500000000,151720.4062500000,133088.3125000000,144380.7031250000,,,
13.9359999776,108,147246.7968750000,194366.2187500000,171603.0937500000,148584.5000000000,120057.4921875000,152113.4531250000,133467.0937500000,144700.1250000000,,,
13.9399999776,108,147205.9062500000,192684.8281250000,172132.5000000000,148552.2656250000,120019.7812500000,152078.7031250000,133438.2500000000,144707.0781250000,,,
13.9439999775,108,146746.6250000000,193912.4531250000,170953.1406250000,147967.5468750000,119580.5390625000,151657.0000000000,133028.0156250000,144376.1718750000,,,
13.9479999775,108,146512.6562500000,196404.0000000000,169777.6093750000,147664.9843750000,119354.7734375000,151441.1406250000,132813.5156250000,144177.7656250000,,,
13.9519999775,109,146804.1093750000,196766.6875000000,170216.9218750000,148036.8437500000,119632.0390625000,151710.0468750000,133073.1562500000,144363.6406250000,,,
13.9559999774,109,147228.9375000000,194406.1093750000,171564.4062500000,148584.2812500000,120039.0859375000,152108.9843750000,133457.9218750000,144685.7812500000,,,
13.9599999774,109,147199.8125000000,192636.3593750000,172103.7500000000,148559.1093750000,120010.3125000000,152094.1250000000,133439.8906250000,144704.8437500000,,,
13.9639999773,109,146745.3437500000,193925.9687500000,170961.3906250000,147969.9531250000,119575.9218750000,151678.4531250000,133033.1406250000,144381.6093750000,,,
13.9679999773,109,146502.7812500000,196610.0000000000,169803.7812500000,147654.3125000000,119342.3828125000,151448.2500000000,132805.5781250000,144177.0937500000,,,
13.9719999772,109,146800.4062500000,197061.2187500000,170222.0937500000,148024.2500000000,119627.5546875000,151725.8281250000,133073.4531250000,144365.2500000000,,,
13.9759999774,109,147241.1250000000,194626.0000000000,171556.2812500000,148583.9375000000,120052.3125000000,152146.2812500000,133482.9062500000,144698.2031250000,,,
13.9799999774,109,147219.1250000000,192766.2343750000,172111.8437500000,148572.2187500000,120030.6640625000,152131.6718750000,133470.4375000000,144720.6718750000,,,
13.9839999774,109,146755.9062500000,194118.1250000000,170997.5312500000,147979.8281250000,119591.0234375000,151705.8750000000,133059.5781250000,144393.2812500000,,,
13.9879999773,109,146514.6406250000,196966.6562500000,169847.6562500000,147666.7812500000,119362.0703125000,151480.7187500000,132843.6406250000,144193.2500000000,,,
13.9919999773,109,146819.8750000000,197539.3906250000,170264.1250000000,148047.8437500000,119652.5000000000,151762.7031250000,133114.0781250000,144389.3906250000,,,
13.9959999775,109,147271.9687500000,195048.4218750000,171589.4062500000,148613.6875000000,120087.7734375000,152196.2812500000,133530.5468750000,144731.4218750000,,,
13.9999999774,109,147257.9687500000,193038.9531250000,172151.0156250000,148614.3593750000,120073.4218750000,152186.7031250000,133526.3906250000,144760.0468750000,,,
14.0039999774,109,146785.2187500000,194340.1250000000,171045.2187500000,148015.8750000000,119619.5390625000,151747.8125000000,133097.5625000000,144425.6875000000,,,
14.0079999773,109,146525.6875000000,197249.0937500000,169891.2031250000,147676.1718750000,119373.5234375000,151503.7343750000,132861.7968750000,144209.0937500000,,,
14.0119999773,109,146833.8750000000,197811.2187500000,170294.7031250000,148051.8906250000,119674.3359375000,151787.5156250000,133144.1250000000,144404.3125000000,,,
14.0159999772,109,147299.8593750000,195181.7187500000,171614.0937500000,148626.2968750000,120123.6328125000,152229.2812500000,133570.4531250000,144756.5312500000,,,
14.0199999774,109,147288.0781250000,193024.5312500000,172181.9843750000,148621.0625000000,120112.6875000000,152224.3906250000,133563.1093750000,144791.5937500000,,,
14.0239999774,109,146806.3281250000,194256.6875000000,171084.0000000000,148020.2187500000,119648.6093750000,151776.3281250000,133119.7656250000,144448.8281250000,,,
14.0279999773,109,146542.7187500000,197164.6718750000,169920.8125000000,147681.5156250000,119393.5312500000,151523.8750000000,132878.9375000000,144230.1718750000,,,
14.0319999773,109,146843.0781250000,197703.5312500000,170307.2031250000,148046.1875000000,119680.7500000000,151806.0312500000,133157.9062500000,144422.5468750000,,,
14.0359999773,109,147296.8593750000,195001.6093750000,171615.6093750000,148612.5781250000,120118.4296875000,152233.2968750000,133576.1250000000,144759.1875000000,,,
14.0399999775,109,147287.5781250000,192754.9375000000,172188.2968750000,148613.5312500000,120109.6328125000,152223.4062500000,133573.7812500000,144789.2500000000,,,
14.0439999774,109,146818.4531250000,193940.4687500000,171105.2656250000,148025.3437500000,119661.5156250000,151784.5937500000,133145.7812500000,144459.0468750000,,,
14.0479999774,109,146541.9531250000,196872.3125000000,169936.2343750000,147680.2968750000,119395.2500000000,151516.7500000000,132877.4375000000,144228.7343750000,,,
14.0519999773,109,146836.3125000000,197513.3125000000,170309.4375000000,148032.0468750000,119674.9218750000,151786.7187500000,133145.7343750000,144412.6406250000,,,
14.0559999773,109,147310.9375000000,194873.3281250000,171612.9843750000,148616.8281250000,120131.6796875000,152230.1875000000,133583.3906250000,144767.4843750000,,,
14.0599999772,109,147305.8437500000,192628.1562500000,172197.3593750000,148625.3281250000,120124.8671875000,152225.7343750000,133584.3593750000,144801.9218750000,,,
14.0639999774,109,146820.5937500000,193863.3125000000,171130.3281250000,148024.2968750000,119656.0156250000,151775.8281250000,133140.4687500000,144461.7656250000,,,
14.0679999774,109,146536.4531250000,196941.1093750000,169966.5468750000,147669.0625000000,119379.4765625000,151503.2500000000,132870.9687500000,144226.6562500000,,,
14.0719999773,109,146833.0937500000,197676.8437500000,170320.5312500000,148032.0781250000,119664.4375000000,151771.3750000000,133129.3906250000,144407.3593750000,,,
14.0759999773,109,147303.7968750000,195012.2656250000,171597.1406250000,148620.0937500000,120120.0625000000,152210.2656250000,133556.1875000000,144753.2343750000,,,
14.0799999773,110,147304.3593750000,192731.7187500000,172184.5156250000,148637.5312500000,120118.9140625000,152213.5781250000,133561.7656250000,144794.8593750000,,,
14.0839999772,110,146820.6875000000,194048.5937500000,171145.9843750000,148042.9062500000,119652.3671875000,151758.2500000000,133121.1406250000,144458.9375000000,,,
14.0879999772,110,146527.5468750000,197228.4687500000,169981.2968750000,147682.2031250000,119372.0234375000,151475.5781250000,132851.0156250000,144215.5937500000,,,
14.0919999771,110,146817.0000000000,197980.2031250000,170313.3437500000,148033.6250000000,119652.9062500000,151743.2656250000,133109.2500000000,144388.7187500000,,,
14.0959999771,110,147291.7343750000,195212.6406250000,171574.5000000000,148619.1562500000,120108.9609375000,152187.9687500000,133536.7656250000,144735.6718750000,,,
14.0999999770,110,147295.0000000000,192779.5312500000,172162.5937500000,148635.6250000000,120109.1484375000,152197.8750000000,133541.9687500000,144780.1406250000,,,
14.1039999772,110,146810.2968750000,194004.3593750000,171135.9843750000,148048.6250000000,119641.0468750000,151745.6406250000,133101.6406250000,144444.3281250000,,,
14.1079999772,110,146504.5000000000,197243.6718750000,169974.6718750000,147672.6562500000,119344.6640625000,151452.1406250000,132816.6718750000,144191.9062500000,,,
14.1119999771,110,146792.2500000000,198049.8125000000,170298.4843750000,148013.2187500000,119623.9921875000,151717.0000000000,133069.5312500000,144362.8906250000,,,
14.1159999771,110,147271.9843750000,195200.6875000000,171544.0781250000,148601.1250000000,120087.9296875000,152169.1093750000,133512.0468750000,144712.2500000000,,,
14.1199999771,110,147277.9218750000,192630.4531250000,172129.6875000000,148628.9687500000,120091.7421875000,152180.0000000000,133528.4375000000,144758.5781250000,,,
14.1239999773,110,146786.1093750000,193824.4218750000,171120.8593750000,148028.2187500000,119617.7656250000,151722.1718750000,133084.2031250000,144421.4531250000,,,
14.1279999772,110,146481.8906250000,197140.2187500000,169972.7656250000,147647.2343750000,119324.4453125000,151430.8593750000,132802.7812500000,144177.5000000000,,,
14.1319999772,110,146772.0468750000,198024.8593750000,170288.2656250000,147994.7343750000,119604.0078125000,151696.6093750000,133057.0000000000,144348.5468750000,,,
14.1359999771,110,147270.1406250000,195128.9843750000,171516.9843750000,148592.4687500000,120087.0468750000,152162.4062500000,133511.1562500000,144707.2812500000,,,
14.1399999771,110,147291.2500000000,192442.4687500000,172108.6093750000,148632.7343750000,120106.0078125000,152180.2187500000,133535.5937500000,144764.1562500000,,,
14.1439999770,110,146798.7968750000,193612.5468750000,171122.1406250000,148035.5937500000,119628.8437500000,151716.3593750000,133088.4687500000,144430.2968750000,,,
14.1479999772,110,146485.8593750000,197041.8281250000,169987.9375000000,147647.8750000000,119321.5156250000,151414.7656250000,132792.4531250000,144178.5937500000,,,
14.1519999772,110,146781.8906250000,198027.8750000000,170296.8593750000,147995.1406250000,119603.9531250000,151682.5625000000,133048.3906250000,144352.2968750000,,,
14.1559999771,110,147291.5468750000,195113.7812500000,171510.9531250000,148598.9375000000,120099.1718750000,152162.0937500000,133509.5937500000,144719.1093750000,,,
14.1599999771,110,147316.2187500000,192340.9375000000,172098.0312500000,148641.3593750000,120122.8281250000,152187.7812500000,133538.7812500000,144778.7968750000,,,
14.1639999771,110,146825.8593750000,193461.4843750000,171122.0937500000,148043.7187500000,119649.8203125000,151725.2968750000,133096.5625000000,144445.5781250000,,,
14.1679999772,110,146507.1250000000,196846.8906250000,169974.4218750000,147651.0468750000,119341.1250000000,151418.5000000000,132800.0156250000,144192.4687500000,,,
14.1719999772,110,146785.9531250000,197860.8125000000,170277.5937500000,147989.2343750000,119610.8984375000,151671.6718750000,133045.7656250000,144358.5000000000,,,
14.1759999772,110,147279.7968750000,195113.8281250000,171523.7500000000,148592.6875000000,120092.2500000000,152137.3593750000,133501.4687500000,144717.4218750000,,,
14.1799999771,110,147310.3750000000,192449.2812500000,172135.8593750000,148646.6718750000,120124.5703125000,152172.5156250000,133540.8437500000,144779.6562500000,,,
14.1839999771,110,146832.8593750000,193414.0937500000,171126.4687500000,148061.6875000000,119666.8515625000,151729.6875000000,133111.4531250000,144450.8906250000,,,
14.1879999770,110,146513.6250000000,196593.6093750000,169932.7656250000,147667.7812500000,119357.8046875000,151424.6875000000,132814.9843750000,144196.0000000000,,,
14.1919999772,110,146772.4218750000,197649.0000000000,170245.3750000000,147987.5156250000,119606.2578125000,151659.3906250000,133039.2812500000,144351.0312500000,,,
14.1959999772,110,147265.4687500000,195102.7812500000,171534.6718750000,148584.4218750000,120081.7890625000,152122.2031250000,133486.0781250000,144712.3281250000,,,
14.1999999771,110,147308.5781250000,192519.0156250000,172168.0625000000,148646.8593750000,120117.5703125000,152165.2812500000,133532.9687500000,144779.4375000000,,,
14.2039999771,110,146841.4218750000,193404.5625000000,171148.8281250000,148071.0468750000,119667.3906250000,151732.5312500000,133115.3437500000,144454.2812500000,,,
14.2079999771,111,146518.1250000000,196538.2500000000,169935.6406250000,147673.5468750000,119354.8281250000,151425.2343750000,132815.8750000000,144197.2656250000,,,
14.2119999770,111,146773.4687500000,197612.2031250000,170232.2187500000,147991.8750000000,119600.7343750000,151658.0468750000,133040.5625000000,144353.7656250000,,,
14.2159999770,111,147260.0312500000,195009.9218750000,171500.9531250000,148588.6093750000,120072.4843750000,152115.0937500000,133484.9531250000,144708.2343750000,,,
14.2199999769,111,147309.0625000000,192322.8125000000,172137.3593750000,148660.5156250000,120120.0937500000,152165.1718750000,133534.3281250000,144779.6250000000,,,
14.2239999769,111,146833.7500000000,193257.1093750000,171154.7656250000,148081.7500000000,119663.3125000000,151724.2500000000,133103.7343750000,144453.1718750000,,,
14.2279999768,111,146499.2187500000,196571.5156250000,169968.7343750000,147671.4218750000,119337.3437500000,151406.1875000000,132791.8750000000,144189.2187500000,,,
14.2319999770,111,146757.0312500000,197725.3906250000,170250.6406250000,147980.7343750000,119585.4765625000,151642.0937500000,133020.6562500000,144337.8125000000,,,
14.2359999770,111,147254.9843750000,195030.4687500000,171486.7812500000,148577.3125000000,120068.3828125000,152112.0937500000,133476.8281250000,144694.3125000000,,,
14.2399999769,111,147308.3125000000,192228.9531250000,172118.3906250000,148653.8593750000,120118.4296875000,152167.5781250000,133531.3593750000,144771.5312500000,,,
14.2439999769,111,146820.6250000000,193178.4375000000,171162.1093750000,148066.2187500000,119645.8515625000,151715.7343750000,133089.2968750000,144439.8750000000,,,
14.2479999769,111,146473.5468750000,196621.1250000000,169989.3125000000,147646.9843750000,119307.3828125000,151385.5312500000,132763.4062500000,144165.5937500000,,,
14.2519999770,111,146736.7031250000,197841.7187500000,170254.1562500000,147966.7968750000,119561.9531250000,151623.4531250000,132990.8593750000,144318.5312500000,,,
14.2559999770,111,147243.5781250000,195060.5625000000,171461.4687500000,148577.7187500000,120057.0625000000,152103.1562500000,133461.5312500000,144680.5000000000,,,
14.2599999770,111,147300.7187500000,192141.2187500000,172093.8281250000,148652.4375000000,120113.3359375000,152163.8593750000,133529.6562500000,144760.3125000000,,,
14.2639999769,111,146815.2968750000,193105.2656250000,171171.2812500000,148065.3906250000,119644.2656250000,151709.7656250000,133092.7812500000,144432.0937500000,,,
14.2679999769,111,146466.1250000000,196658.4375000000,170016.5156250000,147641.0625000000,119305.4765625000,151382.4687500000,132772.2031250000,144163.6250000000,,,
14.2719999768,111,146715.3750000000,197933.5937500000,170256.4843750000,147947.3906250000,119545.8046875000,151611.9687500000,132992.4687500000,144303.3281250000,,,
14.2759999770,111,147232.0468750000,195104.1562500000,171441.7500000000,148558.6718750000,120048.1562500000,152098.9687500000,133461.8593750000,144669.9531250000,,,
14.2799999770,111,147303.0312500000,192100.4843750000,172079.3750000000,148648.7968750000,120115.2109375000,152167.9375000000,133529.1875000000,144763.5937500000,,,
14.2839999769,111,146813.5468750000,193029.3750000000,171171.0468750000,148062.2031250000,119638.9843750000,151708.9218750000,133082.1406250000,144435.3437500000,,,
14.2879999769,111,146459.0937500000,196613.8593750000,170016.2968750000,147634.2968750000,119290.9687500000,151372.9531250000,132748.2812500000,144158.4062500000,,,
14.2919999768,111,146718.0625000000,197929.8593750000,170253.6406250000,147942.9218750000,119539.4765625000,151610.2187500000,132976.4843750000,144305.3906250000,,,
14.2959999770,111,147244.8750000000,195105.1406250000,171439.5625000000,148564.3593750000,120051.9140625000,152108.1718750000,133459.9531250000,144679.0781250000,,,
14.2999999770,111,147320.3437500000,192086.6718750000,172087.8125000000,148658.5312500000,120123.9531250000,152183.7656250000,133533.6875000000,144777.7031250000,,,
14.3039999770,111,146825.5937500000,192993.7031250000,171185.2500000000,148074.0468750000,119644.3515625000,151721.1562500000,133083.4843750000,144446.1718750000,,,
14.3079999769,111,146460.5156250000,196553.8906250000,170015.9218750000,147637.3906250000,119289.7343750000,151377.6406250000,132747.0781250000,144164.5468750000,,,
14.3119999769,111,146716.4218750000,197898.2343750000,170242.7343750000,147938.6250000000,119537.7031250000,151612.8750000000,132972.2500000000,144313.0312500000,,,
14.3159999768,111,147232.7187500000,195144.0937500000,171434.1562500000,148550.5468750000,120042.8437500000,152097.8281250000,133445.6250000000,144677.1406250000,,,
14.3199999770,111,147304.0156250000,192139.8750000000,172086.8281250000,148650.1406250000,120111.5859375000,152167.2968750000,133518.4062500000,144767.5000000000,,,
14.3239999770,111,146826.9375000000,192979.1406250000,171186.2500000000,148070.7187500000,119649.6328125000,151720.1093750000,133086.9062500000,144449.4687500000,,,
14.3279999769,111,146462.2031250000,196496.5156250000,170006.9062500000,147625.0468750000,119295.9296875000,151372.1718750000,132749.5468750000,144164.8906250000,,,
14.3319999769,111,146707.7656250000,197872.1875000000,170224.5625000000,147921.8906250000,119531.8828125000,151597.0312500000,132968.4843750000,144302.7031250000,,,
14.3359999768,112,147227.1718750000,195158.3906250000,171417.7187500000,148551.5312500000,120036.2187500000,152089.3437500000,133443.6250000000,144670.4687500000,,,
14.3399999768,112,147309.8125000000,192150.8281250000,172092.0781250000,148656.7656250000,120114.7265625000,152168.7656250000,133524.3593750000,144767.7656250000,,,
14.3439999768,112,146823.6250000000,192963.2187500000,171199.2812500000,148068.7187500000,119644.8046875000,151711.2656250000,133083.8750000000,144435.5468750000,,,
14.3479999767,112,146457.9687500000,196455.4687500000,170001.8906250000,147625.4218750000,119291.3671875000,151362.6250000000,132747.6093750000,144148.9843750000,,,
14.3519999767,112,146688.6875000000,197848.7187500000,170202.0625000000,147910.3281250000,119514.3671875000,151579.4531250000,132951.3281250000,144276.7187500000,,,
14.3559999766,112,147201.5000000000,195223.9062500000,171410.6406250000,148531.5781250000,120013.6875000000,152069.1250000000,133422.7812500000,144643.3906250000,,,
14.3599999768,112,147288.8281250000,192288.1562500000,172106.3281250000,148646.7343750000,120097.8046875000,152156.5625000000,133512.3437500000,144746.5781250000,,,
14.3639999768,112,146825.5625000000,193025.5000000000,171211.7031250000,148080.5625000000,119650.9765625000,151725.9375000000,133096.1406250000,144436.1406250000,,,
14.3679999767,112,146456.6562500000,196390.5468750000,169985.3750000000,147633.4375000000,119294.3750000000,151376.8437500000,132757.5312500000,144150.9375000000,,,
14.3719999767,112,146683.0781250000,197788.0468750000,170177.2343750000,147907.1718750000,119511.3125000000,151583.9375000000,132957.3125000000,144279.5625000000,,,
14.3759999766,112,147204.8593750000,195200.5781250000,171388.1406250000,148528.7968750000,120018.6484375000,152073.0156250000,133430.0937500000,144652.8125000000,,,
14.3799999768,112,147303.1562500000,192196.0781250000,172085.7031250000,148652.4218750000,120111.8828125000,152164.2656250000,133523.0937500000,144761.9218750000,,,
14.3839999768,112,146830.8750000000,192910.8593750000,171209.0937500000,148085.1093750000,119654.1640625000,151721.5625000000,133095.4687500000,144443.8437500000,,,
14.3879999768,112,146454.4843750000,196446.3593750000,170017.0156250000,147631.0000000000,119288.1250000000,151363.9218750000,132749.0625000000,144156.2812500000,,,
14.3919999767,112,146682.1718750000,197966.9843750000,170204.5781250000,147898.6093750000,119505.8671875000,151570.7968750000,132950.2500000000,144281.1093750000,,,
14.3959999767,112,147212.1562500000,195213.6406250000,171364.2968750000,148527.1562500000,120021.0390625000,152072.0156250000,133429.2187500000,144650.6406250000,,,
14.3999999766,112,147304.7968750000,191962.7187500000,172030.2343750000,148657.0625000000,120107.9687500000,152167.7187500000,133511.7656250000,144754.9843750000,,,
14.4039999768,112,146808.3437500000,192726.7968750000,171199.2343750000,148079.5781250000,119626.0000000000,151704.9531250000,133057.9375000000,144429.7343750000,,,
14.4079999768,112,146412.6406250000,196525.5937500000,170047.5937500000,147609.6875000000,119239.9765625000,151324.3750000000,132693.4375000000,144129.2968750000,,,
14.4119999767,112,146661.3906250000,198148.9218750000,170215.4531250000,147896.1875000000,119479.9531250000,151546.2031250000,132912.4843750000,144262.6562500000,,,
14.4159999767,112,147230.1406250000,195243.2031250000,171333.5781250000,148554.6718750000,120035.4453125000,152083.7968750000,133434.3125000000,144657.2968750000,,,
14.4199999766,112,147351.2812500000,191836.5312500000,172011.0781250000,148704.6718750000,120151.9843750000,152202.9687500000,133552.2968750000,144788.0156250000,,,
14.4239999768,112,146848.2343750000,192643.3593750000,171228.6250000000,148117.0000000000,119662.4531250000,151731.1093750000,133099.1718750000,144463.9531250000,,,
14.4279999768,112,146436.7187500000,196583.6562500000,170097.3437500000,147632.9843750000,119263.4453125000,151342.0781250000,132723.7187500000,144153.3593750000,,,
14.4319999767,112,146683.9218750000,198262.1250000000,170245.7812500000,147917.0937500000,119503.1328125000,151570.5781250000,132940.5937500000,144283.9218750000,,,
14.4359999767,112,147258.8750000000,195303.3593750000,171343.0468750000,148576.1875000000,120067.6562500000,152117.5937500000,133468.0000000000,144684.1718750000,,,
14.4399999767,112,147366.9375000000,191817.1093750000,172015.8750000000,148711.5000000000,120171.6718750000,152223.3750000000,133572.0468750000,144803.5781250000,,,
14.4439999766,112,146855.5781250000,192594.0312500000,171240.8593750000,148120.2187500000,119671.2265625000,151742.7968750000,133106.1718750000,144473.7812500000,,,
14.4479999768,112,146433.3125000000,196573.6562500000,170107.2187500000,147616.3125000000,119258.9687500000,151342.9375000000,132714.5937500000,144155.5781250000,,,
14.4519999768,112,146675.7656250000,198315.4218750000,170248.4687500000,147884.3125000000,119496.4218750000,151565.0468750000,132929.9687500000,144281.7500000000,,,
14.4559999767,112,147256.6250000000,195389.1093750000,171346.8281250000,148545.6875000000,120065.4531250000,152116.0937500000,133460.0000000000,144687.2500000000,,,
14.4599999767,112,147371.8281250000,191876.5625000000,172021.3750000000,148698.2031250000,120174.4843750000,152228.8281250000,133570.2187500000,144810.7187500000,,,
14.4639999766,113,146866.3906250000,192582.9062500000,171249.1406250000,148110.5000000000,119682.4062500000,151752.4062500000,133113.8906250000,144481.5000000000,,,
14.4679999766,113,146445.8906250000,196486.3750000000,170095.9531250000,147613.7343750000,119275.1171875000,151351.5312500000,132724.8125000000,144163.6093750000,,,
14.4719999766,113,146677.4531250000,198243.5156250000,170227.5468750000,147881.1406250000,119501.8984375000,151566.7187500000,132926.5625000000,144286.5312500000,,,
14.4759999765,113,147245.7343750000,195428.5937500000,171343.2031250000,148536.2968750000,120057.1953125000,152103.6093750000,133448.7656250000,144682.8750000000,,,
14.4799999765,113,147372.8750000000,191988.2812500000,172047.9062500000,148698.7656250000,120179.1015625000,152224.0156250000,133574.3281250000,144813.0468750000,,,
14.4839999764,113,146878.8906250000,192600.5312500000,171266.1562500000,148121.7656250000,119699.5234375000,151760.9375000000,133125.9375000000,144487.8281250000,,,
14.4879999766,113,146459.5781250000,196367.9218750000,170082.5937500000,147629.0156250000,119289.9765625000,151362.5156250000,132737.2812500000,144166.6875000000,,,
14.4919999766,113,146686.2187500000,198119.7656250000,170208.5000000000,147892.5000000000,119507.7187500000,151569.6718750000,132931.6093750000,144289.3437500000,,,
14.4959999765,113,147248.2812500000,195407.6250000000,171346.5156250000,148532.7968750000,120060.0078125000,152100.4843750000,133449.6875000000,144684.1093750000,,,
14.4999999765,113,147386.1718750000,191994.9843750000,172072.2343750000,148706.4843750000,120196.3203125000,152234.8281250000,133578.8593750000,144824.8437500000,,,
14.5039999764,113,146893.1562500000,192547.7343750000,171294.0937500000,148139.8437500000,119714.8671875000,151773.7031250000,133126.7968750000,144498.9375000000,,,
14.5079999766,113,146465.9062500000,196291.2500000000,170103.6875000000,147636.0000000000,119298.7187500000,151368.0937500000,132742.4375000000,144174.0625000000,,,
14.5119999766,113,146685.8437500000,198076.1406250000,170218.0000000000,147890.2656250000,119511.7109375000,151567.7343750000,132941.0000000000,144293.1562500000,,,
14.5159999765,113,147249.8281250000,195338.8437500000,171336.5625000000,148543.1406250000,120062.7968750000,152100.9843750000,133458.1875000000,144684.0000000000,,,
14.5199999765,113,147385.2343750000,191849.1250000000,172054.3125000000,148722.5312500000,120196.5859375000,152231.0781250000,133591.9687500000,144817.0781250000,,,
14.5239999765,113,146889.0781250000,192421.6406250000,171304.2968750000,148142.5312500000,119717.8984375000,151769.4375000000,133148.8437500000,144495.5625000000,,,
14.5279999764,113,146453.5937500000,196321.9062500000,170137.8593750000,147623.2187500000,119292.4140625000,151357.7187500000,132745.5156250000,144172.5156250000,,,
14.5319999766,113,146669.8593750000,198214.1718750000,170237.4218750000,147871.0937500000,119503.0234375000,151558.1875000000,132933.3750000000,144284.2968750000,,,
14.5359999766,113,147241.4375000000,195396.5937500000,171314.6250000000,148532.3906250000,120063.1718750000,152099.2500000000,133455.2343750000,144673.6250000000,,,
14.5399999765,113,147385.4218750000,191769.5156250000,172021.6718750000,148715.5312500000,120201.0937500000,152240.6250000000,133592.0312500000,144815.3750000000,,,
14.5439999765,113,146881.7812500000,192363.4375000000,171305.1562500000,148140.0000000000,119708.9609375000,151772.5156250000,133134.4375000000,144494.7031250000,,,
14.5479999764,113,146437.2656250000,196415.9062500000,170162.7500000000,147620.6718750000,119274.4453125000,151351.9218750000,132723.0937500000,144164.2812500000,,,
14.5519999766,113,146652.7187500000,198395.8593750000,170245.4375000000,147868.3593750000,119481.4296875000,151546.3906250000,132909.1406250000,144267.2187500000,,,
14.5559999766,113,147244.9843750000,195493.3750000000,171299.5468750000,148545.7968750000,120059.6640625000,152105.3593750000,133447.3750000000,144669.0156250000,,,
14.5599999765,113,147399.5625000000,191714.7031250000,172003.0937500000,148728.7187500000,120207.3437500000,152253.8125000000,133597.0468750000,144818.7343750000,,,
14.5639999765,113,146887.5000000000,192264.6093750000,171303.2656250000,148148.2343750000,119708.5312500000,151770.5625000000,133135.0781250000,144492.8750000000,,,
14.5679999765,113,146426.6718750000,196411.5156250000,170175.4375000000,147620.2812500000,119258.9921875000,151331.1718750000,132711.4843750000,144152.2812500000,,,
14.5719999764,113,146639.1250000000,198481.4843750000,170251.3906250000,147855.7656250000,119464.7734375000,151530.0312500000,132900.8437500000,144257.5312500000,,,
14.5759999766,113,147233.4218750000,195562.2812500000,171283.8281250000,148530.3750000000,120046.6796875000,152099.8125000000,133446.8593750000,144662.1250000000,,,
14.5799999766,113,147397.2812500000,191700.2187500000,171982.2968750000,148728.1875000000,120205.1718750000,152257.4375000000,133603.4218750000,144819.8906250000,,,
14.5839999765,113,146887.0937500000,192202.0625000000,171296.9687500000,148149.1250000000,119706.7109375000,151777.5937500000,133137.6562500000,144497.1406250000,,,
14.5879999765,113,146417.8125000000,196374.3593750000,170172.3125000000,147610.6718750000,119246.2578125000,151328.4843750000,132698.2343750000,144151.1250000000,,,
14.5919999764,114,146624.1562500000,198502.5625000000,170245.0000000000,147843.4687500000,119446.6718750000,151514.2812500000,132877.5312500000,144250.7187500000,,,
14.5959999764,114,147219.2812500000,195609.2187500000,171275.7031250000,148519.0312500000,120029.3281250000,152076.7343750000,133419.7968750000,144651.5781250000,,,
14.5999999763,114,147386.2812500000,191710.1718750000,171978.8906250000,148722.4218750000,120192.3515625000,152237.7187500000,133581.1093750000,144809.4062500000,,,
14.6039999763,114,146883.4531250000,192153.0781250000,171303.4843750000,148151.0312500000,119702.2343750000,151762.3281250000,133128.7500000000,144490.0625000000,,,
14.6079999763,114,146418.4375000000,196298.1093750000,170175.7031250000,147613.0937500000,119250.6562500000,151320.0000000000,132697.4218750000,144146.2500000000,,,
14.6119999762,114,146619.8593750000,198464.2656250000,170240.0781250000,147839.5156250000,119447.3437500000,151507.6250000000,132867.7812500000,144241.0625000000,,,
14.6159999764,114,147212.6875000000,195639.9218750000,171277.3593750000,148513.7500000000,120023.9062500000,152072.4531250000,133423.4531250000,144643.0156250000,,,
14.6199999764,114,147390.5156250000,191761.8281250000,171997.5156250000,148732.0781250000,120194.1718750000,152247.2187500000,133597.0625000000,144810.4531250000,,,
14.6239999763,114,146899.6250000000,192138.4843750000,171328.6406250000,148162.5312500000,119714.8671875000,151785.9687500000,133150.6718750000,144499.4218750000,,,
14.6279999763,114,146433.5312500000,196161.9843750000,170174.4843750000,147622.0468750000,119260.2265625000,151341.6562500000,132720.0937500000,144154.3281250000,,,
14.6319999762,114,146621.5781250000,198327.6875000000,170231.8906250000,147841.0156250000,119443.6406250000,151514.7343750000,132882.9843750000,144244.6875000000,,,
14.6359999764,114,147204.8281250000,195674.9531250000,171305.0937500000,148510.1718750000,120015.6718750000,152067.9375000000,133414.6562500000,144642.8125000000,,,
14.6399999764,114,147384.2656250000,191927.3750000000,172052.5781250000,148727.7031250000,120188.2187500000,152241.7500000000,133582.2031250000,144806.0156250000,,,
14.6439999763,114,146910.1875000000,192196.2343750000,171362.6562500000,148178.3593750000,119723.2031250000,151798.0000000000,133150.2187500000,144499.7656250000,,,
14.6479999763,114,146443.0781250000,196072.2187500000,170174.0156250000,147633.0156250000,119267.8203125000,151352.8437500000,132719.2812500000,144152.6406250000,,,
14.6519999763,114,146619.7812500000,198233.4843750000,170219.3437500000,147838.4531250000,119440.0156250000,151518.0312500000,132874.0312500000,144239.5625000000,,,
14.6559999762,114,147192.2187500000,195653.2500000000,171295.4375000000,148500.6250000000,120001.5390625000,152064.1093750000,133397.0781250000,144632.7187500000,,,
14.6599999764,114,147382.3593750000,191906.5000000000,172053.2500000000,148727.4062500000,120186.6093750000,152247.2500000000,133582.0000000000,144804.7812500000,,,
14.6639999764,114,146910.3750000000,192137.7343750000,171375.4843750000,148186.8906250000,119725.4609375000,151803.7500000000,133155.3125000000,144499.9843750000,,,
14.6679999763,114,146446.5625000000,196027.5781250000,170193.0000000000,147638.1875000000,119271.9765625000,151362.2500000000,132725.2656250000,144158.3437500000,,,
14.6719999763,114,146624.6406250000,198247.3593750000,170235.2656250000,147842.7031250000,119442.3281250000,151523.0468750000,132878.5625000000,144243.3437500000,,,
14.6759999762,114,147198.0156250000,195654.5937500000,171300.1875000000,148494.5937500000,120004.8906250000,152067.2187500000,133406.4218750000,144630.9218750000,,,
14.6799999764,114,147393.4375000000,191843.7187500000,172060.6406250000,148729.7968750000,120196.5312500000,152259.0000000000,133597.7343750000,144808.4843750000,,,
14.6839999764,114,146920.0781250000,192062.6093750000,171402.7812500000,148184.0468750000,119735.3828125000,151818.1718750000,133171.6718750000,144509.0000000000,,,
14.6879999763,114,146440.6093750000,196039.1406250000,170227.5937500000,147625.5625000000,119266.9375000000,151363.8593750000,132726.7187500000,144156.8437500000,,,
14.6919999763,114,146615.7812500000,198343.0312500000,170257.6093750000,147826.5937500000,119437.6015625000,151524.9218750000,132878.7500000000,144241.2031250000,,,
14.6959999762,114,147199.4687500000,195738.6250000000,171302.6875000000,148493.0156250000,120011.7812500000,152080.3906250000,133414.5156250000,144635.6250000000,,,
14.6999999762,114,147404.5781250000,191855.0625000000,172062.9062500000,148740.7656250000,120213.8046875000,152280.7187500000,133612.5937500000,144818.4687500000,,,
14.7039999764,114,146939.5781250000,192044.6562500000,171429.7968750000,148207.6562500000,119764.2734375000,151845.8281250000,133202.1718750000,144527.1718750000,,,
14.7079999764,114,146462.0781250000,196057.6562500000,170270.1093750000,147649.2968750000,119299.4687500000,151396.7187500000,132770.3281250000,144179.4375000000,,,
14.7119999763,114,146636.8906250000,198399.7812500000,170290.6250000000,147837.4531250000,119466.6015625000,151556.3437500000,132923.1406250000,144262.8437500000,,,
14.7159999763,114,147225.3750000000,195813.5156250000,171325.7500000000,148503.0156250000,120038.1250000000,152119.8125000000,133456.0312500000,144662.1250000000,,,
14.7199999762,115,147418.8906250000,191937.1406250000,172091.2500000000,148743.4843750000,120228.7187500000,152321.3906250000,133641.7187500000,144840.9375000000,,,
14.7239999762,115,146949.9062500000,192117.1093750000,171462.4062500000,148203.0156250000,119771.3515625000,151891.6093750000,133222.3125000000,144548.9843750000,,,
14.7279999761,115,146474.1718750000,196086.2500000000,170284.5625000000,147647.1562500000,119304.6484375000,151439.7968750000,132794.5000000000,144199.4375000000,,,
14.7319999761,115,146637.1718750000,198409.0156250000,170279.5781250000,147832.2812500000,119463.1093750000,151585.4062500000,132943.3281250000,144269.0468750000,,,
14.7359999761,115,147214.1093750000,195891.1875000000,171323.1250000000,148494.7812500000,120030.8281250000,152133.3281250000,133474.0156250000,144660.7031250000,,,
14.7399999760,115,147415.1093750000,192073.2500000000,172103.7812500000,148742.6718750000,120228.2656250000,152337.9062500000,133664.2500000000,144844.8593750000,,,
14.7439999762,115,146966.0625000000,192200.9218750000,171483.0000000000,148221.8125000000,119792.1406250000,151926.0000000000,133264.1562500000,144568.4531250000,,,
14.7479999762,115,146484.9687500000,196052.3906250000,170277.0312500000,147669.8125000000,119319.0000000000,151472.5781250000,132821.5937500000,144214.2500000000,,,
14.7519999761,115,146641.6250000000,198343.8125000000,170255.0156250000,147831.1562500000,119470.2734375000,151616.3593750000,132959.2343750000,144285.8281250000,,,
14.7559999761,115,147213.5468750000,195925.1562500000,171313.2812500000,148486.2500000000,120030.1562500000,152158.5781250000,133483.1875000000,144679.2656250000,,,
14.7599999760,115,147412.6406250000,192213.4062500000,172122.0156250000,148736.0468750000,120225.2890625000,152349.0625000000,133672.8906250000,144857.3281250000,,,
14.7639999762,115,146962.9687500000,192294.8593750000,171495.7187500000,148217.7968750000,119791.3906250000,151931.9218750000,133271.2656250000,144570.1250000000,,,
14.7679999762,115,146500.8593750000,195983.7031250000,170265.0625000000,147673.0625000000,119346.3281250000,151493.0312500000,132847.5468750000,144228.9375000000,,,
14.7719999761,115,146652.3125000000,198214.9531250000,170235.3437500000,147842.0937500000,119494.1171875000,151631.5781250000,132986.6718750000,144300.9531250000,,,
14.7759999761,115,147211.0000000000,195906.7187500000,171312.1250000000,148485.6406250000,120039.4609375000,152157.9062500000,133497.0468750000,144683.3906250000,,,
14.7799999760,115,147421.2343750000,192329.8906250000,172153.8281250000,148732.1562500000,120244.7578125000,152356.9531250000,133693.1250000000,144869.2343750000,,,
14.7839999760,115,146993.2812500000,192384.7968750000,171533.2968750000,148234.3593750000,119831.3515625000,151956.6093750000,133308.6562500000,144596.6250000000,,,
14.7879999762,115,146528.6718750000,195899.5625000000,170254.1718750000,147674.6093750000,119380.4218750000,151519.7187500000,132876.8437500000,144249.8593750000,,,
14.7919999762,115,146667.4687500000,198056.5625000000,170194.1562500000,147838.0937500000,119510.6406250000,151642.1875000000,132990.4531250000,144311.7500000000,,,
14.7959999761,115,147202.8437500000,195877.7500000000,171292.4843750000,148475.3437500000,120027.6640625000,152137.8437500000,133475.2968750000,144678.4062500000,,,
14.7999999761,115,147412.5937500000,192400.5625000000,172157.5000000000,148733.3437500000,120232.6875000000,152331.7656250000,133661.9843750000,144862.0468750000,,,
14.8039999760,115,147001.1093750000,192388.3281250000,171539.3906250000,148237.3437500000,119840.0703125000,151948.2812500000,133281.5000000000,144597.4062500000,,,
14.8079999762,115,146538.4375000000,195871.8281250000,170263.5468750000,147683.4218750000,119387.4453125000,151510.7343750000,132874.3437500000,144254.0000000000,,,
14.8119999762,115,146662.3281250000,198099.7812500000,170199.0312500000,147839.2031250000,119502.1093750000,151616.2031250000,132980.2343750000,144299.8906250000,,,
14.8159999761,115,147214.0312500000,195887.6718750000,171276.2656250000,148482.0468750000,120036.4843750000,152139.2343750000,133473.6562500000,144680.5781250000,,,
14.8199999761,115,147430.7187500000,192263.0000000000,172126.0468750000,148743.3906250000,120245.8359375000,152347.9843750000,133675.8906250000,144874.0625000000,,,
14.8239999760,115,146984.3437500000,192254.8437500000,171534.5000000000,148236.8281250000,119814.6718750000,151926.9062500000,133285.5312500000,144588.2187500000,,,
14.8279999760,115,146488.9531250000,195895.0781250000,170276.6093750000,147664.5781250000,119332.7578125000,151457.8750000000,132831.4375000000,144218.1875000000,,,
14.8319999762,115,146612.2812500000,198196.5781250000,170185.9218750000,147814.7031250000,119450.3203125000,151568.0625000000,132930.1093750000,144260.6406250000,,,
14.8359999761,115,147173.0781250000,195930.4062500000,171231.3593750000,148463.0468750000,119996.6015625000,152096.6093750000,133436.8125000000,144640.4687500000,,,
14.8399999761,115,147398.2343750000,192249.1250000000,172090.1250000000,148736.8593750000,120213.8906250000,152308.1406250000,133645.3281250000,144836.8593750000,,,
14.8439999761,115,146959.5625000000,192227.8593750000,171521.2031250000,148231.3125000000,119788.0078125000,151896.5781250000,133249.3750000000,144558.4062500000,,,
14.8479999760,116,146475.9687500000,195855.1406250000,170267.0781250000,147654.8437500000,119317.4375000000,151438.6093750000,132801.1718750000,144201.8593750000,,,
14.8519999760,116,146612.1875000000,198148.4062500000,170173.0468750000,147796.4218750000,119447.6640625000,151561.0625000000,132912.8593750000,144260.2656250000,,,
14.8559999759,116,147182.9218750000,195915.5468750000,171228.9531250000,148447.9843750000,120004.1640625000,152099.2968750000,133431.2500000000,144652.9218750000,,,
14.8599999759,116,147383.5937500000,192243.8906250000,172083.2812500000,148718.6718750000,120197.7421875000,152282.7031250000,133619.2031250000,144820.9843750000,,,
14.8639999758,116,146953.4218750000,192185.6093750000,171517.7343750000,148218.2968750000,119779.2109375000,151878.5312500000,133232.5781250000,144543.8906250000,,,
14.8679999758,116,146479.1250000000,195808.7343750000,170263.7031250000,147655.8437500000,119317.6250000000,151429.3906250000,132796.0312500000,144193.9062500000,,,
14.8719999760,116,146607.6562500000,198144.7031250000,170156.4375000000,147800.1406250000,119440.8203125000,151543.8593750000,132905.8906250000,144245.2500000000,,,
14.8759999759,116,147162.1562500000,195960.8437500000,171203.0625000000,148445.5156250000,119980.5078125000,152068.8750000000,133409.9531250000,144621.2500000000,,,
14.8799999759,116,147391.4062500000,192338.0468750000,172088.3281250000,148721.5312500000,120200.9062500000,152290.7187500000,133623.2656250000,144820.9531250000,,,
14.8839999759,116,146971.5781250000,192236.8125000000,171537.1406250000,148226.2343750000,119792.5156250000,151897.0625000000,133241.2500000000,144554.9375000000,,,
14.8879999758,116,146497.8437500000,195697.3750000000,170255.5937500000,147660.3281250000,119332.9453125000,151446.2656250000,132806.4062500000,144203.6250000000,,,
14.8919999760,116,146628.3750000000,197969.5625000000,170140.2187500000,147810.7968750000,119456.5156250000,151560.6875000000,132918.6250000000,144259.9687500000,,,
14.8959999760,116,147171.5625000000,195937.1093750000,171219.0781250000,148445.9687500000,119982.4687500000,152077.3281250000,133409.7656250000,144638.0937500000,,,
14.8999999759,116,147397.7031250000,192461.2343750000,172138.2656250000,148724.5937500000,120202.9218750000,152294.5937500000,133626.0312500000,144837.7187500000,,,
14.9039999759,116,147001.2968750000,192283.5468750000,171580.9843750000,148244.2968750000,119822.5000000000,151923.1562500000,133274.9375000000,144583.8281250000,,,
14.9079999758,116,146529.5000000000,195562.5156250000,170259.0937500000,147674.4843750000,119367.1953125000,151482.3125000000,132843.3125000000,144229.3437500000,,,
14.9119999758,116,146634.2187500000,197776.9687500000,170122.8906250000,147806.6093750000,119469.9531250000,151576.2343750000,132936.9531250000,144266.3593750000,,,
14.9159999760,116,147163.1406250000,195843.6093750000,171219.6093750000,148434.7812500000,119983.4062500000,152077.6250000000,133420.6875000000,144634.0937500000,,,
14.9199999759,116,147397.5468750000,192452.8906250000,172158.8125000000,148718.2656250000,120211.6875000000,152307.8593750000,133635.9531250000,144838.9843750000,,,
14.9239999759,116,147000.0156250000,192255.2500000000,171598.6875000000,148242.7968750000,119826.5546875000,151943.7812500000,133286.3281250000,144582.9375000000,,,
14.9279999759,116,146532.3906250000,195477.7812500000,170260.3750000000,147681.1875000000,119370.0156250000,151505.7500000000,132862.8125000000,144235.3750000000,,,
14.9319999758,116,146635.3906250000,197693.8281250000,170110.1718750000,147796.7343750000,119466.3046875000,151591.3437500000,132946.6562500000,144272.7500000000,,,
14.9359999760,116,147177.8437500000,195726.3437500000,171210.0937500000,148434.2500000000,119994.9687500000,152102.1875000000,133443.8125000000,144650.3125000000,,,
14.9399999760,116,147418.0625000000,192213.5156250000,172165.8437500000,148732.2968750000,120231.5078125000,152337.5312500000,133673.1875000000,144858.3750000000,,,
14.9439999759,116,147012.7031250000,191909.6875000000,171636.7031250000,148270.3906250000,119844.5781250000,151962.7656250000,133307.9843750000,144595.2031250000,,,
14.9479999759,116,146530.4687500000,195140.4687500000,170316.1718750000,147687.6562500000,119378.7812500000,151511.7343750000,132873.7812500000,144234.6250000000,,,
14.9519999758,116,146628.7656250000,197452.6875000000,170141.5781250000,147793.1406250000,119470.0546875000,151595.9531250000,132955.6250000000,144266.6562500000,,,
14.9559999758,116,147165.2968750000,195677.1250000000,171196.8906250000,148423.2968750000,119995.3125000000,152097.0468750000,133436.9375000000,144634.1718750000,,,
14.9599999760,116,147404.2500000000,192354.8906250000,172136.3437500000,148723.8437500000,120225.5546875000,152328.1093750000,133673.9062500000,144842.6875000000,,,
14.9639999759,116,147005.5468750000,192215.4687500000,171629.8281250000,148265.8593750000,119834.3593750000,151959.2812500000,133319.7031250000,144593.7500000000,,,
14.9679999759,116,146527.1875000000,195608.9218750000,170323.2187500000,147691.4843750000,119368.1875000000,151509.0468750000,132875.1562500000,144238.8125000000,,,
14.9719999759,116,146627.7812500000,197929.0000000000,170139.6562500000,147798.0312500000,119462.6796875000,151595.2343750000,132947.4843750000,144268.5000000000,,,
14.9759999758,117,147185.2500000000,195976.6250000000,171195.3437500000,148450.4531250000,120005.3437500000,152120.0781250000,133454.6406250000,144654.5781250000,,,
14.9799999758,117,147425.5781250000,192477.8437500000,172149.0781250000,148752.2812500000,120238.2968750000,152343.4531250000,133684.0781250000,144862.8906250000,,,
14.9839999757,117,147023.7031250000,192265.5937500000,171656.6562500000,148282.1718750000,119846.9921875000,151960.6562500000,133317.3593750000,144607.0468750000,,,
14.9879999757,117,146538.5937500000,195609.6093750000,170342.1875000000,147695.6718750000,119377.9218750000,151502.1250000000,132865.7968750000,144245.5000000000,,,
14.9919999756,117,146623.6406250000,197936.0312500000,170138.0625000000,147798.3437500000,119459.9218750000,151575.7031250000,132935.0156250000,144263.7343750000,,,
14.9959999756,117,147163.7968750000,196004.6562500000,171178.5781250000,148431.2968750000,119983.9140625000,152081.8281250000,133426.4218750000,144632.7500000000,,,
14.9999999758,117,147417.7656250000,192528.8750000000,172146.4531250000,148742.2187500000,120229.3359375000,152320.5468750000,133663.6718750000,144852.0000000000,,,
15.0039999757,117,147020.4843750000,192289.8906250000,171666.4375000000,148279.4531250000,119844.1484375000,151944.5312500000,133306.5781250000,144598.1718750000,,,
15.0079999757,117,146535.0781250000,195559.3437500000,170333.7343750000,147696.0156250000,119374.2500000000,151485.9843750000,132858.5156250000,144234.8906250000,,,
15.0119999757,117,146629.3125000000,197857.6250000000,170117.3125000000,147798.5625000000,119466.0625000000,151568.6718750000,132938.8281250000,144262.7187500000,,,
15.0159999756,117,147158.5312500000,196031.0468750000,171175.3281250000,148428.0000000000,119982.3593750000,152060.4375000000,133423.4687500000,144625.1875000000,,,
15.0199999758,117,147401.2656250000,192668.5781250000,172170.9062500000,148736.5781250000,120214.6093750000,152285.8750000000,133642.0468750000,144836.5156250000,,,
15.0239999758,117,147028.2343750000,192288.0781250000,171699.7812500000,148279.7031250000,119854.5546875000,151934.9375000000,133293.5781250000,144602.5000000000,,,
15.0279999757,117,146564.3437500000,195068.3437500000,170332.4531250000,147708.5468750000,119410.1093750000,151494.0781250000,132871.4531250000,144250.0000000000,,,
15.0319999757,117,146634.9375000000,196867.4375000000,170083.1562500000,147805.9375000000,119471.8046875000,151554.6250000000,132931.5625000000,144261.6718750000,,,
15.0359999756,117,147132.1093750000,194917.6562500000,171166.6875000000,148414.7187500000,119950.8437500000,152022.1093750000,133380.4062500000,144607.1875000000,,,
15.0399999756,117,147368.6093750000,191712.7656250000,172200.6250000000,148724.1093750000,120177.5703125000,152243.8125000000,133599.2187500000,144811.2812500000,,,
15.0439999758,117,146998.3437500000,191402.4062500000,171707.5156250000,148272.2187500000,119819.8750000000,151900.4062500000,133266.3750000000,144568.4531250000,,,
15.0479999757,117,146557.1562500000,194194.1250000000,170288.7500000000,147723.0312500000,119393.0000000000,151485.5781250000,132858.2031250000,144231.0625000000,,,
15.0519999757,117,146632.7343750000,196307.2343750000,170026.0312500000,147821.7343750000,119464.3437500000,151546.6875000000,132920.8593750000,144249.8593750000,,,
15.0559999757,117,147113.1250000000,194939.2968750000,171137.6718750000,148409.5468750000,119930.5156250000,151993.4375000000,133360.5468750000,144587.4218750000,,,
15.0599999756,117,147348.9687500000,192126.1562500000,172195.5937500000,148704.8593750000,120160.3281250000,152220.2968750000,133583.7656250000,144793.5000000000,,,
15.0639999758,117,147023.0312500000,191859.8281250000,171725.6093750000,148296.9218750000,119847.8203125000,151916.3437500000,133293.6250000000,144587.0781250000,,,
15.0679999758,117,146569.3593750000,194510.0937500000,170296.5312500000,147739.0625000000,119407.2109375000,151488.8750000000,132875.6406250000,144238.2500000000,,,
15.0719999757,117,146626.4375000000,196412.6406250000,170011.8906250000,147817.2031250000,119456.5703125000,151533.5156250000,132916.5625000000,144241.9531250000,,,
15.0759999757,117,147112.4218750000,194814.7343750000,171111.3906250000,148412.4375000000,119926.0078125000,151988.3593750000,133357.7343750000,144583.9375000000,,,
15.0799999756,117,147360.5625000000,191877.7968750000,172177.9687500000,148709.9531250000,120165.7187500000,152226.5937500000,133587.8750000000,144799.9062500000,,,
15.0839999756,117,147019.8125000000,191633.5000000000,171723.3281250000,148276.3906250000,119838.6718750000,151914.0625000000,133282.4218750000,144581.7656250000,,,
15.0879999758,117,146577.8281250000,194405.2812500000,170310.8593750000,147717.6875000000,119415.2343750000,151500.8750000000,132880.3750000000,144245.8125000000,,,
15.0919999757,117,146639.8281250000,196477.3125000000,170018.4687500000,147790.2187500000,119471.7500000000,151549.1250000000,132927.5000000000,144255.9843750000,,,
15.0959999757,117,147126.5312500000,195040.4531250000,171109.4218750000,148386.0468750000,119940.7031250000,152002.4375000000,133371.0312500000,144596.5468750000,,,
15.0999999756,117,147378.4218750000,192156.0000000000,172185.2031250000,148701.1250000000,120185.1328125000,152245.6875000000,133614.0781250000,144813.2656250000,,,
15.1039999756,118,147046.1718750000,191848.9375000000,171753.1875000000,148291.2500000000,119865.2812500000,151942.1250000000,133314.2343750000,144603.0625000000,,,
15.1079999756,118,146593.4375000000,194474.4218750000,170337.8125000000,147731.2968750000,119431.4062500000,151522.1406250000,132901.6250000000,144260.7500000000,,,
15.1119999755,118,146650.0468750000,196393.1406250000,170034.0781250000,147797.7812500000,119486.1796875000,151580.0781250000,132952.0781250000,144271.5937500000,,,
15.1159999755,118,147123.0468750000,194892.7343750000,171112.8281250000,148376.5781250000,119943.6015625000,152031.9218750000,133387.8750000000,144603.7031250000,,,
15.1199999754,118,147368.3125000000,192053.4062500000,172188.7500000000,148694.5468750000,120180.7109375000,152274.1562500000,133623.8125000000,144816.2656250000,,,
15.1239999754,118,147024.3437500000,191785.3281250000,171758.4375000000,148284.5781250000,119851.3906250000,151964.7500000000,133320.6875000000,144597.0781250000,,,
15.1279999756,118,146578.9687500000,194419.7656250000,170337.6562500000,147726.2031250000,119423.7109375000,151550.4375000000,132908.5156250000,144263.4375000000,,,
15.1319999755,118,146635.3437500000,196361.7031250000,170021.3593750000,147795.1875000000,119476.6875000000,151601.3125000000,132952.5937500000,144271.7812500000,,,
15.1359999755,118,147101.4218750000,194907.6875000000,171096.2812500000,148370.9375000000,119926.5156250000,152047.0781250000,133392.2812500000,144597.1562500000,,,
15.1399999755,118,147354.4375000000,192104.2656250000,172187.3593750000,148698.3125000000,120168.1875000000,152291.2343750000,133634.7812500000,144814.3593750000,,,
15.1439999754,118,147027.2187500000,191784.9375000000,171776.0937500000,148301.1562500000,119854.5000000000,151992.1406250000,133343.7812500000,144605.9531250000,,,
15.1479999756,118,146582.1875000000,194253.8593750000,170346.2031250000,147740.3593750000,119427.0078125000,151579.4843750000,132937.3437500000,144269.0937500000,,,
15.1519999756,118,146625.9062500000,196071.0937500000,170005.0625000000,147790.4375000000,119466.2734375000,151608.3750000000,132966.5312500000,144263.5781250000,,,
15.1559999755,118,147091.9843750000,194704.8593750000,171078.7656250000,148364.7187500000,119919.6250000000,152038.6562500000,133373.9687500000,144587.8437500000,,,
15.1599999755,118,147344.0312500000,192104.6406250000,172186.9062500000,148686.0312500000,120161.0781250000,152283.6406250000,133611.7343750000,144805.0781250000,,,
15.1639999754,118,147030.2187500000,191890.0625000000,171787.7031250000,148295.5468750000,119857.0468750000,152003.7812500000,133347.2812500000,144610.0000000000,,,
15.1679999754,118,146593.0156250000,194322.0156250000,170343.8750000000,147734.0312500000,119440.9531250000,151596.7812500000,132947.1875000000,144278.9062500000,,,
15.1719999756,118,146633.8593750000,196128.0625000000,169988.0000000000,147795.5781250000,119481.0000000000,151625.6718750000,132978.8437500000,144274.0625000000,,,
15.1759999755,118,147093.9218750000,194851.7500000000,171065.1406250000,148364.3750000000,119923.4843750000,152053.8125000000,133403.6875000000,144598.0156250000,,,
15.1799999755,118,147346.6093750000,192354.7031250000,172200.7187500000,148688.3593750000,120167.6484375000,152282.9531250000,133643.8125000000,144814.1406250000,,,
15.1839999754,118,147028.5468750000,192142.7500000000,171815.5156250000,148297.0468750000,119861.2578125000,151985.2500000000,133355.2656250000,144607.1093750000,,,
15.1879999754,118,146595.8593750000,194480.0625000000,170355.3281250000,147740.3593750000,119446.3515625000,151580.2343750000,132955.7500000000,144275.7968750000,,,
15.1919999756,118,146638.2343750000,196222.0156250000,169976.4687500000,147789.7031250000,119484.8359375000,151608.5000000000,132983.6718750000,144272.2031250000,,,
15.1959999755,118,147086.4843750000,194979.8125000000,171055.4375000000,148357.1250000000,119915.6015625000,152017.5468750000,133385.6250000000,144583.2968750000,,,
15.1999999755,118,147326.7656250000,192546.1093750000,172200.5468750000,148678.7812500000,120148.2031250000,152243.7343750000,133607.3906250000,144789.2500000000,,,
15.2039999755,118,147020.4218750000,192309.3437500000,171827.5156250000,148298.8281250000,119856.2421875000,151965.8906250000,133331.7968750000,144594.2031250000,,,
15.2079999754,118,146591.7343750000,194515.8437500000,170349.5000000000,147755.9218750000,119445.3281250000,151569.2187500000,132936.0156250000,144266.8750000000,,,
15.2119999754,118,146623.2187500000,196147.1093750000,169944.2031250000,147795.7968750000,119474.5937500000,151586.4062500000,132949.4687500000,144254.4218750000,,,
15.2159999756,118,147059.7187500000,194959.4687500000,171030.6250000000,148346.2656250000,119891.0078125000,151983.0468750000,133347.7812500000,144560.8437500000,,,
15.2199999755,118,147307.0156250000,192660.9218750000,172204.7343750000,148668.8593750000,120122.3203125000,152214.0156250000,133576.9218750000,144775.0625000000,,,
15.2239999755,118,147017.4218750000,192424.3593750000,171841.7187500000,148298.7968750000,119843.3437500000,151946.6250000000,133310.8750000000,144586.0781250000,,,
15.2279999754,118,146601.7812500000,194479.7812500000,170343.6093750000,147751.6718750000,119447.1796875000,151559.6562500000,132926.7500000000,144264.3750000000,,,
15.2319999754,119,146621.6562500000,196029.3281250000,169914.9375000000,147788.2343750000,119462.5468750000,151564.4843750000,132936.6250000000,144244.2656250000,,,
15.2359999754,119,147052.2343750000,194962.3125000000,171017.9375000000,148339.0000000000,119874.3203125000,151954.2500000000,133322.0937500000,144550.1406250000,,,
15.2399999753,119,147293.8750000000,192819.2812500000,172217.9843750000,148654.3281250000,120102.6328125000,152183.1718750000,133542.6718750000,144756.7812500000,,,
15.2439999753,119,147009.2968750000,192589.5000000000,171859.6406250000,148280.2343750000,119832.8281250000,151924.2812500000,133285.9531250000,144571.1093750000,,,
15.2479999752,119,146588.6406250000,194543.0000000000,170335.2031250000,147727.0468750000,119432.3437500000,151532.8437500000,132896.4687500000,144243.5625000000,,,
15.2519999752,119,146612.5937500000,196042.1718750000,169892.9687500000,147764.2343750000,119448.9531250000,151548.6718750000,132910.9375000000,144231.6250000000,,,
15.2559999754,119,147039.2812500000,194986.1093750000,170993.5000000000,148313.9218750000,119854.8750000000,151944.4062500000,133299.5312500000,144540.1562500000,,,
15.2599999753,119,147284.4375000000,192843.5000000000,172203.2656250000,148641.7187500000,120091.1796875000,152174.9843750000,133528.3437500000,144751.4375000000,,,
15.2639999753,119,147000.4218750000,192603.5000000000,171863.3125000000,148282.0781250000,119820.8359375000,151915.2656250000,133273.7031250000,144564.0625000000,,,
15.2679999752,119,146580.5468750000,194563.4531250000,170350.1562500000,147741.5312500000,119418.9375000000,151525.1093750000,132886.4687500000,144237.7656250000,,,
15.2719999752,119,146590.0156250000,196076.1250000000,169885.7812500000,147768.2812500000,119422.3125000000,151528.2031250000,132887.4062500000,144208.7500000000,,,
15.2759999754,119,147017.2031250000,195021.1093750000,170967.7500000000,148306.7031250000,119830.7109375000,151926.7500000000,133276.0625000000,144512.3750000000,,,
15.2799999753,119,147267.6718750000,192878.1562500000,172184.1875000000,148633.5000000000,120070.8750000000,152163.5156250000,133509.5937500000,144729.3437500000,,,
15.2839999753,119,146991.8593750000,192644.7812500000,171871.9218750000,148283.2031250000,119809.4921875000,151912.7187500000,133262.6250000000,144556.9531250000,,,
15.2879999753,119,146569.3125000000,194604.9375000000,170363.7500000000,147737.3281250000,119407.6171875000,151520.5625000000,132876.9218750000,144229.8750000000,,,
15.2919999752,119,146590.3281250000,196107.7500000000,169892.2187500000,147764.6875000000,119425.9921875000,151529.7500000000,132893.9843750000,144212.6093750000,,,
15.2959999752,119,147017.8750000000,195089.2968750000,170972.9375000000,148310.2500000000,119835.7812500000,151921.9218750000,133274.0468750000,144520.0468750000,,,
15.2999999754,119,147275.7968750000,193027.6406250000,172215.8437500000,148649.5937500000,120083.0781250000,152163.1562500000,133513.0937500000,144747.2812500000,,,
15.3039999753,119,147005.8125000000,192806.5156250000,171921.1250000000,148293.6718750000,119827.2734375000,151916.6093750000,133287.5156250000,144574.4687500000,,,
15.3079999753,119,146598.2500000000,194644.6093750000,170389.4218750000,147747.7656250000,119441.5703125000,151538.8437500000,132915.2500000000,144254.3437500000,,,
15.3119999752,119,146624.1562500000,196056.2031250000,169898.0625000000,147771.6562500000,119463.9140625000,151553.7031250000,132918.0156250000,144243.7500000000,,,
15.3159999752,119,147035.0468750000,195113.1406250000,171004.0781250000,148307.4375000000,119855.4375000000,151932.6562500000,133287.4062500000,144541.0781250000,,,
15.3199999754,119,147283.2812500000,193172.0000000000,172270.7500000000,148642.0156250000,120091.6640625000,152161.9843750000,133526.4687500000,144757.2656250000,,,
15.3239999753,119,147024.3750000000,192920.3437500000,171966.8750000000,148293.8281250000,119844.0937500000,151923.5312500000,133295.3125000000,144587.1250000000,,,
15.3279999753,119,146623.7500000000,194588.0468750000,170392.9531250000,147754.6250000000,119465.7656250000,151547.4531250000,132919.5625000000,144265.5000000000,,,
15.3319999753,119,146637.0781250000,195911.1250000000,169876.0625000000,147772.2812500000,119475.3437500000,151549.0937500000,132915.5156250000,144245.2187500000,,,
15.3359999752,119,147031.7968750000,195090.9218750000,171001.0156250000,148300.3750000000,119845.2968750000,151914.2812500000,133280.6718750000,144536.3750000000,,,
15.3399999752,119,147276.5156250000,193322.3281250000,172308.2500000000,148638.5468750000,120076.0000000000,152144.5156250000,133510.7343750000,144752.7031250000,,,
15.3439999754,119,147037.6718750000,193034.7500000000,172003.4843750000,148317.3281250000,119851.2265625000,151933.9375000000,133296.7187500000,144596.0781250000,,,
15.3479999753,119,146651.0312500000,194480.1406250000,170396.9531250000,147792.3125000000,119486.5000000000,151579.5625000000,132941.8593750000,144285.3750000000,,,
15.3519999753,119,146648.0781250000,195661.3593750000,169853.4375000000,147799.0468750000,119479.6093750000,151571.0312500000,132932.1250000000,144257.3437500000,,,
15.3559999752,119,147021.2031250000,194918.4687500000,170992.0000000000,148312.1250000000,119834.2187500000,151914.0937500000,133262.1093750000,144535.6250000000,,,
15.3599999752,120,147258.5000000000,193287.0156250000,172316.6406250000,148646.5937500000,120063.2812500000,152138.7031250000,133480.4375000000,144745.7812500000,,,
15.3639999751,120,147024.1875000000,193019.0781250000,172022.5000000000,148325.6406250000,119845.4375000000,151928.2031250000,133276.0312500000,144588.6562500000,,,
15.3679999751,120,146636.7656250000,194420.5312500000,170409.7968750000,147787.1875000000,119479.5000000000,151569.4531250000,132927.0000000000,144276.0625000000,,,
15.3719999751,120,146633.5468750000,195618.7343750000,169851.5781250000,147790.1406250000,119471.2109375000,151559.6562500000,132924.3750000000,144249.0937500000,,,
15.3759999750,120,147014.7656250000,194909.1250000000,170965.7656250000,148305.0156250000,119831.6171875000,151911.4375000000,133268.4687500000,144533.8593750000,,,
15.3799999750,120,147272.2812500000,193272.5000000000,172287.7031250000,148643.3750000000,120074.4375000000,152148.7343750000,133503.2968750000,144757.9218750000,,,
15.3839999752,120,147037.4843750000,193038.7187500000,172023.6093750000,148331.4375000000,119851.7109375000,151935.0625000000,133288.5937500000,144603.5156250000,,,
15.3879999751,120,146640.5937500000,194563.9218750000,170445.7968750000,147791.1875000000,119478.7500000000,151569.4062500000,132929.3281250000,144286.8750000000,,,
15.3919999751,120,146632.5000000000,195854.5781250000,169878.1406250000,147779.9687500000,119466.3046875000,151559.0000000000,132913.2187500000,144254.0781250000,,,
15.3959999750,120,147026.1875000000,195070.9531250000,170953.9375000000,148298.8437500000,119841.6796875000,151920.4531250000,133268.0937500000,144540.9062500000,,,
15.3999999750,120,147283.9062500000,193291.3593750000,172255.8125000000,148645.2343750000,120089.5390625000,152157.9843750000,133510.8906250000,144762.8593750000,,,
15.4039999752,120,147045.8750000000,193047.9375000000,172026.2812500000,148330.7187500000,119866.0312500000,151934.5000000000,133295.7500000000,144608.7500000000,,,
15.4079999751,120,146634.7187500000,194693.5000000000,170478.5937500000,147780.6406250000,119478.6406250000,151550.3281250000,132917.9375000000,144280.6093750000,,,
15.4119999751,120,146627.2343750000,196039.8437500000,169896.4062500000,147776.8125000000,119467.9921875000,151540.7031250000,132908.0937500000,144241.3281250000,,,
15.4159999751,120,147028.5468750000,195187.1718750000,170939.7031250000,148307.1875000000,119849.1875000000,151914.6875000000,133277.8593750000,144531.1406250000,,,
15.4199999750,120,147283.7656250000,193325.9843750000,172232.0156250000,148658.9375000000,120092.0859375000,152154.6093750000,133520.0937500000,144752.9062500000,,,
15.4239999750,120,147035.4531250000,193084.5000000000,172022.5000000000,148336.4843750000,119856.8359375000,151926.2656250000,133301.3281250000,144594.8281250000,,,
15.4279999752,120,146627.9062500000,194771.0156250000,170486.1875000000,147785.5781250000,119469.2265625000,151549.6875000000,132927.2656250000,144274.7343750000,,,
15.4319999751,120,146615.8906250000,196136.7968750000,169884.3281250000,147768.2812500000,119453.2421875000,151535.6875000000,132904.5000000000,144232.4531250000,,,
15.4359999751,120,147011.0625000000,195275.1093750000,170907.4531250000,148290.5312500000,119829.0468750000,151899.7656250000,133260.0156250000,144514.4062500000,,,
15.4399999750,120,147271.2343750000,193387.1093750000,172199.6093750000,148648.0937500000,120077.0703125000,152144.5937500000,133505.5312500000,144739.7500000000,,,
15.4439999750,120,147024.0468750000,193111.8593750000,172000.6406250000,148335.5937500000,119842.4843750000,151921.0937500000,133290.4843750000,144583.1875000000,,,
15.4479999752,120,146609.7812500000,194769.0937500000,170459.9843750000,147779.8437500000,119450.6640625000,151538.7343750000,132912.3281250000,144257.3437500000,,,
15.4519999751,120,146600.1718750000,196121.8125000000,169849.4843750000,147765.8437500000,119439.9609375000,151521.4687500000,132894.2500000000,144215.5000000000,,,
15.4559999751,120,147002.1406250000,195263.6562500000,170872.8593750000,148285.0312500000,119821.3437500000,151891.3125000000,133257.6406250000,144505.3125000000,,,
15.4599999750,120,147266.1718750000,193378.2031250000,172179.9531250000,148644.7968750000,120069.9062500000,152140.3125000000,133496.8593750000,144736.0625000000,,,
15.4639999750,120,147023.0000000000,193076.4531250000,171997.1562500000,148333.0156250000,119838.2421875000,151918.1093750000,133267.7656250000,144581.3906250000,,,
15.4679999750,120,146622.1250000000,194689.8593750000,170460.0625000000,147778.5781250000,119457.9609375000,151546.7343750000,132907.9218750000,144266.6562500000,,,
15.4719999752,120,146611.3906250000,196018.5156250000,169836.3750000000,147758.2500000000,119446.4843750000,151532.4375000000,132902.4062500000,144227.3281250000,,,
15.4759999751,120,147000.8437500000,195204.4375000000,170857.8437500000,148271.7343750000,119817.4843750000,151898.4843750000,133255.5937500000,144509.9531250000,,,
15.4799999751,120,147266.1406250000,193384.5937500000,172184.0000000000,148640.0468750000,120068.7812500000,152147.2500000000,133499.2812500000,144740.5000000000,,,
15.4839999750,120,147025.5156250000,193076.4531250000,172014.9687500000,148341.0625000000,119839.6953125000,151927.8281250000,133282.4687500000,144584.2500000000,,,
15.4879999750,121,146620.4531250000,194571.6250000000,170455.0468750000,147789.2343750000,119457.5078125000,151555.5625000000,132911.8906250000,144263.8906250000,,,
15.4919999749,121,146606.5937500000,195796.2656250000,169806.7343750000,147764.4687500000,119442.8906250000,151531.1562500000,132892.7656250000,144220.4687500000,,,
15.4959999749,121,146992.6406250000,195041.5156250000,170843.7500000000,148275.7500000000,119809.3046875000,151880.7812500000,133232.0781250000,144499.8125000000,,,
15.4999999749,121,147252.5937500000,193372.7343750000,172201.9687500000,148633.1093750000,120057.4609375000,152125.1562500000,133467.7656250000,144728.0156250000,,,
15.5039999748,121,147020.9062500000,193079.1718750000,172039.9218750000,148337.0937500000,119838.3515625000,151914.1093750000,133269.4062500000,144575.0000000000,,,
15.5079999748,121,146635.0156250000,194388.7500000000,170446.2500000000,147803.5781250000,119473.5468750000,151558.1406250000,132923.0000000000,144265.5625000000,,,
15.5119999750,121,146616.9218750000,195504.2031250000,169772.1093750000,147780.5625000000,119451.7109375000,151532.7031250000,132899.5937500000,144224.2968750000,,,
15.5159999749,121,146974.8281250000,194918.4687500000,170838.8437500000,148279.6718750000,119790.3125000000,151856.3125000000,133216.7343750000,144491.4531250000,,,
15.5199999749,121,147216.6250000000,193504.5156250000,172238.1875000000,148624.8750000000,120020.1250000000,152085.1093750000,133439.6562500000,144705.0312500000,,,
15.5239999748,121,147015.5937500000,193230.6250000000,172079.7968750000,148349.1406250000,119831.9687500000,151908.1093750000,133271.8750000000,144570.2500000000,,,
15.5279999748,121,146649.6875000000,194344.0156250000,170445.9062500000,147823.2187500000,119489.7187500000,151573.2343750000,132941.0781250000,144269.3593750000,,,
15.5319999750,121,146618.3125000000,195347.1093750000,169742.7343750000,147779.4843750000,119456.7812500000,151537.6406250000,132905.6718750000,144219.0781250000,,,
15.5359999749,121,146956.0468750000,194830.5625000000,170810.7656250000,148248.1250000000,119773.2265625000,151844.2656250000,133210.4843750000,144475.1406250000,,,
15.5399999749,121,147209.1406250000,193523.6562500000,172234.2968750000,148606.4218750000,120012.0000000000,152078.2656250000,133441.3593750000,144698.1093750000,,,
15.5439999748,121,147019.4843750000,193272.0625000000,172094.8437500000,148331.4062500000,119834.3046875000,151906.0156250000,133267.1875000000,144567.5781250000,,,
15.5479999748,121,146651.9375000000,194351.8750000000,170455.8593750000,147806.7968750000,119489.7187500000,151569.4531250000,132928.7968750000,144266.1718750000,,,
15.5519999748,121,146619.1718750000,195338.6250000000,169735.5781250000,147770.1875000000,119456.1406250000,151534.6093750000,132892.8281250000,144216.1250000000,,,
15.5559999750,121,146968.7187500000,194833.2187500000,170799.8437500000,148255.1875000000,119786.2109375000,151853.6875000000,133210.5625000000,144482.8437500000,,,
15.5599999749,121,147216.6093750000,193538.1250000000,172229.8750000000,148604.9218750000,120021.5781250000,152082.2968750000,133441.3593750000,144703.2187500000,,,
15.5639999749,121,147017.7656250000,193300.9531250000,172111.2343750000,148333.8750000000,119838.4062500000,151904.2656250000,133268.0156250000,144570.6093750000,,,
15.5679999748,121,146654.4375000000,194404.7656250000,170489.8437500000,147810.4218750000,119500.3437500000,151576.4218750000,132941.7968750000,144276.3437500000,,,
15.5719999748,121,146629.9843750000,195401.6093750000,169762.3437500000,147772.7343750000,119474.1328125000,151550.4843750000,132910.9062500000,144233.4531250000,,,
15.5759999750,121,146966.9218750000,194898.7500000000,170806.9531250000,148242.1250000000,119790.2343750000,151855.9062500000,133210.3750000000,144484.7968750000,,,
15.5799999749,121,147224.9687500000,193592.7031250000,172234.6718750000,148607.2187500000,120033.6406250000,152094.7656250000,133456.3281250000,144711.6406250000,,,
15.5839999749,121,147040.2812500000,193352.6718750000,172136.9062500000,148348.8906250000,119861.9296875000,151932.0625000000,133301.0312500000,144596.5937500000,,,
15.5879999748,121,146669.3281250000,194456.5000000000,170520.8750000000,147822.7031250000,119510.1562500000,151594.2031250000,132957.6093750000,144295.1718750000,,,
15.5919999748,121,146635.3437500000,195454.6875000000,169776.7968750000,147779.3593750000,119472.2578125000,151558.9687500000,132917.2812500000,144240.4843750000,,,
15.5959999748,121,146978.3437500000,194943.5937500000,170804.2500000000,148254.7812500000,119798.2500000000,151880.7968750000,133232.8437500000,144498.0781250000,,,
15.5999999749,121,147235.0625000000,193630.5937500000,172232.4218750000,148623.5312500000,120040.9140625000,152124.7187500000,133476.5000000000,144725.9531250000,,,
15.6039999749,121,147038.1562500000,193394.0781250000,172150.1875000000,148357.2968750000,119856.1328125000,151948.9062500000,133300.7656250000,144598.1250000000,,,
15.6079999749,121,146661.3906250000,194498.5937500000,170538.6562500000,147821.8906250000,119503.7968750000,151611.8593750000,132961.0156250000,144295.0000000000,,,
15.6119999748,121,146620.4062500000,195489.2968750000,169777.6250000000,147764.7343750000,119463.9453125000,151573.7187500000,132919.4062500000,144236.6875000000,,,
15.6159999748,122,146953.1875000000,195002.7187500000,170793.4062500000,148229.6406250000,119776.4453125000,151882.5468750000,133219.9531250000,144486.1406250000,,,
15.6199999747,122,147213.0156250000,193745.1875000000,172232.3906250000,148599.1250000000,120022.5937500000,152134.4062500000,133466.2343750000,144719.0156250000,,,
15.6239999747,122,147030.8593750000,193519.6562500000,172171.0468750000,148347.7500000000,119853.0000000000,151976.5000000000,133309.4062500000,144603.7500000000,,,
15.6279999746,122,146670.2031250000,194548.5000000000,170556.2031250000,147827.9375000000,119517.7500000000,151649.8593750000,132983.8593750000,144310.5312500000,,,
15.6319999746,122,146636.3906250000,195460.0468750000,169774.0937500000,147771.6250000000,119484.4609375000,151618.1562500000,132951.3750000000,144259.9218750000,,,
15.6359999746,122,146959.9375000000,194987.3437500000,170785.7187500000,148223.7656250000,119788.1406250000,151913.3125000000,133246.2656250000,144502.9375000000,,,
15.6399999748,122,147212.4218750000,193795.8437500000,172240.1875000000,148592.1718750000,120026.4062500000,152152.2500000000,133482.3750000000,144728.7500000000,,,
15.6439999747,122,147040.4843750000,193570.2500000000,172192.5781250000,148343.5312500000,119869.8984375000,152008.5625000000,133336.0937500000,144623.4375000000,,,
15.6479999747,122,146678.8125000000,194530.5156250000,170565.5625000000,147817.9218750000,119532.5546875000,151683.0781250000,133001.5937500000,144327.0312500000,,,
15.6519999746,122,146626.2968750000,195404.3437500000,169759.4218750000,147759.1093750000,119481.8359375000,151622.3125000000,132941.5156250000,144256.2968750000,,,
15.6559999746,122,146948.7031250000,194963.1250000000,170768.8906250000,148220.1718750000,119785.1640625000,151912.9375000000,133237.8125000000,144498.4843750000,,,
15.6599999748,122,147208.2656250000,193811.7812500000,172236.8906250000,148591.0781250000,120033.1093750000,152154.3125000000,133486.4062500000,144729.3593750000,,,
15.6639999747,122,147032.9843750000,193595.5781250000,172203.2343750000,148350.2656250000,119872.2031250000,151992.6718750000,133320.7656250000,144612.9531250000,,,
15.6679999747,122,146677.9843750000,194540.9375000000,170575.9687500000,147837.9843750000,119535.9609375000,151665.6406250000,132998.3750000000,144315.7343750000,,,
15.6719999746,122,146643.8125000000,195403.0781250000,169758.8906250000,147780.5312500000,119497.2812500000,151622.1093750000,132969.7187500000,144260.5625000000,,,
15.6759999746,122,146970.0468750000,194967.7656250000,170762.9375000000,148243.2187500000,119801.4453125000,151914.2812500000,133267.5000000000,144509.9531250000,,,
15.6799999746,122,147223.6562500000,193832.5781250000,172241.7031250000,148616.4687500000,120039.4375000000,152148.4062500000,133506.2812500000,144737.4062500000,,,
15.6839999747,122,147055.6406250000,193615.0937500000,172226.3750000000,148384.2812500000,119882.9062500000,151994.0781250000,133354.8906250000,144628.1093750000,,,
15.6879999747,122,146695.6406250000,194535.7187500000,170602.1406250000,147861.8281250000,119548.8046875000,151661.6093750000,133028.8437500000,144330.5781250000,,,
15.6919999747,122,146641.8281250000,195363.6875000000,169758.5625000000,147780.7031250000,119499.5078125000,151604.5312500000,132973.5000000000,144260.9687500000,,,
15.6959999746,122,146969.4062500000,194939.9687500000,170752.4218750000,148238.5000000000,119806.0078125000,151901.5937500000,133261.3125000000,144509.4687500000,,,
15.6999999746,122,147223.0937500000,193845.0625000000,172239.8437500000,148604.1875000000,120042.7656250000,152134.9375000000,133501.0468750000,144734.8906250000,,,
15.7039999748,122,147049.7187500000,193651.0625000000,172238.6406250000,148366.5000000000,119882.2343750000,151981.0312500000,133340.6562500000,144622.6093750000,,,
15.7079999747,122,146692.8437500000,194521.7031250000,170602.8125000000,147838.7968750000,119547.9531250000,151652.2031250000,133003.4687500000,144325.8750000000,,,
15.7119999747,122,146639.3906250000,195304.5156250000,169735.9218750000,147766.7187500000,119489.6406250000,151591.5000000000,132954.9531250000,144255.6093750000,,,
15.7159999746,122,146950.8281250000,194921.6250000000,170724.9375000000,148216.9531250000,119780.7890625000,151873.9375000000,133238.1406250000,144494.4062500000,,,
15.7199999746,122,147210.0000000000,193901.5625000000,172232.5000000000,148590.6718750000,120023.6640625000,152113.9375000000,133473.6875000000,144726.6875000000,,,
15.7239999746,122,147046.8437500000,193698.5156250000,172246.9843750000,148358.6562500000,119875.3437500000,151968.7343750000,133331.5312500000,144623.2500000000,,,
15.7279999747,122,146685.5468750000,194517.4687500000,170608.3125000000,147831.4687500000,119544.7343750000,151642.8906250000,133007.8437500000,144323.3593750000,,,
15.7319999747,122,146625.8437500000,195280.2968750000,169731.0937500000,147750.3906250000,119484.4921875000,151574.3593750000,132942.6562500000,144244.5781250000,,,
15.7359999747,122,146939.0156250000,194879.1093750000,170703.3750000000,148202.9062500000,119772.2890625000,151850.1718750000,133220.0000000000,144477.7187500000,,,
15.7399999746,122,147193.5156250000,193845.4375000000,172207.3906250000,148576.8593750000,120008.5625000000,152088.4062500000,133451.2343750000,144704.9062500000,,,
15.7439999746,123,147032.1250000000,193653.6718750000,172242.3750000000,148358.7968750000,119857.7421875000,151945.4218750000,133304.6562500000,144602.2812500000,,,
15.7479999745,123,146677.9062500000,194455.9375000000,170605.1718750000,147837.4218750000,119528.9843750000,151618.2500000000,132979.0625000000,144304.3125000000,,,
15.7519999745,123,146626.5156250000,195174.8281250000,169706.0156250000,147763.3437500000,119477.2187500000,151560.9843750000,132923.8281250000,144235.5937500000,,,
15.7559999744,123,146929.5781250000,194805.1718750000,170673.0000000000,148204.3593750000,119759.6015625000,151832.4218750000,133198.1093750000,144467.3437500000,,,
15.7599999744,123,147185.2500000000,193868.7812500000,172201.7343750000,148579.0781250000,120000.6250000000,152069.9062500000,133433.7812500000,144699.4375000000,,,
15.7639999744,123,147034.7812500000,193713.0000000000,172254.5937500000,148367.2500000000,119858.0937500000,151938.5000000000,133293.1406250000,144604.8593750000,,,
15.7679999745,123,146681.5625000000,194449.4531250000,170605.8125000000,147846.0937500000,119528.8515625000,151620.0937500000,132965.2656250000,144307.4843750000,,,
15.7719999745,123,146625.0937500000,195102.0312500000,169681.7656250000,147756.9531250000,119473.2265625000,151557.2812500000,132913.2187500000,144231.7656250000,,,
15.7759999745,123,146923.7812500000,194782.8437500000,170654.1250000000,148191.6875000000,119749.6250000000,151824.2031250000,133183.2812500000,144462.4218750000,,,
15.7799999744,123,147173.4218750000,193962.6875000000,172208.2031250000,148568.7656250000,119984.8046875000,152054.6093750000,133416.2656250000,144690.6093750000,,,
15.7839999744,123,147032.9218750000,193822.6718750000,172272.3750000000,148365.0937500000,119855.7031250000,151929.6406250000,133290.0937500000,144600.7500000000,,,
15.7879999746,123,146701.3281250000,194437.3750000000,170602.4843750000,147856.4687500000,119549.6406250000,151626.7656250000,132987.6093750000,144317.9062500000,,,
15.7919999745,123,146634.0000000000,195000.0000000000,169647.3906250000,147757.9062500000,119480.7578125000,151554.1875000000,132919.5937500000,144237.1250000000,,,
15.7959999745,123,146928.9687500000,194759.5468750000,170637.0625000000,148196.3281250000,119750.9375000000,151817.6875000000,133181.7031250000,144472.6562500000,,,
15.7999999744,123,147183.2968750000,194085.9062500000,172237.5937500000,148571.0156250000,119991.3750000000,152055.5000000000,133419.4531250000,144709.1875000000,,,
15.8039999744,123,147035.3125000000,193962.4687500000,172311.5156250000,148363.5937500000,119860.5312500000,151921.3281250000,133289.3593750000,144604.1093750000,,,
15.8079999743,123,146704.1875000000,194428.8750000000,170600.4062500000,147854.4375000000,119555.7578125000,151622.8281250000,132982.0312500000,144313.0000000000,,,
15.8119999745,123,146636.8437500000,194873.2968750000,169613.2968750000,147755.7812500000,119487.8671875000,151556.7187500000,132919.9218750000,144234.6875000000,,,
15.8159999745,123,146912.2031250000,194684.8437500000,170610.4531250000,148180.3281250000,119739.6484375000,151798.2968750000,133172.5468750000,144456.7968750000,,,
15.8199999745,123,147155.0468750000,194124.0000000000,172231.0468750000,148556.6093750000,119964.7421875000,152018.8906250000,133394.8281250000,144679.4531250000,,,
15.8239999744,123,147036.5468750000,194016.4375000000,172324.1718750000,148365.6562500000,119858.2265625000,151917.7343750000,133292.5781250000,144597.4843750000,,,
15.8279999744,123,146721.3125000000,194417.5000000000,170614.8281250000,147868.8281250000,119567.7421875000,151633.9531250000,133001.8593750000,144319.9218750000,,,
15.8319999746,123,146648.7031250000,194837.2187500000,169615.9218750000,147774.0781250000,119494.7109375000,151553.8437500000,132927.4531250000,144238.4687500000,,,
15.8359999745,123,146913.4062500000,194655.7343750000,170600.0000000000,148186.6250000000,119735.5703125000,151787.4687500000,133162.5156250000,144452.2968750000,,,
15.8399999745,123,147155.6093750000,194079.3281250000,172213.2187500000,148557.5156250000,119961.8671875000,152011.3437500000,133387.0312500000,144675.2031250000,,,
15.8439999744,123,147039.9843750000,193975.2656250000,172330.1093750000,148378.3750000000,119857.7734375000,151913.0468750000,133283.8437500000,144601.0781250000,,,
15.8479999744,123,146714.3593750000,194452.2187500000,170646.9375000000,147874.7343750000,119557.3671875000,151619.3437500000,132983.5937500000,144319.8125000000,,,
15.8519999743,123,146638.4843750000,194937.7968750000,169640.2500000000,147768.4062500000,119482.7734375000,151541.6875000000,132904.4687500000,144230.8750000000,,,
15.8559999745,123,146910.2187500000,194708.4531250000,170585.3750000000,148187.0468750000,119735.1953125000,151784.0312500000,133147.8437500000,144445.1093750000,,,
15.8599999745,123,147152.7968750000,194030.2968750000,172175.9531250000,148563.9375000000,119962.1640625000,152004.7812500000,133374.2031250000,144668.2031250000,,,
15.8639999744,123,147020.7187500000,193934.0312500000,172313.5781250000,148372.3906250000,119840.0703125000,151891.1875000000,133260.3125000000,144587.0781250000,,,
15.8679999744,123,146684.8593750000,194521.4375000000,170666.1406250000,147854.6718750000,119531.5078125000,151590.5312500000,132960.7343750000,144302.9218750000,,,
15.8719999744,124,146610.1250000000,195067.3750000000,169654.5156250000,147745.9375000000,119461.1562500000,151518.8593750000,132890.8906250000,144215.9062500000,,,
15.8759999743,124,146891.3906250000,194805.4062500000,170576.2031250000,148167.0781250000,119723.1796875000,151772.3593750000,133142.8125000000,144434.9843750000,,,
15.8799999743,124,147150.6718750000,194071.8437500000,172166.3281250000,148555.7812500000,119966.3984375000,152010.5468750000,133381.0468750000,144672.4218750000,,,
15.8839999742,124,147022.1406250000,193965.3437500000,172333.5312500000,148364.7812500000,119848.3046875000,151894.0781250000,133264.3906250000,144593.3750000000,,,
15.8879999742,124,146692.9218750000,194574.9531250000,170707.6406250000,147854.6250000000,119546.1250000000,151597.7968750000,132972.6562500000,144312.2031250000,,,
15.8919999741,124,146615.6250000000,195109.3281250000,169681.2031250000,147741.4062500000,119470.1640625000,151521.4687500000,132903.0156250000,144220.9531250000,,,
15.8959999743,124,146894.0625000000,194814.7968750000,170580.7968750000,148162.4062500000,119723.2031250000,151771.7187500000,133146.8593750000,144435.4531250000,,,
15.8999999743,124,147141.1250000000,194080.8593750000,172170.6718750000,148545.2656250000,119951.7812500000,152000.9062500000,133373.7968750000,144662.3593750000,,,
15.9039999743,124,147017.9531250000,193978.4218750000,172352.9062500000,148368.4843750000,119839.8281250000,151895.2812500000,133268.0937500000,144590.1250000000,,,
15.9079999742,124,146690.4531250000,194555.6875000000,170721.2343750000,147857.8906250000,119536.1250000000,151603.2500000000,132967.0937500000,144311.0156250000,,,
15.9119999742,124,146619.9218750000,195075.6093750000,169677.6718750000,147743.0625000000,119464.9609375000,151533.7812500000,132892.4843750000,144227.4375000000,,,
15.9159999744,124,146897.7187500000,194832.3437500000,170580.3437500000,148159.0468750000,119720.7656250000,151779.6250000000,133143.7500000000,144444.3750000000,,,
15.9199999743,124,147151.9843750000,194147.1875000000,172189.8281250000,148548.3437500000,119958.0078125000,152010.6718750000,133381.6093750000,144673.4375000000,,,
15.9239999743,124,147034.6406250000,194032.2031250000,172385.6718750000,148380.8437500000,119851.6796875000,151906.8750000000,133282.2343750000,144600.3281250000,,,
15.9279999742,124,146707.7812500000,194546.5156250000,170746.4218750000,147873.2343750000,119553.7734375000,151616.5312500000,132992.4687500000,144319.4375000000,,,
15.9319999742,124,146634.7500000000,195020.4375000000,169689.7343750000,147756.3750000000,119485.8828125000,151545.3125000000,132922.3593750000,144234.8125000000,,,
15.9359999741,124,146901.0156250000,194785.9062500000,170590.8281250000,148162.5312500000,119732.7578125000,151786.3593750000,133158.1562500000,144447.5625000000,,,
15.9399999743,124,147150.7812500000,194145.0000000000,172209.2656250000,148550.3906250000,119964.1484375000,152018.1406250000,133383.8906250000,144679.3906250000,,,
15.9439999743,124,147042.2812500000,194033.6562500000,172418.7500000000,148391.3906250000,119863.9921875000,151926.0781250000,133289.5312500000,144613.2968750000,,,
15.9479999742,124,146725.3281250000,194468.2031250000,170772.3593750000,147897.2187500000,119574.6640625000,151645.7031250000,133011.0000000000,144338.8906250000,,,
15.9519999742,124,146635.1250000000,194865.4687500000,169678.3906250000,147768.8437500000,119487.1171875000,151559.6562500000,132926.2812500000,144239.9375000000,,,
15.9559999742,124,146893.8593750000,194691.9531250000,170577.6875000000,148167.9218750000,119722.0000000000,151789.9843750000,133155.4218750000,144447.5937500000,,,
15.9599999744,124,147138.1718750000,194190.1875000000,172225.4218750000,148545.5625000000,119947.4375000000,152009.4218750000,133378.2812500000,144675.1093750000,,,
15.9639999743,124,147038.6718750000,194116.0468750000,172444.2812500000,148382.0468750000,119856.6171875000,151920.2343750000,133293.6093750000,144610.3281250000,,,
15.9679999743,124,146735.7031250000,194428.1562500000,170762.1562500000,147892.3906250000,119581.0468750000,151649.2187500000,133019.9375000000,144337.5468750000,,,
15.9719999742,124,146648.8281250000,194722.5468750000,169643.5156250000,147769.7031250000,119498.9453125000,151562.5000000000,132932.9218750000,144239.2500000000,,,
15.9759999742,124,146893.1562500000,194626.4531250000,170565.5312500000,148161.9531250000,119725.2187500000,151776.5937500000,133138.3593750000,144442.2343750000,,,
15.9799999741,124,147126.5000000000,194288.0156250000,172251.1093750000,148533.3281250000,119938.0234375000,151991.2343750000,133361.7031250000,144662.8750000000,,,
15.9839999743,124,147032.2500000000,194237.9531250000,172476.0468750000,148388.0312500000,119849.9375000000,151915.2187500000,133285.0156250000,144599.7656250000,,,
15.9879999743,124,146740.0312500000,194419.2187500000,170766.4218750000,147904.6093750000,119587.5390625000,151657.9687500000,133026.6718750000,144335.0312500000,,,
15.9919999742,124,146656.3906250000,194644.6875000000,169628.8437500000,147777.7500000000,119508.7656250000,151574.2343750000,132944.6250000000,144246.2968750000,,,
15.9959999742,124,146887.8125000000,194598.7656250000,170551.4531250000,148155.1406250000,119716.5000000000,151772.5781250000,133148.9843750000,144442.7656250000,,,
15.9999999742,125,147126.7812500000,194305.9062500000,172246.8437500000,148534.3750000000,119937.2734375000,151989.0781250000,133366.3906250000,144668.9531250000,,,
16.0039999741,125,147041.3437500000,194257.1406250000,172488.5156250000,148394.3125000000,119864.0781250000,151918.4062500000,133289.9531250000,144611.0000000000,,,
16.0079999741,125,146747.2500000000,194463.6875000000,170793.4687500000,147907.2500000000,119596.4687500000,151660.1406250000,133027.6406250000,144342.9843750000,,,
16.0119999740,125,146661.0156250000,194701.7343750000,169644.3750000000,147778.2343750000,119512.2265625000,151574.4687500000,132943.5468750000,144247.2343750000,,,
16.0159999740,125,146896.2656250000,194624.6250000000,170543.3750000000,148153.5312500000,119724.6796875000,151783.1718750000,133151.8750000000,144445.6875000000,,,
16.0199999739,125,147129.2500000000,194284.6562500000,172225.9843750000,148534.0000000000,119939.3125000000,151998.1562500000,133365.1875000000,144667.2968750000,,,
16.0239999741,125,147035.0937500000,194235.7656250000,172482.9062500000,148394.0156250000,119857.1562500000,151916.7968750000,133287.1718750000,144605.3125000000,,,
16.0279999741,125,146736.9218750000,194491.3281250000,170807.4375000000,147909.7343750000,119588.5859375000,151653.8906250000,133018.6250000000,144337.5000000000,,,
16.0319999740,125,146643.4375000000,194770.8906250000,169649.7187500000,147769.4062500000,119498.0078125000,151563.3125000000,132928.4218750000,144236.0312500000,,,
16.0359999740,125,146870.9687500000,194670.3281250000,170512.3750000000,148145.0156250000,119703.8125000000,151762.7031250000,133133.6093750000,144421.6093750000,,,
16.0399999740,125,147124.6562500000,194270.9531250000,172182.1562500000,148528.5312500000,119937.9453125000,151994.0156250000,133365.9687500000,144656.5468750000,,,
16.0439999742,125,147039.7343750000,194206.7343750000,172462.4218750000,148384.2031250000,119861.0468750000,151922.0312500000,133292.1875000000,144606.7656250000,,,
16.0479999741,125,146747.1875000000,194504.8593750000,170819.9062500000,147910.4843750000,119598.1875000000,151656.5937500000,133028.4062500000,144348.4375000000,,,
16.0519999741,125,146655.5625000000,194824.3750000000,169661.3593750000,147768.0312500000,119508.3593750000,151564.1406250000,132930.7187500000,144247.4218750000,,,
16.0559999740,125,146889.8906250000,194710.3750000000,170506.6875000000,148139.5000000000,119718.1640625000,151768.4687500000,133149.4531250000,144434.2343750000,,,
16.0599999740,125,147139.9218750000,194274.8437500000,172168.9218750000,148532.0156250000,119950.0703125000,151998.9062500000,133386.1093750000,144664.3750000000,,,
16.0639999739,125,147050.0625000000,194197.3437500000,172465.3906250000,148398.9687500000,119867.9140625000,151930.3437500000,133299.8750000000,144613.4062500000,,,
16.0679999741,125,146743.4375000000,194494.8593750000,170825.5781250000,147911.7968750000,119589.4687500000,151652.0937500000,133020.3125000000,144341.1093750000,,,
16.0719999741,125,146651.4375000000,194796.7968750000,169647.7343750000,147768.4375000000,119503.7968750000,151560.2031250000,132934.3437500000,144242.2812500000,,,
16.0759999740,125,146887.0156250000,194674.9218750000,170481.7343750000,148133.3593750000,119718.5625000000,151770.7500000000,133142.5468750000,144434.6406250000,,,
16.0799999740,125,147130.9531250000,194264.7812500000,172152.7343750000,148529.2968750000,119938.9609375000,151990.8281250000,133369.9375000000,144660.4843750000,,,
16.0839999740,125,147053.7656250000,194202.7968750000,172473.1406250000,148403.0312500000,119868.6328125000,151926.1406250000,133311.1406250000,144615.9843750000,,,
16.0879999741,125,146761.6250000000,194467.9843750000,170842.4687500000,147916.5781250000,119605.7265625000,151666.0468750000,133047.2656250000,144356.7968750000,,,
16.0919999741,125,146660.3125000000,194721.7968750000,169640.9687500000,147763.3437500000,119507.4453125000,151563.0937500000,132944.5937500000,144246.9218750000,,,
16.0959999741,125,146882.6875000000,194627.9843750000,170463.6093750000,148134.1406250000,119704.5078125000,151754.5312500000,133136.4531250000,144427.7500000000,,,
16.0999999740,125,147132.1093750000,194298.5468750000,172150.9375000000,148531.3125000000,119933.0078125000,151983.4531250000,133359.3750000000,144662.1406250000,,,
16.1039999740,125,147058.1093750000,194267.9531250000,172490.6093750000,148403.9375000000,119870.1093750000,151925.7812500000,133296.6562500000,144621.6718750000,,,
16.1079999739,125,146758.5937500000,194463.6093750000,170843.8437500000,147929.5000000000,119599.3984375000,151663.9531250000,133020.9062500000,144351.2500000000,,,
16.1119999741,125,146655.0312500000,194649.2968750000,169615.1093750000,147781.9843750000,119502.1406250000,151566.5625000000,132925.0468750000,144240.7500000000,,,
16.1159999741,125,146875.2656250000,194573.5781250000,170435.7187500000,148137.7031250000,119698.8281250000,151757.1562500000,133127.1250000000,144424.3750000000,,,
16.1199999740,125,147117.2031250000,194305.0156250000,172138.5312500000,148517.7968750000,119920.4531250000,151975.4375000000,133347.6250000000,144652.7812500000,,,
16.1239999740,125,147061.0937500000,194298.6875000000,172504.5781250000,148417.1406250000,119876.6250000000,151933.1562500000,133305.4843750000,144625.7031250000,,,
16.1279999739,126,146776.0156250000,194470.4531250000,170867.2812500000,147942.0625000000,119618.5468750000,151673.5468750000,133043.6718750000,144363.2656250000,,,
16.1319999739,126,146668.3906250000,194623.4687500000,169623.4062500000,147790.8906250000,119511.5000000000,151563.7187500000,132931.2031250000,144247.1562500000,,,
16.1359999739,126,146878.4843750000,194543.7031250000,170431.3437500000,148133.5468750000,119700.5703125000,151751.3281250000,133119.5781250000,144424.3125000000,,,
16.1399999738,126,147119.3125000000,194298.4687500000,172141.6250000000,148524.2812500000,119922.2265625000,151971.3281250000,133342.2500000000,144650.6875000000,,,
16.1439999738,126,147051.4531250000,194299.8125000000,172516.2812500000,148415.6250000000,119863.8046875000,151920.9843750000,133289.9218750000,144613.2187500000,,,
16.1479999737,126,146769.6406250000,194463.9062500000,170885.5156250000,147942.2812500000,119614.5468750000,151678.0312500000,133042.9843750000,144362.1406250000,,,
16.1519999739,126,146669.7500000000,194625.6718750000,169637.9375000000,147773.1875000000,119518.6875000000,151588.4687500000,132947.5468750000,144257.5625000000,,,
16.1559999739,126,146882.9687500000,194564.5468750000,170430.7031250000,148132.3281250000,119707.1640625000,151779.2812500000,133132.2343750000,144433.2187500000,,,
16.1599999738,126,147127.1718750000,194315.5625000000,172137.7031250000,148536.3281250000,119931.3203125000,151996.5468750000,133359.3125000000,144660.4843750000,,,
16.1639999738,126,147058.2500000000,194297.9375000000,172523.6562500000,148422.2812500000,119871.0234375000,151944.6406250000,133305.3750000000,144621.0781250000,,,
16.1679999738,126,146763.1406250000,194483.2812500000,170904.4062500000,147943.8906250000,119604.6250000000,151692.0781250000,133043.3593750000,144358.2500000000,,,
16.1719999739,126,146657.9531250000,194662.9218750000,169645.1562500000,147768.8906250000,119506.0234375000,151591.6093750000,132948.7031250000,144243.9843750000,,,
16.1759999739,126,146880.9531250000,194577.3437500000,170422.0625000000,148117.1875000000,119706.0390625000,151792.5000000000,133148.0312500000,144428.7656250000,,,
16.1799999739,126,147126.6718750000,194290.0156250000,172126.0937500000,148516.0781250000,119935.1796875000,152018.2187500000,133382.0937500000,144661.4218750000,,,
16.1839999738,126,147051.8593750000,194281.3906250000,172531.8906250000,148408.3281250000,119869.6015625000,151955.0937500000,133319.1093750000,144618.7187500000,,,
16.1879999738,126,146759.8750000000,194484.5156250000,170929.6406250000,147919.9843750000,119606.5859375000,151703.6406250000,133055.7968750000,144359.0312500000,,,
16.1919999737,126,146652.5625000000,194663.7031250000,169656.3750000000,147755.3750000000,119507.6093750000,151621.9375000000,132958.8437500000,144250.1875000000,,,
16.1959999739,126,146873.4062500000,194575.1718750000,170412.2187500000,148114.5000000000,119707.9687500000,151825.0156250000,133161.1250000000,144436.2031250000,,,
16.1999999739,126,147126.9843750000,194291.7656250000,172112.6562500000,148517.0781250000,119942.0703125000,152047.0937500000,133396.8906250000,144673.6875000000,,,
16.2039999738,126,147065.2187500000,194294.4531250000,172544.1406250000,148419.5468750000,119888.4296875000,151998.3906250000,133348.4843750000,144644.1250000000,,,
16.2079999738,126,146773.5781250000,194509.4062500000,170958.7656250000,147938.2500000000,119626.4296875000,151754.9531250000,133088.1718750000,144388.0000000000,,,
16.2119999737,126,146666.1406250000,194687.4687500000,169674.3593750000,147759.2187500000,119525.5546875000,151650.8281250000,132982.4687500000,144273.8750000000,,,
16.2159999739,126,146889.5312500000,194599.6250000000,170418.8750000000,148119.6718750000,119727.8203125000,151844.2656250000,133172.7187500000,144455.8281250000,,,
16.2199999739,126,147141.8281250000,194332.7968750000,172126.8437500000,148527.0781250000,119962.9375000000,152079.1875000000,133391.0000000000,144690.6562500000,,,
16.2239999739,126,147083.9687500000,194334.6562500000,172573.7812500000,148425.5312500000,119915.1171875000,152031.4687500000,133351.6250000000,144661.9843750000,,,
16.2279999738,126,146797.1562500000,194517.1562500000,170992.4062500000,147946.2500000000,119654.2968750000,151777.2968750000,133101.7656250000,144405.5468750000,,,
16.2319999738,126,146687.7031250000,194667.5625000000,169691.1250000000,147773.4062500000,119545.3203125000,151676.2656250000,133012.8281250000,144293.0000000000,,,
16.2359999737,126,146904.3125000000,194587.2031250000,170420.8281250000,148124.2031250000,119742.0312500000,151871.2343750000,133208.3906250000,144475.9687500000,,,
16.2399999739,126,147148.2343750000,194357.9843750000,172131.6718750000,148520.0468750000,119967.0703125000,152095.5625000000,133426.1093750000,144706.7031250000,,,
16.2439999739,126,147088.3906250000,194385.0468750000,172593.0625000000,148429.0625000000,119916.6484375000,152049.6562500000,133378.3125000000,144677.4843750000,,,
16.2479999738,126,146797.0000000000,194540.6718750000,171006.5468750000,147949.3281250000,119655.5078125000,151794.2500000000,133115.1875000000,144413.5000000000,,,
16.2519999738,126,146681.4687500000,194648.0156250000,169682.0156250000,147767.7187500000,119547.2500000000,151680.6250000000,132992.6093750000,144290.0156250000,,,
16.2559999737,127,146888.5468750000,194582.9218750000,170402.6718750000,148108.1406250000,119730.5546875000,151861.0312500000,133171.9375000000,144462.6718750000,,,
16.2599999737,127,147138.4375000000,194401.2500000000,172124.7187500000,148515.0625000000,119956.4765625000,152075.2031250000,133402.9218750000,144696.9375000000,,,
16.2639999737,127,147086.9687500000,194443.9843750000,172608.4062500000,148432.8437500000,119913.4531250000,152028.1093750000,133366.6406250000,144674.1875000000,,,
16.2679999736,127,146791.1250000000,194565.0000000000,171021.4531250000,147944.2812500000,119647.5703125000,151764.9531250000,133094.0468750000,144405.2656250000,,,
16.2719999736,127,146666.5937500000,194637.8750000000,169673.2187500000,147752.3750000000,119533.9453125000,151651.0000000000,132967.5312500000,144277.3281250000,,,
16.2759999735,127,146868.5000000000,194572.8281250000,170378.7343750000,148090.3125000000,119716.9843750000,151828.0468750000,133158.8437500000,144447.4062500000,,,
16.2799999737,127,147125.8125000000,194408.3593750000,172111.0468750000,148512.3281250000,119950.5234375000,152055.3281250000,133398.5000000000,144687.3125000000,,,
16.2839999737,127,147079.7031250000,194466.8125000000,172617.1250000000,148439.2031250000,119907.7968750000,152014.2968750000,133357.6875000000,144667.1406250000,,,
16.2879999736,127,146794.9062500000,194597.1875000000,171042.3750000000,147955.7968750000,119650.6484375000,151760.4218750000,133100.4843750000,144408.4375000000,,,
16.2919999736,127,146680.2187500000,194675.6093750000,169686.8125000000,147773.1562500000,119540.3046875000,151647.4843750000,132984.9531250000,144285.1562500000,,,
16.2959999735,127,146883.1250000000,194606.1718750000,170379.4375000000,148112.8593750000,119720.5000000000,151813.5625000000,133160.5312500000,144447.6718750000,,,
16.2999999737,127,147130.9375000000,194429.3593750000,172104.9375000000,148526.7031250000,119945.8281250000,152031.4687500000,133383.7500000000,144680.8125000000,,,
16.3039999737,127,147073.0468750000,194479.9687500000,172617.0781250000,148445.9687500000,119892.7734375000,151986.1562500000,133332.2031250000,144651.0937500000,,,
16.3079999737,127,146787.0937500000,194621.3593750000,171055.1875000000,147962.1562500000,119634.3984375000,151731.5625000000,133070.0468750000,144391.0625000000,,,
16.3119999736,127,146663.0156250000,194702.0625000000,169682.8906250000,147757.8125000000,119516.5156250000,151615.8750000000,132948.1093750000,144261.2343750000,,,
16.3159999736,127,146863.0000000000,194618.6718750000,170351.1406250000,148089.1562500000,119692.8437500000,151792.4531250000,133121.0781250000,144427.7968750000,,,
16.3199999735,127,147113.0625000000,194419.4375000000,172072.3906250000,148495.8750000000,119919.0859375000,152006.6875000000,133347.5468750000,144660.7812500000,,,
16.3239999737,127,147066.6093750000,194455.8125000000,172605.3437500000,148424.7812500000,119879.9843750000,151969.1093750000,133310.5781250000,144643.0156250000,,,
16.3279999737,127,146782.5468750000,194590.3750000000,171058.3281250000,147948.1718750000,119628.2812500000,151720.3750000000,133054.5937500000,144388.5937500000,,,
16.3319999736,127,146660.7656250000,194668.6718750000,169679.1718750000,147749.4843750000,119514.5312500000,151605.7656250000,132933.9687500000,144260.4375000000,,,
16.3359999736,127,146857.7968750000,194591.3750000000,170332.9843750000,148083.9687500000,119689.7343750000,151772.3125000000,133107.1562500000,144421.5781250000,,,
16.3399999735,127,147105.9843750000,194397.7656250000,172052.0312500000,148492.5000000000,119916.7500000000,151995.5000000000,133339.0937500000,144653.7187500000,,,
16.3439999737,127,147063.0781250000,194439.8437500000,172604.8750000000,148421.6406250000,119880.3593750000,151960.4062500000,133307.5156250000,144638.2187500000,,,
16.3479999737,127,146783.0312500000,194575.8437500000,171074.4062500000,147948.5000000000,119629.2500000000,151719.2031250000,133055.1562500000,144385.5781250000,,,
16.3519999736,127,146655.9375000000,194653.7031250000,169686.3750000000,147741.9687500000,119511.5546875000,151601.3125000000,132936.2187500000,144253.0781250000,,,
16.3559999736,127,146841.7031250000,194574.8125000000,170324.0468750000,148062.2187500000,119679.2734375000,151753.9375000000,133100.8281250000,144403.7968750000,,,
16.3599999736,127,147083.8906250000,194390.4218750000,172041.3281250000,148470.5937500000,119901.3828125000,151972.2656250000,133319.0625000000,144633.2031250000,,,
16.3639999735,127,147043.2187500000,194435.6406250000,172604.8906250000,148413.5937500000,119866.3046875000,151942.0156250000,133284.1562500000,144619.3593750000,,,
16.3679999737,127,146769.2968750000,194540.8125000000,171069.4687500000,147945.1250000000,119621.2578125000,151705.3281250000,133048.0937500000,144371.3750000000,,,
16.3719999737,127,146643.4687500000,194577.9062500000,169655.8593750000,147735.9375000000,119502.9140625000,151580.5625000000,132932.5312500000,144237.2031250000,,,
16.3759999736,127,146830.0156250000,194516.6875000000,170283.6875000000,148061.1562500000,119665.6718750000,151732.6093750000,133086.9687500000,144388.0468750000,,,
16.3799999736,127,147078.5000000000,194402.9375000000,172022.4843750000,148477.0000000000,119891.1093750000,151954.0312500000,133311.1406250000,144622.2968750000,,,
16.3839999735,128,147047.6718750000,194485.2812500000,172607.4375000000,148422.3593750000,119865.0703125000,151929.7031250000,133285.4218750000,144615.2812500000,,,
16.3879999735,128,146778.3281250000,194543.4375000000,171064.0937500000,147960.8125000000,119622.2187500000,151695.7812500000,133036.6718750000,144365.8750000000,,,
16.3919999734,128,146657.6093750000,194509.6093750000,169623.4843750000,147757.8125000000,119507.0703125000,151581.5156250000,132916.6718750000,144236.9687500000,,,
16.3959999734,128,146833.0156250000,194472.8750000000,170252.7031250000,148069.4062500000,119657.8125000000,151726.9843750000,133063.8906250000,144384.2656250000,,,
16.3999999734,128,147079.2500000000,194455.0781250000,172021.1718750000,148479.7343750000,119880.4375000000,151945.2031250000,133290.5468750000,144619.2656250000,,,
16.4039999733,128,147051.3593750000,194573.5781250000,172624.2812500000,148429.3906250000,119857.1015625000,151920.9531250000,133271.3593750000,144612.3593750000,,,
16.4079999735,128,146796.8125000000,194541.3437500000,171066.2187500000,147972.3125000000,119634.8515625000,151703.8281250000,133039.7031250000,144374.1093750000,,,
16.4119999735,128,146667.9375000000,194413.7187500000,169593.8750000000,147764.8750000000,119513.7500000000,151585.9687500000,132915.5156250000,144242.5937500000,,,
16.4159999734,128,146834.6093750000,194413.0468750000,170229.3906250000,148079.6562500000,119655.8515625000,151730.8750000000,133069.1875000000,144389.4218750000,,,
16.4199999734,128,147065.1718750000,194524.1718750000,172027.8437500000,148476.3281250000,119863.3750000000,151942.1250000000,133282.3593750000,144615.2812500000,,,
16.4239999733,128,147048.6718750000,194678.0781250000,172643.9218750000,148433.0625000000,119854.0937500000,151929.3281250000,133269.4062500000,144618.6406250000,,,
16.4279999735,128,146808.2031250000,194548.0156250000,171064.4531250000,147994.5468750000,119643.3828125000,151722.6406250000,133049.1406250000,144387.8437500000,,,
16.4319999735,128,146678.6093750000,194340.5312500000,169573.9375000000,147790.7812500000,119525.3906250000,151600.4375000000,132931.1250000000,144253.6718750000,,,
16.4359999734,128,146822.7812500000,194365.9843750000,170203.7343750000,148069.1718750000,119646.6250000000,151720.2500000000,133057.5156250000,144387.9218750000,,,
16.4399999734,128,147047.8125000000,194517.3437500000,172008.0468750000,148456.3437500000,119851.1171875000,151922.5625000000,133266.0781250000,144610.4531250000,,,
16.4439999734,128,147030.5312500000,194664.3437500000,172637.3750000000,148426.2031250000,119843.2343750000,151920.2812500000,133253.0156250000,144605.5781250000,,,
16.4479999733,128,146783.4531250000,194543.1406250000,171078.7656250000,147981.7343750000,119630.6406250000,151717.2500000000,133042.6250000000,144370.7187500000,,,
16.4519999735,128,146651.1093750000,194375.4531250000,169591.4375000000,147762.4062500000,119509.4296875000,151564.7031250000,132921.0156250000,144235.5156250000,,,
16.4559999735,128,146806.0156250000,194379.6562500000,170196.4843750000,148058.5156250000,119637.8828125000,151702.6718750000,133049.8437500000,144368.1562500000,,,
16.4599999734,128,147045.0468750000,194442.4218750000,171979.7187500000,148463.8593750000,119853.4296875000,151920.1562500000,133265.8125000000,144600.1562500000,,,
16.4639999734,128,147022.9687500000,194555.8281250000,172622.8437500000,148416.6250000000,119837.8125000000,151900.5781250000,133246.8593750000,144589.5156250000,,,
16.4679999733,128,146773.2656250000,194522.2812500000,171107.3437500000,147970.2187500000,119617.3671875000,151680.1250000000,133023.5625000000,144352.1875000000,,,
16.4719999735,128,146640.1718750000,194427.4843750000,169620.2656250000,147745.2343750000,119492.8593750000,151555.6406250000,132895.9843750000,144217.1093750000,,,
16.4759999735,128,146809.4687500000,194404.0625000000,170201.9062500000,148044.3593750000,119640.6484375000,151698.1718750000,133043.2968750000,144363.5312500000,,,
16.4799999734,128,147055.3281250000,194406.6406250000,171973.3750000000,148467.1093750000,119863.6171875000,151915.5937500000,133266.4531250000,144597.0000000000,,,
16.4839999734,128,147038.8593750000,194524.8750000000,172646.6875000000,148434.9218750000,119856.9375000000,151910.3906250000,133244.1406250000,144601.1562500000,,,
16.4879999734,128,146780.8750000000,194530.7968750000,171154.1093750000,147976.3125000000,119629.4375000000,151684.4687500000,133017.3906250000,144362.1093750000,,,
16.4919999733,128,146645.3125000000,194449.3906250000,169657.8750000000,147753.8281250000,119500.1562500000,151554.3750000000,132910.6875000000,144220.8906250000,,,
16.4959999735,128,146813.9218750000,194419.1406250000,170218.8750000000,148054.0625000000,119647.6484375000,151701.3437500000,133067.5937500000,144365.7031250000,,,
16.4999999735,128,147056.1875000000,194420.0312500000,171979.7031250000,148467.0468750000,119861.7109375000,151902.6562500000,133278.9062500000,144596.7031250000,,,
16.5039999734,128,147043.0937500000,194543.3281250000,172664.5000000000,148442.7500000000,119855.5156250000,151910.8437500000,133278.2812500000,144601.6562500000,,,
16.5079999734,128,146803.5156250000,194529.8906250000,171185.4375000000,148000.2656250000,119649.6875000000,151703.8281250000,133064.7031250000,144381.2187500000,,,
16.5119999733,129,146675.9531250000,194417.9375000000,169680.4062500000,147778.7187500000,119534.9140625000,151590.1406250000,132945.3437500000,144252.6562500000,,,
16.5159999733,129,146832.3281250000,194404.2812500000,170233.1562500000,148062.8125000000,119671.5703125000,151709.2031250000,133076.9531250000,144380.8125000000,,,
16.5199999732,129,147083.7187500000,194456.8593750000,172013.9531250000,148476.8125000000,119902.1875000000,151928.6562500000,133304.2812500000,144618.6718750000,,,
16.5239999732,129,147079.7500000000,194605.2812500000,172723.3125000000,148444.4375000000,119908.0390625000,151937.7500000000,133302.9062500000,144636.6406250000,,,
16.5279999732,129,146833.9062500000,194560.6093750000,171235.3125000000,148002.1093750000,119681.2031250000,151737.3281250000,133088.0312500000,144411.1406250000,,,
16.5319999731,129,146685.6250000000,194397.5468750000,169693.1718750000,147777.9375000000,119536.7421875000,151603.1718750000,132942.4218750000,144259.7343750000,,,
16.5359999733,129,146838.3906250000,194384.6250000000,170231.1406250000,148033.5468750000,119672.4843750000,151725.8593750000,133073.1718750000,144403.8750000000,,,
16.5399999733,129,147074.8750000000,194483.5156250000,172019.2031250000,148445.2968750000,119892.8515625000,151927.7968750000,133289.2031250000,144626.9843750000,,,
16.5439999732,129,147071.8125000000,194654.4062500000,172742.9531250000,148436.8125000000,119899.2890625000,151945.1718750000,133300.9531250000,144634.4375000000,,,
16.5479999732,129,146839.4375000000,194585.6875000000,171267.3593750000,148001.3437500000,119696.8906250000,151757.5000000000,133087.6093750000,144424.8281250000,,,
16.5519999731,129,146694.2187500000,194389.5000000000,169713.4218750000,147771.8437500000,119552.6718750000,151609.9531250000,132956.7500000000,144272.2656250000,,,
16.5559999733,129,146831.6718750000,194366.9218750000,170224.5937500000,148052.7500000000,119661.2187500000,151710.2187500000,133069.4531250000,144380.4687500000,,,
16.5599999733,129,147070.7500000000,194474.2343750000,172003.7812500000,148461.5000000000,119876.0937500000,151928.8750000000,133282.8750000000,144617.3281250000,,,
16.5639999732,129,147082.7031250000,194664.9062500000,172747.0468750000,148472.5000000000,119892.9609375000,151946.9687500000,133304.2968750000,144647.0000000000,,,
16.5679999732,129,146838.5937500000,194605.0468750000,171281.8125000000,148029.8750000000,119686.2968750000,151744.9531250000,133082.2656250000,144419.4843750000,,,
16.5719999732,129,146688.0468750000,194403.5937500000,169720.3593750000,147778.3593750000,119554.6796875000,151618.5937500000,132945.2656250000,144273.6250000000,,,
16.5759999731,129,146816.5781250000,194371.0781250000,170207.5156250000,148057.5000000000,119646.8671875000,151704.0468750000,133056.6562500000,144384.9687500000,,,
16.5799999733,129,147050.5937500000,194481.4843750000,171983.3750000000,148478.4687500000,119857.6406250000,151917.2812500000,133266.9375000000,144596.6250000000,,,
16.5839999733,129,147057.7031250000,194672.2656250000,172739.4375000000,148455.7031250000,119874.4843750000,151942.6250000000,133274.3125000000,144627.1406250000,,,
16.5879999732,129,146832.5625000000,194600.7343750000,171290.9375000000,148035.4218750000,119682.9453125000,151759.4531250000,133068.1093750000,144426.5468750000,,,
16.5919999732,129,146680.7187500000,194393.4531250000,169713.6875000000,147767.5781250000,119533.0390625000,151590.1093750000,132926.9687500000,144296.8906250000,,,
16.5959999731,129,146791.4687500000,194366.5468750000,170189.9062500000,148012.8437500000,119630.2421875000,151664.8281250000,133031.2812500000,144341.8906250000,,,
16.5999999733,129,147037.3437500000,194483.1406250000,171964.7656250000,148435.9687500000,119845.4375000000,151894.1406250000,133239.4531250000,144588.8437500000,,,
16.6039999733,129,147056.9531250000,194665.0156250000,172741.4687500000,148442.2187500000,119879.7656250000,151930.5781250000,133256.4531250000,144635.7500000000,,,
16.6079999732,129,146803.1875000000,194588.8750000000,171284.6093750000,148007.9687500000,119637.5390625000,151719.0468750000,133062.9375000000,144401.1875000000,,,
16.6119999732,129,146655.4375000000,194405.1718750000,169705.6875000000,147762.2187500000,119506.4843750000,151559.5312500000,132924.7500000000,144251.9843750000,,,
16.6159999731,129,146788.7031250000,194372.8750000000,170172.5937500000,148041.7812500000,119627.0234375000,151698.2500000000,133029.4375000000,144332.3125000000,,,
16.6199999731,129,147045.1875000000,194445.9843750000,171939.8906250000,148469.9218750000,119858.4453125000,151948.3906250000,133263.8593750000,144594.7656250000,,,
16.6239999733,129,147048.4062500000,194602.3125000000,172720.2031250000,148423.5625000000,119874.6171875000,151933.5312500000,133355.0312500000,144635.6718750000,,,
16.6279999733,129,146806.6250000000,194582.3593750000,171316.0156250000,147980.5468750000,119677.8750000000,151688.5625000000,133198.2500000000,144414.9531250000,,,
16.6319999732,129,146646.5312500000,194416.0312500000,169729.3593750000,147765.0000000000,119499.4296875000,151563.3593750000,132862.2500000000,144219.7500000000,,,
16.6359999732,129,146804.1250000000,194366.8437500000,170168.7500000000,148040.8437500000,119628.4453125000,151703.7812500000,132982.5468750000,144362.8437500000,,,
16.6399999731,130,147047.3593750000,194409.5468750000,171922.3593750000,148453.3125000000,119844.3046875000,151929.9218750000,133231.2343750000,144593.3437500000,,,
16.6439999731,130,147044.0000000000,194581.7968750000,172713.6093750000,148451.5468750000,119850.5859375000,151930.2343750000,133240.6093750000,144615.4531250000,,,
16.6479999730,130,146815.3906250000,194580.2343750000,171328.1406250000,148028.6875000000,119654.0312500000,151713.0625000000,133062.9843750000,144411.5156250000,,,
16.6519999730,130,146659.8906250000,194406.6093750000,169733.4218750000,147779.7812500000,119502.5937500000,151582.0625000000,132898.5937500000,144228.0781250000,,,
16.6559999730,130,146793.3437500000,194345.6718750000,170149.9531250000,148032.8750000000,119614.4921875000,151699.1406250000,133010.2812500000,144343.1250000000,,,
16.6599999729,130,147029.7343750000,194405.5781250000,171897.9687500000,148453.2812500000,119831.0312500000,151908.5625000000,133235.1562500000,144573.4687500000,,,
16.6639999731,130,147031.0156250000,194592.9843750000,172706.0468750000,148454.9531250000,119839.3203125000,151918.8593750000,133259.5625000000,144599.6250000000,,,
16.6679999731,130,146796.3750000000,194567.1406250000,171313.2968750000,148035.0000000000,119631.1796875000,151740.5000000000,133036.9375000000,144382.8437500000,,,
16.6719999730,130,146655.4375000000,194364.9375000000,169713.2656250000,147789.1718750000,119506.5390625000,151576.3125000000,132913.3750000000,144231.6250000000,,,
16.6759999730,130,146784.9531250000,194310.6250000000,170121.7343750000,148041.4687500000,119613.0703125000,151661.4843750000,133018.1718750000,144350.9062500000,,,
16.6799999729,130,147026.1875000000,194429.1406250000,171879.8125000000,148457.2343750000,119823.8984375000,151905.1093750000,133235.5625000000,144582.0781250000,,,
16.6839999731,130,147035.5000000000,194659.5000000000,172713.8437500000,148464.2656250000,119839.2109375000,151927.7968750000,133255.2187500000,144593.2968750000,,,
16.6879999731,130,146793.0312500000,194590.4062500000,171316.9843750000,148016.3281250000,119630.4531250000,151716.7656250000,133029.6406250000,144369.9218750000,,,
16.6919999730,130,146648.2656250000,194310.8593750000,169682.7031250000,147755.7500000000,119499.7500000000,151586.7812500000,132898.8593750000,144221.8593750000,,,
16.6959999730,130,146797.7500000000,194254.1406250000,170096.3281250000,148024.0000000000,119629.5937500000,151716.8437500000,133037.0000000000,144357.3437500000,,,
16.6999999729,130,147031.5781250000,194429.3125000000,171880.2968750000,148448.9375000000,119839.4765625000,151920.3125000000,133253.5000000000,144584.5312500000,,,
16.7039999729,130,147049.4218750000,194694.5000000000,172743.4375000000,148465.1406250000,119865.4687500000,151940.4531250000,133288.0000000000,144617.1093750000,,,
16.7079999731,130,146814.9375000000,194602.3906250000,171355.3906250000,148029.6875000000,119659.6406250000,151744.1718750000,133076.6093750000,144390.8906250000,,,
16.7119999730,130,146668.2812500000,194285.8593750000,169703.8125000000,147776.9687500000,119524.3750000000,151611.8125000000,132933.2812500000,144235.3750000000,,,
16.7159999730,130,146818.5312500000,194230.1562500000,170106.2343750000,148043.4687500000,119658.7265625000,151733.0156250000,133064.0625000000,144375.1562500000,,,
16.7199999730,130,147056.6406250000,194428.5000000000,171902.4218750000,148458.5156250000,119879.4453125000,151935.7656250000,133280.7500000000,144604.1875000000,,,
16.7239999729,130,147067.2343750000,194706.6562500000,172775.4843750000,148436.0156250000,119893.9843750000,151965.7968750000,133321.0156250000,144638.2968750000,,,
16.7279999731,130,146837.6406250000,194642.2968750000,171402.1718750000,148034.4375000000,119686.0000000000,151777.8593750000,133067.0156250000,144425.8125000000,,,
16.7319999731,130,146681.9375000000,194354.1718750000,169741.6093750000,147786.4062500000,119536.0390625000,151630.6406250000,132948.4062500000,144267.8281250000,,,
16.7359999730,130,146822.7500000000,194291.4687500000,170110.3906250000,148028.5312500000,119652.1250000000,151744.2031250000,133072.0468750000,144396.4531250000,,,
16.7399999730,130,147039.7187500000,194435.8750000000,171868.5000000000,148437.4687500000,119843.7968750000,151936.0000000000,133259.5156250000,144582.8593750000,,,
16.7439999729,130,147051.1718750000,194695.1093750000,172750.2968750000,148455.4062500000,119862.3046875000,151945.5468750000,133268.6875000000,144618.4531250000,,,
16.7479999729,130,146826.5781250000,194675.1093750000,171414.5312500000,148041.1093750000,119666.7734375000,151747.6250000000,133070.1406250000,144410.8281250000,,,
16.7519999731,130,146671.5468750000,194431.5937500000,169763.2031250000,147767.0468750000,119525.3906250000,151600.0000000000,132928.2343750000,144259.8437500000,,,
16.7559999730,130,146797.4531250000,194343.6406250000,170102.0468750000,148017.5937500000,119633.9687500000,151724.8593750000,133043.0625000000,144350.1562500000,,,
16.7599999730,130,147056.5000000000,194433.0312500000,171855.0625000000,148453.9062500000,119869.2265625000,151985.2500000000,133293.3281250000,144602.9843750000,,,
16.7639999730,130,147059.8593750000,194668.1562500000,172753.1406250000,148472.6562500000,119879.1796875000,151957.3750000000,133302.2968750000,144631.6718750000,,,
16.7679999729,131,146815.4843750000,194671.5156250000,171437.7343750000,148054.9531250000,119662.6953125000,151765.5000000000,133071.2187500000,144403.5312500000,,,
16.7719999729,131,146659.9843750000,194446.8750000000,169778.6250000000,147776.6718750000,119517.2109375000,151646.5468750000,132942.3593750000,144248.3125000000,,,
16.7759999728,131,146798.2656250000,194340.3593750000,170105.7187500000,148012.0156250000,119646.6250000000,151739.2656250000,133055.3437500000,144359.6250000000,,,
16.7799999728,131,147029.0937500000,194398.2968750000,171828.6093750000,148412.4375000000,119841.8125000000,151932.8437500000,133277.2187500000,144583.8593750000,,,
16.7839999727,131,147050.5000000000,194628.7031250000,172737.5625000000,148445.5312500000,119861.0468750000,151966.2343750000,133283.7812500000,144631.8593750000,,,
16.7879999727,131,146815.6718750000,194643.0781250000,171444.4375000000,148027.0625000000,119656.4687500000,151762.5781250000,133076.7187500000,144400.7968750000,,,
16.7919999729,131,146658.8906250000,194422.1718750000,169787.8437500000,147743.7656250000,119514.9062500000,151599.4687500000,132919.4062500000,144245.8125000000,,,
16.7959999728,131,146791.0468750000,194321.8281250000,170090.8593750000,147981.9218750000,119630.3203125000,151749.0000000000,133040.7968750000,144347.9062500000,,,
16.7999999728,131,147040.1093750000,194398.4375000000,171829.5156250000,148420.1562500000,119851.9765625000,151943.2968750000,133275.2500000000,144575.2187500000,,,
16.8039999728,131,147072.7812500000,194651.7656250000,172769.5625000000,148471.0937500000,119878.9375000000,151968.5937500000,133297.7812500000,144637.2500000000,,,
16.8079999727,131,146838.0625000000,194670.6250000000,171491.4218750000,148050.3906250000,119675.8671875000,151764.8750000000,133101.3750000000,144420.9375000000,,,
16.8119999729,131,146673.0468750000,194427.7812500000,169816.2812500000,147758.6562500000,119531.5078125000,151620.5468750000,132954.2187500000,144236.7968750000,,,
16.8159999729,131,146816.7968750000,194322.7968750000,170113.9843750000,148001.2500000000,119667.0703125000,151739.5625000000,133078.9218750000,144360.1875000000,,,
16.8199999728,131,147060.7343750000,194427.0000000000,171853.6093750000,148441.6718750000,119873.6796875000,151960.3281250000,133304.4062500000,144595.8125000000,,,
16.8239999728,131,147079.4375000000,194687.1562500000,172792.3281250000,148483.8906250000,119884.1953125000,151986.6718750000,133322.6250000000,144638.8593750000,,,
16.8279999727,131,146848.6875000000,194683.0937500000,171517.3125000000,148065.4375000000,119689.3828125000,151793.5000000000,133141.5468750000,144426.3593750000,,,
16.8319999727,131,146688.1250000000,194410.1875000000,169823.3125000000,147774.0156250000,119547.2500000000,151635.5468750000,132995.9531250000,144264.0000000000,,,
16.8359999729,131,146812.7968750000,194299.3750000000,170089.9531250000,148003.1406250000,119645.9062500000,151744.5937500000,133044.6406250000,144385.2968750000,,,
16.8399999728,131,147047.1093750000,194432.5468750000,171832.6875000000,148417.9375000000,119858.3046875000,151959.2031250000,133275.6562500000,144594.2031250000,,,
16.8439999728,131,147075.5781250000,194715.6093750000,172803.7500000000,148451.4687500000,119902.1328125000,151978.2500000000,133308.3281250000,144637.4218750000,,,
16.8479999728,131,146835.8593750000,194684.5781250000,171525.2187500000,148015.6562500000,119689.0625000000,151780.4062500000,133104.3437500000,144410.9062500000,,,
16.8519999727,131,146672.9687500000,194367.1875000000,169806.1406250000,147731.2968750000,119536.9765625000,151652.3281250000,132959.1562500000,144238.0156250000,,,
16.8559999729,131,146798.8750000000,194258.8750000000,170062.0781250000,147969.0156250000,119637.1640625000,151811.4375000000,133059.4687500000,144358.2500000000,,,
16.8599999729,131,147025.4687500000,194434.1406250000,171809.2500000000,148399.9062500000,119836.8515625000,151964.7031250000,133253.4843750000,144575.7031250000,,,
16.8639999728,131,147047.8437500000,194741.9687500000,172787.5468750000,148450.4531250000,119862.6562500000,151908.0781250000,133291.5312500000,144603.3281250000,,,
16.8679999728,131,146836.4218750000,194679.5312500000,171517.5781250000,148018.1562500000,119684.4453125000,151766.2500000000,133098.3125000000,144409.9375000000,,,
16.8719999727,131,146684.4843750000,194313.0312500000,169791.7656250000,147735.9843750000,119554.4921875000,151612.7656250000,132951.7343750000,144262.3437500000,,,
16.8759999727,131,146793.9687500000,194213.9843750000,170040.3281250000,147959.3281250000,119633.8359375000,151720.6250000000,133040.5156250000,144365.7968750000,,,
16.8799999729,131,147018.6875000000,194445.2343750000,171797.2812500000,148390.5781250000,119828.0546875000,151917.0156250000,133269.2968750000,144571.9687500000,,,
16.8839999728,131,147063.7968750000,194781.6093750000,172814.8281250000,148457.0468750000,119896.7968750000,151961.6250000000,133338.0781250000,144602.1406250000,,,
16.8879999728,131,146856.5468750000,194692.6250000000,171553.9531250000,148065.5781250000,119711.6718750000,151794.7343750000,133141.1406250000,144411.8437500000,,,
16.8919999728,131,146704.4687500000,194283.3750000000,169805.5000000000,147765.3593750000,119567.3671875000,151668.4218750000,132975.7343750000,144262.5781250000,,,
16.8959999727,132,146813.6250000000,194195.3906250000,170052.9531250000,147982.2968750000,119651.9140625000,151731.9375000000,133048.1250000000,144371.5000000000,,,
16.8999999727,132,147024.9062500000,194462.0625000000,171809.2187500000,148397.4218750000,119828.0000000000,151915.0312500000,133250.0156250000,144564.6718750000,,,
16.9039999726,132,147061.3593750000,194821.2343750000,172816.2031250000,148463.4843750000,119862.6015625000,151974.3593750000,133295.9375000000,144625.9843750000,,,
16.9079999726,132,146862.0468750000,194714.0468750000,171556.4531250000,148039.3437500000,119703.4375000000,151823.8593750000,133138.2187500000,144434.2187500000,,,
16.9119999725,132,146709.0468750000,194285.3750000000,169807.6406250000,147746.4687500000,119578.2031250000,151664.2500000000,132990.2656250000,144268.2656250000,,,
16.9159999725,132,146788.4375000000,194176.7500000000,170024.9375000000,147946.7343750000,119647.0859375000,151693.2343750000,133068.8281250000,144324.2187500000,,,
16.9199999727,132,147015.9218750000,194442.6093750000,171786.7968750000,148371.0468750000,119846.5312500000,151908.1406250000,133319.3750000000,144552.9531250000,,,
16.9239999726,132,147064.9218750000,194795.4062500000,172825.2968750000,148437.4062500000,119905.2500000000,151970.0625000000,133377.7187500000,144627.8750000000,,,
16.9279999726,132,146847.0781250000,194702.3593750000,171565.4062500000,148033.9218750000,119689.5156250000,151786.4687500000,133088.1406250000,144435.8281250000,,,
16.9319999726,132,146666.7812500000,194289.7812500000,169784.1718750000,147726.2187500000,119516.4375000000,151638.1250000000,132902.1093750000,144237.5468750000,,,
16.9359999725,132,146762.6875000000,194184.6093750000,169981.8593750000,147921.8437500000,119600.9218750000,151733.1250000000,133010.9531250000,144315.2343750000,,,
16.9399999727,132,147000.6093750000,194434.4843750000,171745.7343750000,148351.5468750000,119823.1718750000,151929.5156250000,133241.8906250000,144545.0468750000,,,
16.9439999727,132,147046.9218750000,194783.5000000000,172785.8593750000,148416.5468750000,119861.6093750000,151987.0937500000,133276.7031250000,144613.8906250000,,,
16.9479999726,132,146846.6718750000,194715.2343750000,171559.0781250000,148017.2968750000,119688.0390625000,151822.5937500000,133119.4218750000,144434.2656250000,,,
16.9519999726,132,146677.8593750000,194325.6875000000,169794.6562500000,147718.0937500000,119543.8984375000,151647.1875000000,132982.4375000000,144243.5312500000,,,
16.9559999725,132,146772.4843750000,194218.4375000000,169970.1562500000,147919.2343750000,119611.3046875000,151723.0156250000,133036.0781250000,144322.9218750000,,,
16.9599999725,132,147016.8906250000,194447.6250000000,171717.3750000000,148342.5625000000,119835.8281250000,151928.2812500000,133257.6875000000,144567.6718750000,,,
16.9639999727,132,147067.0937500000,194789.8437500000,172782.9062500000,148410.3750000000,119897.7109375000,151973.8437500000,133315.8125000000,144646.5312500000,,,
16.9679999726,132,146851.6562500000,194732.6718750000,171580.4843750000,148006.2656250000,119709.4218750000,151810.0156250000,133107.9375000000,144429.2968750000,,,
16.9719999726,132,146697.3593750000,194355.9531250000,169807.4375000000,147722.3593750000,119556.9062500000,151684.4062500000,132975.7656250000,144262.3906250000,,,
16.9759999726,132,146802.6250000000,194258.1875000000,169975.5312500000,147921.8437500000,119644.6953125000,151761.1718750000,133085.8906250000,144361.1718750000,,,
16.9799999725,132,147046.5781250000,194494.4062500000,171733.2343750000,148351.6406250000,119872.5234375000,151961.5625000000,133319.8281250000,144601.4687500000,,,
16.9839999727,132,147079.8593750000,194828.1562500000,172785.6718750000,148412.5156250000,119881.8046875000,152018.7031250000,133306.9062500000,144657.9843750000,,,
16.9879999727,132,146869.3906250000,194762.2187500000,171588.2500000000,148016.4687500000,119709.2578125000,151856.0781250000,133140.8437500000,144451.2187500000,,,
16.9919999726,132,146705.0781250000,194376.5781250000,169810.6250000000,147716.4843750000,119569.3828125000,151701.1562500000,132999.3437500000,144283.3125000000,,,
16.9959999726,132,146805.6562500000,194269.2343750000,169963.9687500000,147917.2968750000,119657.8906250000,151757.3906250000,133099.4843750000,144373.7500000000,,,
16.9999999725,132,147040.7343750000,194496.3437500000,171706.7500000000,148336.1875000000,119866.0312500000,151969.1093750000,133311.3906250000,144618.5937500000,,,
17.0039999725,132,147069.7187500000,194834.3437500000,172784.6093750000,148396.9843750000,119893.8515625000,152019.9375000000,133356.3906250000,144639.0000000000,,,
17.0079999727,132,146847.9062500000,194778.5781250000,171592.2500000000,148006.7812500000,119691.7421875000,151840.5156250000,133106.3281250000,144428.0781250000,,,
17.0119999726,132,146699.4687500000,194399.0000000000,169815.4218750000,147712.8593750000,119583.1953125000,151670.7656250000,132998.7968750000,144289.1093750000,,,
17.0159999726,132,146795.8125000000,194283.2812500000,169951.2031250000,147917.8437500000,119648.5078125000,151772.2500000000,133084.2812500000,144369.2500000000,,,
17.0199999725,132,147004.6875000000,194498.1406250000,171670.7343750000,148314.1562500000,119820.1953125000,151990.7812500000,133272.9687500000,144554.3750000000,,,
17.0239999725,133,147054.6562500000,194838.1250000000,172773.3906250000,148386.6406250000,119882.2031250000,152049.7031250000,133327.6406250000,144625.5312500000,,,
17.0279999725,133,146850.0468750000,194786.9218750000,171602.2812500000,147999.9218750000,119689.6796875000,151861.1718750000,133148.9218750000,144435.2031250000,,,
17.0319999724,133,146684.2968750000,194400.2656250000,169805.7656250000,147684.8437500000,119555.2968750000,151705.4218750000,133015.8593750000,144263.9687500000,,,
17.0359999724,133,146788.5468750000,194285.8593750000,169933.2031250000,147869.0468750000,119647.4062500000,151793.5312500000,133109.9843750000,144356.3437500000,,,
17.0399999723,133,147018.1718750000,194487.9218750000,171657.2968750000,148304.5312500000,119841.7031250000,152001.4218750000,133302.1250000000,144579.1250000000,,,
17.0439999723,133,147077.8593750000,194794.4843750000,172767.5937500000,148401.9531250000,119908.9765625000,152062.4218750000,133386.1875000000,144649.1093750000,,,
17.0479999725,133,146880.5781250000,194772.6093750000,171651.9062500000,148021.5625000000,119753.9687500000,151883.1718750000,133249.0312500000,144469.9687500000,,,
17.0519999724,133,146701.4531250000,194486.6250000000,169875.7968750000,147694.7656250000,119579.3593750000,151718.7500000000,133035.5781250000,144302.2968750000,,,
17.0559999724,133,146788.5468750000,194392.8281250000,169969.2812500000,147873.6562500000,119656.6328125000,151799.9687500000,133128.2656250000,144364.0937500000,,,
17.0599999723,133,147023.9375000000,194487.6406250000,171658.9375000000,148302.2343750000,119864.9609375000,152023.1562500000,133330.8125000000,144587.0781250000,,,
17.0639999723,133,147068.2968750000,194711.7656250000,172753.4062500000,148393.8437500000,119887.6484375000,152071.9062500000,133339.1250000000,144645.7656250000,,,
17.0679999725,133,146849.7812500000,194732.7968750000,171646.8593750000,147991.4375000000,119693.3281250000,151898.2968750000,133171.1093750000,144439.5468750000,,,
17.0719999725,133,146667.3125000000,194511.9218750000,169874.8125000000,147671.2656250000,119532.6640625000,151742.8593750000,133003.0937500000,144264.4218750000,,,
17.0759999724,133,146763.6875000000,194423.1875000000,169949.7812500000,147859.8281250000,119610.2812500000,151827.3750000000,133083.6718750000,144350.2812500000,,,
17.0799999724,133,147019.2656250000,194508.1718750000,171638.2812500000,148301.1250000000,119844.3046875000,152024.9531250000,133336.2500000000,144607.5625000000,,,
17.0839999723,133,147079.1718750000,194721.0312500000,172764.3750000000,148404.8437500000,119904.5781250000,152100.0156250000,133396.4843750000,144671.7500000000,,,
17.0879999723,133,146856.4062500000,194744.4375000000,171680.6562500000,148005.5937500000,119708.8828125000,151908.0312500000,133189.1562500000,144459.5937500000,,,
17.0919999725,133,146669.1875000000,194541.4843750000,169905.8750000000,147675.9531250000,119543.2031250000,151730.7343750000,133024.4218750000,144268.5312500000,,,
17.0959999724,133,146772.5937500000,194471.8281250000,169975.6562500000,147862.9062500000,119630.4843750000,151818.9062500000,133117.7812500000,144357.6562500000,,,
17.0999999724,133,147020.6875000000,194530.6718750000,171655.0468750000,148308.3750000000,119851.2812500000,152050.4062500000,133339.4375000000,144588.1406250000,,,
17.1039999723,133,147087.4843750000,194716.5781250000,172791.5781250000,148401.2812500000,119923.0546875000,152123.2500000000,133405.1875000000,144673.8906250000,,,
17.1079999723,133,146878.9375000000,194723.8437500000,171729.7500000000,147994.9531250000,119750.8593750000,151946.7343750000,133208.2031250000,144485.1406250000,,,
17.1119999725,133,146679.3906250000,194511.0937500000,169934.5625000000,147670.6250000000,119545.9140625000,151764.0781250000,133034.3906250000,144283.6406250000,,,
17.1159999724,133,146767.0156250000,194431.5625000000,169979.4218750000,147841.3906250000,119628.0156250000,151839.4218750000,133106.8906250000,144353.6406250000,,,
17.1199999724,133,147022.8593750000,194519.4062500000,171662.9843750000,148281.5468750000,119851.5468750000,152060.2500000000,133341.9843750000,144599.2500000000,,,
17.1239999724,133,147099.7187500000,194729.1250000000,172809.9687500000,148389.5625000000,119925.0156250000,152130.4687500000,133422.1875000000,144690.2500000000,,,
17.1279999723,133,146903.7500000000,194721.0000000000,171757.5000000000,148019.6250000000,119762.1250000000,151987.2656250000,133265.8750000000,144511.2187500000,,,
17.1319999723,133,146719.2187500000,194474.7500000000,169959.8281250000,147678.8750000000,119590.1640625000,151835.3906250000,133078.6562500000,144344.3593750000,,,
17.1359999725,133,146798.6875000000,194403.1093750000,169996.2343750000,147861.5156250000,119660.8984375000,151866.1250000000,133147.7656250000,144403.2812500000,,,
17.1399999724,133,147045.3125000000,194537.5156250000,171690.7187500000,148306.4062500000,119888.1328125000,152086.5781250000,133412.5000000000,144625.9687500000,,,
17.1439999724,133,147096.8906250000,194757.0781250000,172845.4843750000,148402.5937500000,119938.3203125000,152108.9843750000,133507.8906250000,144667.1875000000,,,
17.1479999723,133,146870.5937500000,194710.6718750000,171772.5312500000,148010.8906250000,119726.9375000000,151929.6718750000,133212.3906250000,144459.6093750000,,,
17.1519999723,134,146682.7343750000,194422.0625000000,169956.6093750000,147682.5625000000,119560.3984375000,151776.0156250000,133039.3750000000,144281.3750000000,,,
17.1559999723,134,146752.6562500000,194348.6562500000,169968.7343750000,147858.1093750000,119608.3828125000,151820.1875000000,133070.6875000000,144343.3906250000,,,
17.1599999722,134,146986.3593750000,194478.5468750000,171640.3750000000,148274.3125000000,119825.5312500000,152024.8437500000,133296.1718750000,144558.2343750000,,,
17.1639999722,134,147054.1406250000,194697.2812500000,172801.6093750000,148386.8437500000,119889.5546875000,152094.3906250000,133373.2968750000,144642.8593750000,,,
17.1679999721,134,146854.6718750000,194688.6562500000,171757.5000000000,148019.0156250000,119709.5234375000,151932.7343750000,133206.1875000000,144470.4531250000,,,
17.1719999721,134,146670.6875000000,194455.7343750000,169964.8281250000,147694.7812500000,119554.6250000000,151749.9062500000,133026.2968750000,144265.5781250000,,,
17.1759999723,134,146756.3125000000,194398.8906250000,169968.7343750000,147836.3593750000,119619.5078125000,151825.1250000000,133111.4218750000,144344.1406250000,,,
17.1799999722,134,147007.7656250000,194480.0781250000,171623.5312500000,148269.5312500000,119845.5156250000,152045.0156250000,133334.6093750000,144582.9218750000,,,
17.1839999722,134,147081.7343750000,194666.1406250000,172800.0000000000,148402.4687500000,119918.7890625000,152099.7187500000,133417.3281250000,144662.7656250000,,,
17.1879999721,134,146869.2812500000,194707.2343750000,171798.7812500000,148014.0781250000,119729.6171875000,151924.7343750000,133214.6875000000,144475.6875000000,,,
17.1919999721,134,146673.2343750000,194551.0000000000,170002.3125000000,147671.4843750000,119548.7812500000,151730.8750000000,133024.4687500000,144296.8593750000,,,
17.1959999723,134,146767.7812500000,194495.9375000000,169986.6250000000,147836.0781250000,119637.7500000000,151811.3906250000,133111.8906250000,144370.4843750000,,,
17.1999999722,134,147014.3437500000,194497.9687500000,171610.9531250000,148262.0156250000,119852.7265625000,152049.2812500000,133343.6562500000,144566.3125000000,,,
17.2039999722,134,147079.8593750000,194639.5625000000,172778.4531250000,148382.7968750000,119897.7890625000,152094.6562500000,133405.0156250000,144654.2656250000,,,
17.2079999722,134,146874.5156250000,194711.6406250000,171809.5625000000,148005.1718750000,119725.0000000000,151931.4375000000,133216.1718750000,144477.3906250000,,,
17.2119999721,134,146685.9062500000,194612.3437500000,170036.9218750000,147655.8750000000,119562.7812500000,151777.3750000000,133024.2812500000,144298.0625000000,,,
17.2159999721,134,146799.4375000000,194565.2656250000,170014.8125000000,147822.4062500000,119664.4140625000,151841.2187500000,133148.0625000000,144390.1406250000,,,
17.2199999723,134,147029.5468750000,194528.4687500000,171620.5312500000,148255.2031250000,119868.7656250000,152029.8593750000,133357.5000000000,144591.7656250000,,,
17.2239999722,134,147093.7343750000,194634.0156250000,172799.9218750000,148394.3906250000,119923.3750000000,152099.2500000000,133415.7031250000,144668.6718750000,,,
17.2279999722,134,146878.4843750000,194718.5312500000,171852.4531250000,148011.6562500000,119732.8359375000,151924.5312500000,133180.0625000000,144486.6250000000,,,
17.2319999721,134,146681.0000000000,194632.7031250000,170062.7500000000,147656.5937500000,119554.8437500000,151762.0625000000,133012.9375000000,144313.7500000000,,,
17.2359999721,134,146757.7031250000,194578.2031250000,169994.6562500000,147818.3593750000,119611.5703125000,151798.5156250000,133089.3281250000,144348.6250000000,,,
17.2399999723,134,147011.5781250000,194527.7500000000,171596.2500000000,148265.5937500000,119856.6171875000,152037.3906250000,133307.4687500000,144558.4218750000,,,
17.2439999722,134,147081.7343750000,194630.0781250000,172793.1875000000,148394.5000000000,119915.9765625000,152104.8281250000,133397.8281250000,144652.1718750000,,,
17.2479999722,134,146853.8125000000,194706.8125000000,171843.2500000000,148000.9062500000,119714.9453125000,151902.6406250000,133227.5625000000,144451.0781250000,,,
17.2519999722,134,146657.4218750000,194622.1093750000,170042.7656250000,147651.5781250000,119525.9843750000,151730.9531250000,133026.4843750000,144264.3437500000,,,
17.2559999721,134,146738.4687500000,194564.7656250000,169951.4687500000,147812.2656250000,119584.9609375000,151796.6562500000,133078.7343750000,144328.7968750000,,,
17.2599999721,134,146996.6406250000,194529.6718750000,171549.7656250000,148246.7343750000,119825.8515625000,152029.2031250000,133325.7031250000,144568.4062500000,,,
17.2639999723,134,147085.5156250000,194635.0000000000,172773.4218750000,148390.2812500000,119924.8281250000,152109.9375000000,133438.0468750000,144668.0781250000,,,
17.2679999722,134,146891.1718750000,194706.4062500000,171866.6093750000,148017.2968750000,119779.5312500000,151951.0312500000,133315.8906250000,144500.8906250000,,,
17.2719999722,134,146673.7187500000,194615.9062500000,170041.4218750000,147658.8125000000,119535.7187500000,151772.7031250000,132984.0781250000,144299.7500000000,,,
17.2759999721,134,146749.9218750000,194578.9218750000,169938.8906250000,147805.0000000000,119598.0000000000,151816.7812500000,133073.6875000000,144353.8593750000,,,
17.2799999721,135,147020.1093750000,194559.7968750000,171550.3281250000,148248.5000000000,119865.5000000000,152066.8906250000,133355.7812500000,144589.9218750000,,,
17.2839999720,135,147112.6093750000,194663.3593750000,172789.5156250000,148377.8593750000,119955.1875000000,152143.3906250000,133446.4687500000,144690.6562500000,,,
17.2879999720,135,146890.0781250000,194714.6093750000,171859.4531250000,147984.7343750000,119749.7578125000,151956.7968750000,133251.0937500000,144498.3906250000,,,
17.2919999720,135,146700.2500000000,194619.8750000000,170056.3437500000,147638.0312500000,119586.0078125000,151778.7656250000,133081.6875000000,144316.6250000000,,,
17.2959999719,135,146794.8750000000,194608.0468750000,169966.0000000000,147802.8281250000,119661.0859375000,151833.0937500000,133169.8437500000,144410.5000000000,,,
17.2999999719,135,147029.0312500000,194629.8281250000,171566.0468750000,148225.3750000000,119875.2031250000,152077.3593750000,133378.9843750000,144612.4687500000,,,
17.3039999721,135,147104.7500000000,194741.9687500000,172797.4218750000,148367.8593750000,119942.3125000000,152163.6406250000,133458.2968750000,144683.2343750000,,,
17.3079999720,135,146911.0468750000,194782.3906250000,171899.8437500000,148002.3281250000,119776.8515625000,151989.0312500000,133283.6718750000,144516.8593750000,,,
17.3119999720,135,146696.6875000000,194657.0000000000,170065.5468750000,147642.5937500000,119571.7656250000,151794.0937500000,133071.9218750000,144307.9062500000,,,
17.3159999719,135,146774.3281250000,194631.3281250000,169952.8593750000,147791.7968750000,119645.8750000000,151853.3593750000,133130.6093750000,144368.6093750000,,,
17.3199999719,135,147025.2031250000,194659.2812500000,171564.8125000000,148238.7187500000,119870.4609375000,152057.9062500000,133398.9843750000,144592.0937500000,,,
17.3239999721,135,147108.0312500000,194763.5156250000,172814.1093750000,148394.6562500000,119951.7265625000,152144.6562500000,133488.4375000000,144678.2656250000,,,
17.3279999720,135,146908.1718750000,194766.4687500000,171910.5781250000,148033.9062500000,119762.8203125000,151975.4062500000,133218.9843750000,144505.2656250000,,,
17.3319999720,135,146693.6718750000,194606.9218750000,170068.2500000000,147667.9843750000,119566.2656250000,151788.7968750000,133068.9062500000,144301.0156250000,,,
17.3359999720,135,146738.6875000000,194581.1406250000,169924.3750000000,147795.3906250000,119595.6640625000,151828.3437500000,133116.2812500000,144337.9687500000,,,
17.3399999719,135,146986.5000000000,194627.2031250000,171525.7812500000,148236.1093750000,119821.2968750000,152048.0937500000,133346.2031250000,144567.7031250000,,,
17.3439999719,135,147079.2187500000,194735.4531250000,172792.1093750000,148381.7031250000,119914.2890625000,152130.0937500000,133429.0000000000,144667.3281250000,,,
17.3479999721,135,146885.0000000000,194717.2500000000,171904.3750000000,148031.2187500000,119745.7109375000,151965.4531250000,133255.8593750000,144491.0781250000,,,
17.3519999720,135,146675.3906250000,194538.0781250000,170058.6718750000,147679.3593750000,119555.8906250000,151783.3593750000,133060.1406250000,144289.7812500000,,,
17.3559999720,135,146742.5468750000,194519.7187500000,169914.7187500000,147772.3281250000,119612.8828125000,151829.8437500000,133129.8593750000,144362.0937500000,,,
17.3599999719,135,146986.3906250000,194574.8437500000,171508.8906250000,148199.0156250000,119827.3828125000,152076.2500000000,133345.7500000000,144569.6093750000,,,
17.3639999719,135,147070.9375000000,194685.3750000000,172774.5468750000,148362.1406250000,119911.6015625000,152146.1250000000,133433.8593750000,144656.2968750000,,,
17.3679999721,135,146877.5156250000,194681.3750000000,171908.4375000000,147999.7812500000,119741.1796875000,151960.5468750000,133245.7500000000,144479.4843750000,,,
17.3719999720,135,146658.5468750000,194517.7968750000,170046.2343750000,147616.3593750000,119523.6484375000,151771.4531250000,133040.8906250000,144274.6250000000,,,
17.3759999720,135,146724.6562500000,194502.5937500000,169887.7656250000,147734.4375000000,119592.7421875000,151822.8437500000,133108.5781250000,144325.3437500000,,,
17.3799999719,135,146992.7968750000,194557.4062500000,171496.7343750000,148175.3906250000,119845.8906250000,152056.3593750000,133357.5468750000,144571.9687500000,,,
17.3839999719,135,147101.3281250000,194668.4843750000,172788.2031250000,148339.8593750000,119933.0078125000,152162.0937500000,133422.3281250000,144693.1562500000,,,
17.3879999719,135,146911.5781250000,194677.2500000000,171935.8750000000,147984.5468750000,119759.3593750000,151997.4531250000,133242.4843750000,144523.7500000000,,,
17.3919999721,135,146707.4375000000,194527.1875000000,170104.1875000000,147620.7031250000,119591.5859375000,151800.8750000000,133065.1875000000,144313.9687500000,,,
17.3959999720,135,146778.9687500000,194514.2812500000,169934.1406250000,147756.4843750000,119646.3906250000,151864.6562500000,133135.5937500000,144368.0625000000,,,
17.3999999720,135,147011.3281250000,194565.3437500000,171506.5312500000,148170.5781250000,119841.9453125000,152068.3437500000,133348.2343750000,144582.1093750000,,,
17.4039999719,135,147123.1875000000,194683.4687500000,172808.0468750000,148352.1718750000,119945.6406250000,152147.5468750000,133451.3906250000,144698.3281250000,,,
17.4079999719,136,146936.8750000000,194685.8281250000,171982.1718750000,148020.5156250000,119789.5937500000,151992.3906250000,133287.1093750000,144522.7031250000,,,
17.4119999718,136,146723.2968750000,194511.2187500000,170125.2656250000,147644.0625000000,119593.4921875000,151804.2500000000,133090.0156250000,144318.5312500000,,,
17.4159999718,136,146763.6093750000,194481.2656250000,169919.7812500000,147762.3281250000,119625.3046875000,151834.0000000000,133120.6875000000,144353.9375000000,,,
17.4199999718,136,147009.9062500000,194550.4062500000,171499.0937500000,148200.2031250000,119846.8046875000,152060.2968750000,133333.1093750000,144584.3906250000,,,
17.4239999717,136,147098.8750000000,194688.0625000000,172799.7031250000,148376.2343750000,119918.0937500000,152165.6562500000,133410.6250000000,144687.3125000000,,,
17.4279999717,136,146910.5937500000,194686.7968750000,171979.9687500000,148014.8593750000,119773.4453125000,151992.8593750000,133259.0312500000,144524.6875000000,,,
17.4319999719,136,146683.0000000000,194474.9531250000,170107.3750000000,147640.6406250000,119568.8437500000,151777.8593750000,133088.7031250000,144272.9375000000,,,
17.4359999718,136,146752.1718750000,194430.6562500000,169893.4531250000,147771.8437500000,119624.3671875000,151844.7343750000,133112.3593750000,144342.0468750000,,,
17.4399999718,136,146976.5781250000,194528.4687500000,171464.9531250000,148213.7343750000,119815.0703125000,152012.7656250000,133324.4218750000,144547.5625000000,,,
17.4439999717,136,147073.1250000000,194704.0156250000,172786.6093750000,148358.2812500000,119910.9296875000,152117.8593750000,133482.7187500000,144653.1406250000,,,
17.4479999717,136,146895.7343750000,194695.0312500000,171974.2500000000,148015.3906250000,119746.2968750000,151979.5937500000,133240.7343750000,144501.4531250000,,,
17.4519999719,136,146695.6875000000,194445.0468750000,170089.9218750000,147638.0312500000,119573.0546875000,151790.4062500000,133040.1093750000,144318.3906250000,,,
17.4559999718,136,146743.1718750000,194372.5312500000,169862.9531250000,147744.2187500000,119623.2656250000,151830.7812500000,133132.9062500000,144326.7031250000,,,
17.4599999718,136,146971.8437500000,194507.2812500000,171440.2500000000,148169.4375000000,119816.1406250000,152038.8125000000,133373.8750000000,144550.5468750000,,,
17.4639999717,136,147087.0781250000,194732.0000000000,172790.3750000000,148347.1875000000,119920.8046875000,152144.5937500000,133422.4531250000,144689.3437500000,,,
17.4679999717,136,146910.8906250000,194712.6250000000,171992.2031250000,148010.4843750000,119773.4687500000,152001.0937500000,133239.3906250000,144520.1250000000,,,
17.4719999717,136,146716.8281250000,194409.8281250000,170099.6250000000,147630.5156250000,119613.0703125000,151830.5156250000,133087.6406250000,144336.3437500000,,,
17.4759999719,136,146751.4062500000,194318.1093750000,169842.7812500000,147726.4843750000,119627.2890625000,151866.7968750000,133114.2187500000,144352.7031250000,,,
17.4799999718,136,146968.3125000000,194492.8437500000,171414.8593750000,148127.1093750000,119806.1093750000,152018.0781250000,133326.7500000000,144548.4218750000,,,
17.4839999718,136,147091.3437500000,194764.3125000000,172789.6406250000,148320.3593750000,119920.1875000000,152114.7968750000,133413.0156250000,144678.3750000000,,,
17.4879999717,136,146931.6250000000,194737.3593750000,172005.6875000000,148008.3906250000,119778.8359375000,151960.1093750000,133260.5000000000,144523.3906250000,,,
17.4919999717,136,146735.0625000000,194373.1406250000,170096.4687500000,147637.0937500000,119607.5234375000,151796.7968750000,133086.6093750000,144319.6875000000,,,
17.4959999719,136,146765.5937500000,194267.5156250000,169823.4375000000,147719.8437500000,119622.4921875000,151811.8125000000,133095.3906250000,144349.1562500000,,,
17.4999999718,136,146994.4843750000,194486.9218750000,171411.0468750000,148142.9375000000,119820.1171875000,151988.3593750000,133306.5781250000,144576.5625000000,,,
17.5039999718,136,147099.7968750000,194789.5000000000,172800.7031250000,148335.7343750000,119928.7187500000,152085.7187500000,133408.9687500000,144678.6093750000,,,
17.5079999717,136,146922.5468750000,194745.4375000000,172023.9218750000,148014.0000000000,119787.6328125000,151976.3750000000,133261.0468750000,144508.3750000000,,,
17.5119999717,136,146693.6250000000,194345.4062500000,170069.7812500000,147642.5156250000,119552.4062500000,151747.5781250000,133016.9062500000,144287.5468750000,,,
17.5159999717,136,146690.8125000000,194213.5468750000,169746.9687500000,147734.4375000000,119537.3281250000,151725.5000000000,133037.7500000000,144280.1718750000,,,
17.5199999718,136,146892.8906250000,194445.2343750000,171320.0156250000,148117.4687500000,119729.6953125000,151922.1875000000,133201.1718750000,144468.9687500000,,,
17.5239999718,136,147017.3750000000,194774.1093750000,172722.1093750000,148324.1093750000,119843.7734375000,152033.9843750000,133295.5937500000,144613.7031250000,,,
17.5279999718,136,146853.7500000000,194724.0625000000,171952.0781250000,148015.0625000000,119701.1328125000,151903.1406250000,133166.2031250000,144441.3750000000,,,
17.5319999717,136,146663.9531250000,194297.9062500000,170020.5625000000,147641.7812500000,119542.8281250000,151682.9375000000,133022.3437500000,144251.7343750000,,,
17.5359999717,137,146692.6875000000,194161.7343750000,169719.0312500000,147738.8593750000,119575.5000000000,151732.9531250000,133025.8906250000,144266.4687500000,,,
17.5399999716,137,146904.3125000000,194418.6406250000,171296.1093750000,148155.0781250000,119743.4296875000,151979.4531250000,133294.5156250000,144486.1406250000,,,
17.5439999716,137,147018.1406250000,194766.7031250000,172709.4218750000,148322.6718750000,119859.7265625000,152050.2656250000,133426.2656250000,144614.4062500000,,,
17.5479999715,137,146851.5468750000,194722.2812500000,171948.6718750000,148001.1250000000,119688.1250000000,151893.7656250000,133072.8906250000,144478.4218750000,,,
17.5519999715,137,146674.5781250000,194300.1562500000,170011.9531250000,147626.0937500000,119569.9687500000,151716.3281250000,133115.3125000000,144315.0937500000,,,
17.5559999715,137,146686.9687500000,194158.9218750000,169686.6250000000,147686.4531250000,119569.7265625000,151756.5312500000,133036.9218750000,144277.9687500000,,,
17.5599999717,137,146924.4062500000,194420.5937500000,171284.3125000000,148113.9062500000,119798.0390625000,151911.7343750000,133186.6093750000,144510.6093750000,,,
17.5639999716,137,147000.0625000000,194763.9687500000,172684.6875000000,148315.3906250000,119799.0859375000,151950.7500000000,133168.9843750000,144574.7812500000,,,
17.5679999716,137,146827.7031250000,194723.5468750000,171912.7968750000,147976.6562500000,119632.3828125000,151824.6406250000,133047.4218750000,144416.5625000000,,,
17.5719999715,137,146632.6562500000,194296.5312500000,169977.6718750000,147580.6093750000,119491.8671875000,151650.4218750000,132909.5937500000,144208.8593750000,,,
17.5759999715,137,146675.8437500000,194167.6093750000,169653.5312500000,147664.1875000000,119545.0546875000,151708.9218750000,132958.1718750000,144265.1562500000,,,
17.5799999717,137,146900.0000000000,194430.8906250000,171228.0625000000,148084.7031250000,119719.4218750000,151864.4375000000,133095.3593750000,144480.4218750000,,,
17.5839999716,137,147008.0000000000,194766.1718750000,172656.1718750000,148258.4062500000,119819.1484375000,151940.5312500000,133223.4062500000,144565.4218750000,,,
17.5879999716,137,146855.5468750000,194728.4531250000,171942.0468750000,147931.5156250000,119696.3046875000,151792.8281250000,133092.4843750000,144422.4375000000,,,
17.5919999715,137,146681.2031250000,194317.3281250000,170014.0156250000,147575.6406250000,119550.0937500000,151643.9062500000,132942.4687500000,144258.7500000000,,,
17.5959999715,137,146716.5000000000,194190.0000000000,169657.6875000000,147672.3906250000,119560.9843750000,151738.0312500000,133020.0781250000,144303.8906250000,,,
17.5999999715,137,146933.2812500000,194450.0625000000,171220.2031250000,148075.5312500000,119762.0703125000,151923.4843750000,133191.9218750000,144531.4218750000,,,
17.6039999716,137,147020.4218750000,194777.9218750000,172662.2968750000,148284.4218750000,119843.1562500000,151872.6250000000,133313.5312500000,144583.1093750000,,,
17.6079999716,137,146838.3906250000,194741.7343750000,171952.7968750000,147966.7031250000,119676.1562500000,151823.5156250000,133065.2968750000,144408.6562500000,,,
17.6119999716,137,146617.2968750000,194321.2187500000,169990.0312500000,147566.5312500000,119476.6875000000,151665.9531250000,132873.4375000000,144205.4687500000,,,
17.6159999715,137,146629.5468750000,194180.2656250000,169614.9531250000,147639.9375000000,119495.2187500000,151602.3906250000,133008.1093750000,144211.4843750000,,,
17.6199999715,137,146802.0937500000,194392.9687500000,171121.6093750000,148045.8125000000,119599.6640625000,151725.6093750000,132985.8750000000,144345.7343750000,,,
17.6239999717,137,146923.1406250000,194705.2343750000,172563.1093750000,148252.0468750000,119713.7343750000,151867.3906250000,133029.5156250000,144480.7031250000,,,
17.6279999716,137,146784.5468750000,194681.0312500000,171902.7187500000,147942.0312500000,119632.7343750000,151778.3437500000,133028.8750000000,144370.4062500000,,,
17.6319999716,137,146585.0781250000,194289.8281250000,169968.6093750000,147569.5468750000,119451.5781250000,151566.7187500000,132854.7343750000,144190.7812500000,,,
17.6359999715,137,146606.1875000000,194159.9531250000,169568.0156250000,147668.5781250000,119454.9843750000,151608.4843750000,132863.7187500000,144189.2500000000,,,
17.6399999715,137,146821.3750000000,194378.9687500000,171117.4218750000,148058.7968750000,119675.0078125000,151773.7031250000,133112.9218750000,144366.3281250000,,,
17.6439999714,137,146950.6875000000,194696.8281250000,172586.7968750000,148259.8750000000,119784.6250000000,151880.5156250000,133185.5937500000,144519.9843750000,,,
17.6479999716,137,146802.5781250000,194693.2968750000,171925.9531250000,147946.6718750000,119644.6171875000,151804.4218750000,133023.5312500000,144406.2968750000,,,
17.6519999716,137,146577.3281250000,194303.3750000000,169974.4531250000,147542.2031250000,119449.6484375000,151612.5625000000,132899.6093750000,144170.9218750000,,,
17.6559999716,137,146610.5000000000,194162.2187500000,169569.8906250000,147609.0312500000,119500.5000000000,151635.2187500000,132990.8906250000,144184.6562500000,,,
17.6599999715,137,146838.9687500000,194385.8281250000,171108.0312500000,148034.7812500000,119682.4062500000,151824.7187500000,133086.9687500000,144415.4843750000,,,
17.6639999715,138,146922.0937500000,194683.6562500000,172540.6562500000,148227.3125000000,119698.5312500000,151854.0625000000,132983.0781250000,144485.3906250000,,,
17.6679999714,138,146806.0156250000,194672.5625000000,171915.7500000000,147930.7968750000,119632.1718750000,151770.3750000000,133011.7812500000,144383.2031250000,,,
17.6719999714,138,146639.5000000000,194304.3125000000,170015.8906250000,147556.8437500000,119522.1171875000,151576.5000000000,132966.4531250000,144244.7656250000,,,
17.6759999713,138,146653.2343750000,194183.0781250000,169592.0468750000,147612.3281250000,119520.5390625000,151607.2656250000,132892.8750000000,144263.0625000000,,,
17.6799999713,138,146853.4062500000,194388.1093750000,171098.1875000000,148015.9531250000,119684.4765625000,151835.4687500000,132950.7968750000,144416.2968750000,,,
17.6839999713,138,146978.3906250000,194693.7187500000,172572.4375000000,148224.5781250000,119781.6796875000,151920.6875000000,133185.8593750000,144565.2656250000,,,
17.6879999714,138,146819.7500000000,194685.7031250000,171968.8125000000,147924.3906250000,119665.6718750000,151746.1093750000,133076.8593750000,144412.1875000000,,,
17.6919999714,138,146562.3906250000,194279.4531250000,169984.1406250000,147542.2500000000,119385.5390625000,151543.8593750000,132700.0625000000,144129.7812500000,,,
17.6959999714,138,146596.4531250000,194122.5781250000,169541.5937500000,147616.9687500000,119448.4140625000,151588.5781250000,132835.7031250000,144169.1562500000,,,
17.6999999713,138,146838.5937500000,194332.1250000000,171101.5937500000,148034.4687500000,119722.3984375000,151765.5781250000,133105.4218750000,144408.5781250000,,,
17.7039999713,138,146957.2656250000,194638.7812500000,172603.8281250000,148254.7187500000,119788.6484375000,151886.8437500000,133198.4843750000,144526.9062500000,,,
17.7079999715,138,146758.3437500000,194627.5781250000,171932.7343750000,147950.3437500000,119519.8906250000,151744.5937500000,132853.1562500000,144360.5625000000,,,
17.7119999714,138,146550.4531250000,194234.7187500000,169979.6093750000,147557.1406250000,119375.3515625000,151546.7812500000,132756.5156250000,144131.6562500000,,,
17.7159999714,138,146576.1406250000,194091.7500000000,169544.7656250000,147620.4687500000,119448.0625000000,151555.7812500000,132870.5312500000,144145.6406250000,,,
17.7199999713,138,146804.9375000000,194313.6250000000,171061.5000000000,148058.3125000000,119633.8593750000,151797.6875000000,132932.5468750000,144383.4062500000,,,
17.7239999713,138,146939.5000000000,194634.2812500000,172575.5000000000,148283.6718750000,119755.8203125000,151859.9375000000,133060.8750000000,144514.2500000000,,,
17.7279999712,138,146778.1406250000,194629.1406250000,172002.1250000000,147961.0781250000,119622.2500000000,151716.9218750000,132954.1093750000,144361.6250000000,,,
17.7319999714,138,146535.4218750000,194230.8281250000,170015.7656250000,147567.0312500000,119359.8203125000,151533.1562500000,132777.6250000000,144125.3281250000,,,
17.7359999714,138,146565.2500000000,194078.7500000000,169541.1093750000,147613.2187500000,119401.2031250000,151532.2187500000,132804.4687500000,144153.3906250000,,,
17.7399999714,138,146812.8437500000,194303.4062500000,171058.0156250000,148033.1718750000,119628.6562500000,151776.5156250000,133099.4062500000,144402.2656250000,,,
17.7439999713,138,146932.1562500000,194616.7187500000,172594.4843750000,148260.3593750000,119759.6562500000,151882.5937500000,133149.2656250000,144485.7343750000,,,
17.7479999713,138,146783.3750000000,194596.6250000000,172051.0937500000,147966.0625000000,119622.5390625000,151760.1562500000,133007.2187500000,144354.0156250000,,,
17.7519999715,138,146585.7968750000,194190.5312500000,170134.9218750000,147563.7031250000,119450.6953125000,151587.5000000000,132862.3281250000,144169.2343750000,,,
17.7559999714,138,146605.1093750000,194029.3906250000,169645.7968750000,147614.5625000000,119443.5312500000,151573.9531250000,132816.2812500000,144190.5937500000,,,
17.7599999714,138,146815.7968750000,194256.9687500000,171104.7812500000,148011.3125000000,119608.6484375000,151761.4531250000,132957.2031250000,144401.2812500000,,,
17.7639999713,138,146987.4687500000,194615.2656250000,172657.9687500000,148247.0781250000,119820.0859375000,151929.6250000000,133224.2343750000,144570.4218750000,,,
17.7679999713,138,146851.9062500000,194627.9062500000,172128.4062500000,147972.4218750000,119690.0000000000,151847.1093750000,133071.1406250000,144446.6562500000,,,
17.7719999712,138,146620.9375000000,194204.5156250000,170152.7187500000,147563.6562500000,119451.6015625000,151610.7343750000,132818.9375000000,144208.1562500000,,,
17.7759999714,138,146641.0000000000,194039.5312500000,169651.5625000000,147611.5781250000,119499.3515625000,151628.6250000000,132879.4375000000,144218.0468750000,,,
17.7799999714,138,146854.5000000000,194293.3437500000,171137.3281250000,148028.1250000000,119688.4687500000,151807.9531250000,133037.6718750000,144428.8750000000,,,
17.7839999713,138,146971.5000000000,194659.1406250000,172642.1250000000,148255.0781250000,119761.2421875000,151909.6406250000,133173.5937500000,144547.5156250000,,,
17.7879999713,138,146869.4218750000,194670.0625000000,172146.7656250000,147990.0781250000,119737.8750000000,151825.6875000000,133166.7656250000,144460.7343750000,,,
17.7919999713,139,146645.6406250000,194222.6406250000,170194.6093750000,147612.6093750000,119498.7031250000,151604.7187500000,132816.7031250000,144221.9687500000,,,
17.7959999712,139,146642.2656250000,194022.3437500000,169634.2968750000,147635.8281250000,119476.9765625000,151616.7343750000,132871.9843750000,144219.1562500000,,,
17.7999999712,139,146866.6875000000,194286.9375000000,171125.5468750000,148053.2968750000,119692.3593750000,151797.8750000000,133062.1875000000,144435.7343750000,,,
17.8039999711,139,146985.6406250000,194693.4843750000,172650.3906250000,148282.0781250000,119775.6406250000,151913.3125000000,133195.8437500000,144573.6562500000,,,
17.8079999711,139,146863.9531250000,194694.9531250000,172137.7343750000,148016.3281250000,119696.3828125000,151835.4531250000,133088.5781250000,144445.0781250000,,,
17.8119999710,139,146657.7968750000,194210.1718750000,170188.2031250000,147625.6875000000,119518.7968750000,151685.1562500000,132825.0000000000,144235.6562500000,,,
17.8159999712,139,146634.4531250000,193994.5468750000,169618.5781250000,147645.2812500000,119470.8593750000,151602.5468750000,132811.4531250000,144212.3125000000,,,
17.8199999712,139,146831.0156250000,194275.2187500000,171066.7031250000,148032.6406250000,119642.8437500000,151772.1250000000,133056.5156250000,144402.8281250000,,,
17.8239999712,139,147007.8125000000,194712.5781250000,172671.0937500000,148293.7031250000,119865.8203125000,151937.5312500000,133261.1718750000,144580.0468750000,,,
17.8279999711,139,146884.2500000000,194728.8281250000,172209.4531250000,148030.5000000000,119760.4062500000,151822.5468750000,133062.8750000000,144466.5937500000,,,
17.8319999711,139,146623.5937500000,194201.9062500000,170160.3750000000,147595.7812500000,119422.7187500000,151623.5312500000,132791.7656250000,144208.5625000000,,,
17.8359999713,139,146628.9843750000,193962.4687500000,169580.0312500000,147610.1875000000,119455.3906250000,151643.1093750000,132833.0625000000,144201.6406250000,,,
17.8399999712,139,146871.8593750000,194268.4218750000,171079.4375000000,148026.0156250000,119714.3281250000,151846.0625000000,133099.5781250000,144452.5625000000,,,
17.8439999712,139,147009.6718750000,194729.8437500000,172667.8750000000,148279.2656250000,119840.8437500000,151926.4062500000,133228.7812500000,144585.4687500000,,,
17.8479999711,139,146847.4531250000,194728.4843750000,172155.5468750000,147993.6093750000,119672.7031250000,151802.1562500000,133017.8125000000,144430.5156250000,,,
17.8519999711,139,146648.3281250000,194185.1406250000,170190.2343750000,147579.9843750000,119525.1796875000,151624.6562500000,132936.1718750000,144234.5468750000,,,
17.8559999710,139,146636.9531250000,193940.2656250000,169574.7812500000,147621.0781250000,119447.0703125000,151637.6093750000,132846.5781250000,144232.6250000000,,,
17.8599999712,139,146838.3906250000,194252.2343750000,171014.7968750000,148021.8593750000,119630.6953125000,151800.9531250000,133013.5468750000,144410.1250000000,,,
17.8639999712,139,147013.1562500000,194744.6093750000,172640.1875000000,148284.6562500000,119824.3750000000,151941.3437500000,133185.4843750000,144586.5937500000,,,
17.8679999711,139,146893.7187500000,194768.2031250000,172195.5937500000,148012.9218750000,119735.0625000000,151851.4375000000,133050.2968750000,144476.1875000000,,,
17.8719999711,139,146707.9218750000,194215.8281250000,170237.3125000000,147611.4843750000,119613.9843750000,151700.8281250000,132945.2031250000,144290.7656250000,,,
17.8759999711,139,146674.3125000000,193957.1250000000,169622.5468750000,147642.2500000000,119528.3984375000,151659.9218750000,132986.9218750000,144240.9843750000,,,
17.8799999713,139,146820.7656250000,194270.2500000000,171014.4218750000,148032.2968750000,119611.1171875000,151759.4843750000,132992.2812500000,144393.9843750000,,,
17.8839999712,139,146967.1875000000,194772.8125000000,172595.9062500000,148299.7031250000,119743.1093750000,151905.8281250000,133089.7031250000,144547.9687500000,,,
17.8879999712,139,146869.5468750000,194795.2656250000,172178.9843750000,148012.5156250000,119721.7812500000,151838.9843750000,133115.5000000000,144451.6718750000,,,
17.8919999711,139,146661.2187500000,194219.1093750000,170210.9218750000,147611.8593750000,119555.2421875000,151672.1875000000,132943.3125000000,144232.4843750000,,,
17.8959999711,139,146701.7187500000,193954.9531250000,169634.6093750000,147647.4218750000,119651.7265625000,151684.3906250000,133085.1406250000,144289.4531250000,,,
17.8999999710,139,146858.9375000000,194298.5781250000,171043.7343750000,148045.6406250000,119664.8437500000,151817.6718750000,132939.2812500000,144464.3125000000,,,
17.9039999712,139,146975.7968750000,194805.4687500000,172636.3593750000,148300.1562500000,119789.7265625000,151913.9843750000,133158.3906250000,144537.1093750000,,,
17.9079999712,139,146818.8593750000,194821.6562500000,172165.7656250000,148023.6562500000,119594.8593750000,151812.1875000000,132910.4531250000,144407.9531250000,,,
17.9119999711,139,146618.1718750000,194223.3125000000,170161.9843750000,147592.7031250000,119458.4687500000,151648.1250000000,132851.6250000000,144211.1093750000,,,
17.9159999711,139,146676.4375000000,193939.7500000000,169583.1406250000,147630.8437500000,119568.1171875000,151659.7031250000,133033.2343750000,144248.9062500000,,,
17.9199999711,140,146872.6562500000,194290.9062500000,171067.5000000000,148049.7812500000,119754.4531250000,151801.7343750000,133106.0156250000,144433.5625000000,,,
17.9239999710,140,146936.0781250000,194800.5312500000,172619.7031250000,148262.5625000000,119709.2578125000,151898.5000000000,133049.6093750000,144511.4843750000,,,
17.9279999710,140,146822.3906250000,194819.5625000000,172170.8125000000,147995.7031250000,119618.4921875000,151804.7343750000,132988.2031250000,144403.7500000000,,,
17.9319999709,140,146645.0312500000,194211.8281250000,170222.4687500000,147592.2500000000,119535.8281250000,151636.4531250000,132914.1250000000,144208.1562500000,,,
17.9359999709,140,146643.0156250000,193910.2187500000,169587.1406250000,147610.2500000000,119528.7187500000,151636.5937500000,132979.5156250000,144211.7187500000,,,
17.9399999708,140,146855.6562500000,194264.7343750000,171033.2812500000,148008.3125000000,119729.6171875000,151828.7187500000,133115.6093750000,144435.1562500000,,,
17.9439999710,140,147015.5468750000,194817.7656250000,172698.7187500000,148273.8437500000,119880.9765625000,151930.2343750000,133217.0000000000,144577.1718750000,,,
17.9479999710,140,146843.0781250000,194845.2187500000,172237.7500000000,148028.6875000000,119617.0156250000,151813.7968750000,132923.1875000000,144420.9062500000,,,
17.9519999709,140,146651.7500000000,194230.2812500000,170226.6093750000,147655.5156250000,119482.5859375000,151646.8593750000,132961.8906250000,144232.7031250000,,,
17.9559999709,140,146656.5312500000,193915.9843750000,169588.1562500000,147610.4062500000,119544.4609375000,151662.7968750000,132979.1406250000,144224.8125000000,,,
17.9599999709,140,146839.1562500000,194267.2812500000,171014.6718750000,148012.7031250000,119674.0703125000,151783.9218750000,133036.3281250000,144423.5156250000,,,
17.9639999710,140,146955.1718750000,194829.8750000000,172613.4218750000,148277.7968750000,119728.9453125000,151889.1250000000,133060.4843750000,144541.5312500000,,,
17.9679999710,140,146844.8750000000,194857.0625000000,172241.9375000000,148002.7812500000,119685.3359375000,151833.3593750000,133014.7031250000,144409.7812500000,,,
17.9719999710,140,146670.0156250000,194238.2500000000,170277.7031250000,147605.9843750000,119568.6328125000,151667.2500000000,133283.0937500000,144248.5781250000,,,
17.9759999709,140,146646.1250000000,193919.0468750000,169573.4687500000,147638.8437500000,119498.5468750000,151613.6562500000,132917.9531250000,144206.5468750000,,,
17.9799999709,140,146807.7500000000,194269.5000000000,170931.9687500000,148016.7812500000,119596.1250000000,151780.4375000000,132787.6093750000,144378.3437500000,,,
17.9839999708,140,146952.1562500000,194834.6718750000,172584.9375000000,148271.1718750000,119803.3750000000,151877.7187500000,133097.4062500000,144519.2187500000,,,
17.9879999710,140,146877.8125000000,194881.3906250000,172249.5781250000,148059.8281250000,119723.5312500000,151860.0156250000,133078.9218750000,144466.3437500000,,,
17.9919999710,140,146628.7968750000,194252.8750000000,170225.6875000000,147617.7343750000,119477.2500000000,151623.5000000000,132874.7187500000,144221.0781250000,,,
17.9959999709,140,146575.5312500000,193906.1406250000,169467.0781250000,147576.2656250000,119407.0781250000,151604.4218750000,132824.7812500000,144158.8281250000,,,
17.9999999709,140,146806.2031250000,194278.8437500000,170862.6093750000,147978.1875000000,119635.8984375000,151791.0000000000,133105.3437500000,144428.8750000000,,,
18.0039999709,140,146942.5000000000,194852.6718750000,172525.0468750000,148264.8437500000,119783.9609375000,151880.0468750000,132987.4218750000,144531.8750000000,,,
18.0079999710,140,146797.9375000000,194879.7812500000,172155.4375000000,148000.8750000000,119611.6250000000,151787.8593750000,132895.4531250000,144363.5625000000,,,
18.0119999710,140,146602.1562500000,194237.6718750000,170164.2656250000,147584.4218750000,119433.3359375000,151593.7031250000,132877.9687500000,144159.5468750000,,,
18.0159999710,140,146575.0781250000,193892.9218750000,169430.2812500000,147578.1875000000,119417.3828125000,151554.8593750000,132752.5000000000,144145.7968750000,,,
18.0199999709,140,146794.4218750000,194250.2968750000,170834.9531250000,147961.8281250000,119625.9453125000,151765.4218750000,133088.3906250000,144366.9218750000,,,
18.0239999709,140,146984.2656250000,194843.3593750000,172548.6250000000,148249.2031250000,119802.2734375000,151927.3593750000,133132.1093750000,144560.5156250000,,,
18.0279999708,140,146831.6718750000,194892.5781250000,172218.7343750000,148002.6250000000,119646.8671875000,151790.0625000000,133029.5156250000,144402.6093750000,,,
18.0319999710,140,146594.2968750000,194249.1250000000,170204.7187500000,147587.1562500000,119411.4531250000,151594.7656250000,132801.6562500000,144155.1250000000,,,
18.0359999710,140,146560.1562500000,193899.5156250000,169433.2968750000,147566.7343750000,119365.1875000000,151565.8281250000,132773.9531250000,144129.1406250000,,,
18.0399999709,140,146808.8750000000,194254.9062500000,170840.0468750000,147982.4062500000,119617.6328125000,151769.7812500000,132993.4062500000,144379.0156250000,,,
18.0439999709,140,147007.6250000000,194849.2031250000,172584.8281250000,148279.0781250000,119876.5468750000,151899.7187500000,133282.9843750000,144567.2500000000,,,
18.0479999708,141,146875.4531250000,194912.7812500000,172320.9843750000,148029.9843750000,119777.0937500000,151818.1406250000,133113.2500000000,144420.2187500000,,,
18.0519999708,141,146597.1406250000,194270.5156250000,170266.4687500000,147602.0312500000,119413.5156250000,151594.8750000000,132723.0468750000,144153.5468750000,,,
18.0559999708,141,146562.6562500000,193909.9531250000,169459.6093750000,147563.4687500000,119387.8750000000,151552.7187500000,132800.8281250000,144137.5000000000,,,
18.0599999707,141,146785.3593750000,194252.1406250000,170854.2968750000,147945.6875000000,119626.6718750000,151727.4375000000,133027.6406250000,144350.5000000000,,,
18.0639999707,141,146939.4218750000,194819.7031250000,172530.8437500000,148264.6562500000,119736.8828125000,151878.9843750000,133176.3125000000,144500.0312500000,,,
18.0679999706,141,146851.3125000000,194889.8906250000,172263.1562500000,148060.5312500000,119649.8750000000,151822.5781250000,133017.6093750000,144423.1093750000,,,
18.0719999708,141,146610.9843750000,194269.6875000000,170286.5000000000,147612.2343750000,119465.7656250000,151607.0781250000,132931.1250000000,144176.8750000000,,,
18.0759999708,141,146585.5000000000,193905.9218750000,169497.0156250000,147592.2187500000,119432.6953125000,151574.8125000000,132807.0000000000,144144.7187500000,,,
18.0799999707,141,146781.5468750000,194230.7500000000,170857.8906250000,147977.0937500000,119619.8906250000,151728.6406250000,132892.4531250000,144350.5625000000,,,
18.0839999707,141,146928.6406250000,194793.2500000000,172523.7812500000,148214.2187500000,119712.9062500000,151889.9218750000,133053.2968750000,144511.4531250000,,,
18.0879999707,141,146824.3593750000,194864.9843750000,172248.8593750000,148003.7500000000,119605.9375000000,151804.1406250000,132995.6562500000,144397.6250000000,,,
18.0919999708,141,146633.1406250000,194257.2187500000,170281.1406250000,147614.4062500000,119429.7187500000,151614.8906250000,132817.6718750000,144194.2656250000,,,
18.0959999708,141,146614.4218750000,193899.3593750000,169497.6093750000,147576.1875000000,119445.0312500000,151595.3593750000,132830.8906250000,144176.6718750000,,,
18.0999999708,141,146800.6250000000,194220.4375000000,170845.5000000000,147933.5781250000,119630.9140625000,151750.7187500000,133049.9218750000,144364.5312500000,,,
18.1039999707,141,146970.9375000000,194790.3906250000,172548.3593750000,148227.6406250000,119771.0859375000,151911.6562500000,133208.2812500000,144538.7656250000,,,
18.1079999707,141,146855.9062500000,194879.5156250000,172308.2968750000,148009.4062500000,119658.4296875000,151810.5781250000,132988.0937500000,144427.5625000000,,,
18.1119999706,141,146627.2656250000,194269.7656250000,170324.8750000000,147590.6562500000,119448.3593750000,151608.1562500000,132825.0468750000,144182.1406250000,,,
18.1159999708,141,146608.2500000000,193909.6093750000,169520.0625000000,147583.6562500000,119440.2031250000,151578.6562500000,132830.5000000000,144157.7812500000,,,
18.1199999708,141,146766.0781250000,194216.7968750000,170818.1093750000,147953.0625000000,119566.5390625000,151704.0000000000,132950.2031250000,144322.9218750000,,,
18.1239999707,141,146916.0000000000,194772.3437500000,172499.9687500000,148230.1250000000,119712.0468750000,151846.5312500000,133108.0781250000,144477.6875000000,,,
18.1279999707,141,146843.4062500000,194860.1562500000,172308.5156250000,148026.9843750000,119681.2578125000,151788.5937500000,133063.4687500000,144399.1250000000,,,
18.1319999706,141,146635.7968750000,194263.8437500000,170359.4062500000,147640.0156250000,119475.2109375000,151602.8750000000,132843.9062500000,144180.9843750000,,,
18.1359999708,141,146592.5312500000,193894.7187500000,169521.0312500000,147596.5937500000,119448.9218750000,151557.5781250000,132795.6718750000,144142.5468750000,,,
18.1399999708,141,146765.8906250000,194197.5312500000,170796.4687500000,147957.8593750000,119564.7968750000,151728.0312500000,132973.7500000000,144329.4687500000,,,
18.1439999708,141,146956.0468750000,194772.9531250000,172502.2187500000,148257.5937500000,119733.9375000000,151901.8125000000,133165.8437500000,144526.9375000000,,,
18.1479999707,141,146855.1406250000,194874.3906250000,172316.2031250000,148062.2812500000,119662.0234375000,151809.6406250000,133100.2656250000,144421.7187500000,,,
18.1519999707,141,146630.4531250000,194274.8906250000,170357.6562500000,147640.2812500000,119460.6171875000,151620.1718750000,132839.2031250000,144186.5156250000,,,
18.1559999706,141,146580.6718750000,193897.0468750000,169491.8750000000,147587.3906250000,119404.9375000000,151551.2656250000,132790.5312500000,144136.5468750000,,,
18.1599999708,141,146757.7343750000,194187.7500000000,170765.9375000000,147962.7656250000,119557.7656250000,151691.9218750000,132937.8906250000,144312.8125000000,,,
18.1639999708,141,146941.0625000000,194757.1875000000,172483.6875000000,148248.0781250000,119730.9843750000,151866.0000000000,133131.6250000000,144504.0625000000,,,
18.1679999707,141,146861.3906250000,194875.8750000000,172325.6250000000,148039.7500000000,119668.6250000000,151814.0781250000,133062.8593750000,144428.5312500000,,,
18.1719999707,141,146631.5937500000,194284.1250000000,170370.7500000000,147615.0156250000,119467.1640625000,151612.0781250000,132857.0156250000,144189.2968750000,,,
18.1759999706,142,146593.1562500000,193897.0781250000,169493.7656250000,147568.4843750000,119428.7812500000,151565.0000000000,132826.9843750000,144150.1875000000,,,
18.1799999706,142,146799.4375000000,194194.2656250000,170779.2812500000,147954.0156250000,119610.0468750000,151742.0000000000,133017.7656250000,144359.6250000000,,,
18.1839999706,142,146967.7812500000,194765.6562500000,172498.9218750000,148245.8437500000,119759.8203125000,151895.9062500000,133181.7343750000,144537.2968750000,,,
18.1879999705,142,146871.7812500000,194885.4375000000,172353.7031250000,148035.6406250000,119684.6875000000,151819.5937500000,133090.8593750000,144442.2343750000,,,
18.1919999705,142,146651.0625000000,194295.9687500000,170409.5312500000,147602.3593750000,119494.2500000000,151627.6875000000,132892.8750000000,144211.9062500000,,,
18.1959999704,142,146626.2500000000,193904.4843750000,169526.8125000000,147558.9531250000,119470.5937500000,151592.7343750000,132869.4375000000,144181.2500000000,,,
18.1999999706,142,146814.9687500000,194195.5781250000,170790.3281250000,147938.1093750000,119628.5468750000,151752.5468750000,133037.8281250000,144372.8750000000,,,
18.2039999706,142,146976.9687500000,194761.5000000000,172505.2500000000,148246.5937500000,119773.6015625000,151895.4218750000,133195.0625000000,144540.5937500000,,,
18.2079999705,142,146888.5937500000,194892.7656250000,172377.8437500000,148054.8125000000,119702.1250000000,151824.2968750000,133130.0937500000,144451.4531250000,,,
18.2119999705,142,146655.5156250000,194310.7343750000,170432.6250000000,147632.2968750000,119494.8671875000,151613.6562500000,132915.9218750000,144207.4843750000,,,
18.2159999704,142,146599.6718750000,193906.3593750000,169510.2656250000,147577.1406250000,119434.2500000000,151549.3593750000,132854.7187500000,144146.7656250000,,,
18.2199999706,142,146780.8750000000,194186.5468750000,170749.4531250000,147952.3125000000,119588.1328125000,151703.0468750000,133011.4843750000,144333.8437500000,,,
18.2239999706,142,146930.7031250000,194755.4062500000,172458.9843750000,148248.0937500000,119723.7968750000,151846.2343750000,133153.0625000000,144496.6875000000,,,
18.2279999705,142,146853.7031250000,194897.2187500000,172353.0625000000,148070.3281250000,119667.0703125000,151790.1718750000,133089.2500000000,144421.5312500000,,,
18.2319999705,142,146644.8125000000,194317.5937500000,170423.3750000000,147657.0000000000,119486.7656250000,151611.8593750000,132903.4218750000,144205.6406250000,,,
18.2359999705,142,146590.4687500000,193913.3593750000,169491.9218750000,147599.5468750000,119430.8203125000,151562.0781250000,132862.4687500000,144158.5312500000,,,
18.2399999704,142,146756.0156250000,194187.1093750000,170716.5625000000,147944.7656250000,119570.6171875000,151690.8281250000,133021.5937500000,144328.2968750000,,,
18.2439999706,142,146919.0625000000,194751.5781250000,172437.2343750000,148249.4687500000,119712.2656250000,151830.3281250000,133167.6406250000,144497.2968750000,,,
18.2479999706,142,146865.2031250000,194900.7656250000,172361.9375000000,148074.9375000000,119679.4062500000,151796.6875000000,133123.3906250000,144443.8906250000,,,
18.2519999705,142,146648.1406250000,194336.5312500000,170442.0156250000,147649.7812500000,119494.2812500000,151605.6406250000,132926.8437500000,144213.4375000000,,,
18.2559999705,142,146590.2812500000,193918.8906250000,169487.4375000000,147585.5937500000,119435.3203125000,151539.3125000000,132867.5937500000,144150.7343750000,,,
18.2599999704,142,146772.3437500000,194182.3593750000,170702.1562500000,147945.4062500000,119589.7656250000,151676.8750000000,133025.4687500000,144330.5781250000,,,
18.2639999706,142,146943.1250000000,194752.2968750000,172440.7500000000,148250.3281250000,119745.4375000000,151828.8281250000,133178.5156250000,144508.8593750000,,,
18.2679999706,142,146866.0312500000,194907.1093750000,172379.7187500000,148062.0312500000,119687.1328125000,151769.9218750000,133105.2500000000,144432.2343750000,,,
18.2719999705,142,146663.3437500000,194332.7187500000,170465.0781250000,147632.5312500000,119513.3750000000,151597.9687500000,132936.7031250000,144220.4062500000,,,
18.2759999705,142,146615.6875000000,193918.9375000000,169508.2343750000,147570.5156250000,119463.0546875000,151548.1562500000,132891.3750000000,144174.6093750000,,,
18.2799999705,142,146773.5000000000,194179.5937500000,170700.6406250000,147923.4687500000,119595.7187500000,151673.9218750000,133029.9687500000,144335.6406250000,,,
18.2839999704,142,146935.4843750000,194756.4531250000,172436.6718750000,148219.0000000000,119739.0859375000,151817.9062500000,133186.0000000000,144501.9062500000,,,
18.2879999706,142,146873.3125000000,194923.1562500000,172397.4843750000,148055.7343750000,119690.2656250000,151775.5468750000,133133.9375000000,144439.3281250000,,,
18.2919999706,142,146669.4062500000,194363.6250000000,170488.2500000000,147635.3281250000,119516.4375000000,151604.1406250000,132947.4375000000,144226.9062500000,,,
18.2959999705,142,146600.2031250000,193939.6406250000,169496.6406250000,147550.8593750000,119442.8359375000,151527.0156250000,132871.1875000000,144155.9843750000,,,
18.2999999705,142,146779.7500000000,194204.8125000000,170683.9531250000,147916.6250000000,119589.5546875000,151671.3750000000,133023.3906250000,144336.3906250000,,,
18.3039999704,143,146968.5312500000,194789.4531250000,172443.7812500000,148241.8437500000,119759.5781250000,151835.5625000000,133195.2500000000,144532.6562500000,,,
18.3079999704,143,146892.7031250000,194960.6562500000,172419.9062500000,148070.8593750000,119701.0000000000,151780.0937500000,133128.1093750000,144464.3593750000,,,
18.3119999703,143,146675.3125000000,194398.2812500000,170509.6875000000,147649.1406250000,119517.8046875000,151596.8593750000,132936.7812500000,144237.3125000000,,,
18.3159999703,143,146605.8593750000,193969.4375000000,169514.0781250000,147570.3593750000,119456.0859375000,151517.8750000000,132868.6875000000,144160.3125000000,,,
18.3199999703,143,146771.4687500000,194215.4218750000,170690.9531250000,147920.0156250000,119598.4843750000,151653.8906250000,133006.5468750000,144328.3750000000,,,
18.3239999702,143,146944.2500000000,194783.3593750000,172445.6250000000,148241.3437500000,119749.4609375000,151806.5312500000,133175.0000000000,144507.9687500000,,,
18.3279999704,143,146873.8750000000,194953.0625000000,172448.6562500000,148075.0156250000,119704.2187500000,151746.4843750000,133132.0781250000,144434.3750000000,,,
18.3319999704,143,146651.0312500000,194391.6718750000,170544.2812500000,147640.7968750000,119513.7812500000,151559.8437500000,132936.1250000000,144203.5156250000,,,
18.3359999703,143,146580.8593750000,193962.1406250000,169518.0781250000,147557.0000000000,119435.7812500000,151496.2343750000,132859.6718750000,144137.3437500000,,,
18.3399999703,143,146745.0468750000,194200.5625000000,170671.5625000000,147907.7812500000,119571.7109375000,151626.8281250000,132999.5312500000,144303.9687500000,,,
18.3439999702,143,146916.5468750000,194759.7500000000,172427.3281250000,148215.3281250000,119724.0078125000,151781.5625000000,133162.9531250000,144485.9218750000,,,
18.3479999704,143,146856.4843750000,194935.6875000000,172451.6875000000,148054.7656250000,119679.9921875000,151742.0312500000,133117.5468750000,144426.4062500000,,,
18.3519999704,143,146651.9218750000,194391.1406250000,170563.2500000000,147634.0156250000,119498.6796875000,151571.6250000000,132930.5312500000,144211.4218750000,,,
18.3559999703,143,146592.0468750000,193963.5468750000,169535.8593750000,147555.5000000000,119436.4531250000,151507.7968750000,132869.7656250000,144152.2343750000,,,
18.3599999703,143,146757.5937500000,194202.0937500000,170688.0468750000,147904.0312500000,119579.6796875000,151640.9843750000,133019.5937500000,144318.4687500000,,,
18.3639999703,143,146924.8906250000,194753.2656250000,172453.0625000000,148206.5000000000,119734.3125000000,151792.3437500000,133177.9218750000,144491.5000000000,,,
18.3679999702,143,146868.1562500000,194929.7343750000,172495.3750000000,148044.9531250000,119696.8359375000,151750.6406250000,133133.6875000000,144434.6093750000,,,
18.3719999704,143,146661.2500000000,194396.3125000000,170615.0781250000,147631.0312500000,119518.7421875000,151576.4531250000,132939.7968750000,144218.8593750000,,,
18.3759999704,143,146597.2343750000,193970.7031250000,169574.7031250000,147541.7968750000,119455.9765625000,151508.4375000000,132873.8906250000,144153.8906250000,,,
18.3799999703,143,146763.8125000000,194202.5312500000,170707.4531250000,147881.8750000000,119592.7187500000,151643.7187500000,133013.1250000000,144323.2187500000,,,
18.3839999703,143,146955.8125000000,194759.1406250000,172485.3437500000,148217.0156250000,119764.8359375000,151815.4375000000,133190.1562500000,144520.2031250000,,,
18.3879999702,143,146886.6406250000,194944.9062500000,172542.9843750000,148058.9843750000,119707.7031250000,151757.3437500000,133128.8125000000,144450.2500000000,,,
18.3919999704,143,146665.7812500000,194411.4375000000,170659.6250000000,147625.5312500000,119516.2968750000,151567.2500000000,132914.4687500000,144219.6093750000,,,
18.3959999704,143,146599.9375000000,193993.5625000000,169599.6093750000,147547.4843750000,119447.6640625000,151501.0781250000,132856.7187500000,144152.8750000000,,,
18.3999999703,143,146772.3750000000,194227.1562500000,170715.0937500000,147894.7500000000,119592.7968750000,151651.0468750000,133031.0937500000,144326.5000000000,,,
18.4039999703,143,146958.1718750000,194767.5937500000,172483.3906250000,148225.0625000000,119757.3515625000,151812.8906250000,133198.0625000000,144519.0468750000,,,
18.4079999703,143,146894.5156250000,194946.6875000000,172557.6406250000,148076.3281250000,119710.3281250000,151759.2187500000,133145.6562500000,144456.6406250000,,,
18.4119999702,143,146668.5000000000,194423.5156250000,170673.1875000000,147652.1406250000,119515.0625000000,151577.6875000000,132943.3593750000,144228.3281250000,,,
18.4159999704,143,146604.5781250000,194020.6718750000,169602.1406250000,147562.2031250000,119452.4921875000,151508.3750000000,132879.2812500000,144163.5781250000,,,
18.4199999704,143,146777.5468750000,194252.5312500000,170711.6875000000,147905.1562500000,119601.6484375000,151643.9687500000,133032.3281250000,144332.9375000000,,,
18.4239999703,143,146964.0468750000,194771.6406250000,172486.6093750000,148233.7500000000,119777.2265625000,151810.9531250000,133206.0000000000,144520.6093750000,,,
18.4279999703,143,146907.8750000000,194937.8281250000,172581.9687500000,148082.8750000000,119738.5468750000,151774.8593750000,133160.7187500000,144469.0781250000,,,
18.4319999702,144,146679.3281250000,194431.4843750000,170716.8593750000,147657.0781250000,119541.1640625000,151578.4687500000,132959.3750000000,144235.3593750000,,,
18.4359999702,144,146601.6562500000,194046.5625000000,169633.4687500000,147561.7031250000,119466.7890625000,151496.1406250000,132887.3593750000,144154.1875000000,,,
18.4399999701,144,146760.6250000000,194272.1875000000,170716.4843750000,147893.4375000000,119599.4218750000,151629.0781250000,133027.9843750000,144312.8125000000,,,
18.4439999701,144,146936.7343750000,194758.9218750000,172467.9687500000,148217.4375000000,119754.7187500000,151787.9531250000,133185.7968750000,144492.1250000000,,,
18.4479999701,144,146886.8593750000,194911.1406250000,172571.6875000000,148076.0156250000,119717.1406250000,151755.2500000000,133141.6875000000,144444.6718750000,,,
18.4519999700,144,146667.1718750000,194419.5937500000,170723.5156250000,147651.2343750000,119529.9765625000,151567.0156250000,132948.5625000000,144220.5000000000,,,
18.4559999702,144,146588.5937500000,194053.0781250000,169625.8437500000,147542.8906250000,119448.4375000000,151491.0781250000,132869.2187500000,144148.0937500000,,,
18.4599999702,144,146761.8281250000,194276.0000000000,170693.7656250000,147892.1406250000,119590.4921875000,151631.5468750000,133014.0625000000,144318.6562500000,,,
18.4639999701,144,146958.1250000000,194746.6718750000,172454.9375000000,148228.1718750000,119763.0390625000,151806.5625000000,133184.9531250000,144514.1093750000,,,
18.4679999701,144,146903.8593750000,194893.5468750000,172576.3906250000,148088.7500000000,119720.0937500000,151767.5312500000,133135.7812500000,144463.2812500000,,,
18.4719999700,144,146679.5156250000,194414.8750000000,170732.6250000000,147651.5468750000,119523.9453125000,151571.8593750000,132935.5468750000,144233.8281250000,,,
18.4759999702,144,146593.7187500000,194055.3593750000,169612.8437500000,147543.3437500000,119433.7656250000,151483.7343750000,132842.7031250000,144146.9687500000,,,
18.4799999702,144,146766.8437500000,194270.9843750000,170666.6250000000,147881.6875000000,119585.1484375000,151629.2656250000,132999.8437500000,144316.2968750000,,,
18.4839999701,144,146963.3281250000,194732.3750000000,172435.2187500000,148219.0000000000,119767.8671875000,151805.4375000000,133187.0625000000,144514.2968750000,,,
18.4879999701,144,146895.0937500000,194872.4062500000,172570.4531250000,148085.8593750000,119717.9765625000,151751.9531250000,133135.0625000000,144448.7500000000,,,
18.4919999701,144,146673.2187500000,194402.2187500000,170740.7656250000,147658.8750000000,119528.5859375000,151563.4375000000,132936.5000000000,144222.3125000000,,,
18.4959999700,144,146587.9531250000,194049.0312500000,169619.1406250000,147540.0781250000,119446.9140625000,151480.0625000000,132855.3593750000,144137.3125000000,,,
18.4999999702,144,146761.8906250000,194264.1875000000,170665.4218750000,147880.4687500000,119598.0234375000,151624.8125000000,133014.2187500000,144307.0000000000,,,
18.5039999702,144,146954.4687500000,194714.4218750000,172428.5156250000,148234.6875000000,119767.2734375000,151798.1718750000,133187.0625000000,144502.0000000000,,,
18.5079999701,144,146885.8125000000,194856.6406250000,172571.2343750000,148089.1562500000,119708.4296875000,151752.8125000000,133120.3281250000,144442.9531250000,,,
18.5119999701,144,146660.9062500000,194393.1562500000,170739.7968750000,147653.5625000000,119516.8125000000,151563.6250000000,132923.4375000000,144214.7031250000,,,
18.5159999700,144,146587.7812500000,194041.5156250000,169605.5937500000,147545.9531250000,119443.8515625000,151491.6093750000,132857.2656250000,144143.3750000000,,,
18.5199999702,144,146751.7968750000,194253.3281250000,170628.3281250000,147883.6875000000,119577.8281250000,151625.0625000000,132999.4687500000,144304.8437500000,,,
18.5239999702,144,146933.5468750000,194696.9687500000,172378.4375000000,148221.2500000000,119735.0625000000,151782.7187500000,133155.7343750000,144484.2656250000,,,
18.5279999701,144,146884.9687500000,194845.8281250000,172546.8593750000,148095.9375000000,119695.4687500000,151747.2812500000,133111.0000000000,144437.8125000000,,,
18.5319999701,144,146661.3593750000,194391.6250000000,170729.9531250000,147660.2187500000,119502.7265625000,151558.4062500000,132915.7031250000,144210.8125000000,,,
18.5359999700,144,146594.2500000000,194039.1562500000,169589.2343750000,147555.1562500000,119439.8828125000,151491.1093750000,132857.8750000000,144143.3281250000,,,
18.5399999700,144,146766.2656250000,194248.8750000000,170611.0937500000,147898.2031250000,119586.3046875000,151632.5937500000,133007.5781250000,144311.0937500000,,,
18.5439999702,144,146941.5625000000,194693.0000000000,172374.4375000000,148225.0937500000,119744.7734375000,151789.1250000000,133166.2812500000,144486.4687500000,,,
18.5479999701,144,146897.8750000000,194842.4218750000,172572.2187500000,148104.5781250000,119718.1640625000,151758.1250000000,133135.9375000000,144444.7343750000,,,
18.5519999701,144,146663.7656250000,194388.6406250000,170763.8593750000,147660.3750000000,119517.5312500000,151561.4062500000,132925.8125000000,144208.6875000000,,,
18.5559999701,144,146558.0468750000,194030.2500000000,169585.8593750000,147528.1093750000,119414.4296875000,151459.3281250000,132820.8906250000,144105.9375000000,,,
18.5599999700,145,146724.6562500000,194229.7031250000,170578.7500000000,147858.6718750000,119555.3281250000,151592.8906250000,132966.4062500000,144269.6875000000,,,
18.5639999700,145,146928.4062500000,194663.5156250000,172354.0468750000,148211.6250000000,119740.8281250000,151776.7343750000,133155.8906250000,144472.1718750000,,,
18.5679999699,145,146882.5312500000,194810.6406250000,172572.6562500000,148093.0625000000,119710.4687500000,151747.0156250000,133119.2656250000,144430.2968750000,,,
18.5719999699,145,146661.7343750000,194368.1250000000,170780.5312500000,147664.1875000000,119520.5390625000,151558.4843750000,132925.2343750000,144207.0625000000,,,
18.5759999698,145,146574.5937500000,194023.6718750000,169603.0468750000,147534.5468750000,119432.9609375000,151474.5625000000,132836.3593750000,144124.2500000000,,,
18.5799999698,145,146731.9531250000,194218.4843750000,170579.9062500000,147866.7187500000,119563.7500000000,151606.8906250000,132974.5312500000,144280.9843750000,,,
18.5839999700,145,146923.7812500000,194644.0000000000,172346.9218750000,148212.8281250000,119737.2578125000,151776.1718750000,133161.1250000000,144470.3437500000,,,
18.5879999700,145,146877.6250000000,194788.3437500000,172578.3437500000,148099.1562500000,119700.2421875000,151743.1562500000,133123.9843750000,144427.6093750000,,,
18.5919999699,145,146647.0625000000,194357.6093750000,170792.1718750000,147658.6875000000,119497.8984375000,151548.9843750000,132915.2187500000,144197.2187500000,,,
18.5959999699,145,146559.9218750000,194016.1093750000,169602.2343750000,147527.0468750000,119413.5703125000,151462.1875000000,132829.1562500000,144109.7187500000,,,
18.5999999698,145,146714.1718750000,194207.1406250000,170561.3125000000,147858.7500000000,119545.3750000000,151583.7031250000,132963.5781250000,144256.2812500000,,,
18.6039999700,145,146910.9687500000,194623.8750000000,172330.2343750000,148209.6406250000,119726.0234375000,151756.4375000000,133150.1250000000,144449.0781250000,,,
18.6079999700,145,146880.1250000000,194777.2968750000,172589.7656250000,148106.0468750000,119707.3828125000,151737.6875000000,133132.4062500000,144420.7968750000,,,
18.6119999699,145,146661.0312500000,194362.2187500000,170826.5156250000,147676.7343750000,119516.8125000000,151552.8437500000,132935.5000000000,144201.5312500000,,,
18.6159999699,145,146558.9843750000,194024.7968750000,169622.6562500000,147519.9062500000,119419.5234375000,151456.6875000000,132837.5156250000,144104.7343750000,,,
18.6199999698,145,146705.9843750000,194205.6406250000,170554.2187500000,147837.4843750000,119537.3046875000,151580.0468750000,132956.2031250000,144251.4687500000,,,
18.6239999698,145,146916.4375000000,194616.6406250000,172324.9218750000,148200.2031250000,119727.9531250000,151773.1875000000,133148.6562500000,144460.5468750000,,,
18.6279999700,145,146868.6718750000,194766.1093750000,172592.3750000000,148087.2968750000,119691.0156250000,151741.5937500000,133108.8750000000,144419.0781250000,,,
18.6319999699,145,146631.5937500000,194354.9062500000,170826.4531250000,147640.9531250000,119483.5468750000,151541.9062500000,132893.6250000000,144183.4531250000,,,
18.6359999699,145,146552.4062500000,194026.7031250000,169616.3281250000,147508.6093750000,119405.8750000000,151464.2500000000,132817.2656250000,144101.8593750000,,,
18.6399999699,145,146699.1718750000,194208.4531250000,170543.4218750000,147826.0468750000,119525.4218750000,151576.3125000000,132941.4062500000,144238.8437500000,,,
18.6439999698,145,146896.4531250000,194605.9843750000,172311.4062500000,148180.1093750000,119702.3125000000,151749.2343750000,133120.5468750000,144431.3750000000,,,
18.6479999700,145,146865.8281250000,194757.2656250000,172605.0312500000,148078.4218750000,119685.3828125000,151734.2812500000,133103.4531250000,144405.8281250000,,,
18.6519999700,145,146651.2968750000,194363.1093750000,170866.2031250000,147650.2343750000,119503.0000000000,151561.3750000000,132917.3125000000,144195.7343750000,,,
18.6559999699,145,146548.1406250000,194033.2500000000,169632.9218750000,147512.6406250000,119402.6015625000,151464.3906250000,132817.7187500000,144096.7968750000,,,
18.6599999699,145,146701.9687500000,194214.2187500000,170541.5468750000,147830.8750000000,119534.1328125000,151590.2656250000,132954.5781250000,144247.2343750000,,,
18.6639999698,145,146914.8750000000,194614.9687500000,172317.1406250000,148202.4218750000,119729.7500000000,151780.2968750000,133152.0937500000,144458.4062500000,,,
18.6679999698,145,146883.6562500000,194762.2812500000,172626.8281250000,148105.0000000000,119711.9140625000,151767.6093750000,133138.5468750000,144435.3906250000,,,
18.6719999700,145,146659.6406250000,194368.4218750000,170891.9062500000,147665.5468750000,119518.0703125000,151586.5156250000,132940.1093750000,144217.2812500000,,,
18.6759999699,145,146561.9218750000,194045.4062500000,169650.0937500000,147515.6093750000,119423.7343750000,151495.7187500000,132847.4375000000,144124.1718750000,,,
18.6799999699,145,146711.1875000000,194230.4531250000,170549.8437500000,147835.7656250000,119549.2343750000,151613.9843750000,132981.0937500000,144267.4062500000,,,
18.6839999699,145,146915.9062500000,194618.6718750000,172315.1875000000,148206.7187500000,119730.9062500000,151796.2812500000,133168.9843750000,144465.8593750000,,,
18.6879999698,146,146879.2656250000,194762.9687500000,172635.6875000000,148106.1250000000,119703.1171875000,151772.8437500000,133139.4062500000,144432.3125000000,,,
18.6919999698,146,146651.0312500000,194367.2656250000,170905.9062500000,147669.0312500000,119505.2500000000,151576.3125000000,132931.8281250000,144202.6875000000,,,
18.6959999697,146,146550.3437500000,194041.8437500000,169652.2656250000,147513.0468750000,119408.7187500000,151483.8906250000,132838.9375000000,144104.5937500000,,,
18.6999999697,146,146707.5937500000,194231.1718750000,170542.3593750000,147830.2187500000,119540.3828125000,151618.0312500000,132983.7812500000,144258.7968750000,,,
18.7039999696,146,146929.7968750000,194626.7187500000,172321.0312500000,148207.0937500000,119739.5703125000,151821.1562500000,133191.7656250000,144479.5156250000,,,
18.7079999696,146,146907.5781250000,194778.5625000000,172663.2656250000,148119.2187500000,119723.5546875000,151814.3593750000,133175.3906250000,144464.0312500000,,,
18.7119999698,146,146686.3906250000,194385.1875000000,170945.7343750000,147674.5625000000,119535.1015625000,151634.2343750000,132988.1250000000,144247.1093750000,,,
18.7159999697,146,146569.9687500000,194064.3125000000,169670.0468750000,147509.7968750000,119421.4062500000,151532.1093750000,132880.3593750000,144140.0000000000,,,
18.7199999697,146,146721.0312500000,194247.1562500000,170536.7968750000,147823.9843750000,119549.0468750000,151652.3593750000,133010.5468750000,144286.0468750000,,,
18.7239999697,146,146938.6406250000,194631.4062500000,172313.1718750000,148203.8437500000,119750.4062500000,151846.9218750000,133214.0468750000,144495.5781250000,,,
18.7279999696,146,146898.4062500000,194777.3281250000,172665.1406250000,148099.6406250000,119723.8515625000,151837.2500000000,133184.1875000000,144465.0312500000,,,
18.7319999698,146,146672.7656250000,194382.2968750000,170948.8750000000,147664.9843750000,119531.9609375000,151657.5937500000,132984.0468750000,144239.1875000000,,,
18.7359999698,146,146567.3281250000,194051.7812500000,169666.7187500000,147511.2187500000,119433.2031250000,151548.6718750000,132888.4218750000,144132.4687500000,,,
18.7399999697,146,146719.5625000000,194233.3437500000,170526.7656250000,147823.1093750000,119566.0312500000,151675.3437500000,133033.1875000000,144280.3906250000,,,
18.7439999697,146,146935.4843750000,194621.1406250000,172304.1718750000,148201.2968750000,119763.6796875000,151878.7187500000,133236.2031250000,144496.5468750000,,,
18.7479999696,146,146911.2656250000,194764.1875000000,172673.6875000000,148120.6875000000,119750.7500000000,151870.5000000000,133217.9375000000,144478.9843750000,,,
18.7519999696,146,146682.2812500000,194376.1406250000,170969.8125000000,147676.5000000000,119557.1796875000,151684.4687500000,133017.3906250000,144254.7656250000,,,
18.7559999698,146,146583.6562500000,194049.9687500000,169678.5000000000,147515.1875000000,119466.6250000000,151604.6406250000,132929.6875000000,144165.5156250000,,,
18.7599999697,146,146738.8437500000,194240.2187500000,170526.8281250000,147833.0000000000,119595.9062500000,151734.7031250000,133068.5312500000,144319.6093750000,,,
18.7639999697,146,146955.2968750000,194636.7812500000,172309.3750000000,148217.7656250000,119793.0468750000,151929.1406250000,133271.5000000000,144529.6250000000,,,
18.7679999697,146,146932.8750000000,194788.5937500000,172699.5000000000,148137.6406250000,119777.7343750000,151927.3437500000,133256.7187500000,144512.6718750000,,,
18.7719999696,146,146696.8437500000,194398.5625000000,170996.1093750000,147707.4687500000,119569.6484375000,151725.6875000000,133040.2187500000,144276.4218750000,,,
18.7759999698,146,146585.8593750000,194060.7500000000,169677.3125000000,147525.9218750000,119460.4062500000,151613.7968750000,132931.2656250000,144164.4062500000,,,
18.7799999698,146,146726.8593750000,194240.8593750000,170504.0000000000,147816.1093750000,119576.8671875000,151721.6093750000,133054.6406250000,144301.2812500000,,,
18.7839999697,146,146929.6562500000,194631.6875000000,172273.6406250000,148181.8437500000,119757.8593750000,151900.1406250000,133239.3750000000,144498.1250000000,,,
18.7879999697,146,146916.3281250000,194786.9843750000,172683.8906250000,148119.4375000000,119757.2968750000,151899.6093750000,133231.6718750000,144487.5625000000,,,
18.7919999696,146,146687.4531250000,194389.5781250000,170989.8281250000,147689.3125000000,119557.5000000000,151709.1406250000,133021.2187500000,144262.1718750000,,,
18.7959999696,146,146567.9375000000,194041.1718750000,169657.8906250000,147509.5000000000,119443.3671875000,151592.7031250000,132909.6250000000,144147.6406250000,,,
18.7999999698,146,146720.3593750000,194225.4531250000,170477.0937500000,147812.1562500000,119575.0703125000,151718.0000000000,133052.4375000000,144298.5937500000,,,
18.8039999697,146,146941.1093750000,194629.7187500000,172265.9218750000,148191.1562500000,119774.7578125000,151920.6093750000,133253.3125000000,144518.5937500000,,,
18.8079999697,146,146923.5937500000,194795.9062500000,172692.6093750000,148121.4531250000,119763.2265625000,151915.3750000000,133241.0000000000,144506.8125000000,,,
18.8119999697,146,146713.6562500000,194412.1718750000,171020.1093750000,147694.0625000000,119577.3203125000,151736.6875000000,133048.6875000000,144295.5625000000,,,
18.8159999696,147,146604.0468750000,194066.1875000000,169681.9062500000,147518.7812500000,119466.3046875000,151628.6562500000,132933.1093750000,144189.0625000000,,,
18.8199999696,147,146738.5312500000,194244.3750000000,170478.5937500000,147809.3906250000,119577.0000000000,151727.7031250000,133047.5156250000,144316.2968750000,,,
18.8239999695,147,146953.9843750000,194650.6250000000,172263.6406250000,148189.4687500000,119775.7500000000,151921.6250000000,133253.2656250000,144526.7187500000,,,
18.8279999695,147,146940.1718750000,194818.3437500000,172710.1718750000,148127.6406250000,119776.1015625000,151918.7031250000,133253.0781250000,144515.4531250000,,,
18.8319999694,147,146710.3593750000,194424.9687500000,171041.4375000000,147688.2968750000,119579.8437500000,151723.5781250000,133049.2031250000,144285.2656250000,,,
18.8359999694,147,146592.2343750000,194070.5156250000,169687.8281250000,147505.6406250000,119470.8359375000,151614.2656250000,132936.1718750000,144170.5312500000,,,
18.8399999696,147,146738.0937500000,194243.8906250000,170476.8281250000,147807.1718750000,119596.4453125000,151733.1406250000,133059.0468750000,144312.5000000000,,,
18.8439999695,147,146941.2187500000,194641.1718750000,172260.7187500000,148192.4218750000,119775.3750000000,151911.4843750000,133253.9375000000,144512.7812500000,,,
18.8479999695,147,146914.8593750000,194805.7500000000,172709.7656250000,148126.9218750000,119753.7812500000,151897.9687500000,133238.9687500000,144491.9375000000,,,
18.8519999695,147,146697.5937500000,194419.5937500000,171051.2812500000,147695.4375000000,119566.2656250000,151715.2343750000,133048.4687500000,144273.1718750000,,,
18.8559999694,147,146577.5156250000,194064.9375000000,169686.2500000000,147509.5000000000,119454.9609375000,151600.4531250000,132938.6406250000,144153.7656250000,,,
18.8599999696,147,146721.3125000000,194231.5781250000,170457.1093750000,147807.7656250000,119577.1875000000,151720.8906250000,133062.9531250000,144295.5468750000,,,
18.8639999696,147,146932.1875000000,194626.9531250000,172235.9375000000,148190.5156250000,119762.2031250000,151915.8593750000,133247.2031250000,144504.1406250000,,,
18.8679999695,147,146926.6562500000,194797.5468750000,172709.9062500000,148140.2187500000,119758.8750000000,151922.4531250000,133245.7031250000,144502.7500000000,,,
18.8719999695,147,146709.1093750000,194418.8281250000,171063.5937500000,147710.9531250000,119568.5468750000,151737.3125000000,133047.2968750000,144286.6406250000,,,
18.8759999694,147,146592.0000000000,194066.2656250000,169683.7343750000,147522.2968750000,119456.5156250000,151629.7968750000,132943.5468750000,144173.7656250000,,,
18.8799999694,147,146741.2031250000,194234.0937500000,170439.2031250000,147820.2031250000,119582.6015625000,151746.5000000000,133078.0937500000,144317.6718750000,,,
18.8839999696,147,146973.1406250000,194629.9687500000,172234.6718750000,148215.2187500000,119791.0390625000,151947.5937500000,133282.0937500000,144544.3906250000,,,
18.8879999695,147,146948.4375000000,194804.3125000000,172727.4218750000,148147.7812500000,119775.2968750000,151935.0625000000,133267.0156250000,144527.0937500000,,,
18.8919999695,147,146718.6718750000,194439.6875000000,171094.9375000000,147707.7968750000,119579.7578125000,151742.5625000000,133076.3437500000,144300.0781250000,,,
18.8959999694,147,146599.5312500000,194087.9687500000,169703.4218750000,147511.8593750000,119470.1093750000,151630.6093750000,132973.2656250000,144183.4218750000,,,
18.8999999694,147,146737.1250000000,194250.4843750000,170441.4843750000,147798.2187500000,119590.1953125000,151742.2968750000,133100.5937500000,144317.5312500000,,,
18.9039999696,147,146952.2187500000,194637.8437500000,172225.9531250000,148181.9531250000,119787.3671875000,151929.0625000000,133296.2656250000,144525.6250000000,,,
18.9079999696,147,146955.1875000000,194814.0781250000,172747.2656250000,148141.6718750000,119800.7187500000,151937.7500000000,133303.5000000000,144532.4375000000,,,
18.9119999695,147,146745.7187500000,194453.9062500000,171140.7500000000,147702.0625000000,119628.4453125000,151758.8906250000,133103.6406250000,144322.9531250000,,,
18.9159999695,147,146618.0937500000,194101.6718750000,169743.7031250000,147502.4531250000,119509.0078125000,151633.1562500000,132968.4687500000,144196.8125000000,,,
18.9199999694,147,146745.3593750000,194254.0781250000,170455.4531250000,147795.2656250000,119604.3593750000,151733.7343750000,133098.0156250000,144319.2031250000,,,
18.9239999694,147,146961.7968750000,194633.4218750000,172234.7187500000,148188.4531250000,119796.0781250000,151925.4843750000,133306.0156250000,144529.7500000000,,,
18.9279999696,147,146960.8750000000,194816.0000000000,172769.5625000000,148151.0781250000,119807.6953125000,151940.2656250000,133309.1093750000,144534.4687500000,,,
18.9319999695,147,146736.2968750000,194459.9375000000,171162.8281250000,147719.9531250000,119619.6484375000,151746.9375000000,133119.5312500000,144311.5312500000,,,
18.9359999695,147,146604.4218750000,194108.4375000000,169745.4687500000,147512.4843750000,119496.4531250000,151611.5625000000,133003.7343750000,144182.1718750000,,,
18.9399999694,147,146746.3593750000,194263.2812500000,170453.1718750000,147813.2343750000,119612.3750000000,151726.2500000000,133128.3281250000,144321.2187500000,,,
18.9439999694,148,146960.2656250000,194640.0468750000,172235.9531250000,148197.8281250000,119804.4765625000,151927.7500000000,133324.5000000000,144533.4843750000,,,
18.9479999694,148,146945.6718750000,194807.5000000000,172773.9843750000,148147.7343750000,119799.4843750000,151936.8125000000,133314.1718750000,144525.8906250000,,,
18.9519999693,148,146719.6406250000,194447.0312500000,171170.7187500000,147720.6718750000,119603.0156250000,151741.7812500000,133102.3593750000,144303.2968750000,,,
18.9559999693,148,146593.9062500000,194095.0312500000,169746.5156250000,147526.2968750000,119484.3281250000,151617.5468750000,132979.8593750000,144181.5156250000,,,
18.9599999692,148,146734.2656250000,194246.2187500000,170444.7031250000,147809.2656250000,119603.5000000000,151735.6093750000,133107.0000000000,144320.0000000000,,,
18.9639999692,148,146948.9687500000,194622.9843750000,172232.5312500000,148194.4062500000,119796.4296875000,151930.5000000000,133304.8437500000,144532.8437500000,,,
18.9679999694,148,146938.1406250000,194791.1093750000,172790.4531250000,148144.4062500000,119792.6718750000,151931.9843750000,133292.7500000000,144527.8437500000,,,
18.9719999693,148,146725.5937500000,194422.7031250000,171199.9062500000,147718.6875000000,119606.4218750000,151758.0937500000,133100.5625000000,144317.1875000000,,,
18.9759999693,148,146597.8437500000,194061.7187500000,169760.0937500000,147511.5156250000,119482.1250000000,151635.5156250000,132982.0937500000,144190.3750000000,,,
18.9799999692,148,146735.3906250000,194220.3906250000,170440.9375000000,147789.2812500000,119592.9843750000,151745.4531250000,133101.5000000000,144322.7343750000,,,
18.9839999692,148,146969.2968750000,194617.1718750000,172235.9531250000,148184.3906250000,119803.2187500000,151950.8906250000,133317.2343750000,144549.2500000000,,,
18.9879999694,148,146969.8593750000,194803.6718750000,172814.1875000000,148145.7187500000,119805.2578125000,151961.9687500000,133316.8593750000,144557.2187500000,,,
18.9919999694,148,146743.1406250000,194429.7656250000,171222.2187500000,147707.2031250000,119606.4453125000,151773.5625000000,133105.6406250000,144335.6875000000,,,
18.9959999693,148,146616.7812500000,194056.2187500000,169769.9062500000,147488.5468750000,119484.9453125000,151653.1093750000,132978.0625000000,144211.8281250000,,,
18.9999999693,148,146757.6562500000,194216.1562500000,170445.6406250000,147774.0781250000,119601.9140625000,151765.2343750000,133086.5937500000,144349.8281250000,,,
19.0039999692,148,146981.9687500000,194630.2343750000,172251.9687500000,148166.7187500000,119805.2031250000,151957.2968750000,133286.5156250000,144566.9531250000,,,
19.0079999692,148,146991.1406250000,194826.3750000000,172852.7343750000,148147.0312500000,119823.0625000000,151967.1250000000,133303.3437500000,144575.8593750000,,,
19.0119999694,148,146779.2343750000,194448.0625000000,171288.4375000000,147734.2656250000,119648.9921875000,151779.9531250000,133118.2656250000,144359.7500000000,,,
19.0159999693,148,146648.6250000000,194058.5781250000,169831.4843750000,147519.1250000000,119531.9375000000,151654.4531250000,133000.1718750000,144230.6562500000,,,
19.0199999693,148,146770.9218750000,194215.9687500000,170487.0156250000,147800.5937500000,119629.8125000000,151745.9375000000,133104.2187500000,144349.2343750000,,,
19.0239999692,148,146988.9375000000,194633.4531250000,172283.9687500000,148196.6562500000,119827.5468750000,151939.6718750000,133305.5156250000,144558.5625000000,,,
19.0279999692,148,146986.0937500000,194831.3125000000,172895.7031250000,148169.2500000000,119833.1796875000,151944.9062500000,133308.3750000000,144552.6250000000,,,
19.0319999694,148,146763.0156250000,194449.4218750000,171326.4218750000,147746.3906250000,119638.5000000000,151759.2187500000,133106.7343750000,144327.7031250000,,,
19.0359999693,148,146611.4375000000,194047.8750000000,169831.7031250000,147519.8593750000,119493.9843750000,151622.2968750000,132967.1562500000,144184.0468750000,,,
19.0399999693,148,146724.5468750000,194201.9062500000,170453.2187500000,147783.2500000000,119583.8359375000,151719.6562500000,133067.4375000000,144301.9062500000,,,
19.0439999693,148,146959.0781250000,194627.3906250000,172250.8437500000,148192.7968750000,119799.2187500000,151931.7656250000,133285.8281250000,144534.0468750000,,,
19.0479999692,148,146965.9218750000,194832.7968750000,172875.8750000000,148173.9843750000,119814.1093750000,151944.5625000000,133290.7656250000,144548.0468750000,,,
19.0519999692,148,146745.0468750000,194458.7812500000,171315.8281250000,147746.3593750000,119625.1406250000,151756.3437500000,133090.0000000000,144332.3125000000,,,
19.0559999694,148,146607.3593750000,194062.7500000000,169819.1250000000,147519.3906250000,119493.9296875000,151629.9687500000,132966.1875000000,144201.3125000000,,,
19.0599999693,148,146737.0468750000,194215.3750000000,170436.8906250000,147787.9375000000,119599.3437500000,151737.0312500000,133079.1093750000,144331.5312500000,,,
19.0639999693,148,146965.3906250000,194633.8281250000,172229.8437500000,148188.2031250000,119802.0625000000,151939.1093750000,133282.9218750000,144554.9687500000,,,
19.0679999692,148,146977.3281250000,194840.0625000000,172874.1406250000,148165.9218750000,119818.6953125000,151955.9375000000,133296.9843750000,144568.4843750000,,,
19.0719999692,149,146760.4687500000,194475.5156250000,171334.7343750000,147737.4062500000,119633.8906250000,151771.6875000000,133105.3437500000,144350.7968750000,,,
19.0759999692,149,146629.2031250000,194086.5000000000,169840.9843750000,147513.9531250000,119514.6640625000,151647.6406250000,132990.7500000000,144222.2968750000,,,
19.0799999691,149,146743.8906250000,194228.7656250000,170439.3125000000,147762.5468750000,119609.0468750000,151730.7343750000,133086.8281250000,144332.2031250000,,,
19.0839999691,149,146977.9375000000,194629.4218750000,172228.2656250000,148161.0156250000,119820.4609375000,151934.2656250000,133296.9062500000,144559.2500000000,,,
19.0879999690,149,147009.1875000000,194829.3125000000,172894.2500000000,148157.8437500000,119855.8125000000,151968.1875000000,133327.2343750000,144592.3593750000,,,
19.0919999690,149,146799.0312500000,194483.4687500000,171376.7187500000,147731.2968750000,119670.0468750000,151786.4375000000,133128.4531250000,144383.7656250000,,,
19.0959999692,149,146647.5468750000,194101.8906250000,169858.1250000000,147496.7343750000,119523.5390625000,151637.1250000000,132977.3906250000,144234.1718750000,,,
19.0999999691,149,146768.5156250000,194249.2187500000,170440.7812500000,147761.4062500000,119618.7890625000,151735.3750000000,133072.8281250000,144354.2343750000,,,
19.1039999691,149,146980.4062500000,194641.9218750000,172211.5000000000,148163.6875000000,119807.3437500000,151924.9843750000,133270.6718750000,144559.5781250000,,,
19.1079999690,149,146993.3593750000,194832.0937500000,172876.3281250000,148171.1718750000,119824.9140625000,151945.3593750000,133293.0937500000,144572.1093750000,,,
19.1119999690,149,146760.8750000000,194482.7968750000,171356.3281250000,147735.4218750000,119627.1250000000,151745.4843750000,133087.7656250000,144337.7031250000,,,
19.1159999692,149,146611.0156250000,194100.2031250000,169830.2812500000,147507.7500000000,119494.4140625000,151606.0625000000,132951.2968750000,144188.3593750000,,,
19.1199999691,149,146717.5781250000,194236.1093750000,170388.3437500000,147763.0000000000,119584.4296875000,151690.2812500000,133043.5937500000,144293.8593750000,,,
19.1239999691,149,146948.4375000000,194613.6093750000,172164.6093750000,148185.1718750000,119798.5468750000,151897.3593750000,133254.0156250000,144517.6093750000,,,
19.1279999691,149,146978.0468750000,194804.0156250000,172860.0000000000,148197.0625000000,119837.9765625000,151937.0781250000,133286.4375000000,144551.7187500000,,,
19.1319999690,149,146756.1718750000,194472.2500000000,171369.6875000000,147779.8906250000,119643.9218750000,151749.7812500000,133088.2187500000,144334.1875000000,,,
19.1359999690,149,146590.5468750000,194103.9531250000,169824.3281250000,147537.0937500000,119481.3750000000,151595.9062500000,132927.2968750000,144173.5312500000,,,
19.1399999692,149,146710.2031250000,194240.8593750000,170365.2812500000,147789.2500000000,119577.6953125000,151690.4218750000,133024.7656250000,144290.0156250000,,,
19.1439999691,149,146939.4218750000,194609.2031250000,172134.6562500000,148192.8125000000,119781.5937500000,151894.0781250000,133220.0781250000,144513.0937500000,,,
19.1479999691,149,146962.7812500000,194799.0781250000,172836.5625000000,148195.0000000000,119806.2734375000,151923.2656250000,133247.5468750000,144541.3125000000,,,
19.1519999690,149,146748.0156250000,194471.9218750000,171355.3281250000,147771.8750000000,119620.6640625000,151745.5156250000,133061.5625000000,144330.1093750000,,,
19.1559999690,149,146601.2187500000,194114.7343750000,169817.3281250000,147520.0937500000,119485.7500000000,151611.5156250000,132923.3437500000,144187.4531250000,,,
19.1599999692,149,146729.7500000000,194253.6250000000,170355.3281250000,147768.4375000000,119595.2890625000,151712.2343750000,133026.8906250000,144310.4218750000,,,
19.1639999691,149,146973.2968750000,194622.2187500000,172139.5312500000,148181.0937500000,119816.1171875000,151926.8281250000,133244.2187500000,144545.9531250000,,,
19.1679999691,149,146991.9375000000,194802.6718750000,172860.1406250000,148184.9843750000,119837.6015625000,151951.5625000000,133272.2187500000,144571.3281250000,,,
19.1719999691,149,146772.3437500000,194491.0000000000,171397.0625000000,147753.6562500000,119646.7890625000,151766.7500000000,133078.0625000000,144359.4062500000,,,
19.1759999690,149,146627.6718750000,194147.2187500000,169855.8906250000,147505.5312500000,119514.6875000000,151630.5781250000,132940.0625000000,144221.4375000000,,,
19.1799999690,149,146760.1718750000,194283.9375000000,170381.7187500000,147761.2812500000,119626.6484375000,151741.9531250000,133052.3125000000,144351.3906250000,,,
19.1839999692,149,147003.2343750000,194633.3750000000,172157.6875000000,148172.1406250000,119844.3906250000,151962.4531250000,133272.5781250000,144588.0312500000,,,
19.1879999691,149,147028.2812500000,194812.6562500000,172895.1562500000,148177.3906250000,119871.9062500000,151986.0781250000,133293.2812500000,144615.4531250000,,,
19.1919999691,149,146804.9375000000,194513.2812500000,171444.2031250000,147753.5000000000,119677.1796875000,151792.4843750000,133088.0937500000,144393.6875000000,,,
19.1959999690,149,146650.0468750000,194189.5156250000,169889.8281250000,147509.2812500000,119532.4765625000,151651.5000000000,132942.9062500000,144241.5000000000,,,
19.1999999690,150,146765.6093750000,194329.1875000000,170388.9843750000,147767.4687500000,119625.1406250000,151740.3906250000,133038.9531250000,144348.6250000000,,,
19.2039999689,150,146995.0781250000,194648.7343750000,172143.9062500000,148181.9843750000,119832.6953125000,151944.7187500000,133248.9687500000,144565.2343750000,,,
19.2079999689,150,147024.4218750000,194804.3281250000,172895.9218750000,148209.2656250000,119868.9296875000,151982.1093750000,133283.7812500000,144599.6250000000,,,
19.2119999689,150,146800.9375000000,194521.5156250000,171476.1875000000,147790.4375000000,119678.1406250000,151793.5781250000,133081.4375000000,144386.2500000000,,,
19.2159999688,150,146639.0468750000,194224.9218750000,169937.4375000000,147531.8125000000,119528.7421875000,151645.1718750000,132930.8125000000,144230.9218750000,,,
19.2199999688,150,146749.6093750000,194353.9687500000,170447.6406250000,147779.9531250000,119619.9921875000,151730.9218750000,133032.4843750000,144331.9375000000,,,
19.2239999690,150,146981.1875000000,194620.1406250000,172234.7968750000,148193.3906250000,119828.1093750000,151936.6250000000,133249.3437500000,144549.7968750000,,,
19.2279999689,150,147007.2500000000,194739.9062500000,173031.4531250000,148219.7812500000,119856.1875000000,151972.1406250000,133275.6250000000,144583.1250000000,,,
19.2319999689,150,146786.0781250000,194473.5312500000,171639.8906250000,147800.6250000000,119665.0312500000,151785.7968750000,133082.5937500000,144372.6093750000,,,
19.2359999688,150,146631.8750000000,194200.2968750000,170078.6093750000,147536.9375000000,119522.0703125000,151639.9375000000,132937.8906250000,144224.4375000000,,,
19.2399999688,150,146748.1250000000,194323.8906250000,170510.0625000000,147784.2656250000,119613.2890625000,151734.3593750000,133027.8281250000,144333.9843750000,,,
19.2439999690,150,146981.4062500000,194577.4687500000,172202.8125000000,148205.3125000000,119824.2187500000,151943.9218750000,133243.6875000000,144552.5468750000,,,
19.2479999689,150,147017.0781250000,194704.8593750000,172950.0468750000,148241.9375000000,119862.1171875000,151985.9687500000,133283.2187500000,144593.3281250000,,,
19.2519999689,150,146789.7031250000,194479.8750000000,171556.1562500000,147821.8906250000,119661.5390625000,151798.6406250000,133081.1406250000,144381.8281250000,,,
19.2559999689,150,146638.4218750000,194247.5156250000,170004.1718750000,147559.0625000000,119521.6640625000,151664.1406250000,132944.2656250000,144239.7812500000,,,
19.2599999688,150,146756.4218750000,194366.5156250000,170444.9062500000,147790.9218750000,119619.4062500000,151761.9843750000,133047.5625000000,144350.7968750000,,,
19.2639999688,150,146992.3437500000,194570.5000000000,172150.1875000000,148206.6093750000,119830.7656250000,151972.8906250000,133259.7031250000,144571.5937500000,,,
19.2679999690,150,147035.0937500000,194669.2812500000,172939.0156250000,148236.9375000000,119879.3125000000,152012.5312500000,133301.8125000000,144616.4687500000,,,
19.2719999689,150,146810.2187500000,194469.1875000000,171591.6093750000,147807.3281250000,119687.5078125000,151816.8906250000,133101.8437500000,144402.6406250000,,,
19.2759999689,150,146646.5312500000,194271.1875000000,170041.5312500000,147531.2187500000,119540.2812500000,151664.0781250000,132950.0937500000,144245.8125000000,,,
19.2799999688,150,146777.5000000000,194388.4062500000,170462.5000000000,147774.5000000000,119656.2812500000,151771.1875000000,133067.4687500000,144361.3906250000,,,
19.2839999688,150,147032.5000000000,194558.5156250000,172162.9687500000,148200.6250000000,119888.2421875000,151996.5625000000,133299.3750000000,144597.5625000000,,,
19.2879999690,150,147065.0000000000,194632.2187500000,172952.7812500000,148239.7031250000,119920.0781250000,152033.4218750000,133333.4062500000,144637.4218750000,,,
19.2919999689,150,146844.4687500000,194477.9687500000,171638.2812500000,147827.1250000000,119731.6796875000,151842.7656250000,133141.6562500000,144433.5156250000,,,
19.2959999689,150,146684.0781250000,194343.4843750000,170104.4062500000,147554.5937500000,119584.7734375000,151695.4687500000,132991.3750000000,144282.5937500000,,,
19.2999999688,150,146768.1875000000,194449.5625000000,170463.9531250000,147793.6562500000,119638.4453125000,151765.1406250000,133049.0937500000,144355.2187500000,,,
19.3039999688,150,147022.5937500000,194553.5000000000,172119.3906250000,148224.3906250000,119864.6640625000,151992.6250000000,133284.8593750000,144586.0781250000,,,
19.3079999688,150,147061.0937500000,194602.8437500000,172915.7031250000,148266.4531250000,119905.3281250000,152034.5000000000,133329.4375000000,144634.7343750000,,,
19.3119999690,150,146825.0781250000,194488.3437500000,171614.1406250000,147851.9062500000,119699.6015625000,151830.4062500000,133123.0937500000,144421.3906250000,,,
19.3159999689,150,146643.2500000000,194396.8281250000,170062.5625000000,147569.3593750000,119533.9218750000,151661.3125000000,132955.1406250000,144249.2968750000,,,
19.3199999689,150,146761.8125000000,194501.1093750000,170428.7343750000,147800.4687500000,119635.9765625000,151754.9218750000,133056.0625000000,144347.5312500000,,,
19.3239999688,150,147014.7343750000,194550.2031250000,172079.1875000000,148234.5312500000,119864.7734375000,151982.0781250000,133282.7187500000,144576.2968750000,,,
19.3279999688,151,147040.8593750000,194555.9062500000,172884.9218750000,148269.2031250000,119893.3671875000,152015.5000000000,133314.6562500000,144616.3906250000,,,
19.3319999687,151,146795.1250000000,194466.1875000000,171609.1250000000,147829.5937500000,119675.5937500000,151798.7343750000,133099.8906250000,144398.7031250000,,,
19.3359999687,151,146609.0625000000,194436.7343750000,170059.0781250000,147546.2187500000,119495.7578125000,151626.5781250000,132915.1718750000,144226.7656250000,,,
19.3399999687,151,146744.9687500000,194542.2812500000,170406.1875000000,147790.7031250000,119608.0312500000,151740.8125000000,133026.7812500000,144339.2968750000,,,
19.3439999686,151,147032.8437500000,194535.0937500000,172053.5468750000,148234.3437500000,119868.2890625000,152001.6406250000,133288.2656250000,144599.5937500000,,,
19.3479999686,151,147069.7812500000,194512.0468750000,172887.4687500000,148292.7656250000,119906.6953125000,152037.7656250000,133328.7187500000,144647.8750000000,,,
19.3519999688,151,146808.1093750000,194472.8437500000,171641.5312500000,147847.7500000000,119675.3046875000,151812.9218750000,133093.2187500000,144419.8593750000,,,
19.3559999687,151,146631.6875000000,194508.5625000000,170108.6406250000,147553.7500000000,119519.6562500000,151649.7656250000,132928.0781250000,144255.5468750000,,,
19.3599999687,151,146772.2187500000,194624.1250000000,170445.6562500000,147790.4062500000,119648.1875000000,151763.2968750000,133056.4218750000,144366.6718750000,,,
19.3639999686,151,147056.6562500000,194568.0625000000,172081.1718750000,148229.1562500000,119914.3671875000,152021.8906250000,133327.0156250000,144619.7968750000,,,
19.3679999686,151,147106.9843750000,194511.4843750000,172927.4375000000,148267.5937500000,119964.4453125000,152072.9531250000,133378.7343750000,144684.1093750000,,,
19.3719999688,151,146841.5156250000,194502.1093750000,171701.4687500000,147817.5468750000,119721.8359375000,151836.5937500000,133136.5937500000,144453.8750000000,,,
19.3759999687,151,146652.9062500000,194592.4687500000,170164.8125000000,147521.2187500000,119546.7734375000,151664.9687500000,132962.7812500000,144278.6718750000,,,
19.3799999687,151,146781.5000000000,194706.6562500000,170470.2812500000,147762.8906250000,119660.7656250000,151766.8125000000,133077.0625000000,144376.9218750000,,,
19.3839999686,151,147066.2343750000,194584.3125000000,172078.7812500000,148209.4531250000,119928.5000000000,152017.4687500000,133339.5156250000,144622.0781250000,,,
19.3879999686,151,147103.5000000000,194474.4843750000,172923.4062500000,148265.1250000000,119968.7343750000,152055.6875000000,133382.0156250000,144667.6718750000,,,
19.3919999686,151,146836.7500000000,194493.0625000000,171725.3125000000,147831.0625000000,119728.3281250000,151824.2343750000,133137.3437500000,144438.5781250000,,,
19.3959999688,151,146638.8593750000,194643.3437500000,170191.1718750000,147541.7187500000,119542.4531250000,151644.8750000000,132955.4531250000,144258.5000000000,,,
19.3999999687,151,146765.1093750000,194765.8437500000,170471.5156250000,147783.1718750000,119649.8984375000,151751.3906250000,133076.2968750000,144355.1875000000,,,
19.4039999687,151,147037.5937500000,194582.6562500000,172046.0625000000,148224.7968750000,119901.6562500000,152001.3125000000,133330.0312500000,144588.6562500000,,,
19.4079999686,151,147071.6093750000,194412.0625000000,172885.8593750000,148288.3125000000,119937.8359375000,152038.7812500000,133365.7343750000,144636.0468750000,,,
19.4119999686,151,146807.4843750000,194448.1875000000,171708.6406250000,147852.5468750000,119700.2421875000,151808.5937500000,133127.5937500000,144417.2031250000,,,
19.4159999688,151,146603.7187500000,194664.9062500000,170179.1875000000,147544.8437500000,119509.8593750000,151621.5625000000,132934.2968750000,144235.4687500000,,,
19.4199999687,151,146737.5625000000,194817.2968750000,170452.3437500000,147781.8437500000,119630.0000000000,151736.1562500000,133049.7343750000,144337.7343750000,,,
19.4239999687,151,147028.1562500000,194587.1562500000,172016.9062500000,148242.6562500000,119893.5781250000,152001.7187500000,133313.3125000000,144587.8281250000,,,
19.4279999686,151,147072.7343750000,194357.0156250000,172859.5937500000,148295.4218750000,119934.9375000000,152045.9531250000,133359.7656250000,144642.3281250000,,,
19.4319999686,151,146793.9375000000,194411.4218750000,171699.3750000000,147840.8593750000,119673.7187500000,151801.3281250000,133105.8281250000,144409.3281250000,,,
19.4359999686,151,146592.5000000000,194697.7968750000,170179.1875000000,147545.7656250000,119480.6250000000,151618.2187500000,132920.8281250000,144227.7968750000,,,
19.4399999687,151,146722.0312500000,194878.1562500000,170434.6718750000,147778.0937500000,119594.7812500000,151724.8281250000,133030.5000000000,144323.4843750000,,,
19.4439999687,151,147017.6875000000,194594.7500000000,171978.3281250000,148216.6406250000,119870.4296875000,151988.9843750000,133292.4531250000,144570.9843750000,,,
19.4479999687,151,147075.9531250000,194310.0000000000,172833.4531250000,148280.6406250000,119930.2734375000,152044.9843750000,133345.7187500000,144640.1875000000,,,
19.4519999686,151,146794.6093750000,194379.4687500000,171700.4531250000,147834.8750000000,119681.6875000000,151802.1406250000,133109.6562500000,144410.3437500000,,,
19.4559999686,152,146584.9687500000,194738.6406250000,170196.0781250000,147501.0781250000,119494.9218750000,151615.0468750000,132939.0468750000,144226.1562500000,,,
19.4599999685,152,146733.6406250000,194954.4843750000,170457.4375000000,147732.7187500000,119629.5937500000,151728.3281250000,133064.0625000000,144336.4687500000,,,
19.4639999685,152,147052.0156250000,194612.5625000000,171997.3437500000,148199.2500000000,119921.1796875000,152018.3750000000,133339.7656250000,144605.1718750000,,,
19.4679999684,152,147080.7187500000,194246.3281250000,172838.1875000000,148254.5625000000,119948.2968750000,152052.7343750000,133368.0937500000,144643.9375000000,,,
19.4719999684,152,146805.1562500000,194325.2968750000,171727.5937500000,147824.6093750000,119697.0000000000,151801.9687500000,133121.2500000000,144415.4062500000,,,
19.4759999684,152,146592.7187500000,194756.1406250000,170232.2343750000,147512.4843750000,119495.5156250000,151600.1718750000,132926.7500000000,144225.9687500000,,,
19.4799999685,152,146729.4062500000,195000.4062500000,170470.9843750000,147738.3750000000,119610.5000000000,151717.1406250000,133041.0468750000,144324.8125000000,,,
19.4839999685,152,147034.5937500000,194597.6718750000,171974.2812500000,148209.6875000000,119893.1796875000,151992.7812500000,133314.9062500000,144572.7812500000,,,
19.4879999685,152,147093.3750000000,194160.5468750000,172822.2812500000,148301.5312500000,119952.2656250000,152051.3437500000,133376.4062500000,144638.6250000000,,,
19.4919999684,152,146809.5312500000,194267.4375000000,171741.9218750000,147866.1562500000,119693.0000000000,151798.2968750000,133121.1562500000,144412.0625000000,,,
19.4959999684,152,146600.6093750000,194807.4218750000,170266.0625000000,147541.3593750000,119497.0937500000,151608.9375000000,132927.6718750000,144237.4687500000,,,
19.4999999686,152,146729.3281250000,195102.8593750000,170486.5937500000,147767.7656250000,119611.0625000000,151715.8437500000,133039.9687500000,144329.5000000000,,,
19.5039999685,152,147035.2031250000,194625.7812500000,171957.4687500000,148245.8750000000,119896.1796875000,151992.5781250000,133318.4687500000,144574.7656250000,,,
19.5079999685,152,147086.3593750000,194095.3125000000,172797.1875000000,148321.3437500000,119947.5156250000,152044.6406250000,133371.5937500000,144633.9375000000,,,
19.5119999684,152,146800.2656250000,194219.1875000000,171736.3437500000,147872.9687500000,119686.1640625000,151794.6562500000,133115.6093750000,144411.2500000000,,,
19.5159999684,152,146567.0312500000,194851.3593750000,170270.9687500000,147542.0312500000,119462.4687500000,151576.9062500000,132899.2031250000,144213.8906250000,,,
19.5199999684,152,146691.6718750000,195175.3593750000,170472.1875000000,147758.9687500000,119569.2968750000,151679.0156250000,133007.9218750000,144298.7343750000,,,
19.5239999685,152,147013.7812500000,194626.4218750000,171925.3281250000,148227.8281250000,119875.9062500000,151973.9062500000,133297.2968750000,144554.4843750000,,,
19.5279999685,152,147088.0468750000,194016.7343750000,172766.3593750000,148316.3906250000,119947.1406250000,152052.1093750000,133358.7500000000,144638.0312500000,,,
19.5319999685,152,146792.9218750000,194164.5156250000,171725.5625000000,147861.1406250000,119673.1796875000,151787.4375000000,133093.1406250000,144410.6875000000,,,
19.5359999684,152,146558.5781250000,194885.9843750000,170272.6406250000,147513.3125000000,119455.3906250000,151566.2031250000,132892.6406250000,144213.6250000000,,,
19.5399999684,152,146700.3281250000,195255.1093750000,170477.7968750000,147723.3750000000,119587.2734375000,151681.5156250000,133022.7812500000,144311.7656250000,,,
19.5439999686,152,147045.9375000000,194648.6875000000,171926.2343750000,148193.0625000000,119914.2578125000,151994.3750000000,133329.8906250000,144583.1093750000,,,
19.5479999685,152,147130.3437500000,193953.2656250000,172777.8437500000,148287.0781250000,119993.6250000000,152070.9218750000,133396.7656250000,144666.9218750000,,,
19.5519999685,152,146831.1406250000,194110.9531250000,171772.6250000000,147839.4687500000,119717.0390625000,151795.2968750000,133115.0468750000,144433.4375000000,,,
19.5559999684,152,146591.9375000000,194929.8906250000,170341.5937500000,147494.0781250000,119490.4453125000,151574.2500000000,132898.8593750000,144235.9375000000,,,
19.5599999684,152,146728.6250000000,195340.5312500000,170528.8125000000,147716.4843750000,119609.1328125000,151687.7343750000,133028.3906250000,144326.2031250000,,,
19.5639999683,152,147069.0312500000,194674.2812500000,171945.8750000000,148199.4218750000,119928.5312500000,151996.6250000000,133337.1406250000,144588.5937500000,,,
19.5679999685,152,147142.2187500000,193903.4375000000,172786.0781250000,148301.0000000000,119999.3359375000,152070.6562500000,133413.7656250000,144664.7812500000,,,
19.5719999685,152,146828.8906250000,194075.2500000000,171792.1250000000,147861.2187500000,119704.6171875000,151791.2656250000,133131.9531250000,144428.3906250000,,,
19.5759999685,152,146562.1718750000,194965.2656250000,170352.0781250000,147497.8906250000,119447.8750000000,151545.3593750000,132876.6875000000,144208.5781250000,,,
19.5799999684,152,146701.6718750000,195410.4531250000,170518.4843750000,147727.4843750000,119573.1875000000,151661.3125000000,132982.6875000000,144297.7656250000,,,
19.5839999684,153,147065.0781250000,194700.5312500000,171930.8281250000,148227.8281250000,119919.3828125000,151994.7656250000,133326.0625000000,144580.3593750000,,,
19.5879999683,153,147134.1562500000,193866.3125000000,172772.9375000000,148335.5468750000,119983.7812500000,152062.8437500000,133403.4687500000,144653.6406250000,,,
19.5919999683,153,146825.1093750000,194041.1093750000,171800.0156250000,147904.1562500000,119696.7578125000,151788.1093750000,133129.7968750000,144422.9218750000,,,
19.5959999682,153,146555.9531250000,194993.7031250000,170373.3750000000,147530.3125000000,119442.1406250000,151540.7031250000,132878.4218750000,144206.0625000000,,,
19.5999999682,153,146690.0625000000,195472.7968750000,170531.8750000000,147739.6406250000,119564.5546875000,151654.0781250000,132993.7812500000,144293.7187500000,,,
19.6039999682,153,147045.4531250000,194715.6093750000,171919.4843750000,148228.5000000000,119900.9296875000,151979.2968750000,133311.0625000000,144564.5468750000,,,
19.6079999683,153,147126.1093750000,193816.2656250000,172766.0156250000,148331.5937500000,119977.6640625000,152061.9843750000,133391.5312500000,144646.8125000000,,,
19.6119999683,153,146822.1093750000,193983.9843750000,171811.5312500000,147896.2968750000,119693.4609375000,151787.0937500000,133122.6718750000,144421.3906250000,,,
19.6159999683,153,146545.8593750000,194996.2812500000,170393.0625000000,147514.4843750000,119433.1796875000,151530.1875000000,132869.5156250000,144197.8906250000,,,
19.6199999682,153,146672.5625000000,195510.6406250000,170542.0312500000,147720.8906250000,119552.7265625000,151640.2656250000,132983.3750000000,144278.1562500000,,,
19.6239999682,153,147034.5000000000,194716.4062500000,171915.7500000000,148213.1250000000,119899.8281250000,151974.3281250000,133319.0312500000,144551.4843750000,,,
19.6279999684,153,147130.5781250000,193764.1718750000,172772.0781250000,148332.5156250000,119996.9218750000,152070.2500000000,133417.3906250000,144647.0156250000,,,
19.6319999683,153,146824.5781250000,193938.0312500000,171838.4843750000,147882.8906250000,119709.9531250000,151796.6562500000,133137.5781250000,144424.2656250000,,,
19.6359999683,153,146556.8125000000,195010.4062500000,170432.7812500000,147492.0937500000,119454.4765625000,151542.7187500000,132886.2500000000,144209.3437500000,,,
19.6399999682,153,146689.6093750000,195563.7187500000,170571.3281250000,147685.3125000000,119574.6406250000,151651.4687500000,132993.2187500000,144293.5625000000,,,
19.6439999682,153,147056.3906250000,194744.4687500000,171929.2656250000,148174.9218750000,119925.3671875000,151989.8906250000,133326.9375000000,144574.4375000000,,,
19.6479999681,153,147161.4062500000,193732.9218750000,172786.2968750000,148301.9531250000,120029.1093750000,152091.8125000000,133431.5781250000,144682.0156250000,,,
19.6519999683,153,146863.5156250000,193909.7343750000,171881.3906250000,147864.2187500000,119753.1640625000,151821.9218750000,133167.3281250000,144468.7031250000,,,
19.6559999683,153,146586.1250000000,195045.0625000000,170483.2187500000,147488.4218750000,119490.3593750000,151564.0156250000,132913.3437500000,144247.4218750000,,,
19.6599999683,153,146716.8750000000,195642.9531250000,170610.5156250000,147691.1406250000,119605.8281250000,151682.2187500000,133016.2343750000,144330.9687500000,,,
19.6639999682,153,147074.0937500000,194772.1250000000,171941.5312500000,148199.4687500000,119942.3671875000,152008.7968750000,133339.2500000000,144594.7500000000,,,
19.6679999682,153,147174.8750000000,193685.1250000000,172786.4218750000,148344.8750000000,120037.7500000000,152105.1718750000,133438.1250000000,144689.8750000000,,,
19.6719999684,153,146855.7187500000,193863.0937500000,171884.3125000000,147901.1250000000,119736.1093750000,151816.3281250000,133153.5625000000,144459.1250000000,,,
19.6759999683,153,146550.5625000000,195065.6406250000,170478.5781250000,147504.3281250000,119444.6562500000,151527.6718750000,132879.2812500000,144213.6250000000,,,
19.6799999683,153,146676.0781250000,195700.9218750000,170583.7500000000,147694.8125000000,119557.3671875000,151638.7031250000,132985.2812500000,144292.3281250000,,,
19.6839999682,153,147046.7968750000,194793.5000000000,171900.7343750000,148207.2500000000,119912.5390625000,151987.0781250000,133323.4218750000,144568.4375000000,,,
19.6879999682,153,147154.8906250000,193631.4531250000,172748.5312500000,148357.0468750000,120021.8437500000,152096.2968750000,133432.2187500000,144672.7656250000,,,
19.6919999681,153,146832.6406250000,193805.4843750000,171868.6250000000,147905.1562500000,119720.3125000000,151806.8281250000,133153.5625000000,144444.0625000000,,,
19.6959999683,153,146537.8125000000,195092.6250000000,170482.7812500000,147511.8125000000,119437.0937500000,151536.6718750000,132880.0000000000,144214.4375000000,,,
19.6999999683,153,146658.1875000000,195781.2500000000,170577.5468750000,147691.7500000000,119542.0781250000,151639.8125000000,132977.4843750000,144282.2968750000,,,
19.7039999682,153,147029.2812500000,194814.9218750000,171868.4062500000,148200.2187500000,119893.2812500000,151979.7187500000,133315.9375000000,144549.5156250000,,,
19.7079999682,153,147149.3593750000,193565.4531250000,172714.3750000000,148352.8125000000,120010.3906250000,152093.4218750000,133430.1250000000,144661.0937500000,,,
19.7119999682,154,146839.5625000000,193737.2500000000,171862.1093750000,147904.7968750000,119722.0000000000,151807.9218750000,133155.3593750000,144442.2656250000,,,
19.7159999681,154,146529.4531250000,195099.8593750000,170490.1562500000,147492.2500000000,119426.6875000000,151514.3281250000,132869.4687500000,144199.1406250000,,,
19.7199999681,154,146652.2656250000,195844.2812500000,170578.6718750000,147678.5000000000,119542.1562500000,151623.7187500000,132971.3593750000,144273.7031250000,,,
19.7239999680,154,147037.8593750000,194835.5781250000,171853.4218750000,148192.4375000000,119914.0156250000,151985.8593750000,133321.7968750000,144558.4531250000,,,
19.7279999680,154,147159.6250000000,193504.0781250000,172692.1406250000,148341.6250000000,120030.6406250000,152106.5625000000,133444.1875000000,144676.0625000000,,,
19.7319999679,154,146836.9687500000,193672.4687500000,171854.5000000000,147891.3437500000,119727.5781250000,151812.4843750000,133162.2343750000,144450.5781250000,,,
19.7359999681,154,146523.8437500000,195119.8125000000,170495.0468750000,147467.9531250000,119431.1093750000,151517.2031250000,132878.4843750000,144207.5468750000,,,
19.7399999681,154,146657.3906250000,195917.3906250000,170578.1406250000,147652.9375000000,119553.2890625000,151628.3750000000,132987.3750000000,144286.7500000000,,,
19.7439999681,154,147062.0312500000,194863.8281250000,171844.1406250000,148180.4531250000,119939.0937500000,151997.6718750000,133351.0781250000,144581.2187500000,,,
19.7479999680,154,147186.8281250000,193458.3437500000,172687.2968750000,148340.8437500000,120058.5625000000,152117.2343750000,133470.2500000000,144699.5625000000,,,
19.7519999680,154,146853.4531250000,193625.9062500000,171865.1718750000,147889.2812500000,119742.2500000000,151813.0000000000,133169.7968750000,144469.8281250000,,,
19.7559999682,154,146530.1250000000,195157.5312500000,170514.5937500000,147469.2968750000,119431.5156250000,151508.4375000000,132870.0781250000,144220.3593750000,,,
19.7599999681,154,146654.4375000000,196016.2968750000,170585.8593750000,147648.7812500000,119544.5703125000,151616.2031250000,132975.5937500000,144287.5000000000,,,
19.7639999681,154,147057.9531250000,194910.0468750000,171820.8906250000,148183.5156250000,119931.4218750000,151994.8437500000,133343.8593750000,144574.8906250000,,,
19.7679999680,154,147192.9687500000,193407.5156250000,172657.6250000000,148365.1562500000,120063.9296875000,152126.8437500000,133473.3906250000,144697.3125000000,,,
19.7719999680,154,146862.7343750000,193567.0781250000,171862.8125000000,147917.3281250000,119748.6562500000,151826.9375000000,133171.7968750000,144471.3281250000,,,
19.7759999679,154,146517.8125000000,195179.8906250000,170521.9218750000,147478.1718750000,119414.7265625000,151496.2031250000,132848.2968750000,144204.0781250000,,,
19.7799999681,154,146628.1718750000,196085.8906250000,170573.5312500000,147650.7656250000,119516.6718750000,151590.0312500000,132951.0781250000,144258.4687500000,,,
19.7839999681,154,147040.6250000000,194929.4062500000,171790.9218750000,148191.0156250000,119911.7343750000,151971.1718750000,133333.0781250000,144550.9375000000,,,
19.7879999680,154,147183.7187500000,193331.5937500000,172622.2812500000,148371.2187500000,120048.5546875000,152107.1562500000,133465.7968750000,144678.8281250000,,,
19.7919999680,154,146844.6406250000,193484.6875000000,171843.6250000000,147923.5312500000,119721.3828125000,151796.5312500000,133152.9687500000,144447.0000000000,,,
19.7959999680,154,146495.2031250000,195181.7187500000,170515.9062500000,147479.8281250000,119380.3359375000,151469.5468750000,132827.2500000000,144179.7031250000,,,
19.7999999681,154,146616.3750000000,196149.8593750000,170564.7500000000,147642.7500000000,119488.8046875000,151575.1093750000,132932.3906250000,144244.0156250000,,,
19.8039999681,154,147040.2968750000,194951.7968750000,171767.6718750000,148185.2031250000,119899.1562500000,151968.7343750000,133317.8281250000,144541.6875000000,,,
19.8079999681,154,147184.8125000000,193260.2968750000,172595.8281250000,148360.6250000000,120044.2109375000,152105.0937500000,133456.1718750000,144670.2187500000,,,
19.8119999680,154,146852.6875000000,193404.0000000000,171847.2031250000,147913.2812500000,119732.7265625000,151799.0156250000,133156.7500000000,144450.1250000000,,,
19.8159999680,154,146504.9531250000,195194.5937500000,170546.6250000000,147465.5312500000,119402.3359375000,151470.2968750000,132841.7500000000,144189.7343750000,,,
19.8199999679,154,146630.5625000000,196232.2343750000,170594.9062500000,147647.9218750000,119519.8125000000,151579.1093750000,132949.0000000000,144260.6406250000,,,
19.8239999681,154,147059.8593750000,194986.9062500000,171774.2656250000,148189.2812500000,119934.8828125000,151983.1875000000,133339.0625000000,144565.8281250000,,,
19.8279999681,154,147208.5312500000,193193.6093750000,172592.4218750000,148369.5781250000,120082.0546875000,152127.9375000000,133481.1093750000,144699.6718750000,,,
19.8319999680,154,146859.9218750000,193318.2500000000,171856.4531250000,147905.8437500000,119751.4765625000,151807.9218750000,133170.7031250000,144465.5468750000,,,
19.8359999680,154,146498.5000000000,195203.1250000000,170571.1093750000,147453.2343750000,119401.4218750000,151466.8593750000,132840.2031250000,144193.9375000000,,,
19.8399999680,155,146613.7031250000,196318.7968750000,170608.9218750000,147622.6093750000,119505.6015625000,151567.6562500000,132933.2500000000,144250.9062500000,,,
19.8439999679,155,147061.2031250000,195029.1875000000,171770.9218750000,148177.1250000000,119937.4843750000,151988.8125000000,133332.8750000000,144566.9531250000,,,
19.8479999679,155,147221.1406250000,193139.0000000000,172588.4062500000,148372.6406250000,120094.2109375000,152141.8593750000,133487.0625000000,144707.8593750000,,,
19.8519999678,155,146864.3437500000,193249.2187500000,171870.9375000000,147917.7031250000,119753.7578125000,151810.5781250000,133171.6093750000,144471.4687500000,,,
19.8559999678,155,146498.2031250000,195221.9062500000,170602.2187500000,147459.4843750000,119402.8671875000,151465.1406250000,132840.7656250000,144202.7343750000,,,
19.8599999677,155,146617.1093750000,196398.7968750000,170634.2500000000,147622.3437500000,119515.7890625000,151567.0468750000,132946.9531250000,144263.7343750000,,,
19.8639999679,155,147064.2187500000,195066.3281250000,171772.4218750000,148176.7031250000,119947.6796875000,151988.2187500000,133354.9687500000,144576.0156250000,,,
19.8679999679,155,147232.9843750000,193079.1406250000,172576.5468750000,148386.8437500000,120110.6250000000,152150.4531250000,133514.0000000000,144721.1250000000,,,
19.8719999678,155,146879.3906250000,193172.8281250000,171874.2812500000,147945.4687500000,119769.6640625000,151822.2187500000,133188.7500000000,144487.6093750000,,,
19.8759999678,155,146503.9375000000,195226.3281250000,170621.2187500000,147464.2031250000,119406.3593750000,151469.8281250000,132847.5000000000,144213.3593750000,,,
19.8799999678,155,146615.0937500000,196468.8906250000,170645.5937500000,147613.4062500000,119506.4296875000,151568.5937500000,132942.2656250000,144267.6718750000,,,
19.8839999679,155,147070.9843750000,195101.3125000000,171766.7343750000,148172.1718750000,119944.9453125000,151992.5156250000,133351.1093750000,144578.4062500000,,,
19.8879999679,155,147253.9687500000,193032.6250000000,172571.9843750000,148393.7656250000,120120.2265625000,152167.7187500000,133517.7500000000,144735.7968750000,,,
19.8919999679,155,146882.3750000000,193114.5468750000,171886.7031250000,147943.5625000000,119759.8203125000,151819.4687500000,133182.1250000000,144487.2968750000,,,
19.8959999678,155,146486.8281250000,195235.0781250000,170638.2500000000,147461.7812500000,119378.2734375000,151443.2031250000,132820.4375000000,144190.9687500000,,,
19.8999999678,155,146606.2656250000,196535.0000000000,170657.1250000000,147622.0937500000,119491.6484375000,151549.6093750000,132922.0156250000,144251.2656250000,,,
19.9039999677,155,147065.4375000000,195131.3437500000,171759.7343750000,148182.5000000000,119938.0781250000,151984.4687500000,133340.2656250000,144566.4218750000,,,
19.9079999679,155,147244.4218750000,192977.8281250000,172554.9843750000,148391.5781250000,120114.9453125000,152160.2656250000,133511.9062500000,144719.5937500000,,,
19.9119999679,155,146882.5937500000,193034.8593750000,171890.6718750000,147931.8750000000,119770.3046875000,151829.9531250000,133189.6093750000,144487.8593750000,,,
19.9159999678,155,146496.7031250000,195228.4531250000,170664.8593750000,147450.7343750000,119397.5859375000,151465.9687500000,132832.0156250000,144209.4375000000,,,
19.9199999678,155,146617.0468750000,196597.1250000000,170681.7500000000,147605.2343750000,119513.0000000000,151569.0781250000,132935.0781250000,144269.4375000000,,,
19.9239999678,155,147079.8437500000,195163.1562500000,171765.0156250000,148169.9687500000,119964.9531250000,152000.5156250000,133358.7031250000,144581.2500000000,,,
19.9279999679,155,147254.8750000000,192922.0468750000,172551.2500000000,148390.5312500000,120136.1328125000,152168.7343750000,133523.2031250000,144727.6718750000,,,
19.9319999679,155,146892.7500000000,192965.0312500000,171902.3437500000,147946.3281250000,119786.2343750000,151831.0000000000,133197.2343750000,144495.2812500000,,,
19.9359999679,155,146484.9218750000,195224.2812500000,170682.0468750000,147457.3281250000,119390.6093750000,151442.3750000000,132824.3281250000,144198.2343750000,,,
19.9399999678,155,146580.8125000000,196654.4687500000,170682.0468750000,147593.7812500000,119478.6953125000,151523.9062500000,132903.6406250000,144232.6718750000,,,
19.9439999678,155,147040.2187500000,195196.2343750000,171742.2968750000,148166.2968750000,119922.6250000000,151956.0937500000,133316.1093750000,144535.3593750000,,,
19.9479999677,155,147236.5312500000,192870.2187500000,172518.7187500000,148408.5468750000,120112.9843750000,152149.1093750000,133499.8593750000,144698.9687500000,,,
19.9519999679,155,146879.5312500000,192880.4687500000,171882.9218750000,147968.4062500000,119766.6328125000,151818.0156250000,133182.5625000000,144473.7500000000,,,
19.9559999679,155,146472.0000000000,195215.7812500000,170679.3906250000,147478.8437500000,119365.4218750000,151429.6562500000,132812.6250000000,144181.9531250000,,,
19.9599999678,155,146573.2968750000,196718.7656250000,170673.9531250000,147620.0937500000,119456.9687500000,151514.5156250000,132898.9375000000,144226.1875000000,,,
19.9639999678,155,147053.7187500000,195232.2812500000,171720.8593750000,148197.4843750000,119922.6796875000,151966.7968750000,133336.1406250000,144548.9375000000,,,
19.9679999677,156,147252.7656250000,192826.5000000000,172496.0312500000,148423.1406250000,120117.3281250000,152161.7187500000,133521.5625000000,144714.6406250000,,,
19.9719999677,156,146891.1406250000,192810.4375000000,171880.2968750000,147975.8281250000,119770.6562500000,151827.8281250000,133200.4218750000,144487.2187500000,,,
19.9759999677,156,146471.5156250000,195202.8906250000,170687.1406250000,147468.7812500000,119362.2343750000,151431.7187500000,132817.4062500000,144187.5312500000,,,
19.9799999676,156,146569.1718750000,196768.1406250000,170677.7500000000,147597.7656250000,119453.7500000000,151515.3593750000,132898.0000000000,144225.4218750000,,,
19.9839999676,156,147052.7968750000,195265.4843750000,171713.8906250000,148175.0625000000,119924.0781250000,151971.1875000000,133335.9062500000,144547.2968750000,,,
19.9879999675,156,147256.7031250000,192788.6875000000,172488.5468750000,148415.5781250000,120119.1562500000,152164.6093750000,133519.5468750000,144711.9843750000,,,
19.9919999677,156,146894.1250000000,192746.4687500000,171888.7187500000,147962.2500000000,119766.1718750000,151825.6562500000,133192.8906250000,144484.1250000000,,,
19.9959999677,156,146471.6406250000,195194.3281250000,170711.3593750000,147450.0625000000,119357.1093750000,151424.9843750000,132810.2343750000,144184.2500000000,,,
19.9999999676,156,146567.3437500000,196813.9218750000,170695.0312500000,147579.5312500000,119447.3125000000,151508.8125000000,132886.0468750000,144224.5156250000,,,
20.0039999676,156,147051.0312500000,195302.9375000000,171714.6718750000,148151.0781250000,119921.8750000000,151959.1250000000,133323.5312500000,144543.5468750000,,,
20.0079999676,156,147264.5937500000,192767.5468750000,172485.5625000000,148402.8437500000,120134.7656250000,152161.5000000000,133524.9375000000,144714.5625000000,,,
20.0119999677,156,146903.9687500000,192699.1250000000,171894.2968750000,147956.9218750000,119787.9296875000,151827.1093750000,133205.8750000000,144490.4375000000,,,
20.0159999677,156,146477.0156250000,195181.5000000000,170721.5312500000,147447.1875000000,119373.2578125000,151422.0625000000,132817.9062500000,144189.9375000000,,,
20.0199999677,156,146568.6406250000,196849.9531250000,170701.5468750000,147576.3125000000,119462.4921875000,151504.4843750000,132898.2656250000,144227.5781250000,,,
20.0239999676,156,147053.8125000000,195336.6250000000,171708.1562500000,148160.4531250000,119937.7031250000,151962.7968750000,133340.8593750000,144547.1093750000,,,
20.0279999676,156,147270.2812500000,192755.0156250000,172474.7343750000,148423.6250000000,120151.5546875000,152169.2187500000,133540.5781250000,144716.8906250000,,,
20.0319999675,156,146905.9687500000,192654.2031250000,171897.6718750000,147977.7343750000,119800.2421875000,151831.8750000000,133219.3906250000,144487.7031250000,,,
20.0359999677,156,146467.4062500000,195154.2343750000,170726.0625000000,147454.9375000000,119370.0937500000,151418.3125000000,132822.4218750000,144176.9062500000,,,
20.0399999677,156,146558.1718750000,196857.9687500000,170694.2187500000,147576.8750000000,119453.5859375000,151493.7031250000,132897.6875000000,144213.0312500000,,,
20.0439999676,156,147053.2500000000,195352.7968750000,171698.3593750000,148166.8281250000,119936.8671875000,151960.4687500000,133345.9531250000,144543.4531250000,,,
20.0479999676,156,147279.6406250000,192747.0781250000,172474.2187500000,148432.8281250000,120155.6562500000,152182.1562500000,133555.5468750000,144732.5781250000,,,
20.0519999675,156,146929.8281250000,192627.4062500000,171910.1562500000,148000.9062500000,119812.3046875000,151856.0468750000,133239.0468750000,144521.4843750000,,,
20.0559999677,156,146490.9843750000,195150.2343750000,170742.2343750000,147475.6250000000,119382.8359375000,151437.3593750000,132838.9375000000,144209.4687500000,,,
20.0599999677,156,146578.0781250000,196898.7968750000,170706.0000000000,147592.1875000000,119461.6093750000,151512.5312500000,132908.4687500000,144242.8437500000,,,
20.0639999676,156,147055.4531250000,195402.0312500000,171688.6562500000,148165.3593750000,119924.1015625000,151963.2343750000,133335.9062500000,144551.4843750000,,,
20.0679999676,156,147280.0625000000,192757.2968750000,172456.8125000000,148429.6562500000,120144.1796875000,152181.9375000000,133544.5000000000,144729.1562500000,,,
20.0719999676,156,146916.6562500000,192603.8437500000,171899.1562500000,147990.0156250000,119795.2500000000,151841.4062500000,133218.9375000000,144500.2187500000,,,
20.0759999675,156,146474.3281250000,195133.0468750000,170733.5156250000,147466.0468750000,119365.3984375000,151413.8281250000,132815.3125000000,144187.2031250000,,,
20.0799999677,156,146558.5781250000,196912.7968750000,170688.1875000000,147577.8750000000,119444.7109375000,151474.5625000000,132881.3125000000,144214.6406250000,,,
20.0839999677,156,147042.9531250000,195430.6562500000,171675.2968750000,148152.7968750000,119919.9453125000,151946.6562500000,133321.2031250000,144532.7500000000,,,
20.0879999676,156,147268.3125000000,192745.2812500000,172444.8750000000,148420.6406250000,120143.2421875000,152183.8125000000,133536.7656250000,144713.5625000000,,,
20.0919999676,156,146915.4218750000,192555.9218750000,171897.2500000000,147984.9531250000,119802.1718750000,151850.0625000000,133217.2187500000,144497.8281250000,,,
20.0959999675,157,146470.2031250000,195106.4531250000,170736.4218750000,147448.8593750000,119366.6562500000,151421.1562500000,132802.4687500000,144187.8281250000,,,
20.0999999675,157,146550.6562500000,196934.9218750000,170684.2187500000,147554.8593750000,119443.0234375000,151496.3593750000,132866.2968750000,144220.7968750000,,,
20.1039999675,157,147045.1093750000,195460.8125000000,171661.4218750000,148128.1250000000,119928.9843750000,151967.2500000000,133315.5468750000,144546.3906250000,,,
20.1079999674,157,147282.1250000000,192735.9687500000,172429.0781250000,148415.3281250000,120161.9375000000,152191.7031250000,133534.5468750000,144731.7187500000,,,
20.1119999674,157,146917.8593750000,192523.8906250000,171892.9843750000,147986.4843750000,119806.4843750000,151857.0468750000,133209.1406250000,144506.3437500000,,,
20.1159999673,157,146464.2656250000,195091.0937500000,170730.8906250000,147451.1562500000,119361.6953125000,151428.2343750000,132795.1718750000,144189.3750000000,,,
20.1199999675,157,146534.8906250000,196953.4843750000,170669.1250000000,147550.2968750000,119424.5156250000,151481.2343750000,132851.5937500000,144207.8906250000,,,
20.1239999675,157,147024.7187500000,195488.0000000000,171637.0781250000,148135.6875000000,119901.9453125000,151941.4687500000,133294.0625000000,144522.3750000000,,,
20.1279999674,157,147273.1093750000,192730.6406250000,172410.8906250000,148430.1718750000,120144.5781250000,152181.3437500000,133524.3750000000,144716.8125000000,,,
20.1319999674,157,146921.3437500000,192483.8750000000,171894.4531250000,147998.0937500000,119805.6015625000,151857.0625000000,133211.2343750000,144505.1562500000,,,
20.1359999673,157,146461.9375000000,195073.9843750000,170747.4687500000,147456.1250000000,119356.3359375000,151423.2968750000,132791.7656250000,144186.6250000000,,,
20.1399999675,157,146535.3750000000,196986.9218750000,170681.9062500000,147553.3750000000,119418.4765625000,151485.1562500000,132849.7968750000,144214.1718750000,,,
20.1439999675,157,147018.8437500000,195529.9843750000,171637.1875000000,148131.1562500000,119886.3359375000,151934.5000000000,133286.8437500000,144520.3437500000,,,
20.1479999674,157,147266.9218750000,192726.9687500000,172403.8593750000,148431.4218750000,120124.5703125000,152174.4218750000,133516.0625000000,144711.0781250000,,,
20.1519999674,157,146914.8281250000,192441.0937500000,171891.9375000000,148014.0000000000,119781.6484375000,151854.5156250000,133201.2343750000,144501.2343750000,,,
20.1559999674,157,146441.8125000000,195049.2968750000,170744.5937500000,147465.8125000000,119320.8984375000,151404.3125000000,132765.4218750000,144170.4375000000,,,
20.1599999673,157,146506.7343750000,197004.2031250000,170675.5000000000,147546.7031250000,119386.2421875000,151458.1093750000,132814.8750000000,144186.7812500000,,,
20.1639999675,157,147004.8750000000,195553.4687500000,171631.3906250000,148124.7187500000,119880.8906250000,151926.9687500000,133268.4687500000,144505.9843750000,,,
20.1679999675,157,147267.3437500000,192702.1562500000,172405.0625000000,148429.0156250000,120140.2656250000,152177.7812500000,133512.2031250000,144709.5468750000,,,
20.1719999674,157,146920.1875000000,192385.2187500000,171913.3750000000,148014.3437500000,119804.0703125000,151853.9062500000,133201.2812500000,144500.6562500000,,,
20.1759999674,157,146452.5000000000,195016.9843750000,170778.8125000000,147456.8281250000,119345.2578125000,151406.8593750000,132768.6875000000,144173.1250000000,,,
20.1799999673,157,146516.4375000000,197030.1718750000,170708.3281250000,147532.2968750000,119401.4218750000,151457.4375000000,132815.7343750000,144188.8906250000,,,
20.1839999675,157,147022.7812500000,195600.7656250000,171660.8906250000,148112.0625000000,119897.3046875000,151936.7031250000,133274.1093750000,144516.3906250000,,,
20.1879999675,157,147300.9375000000,192716.9062500000,172441.5000000000,148433.8906250000,120169.7968750000,152200.8750000000,133531.2500000000,144733.4687500000,,,
20.1919999674,157,146952.7812500000,192358.0312500000,171958.6093750000,148017.8281250000,119833.1796875000,151874.4531250000,133217.1562500000,144522.9062500000,,,
20.1959999674,157,146476.0937500000,194993.5312500000,170828.2500000000,147454.4375000000,119370.3906250000,151425.2500000000,132781.7031250000,144195.6562500000,,,
20.1999999674,157,146522.0781250000,197043.6250000000,170744.9375000000,147519.4531250000,119411.3203125000,151457.5468750000,132816.7031250000,144195.1406250000,,,
20.2039999673,157,147026.1406250000,195627.2968750000,171679.2031250000,148111.4218750000,119903.4531250000,151931.9843750000,133272.0156250000,144515.7812500000,,,
20.2079999675,157,147307.3125000000,192706.7187500000,172452.2031250000,148435.3125000000,120179.8515625000,152201.0625000000,133534.9687500000,144730.5937500000,,,
20.2119999675,157,146968.8437500000,192309.1250000000,171983.5312500000,148036.4531250000,119853.1562500000,151879.6250000000,133235.3437500000,144528.1718750000,,,
20.2159999674,157,146491.3125000000,194955.7187500000,170862.7187500000,147474.6093750000,119388.8125000000,151425.9062500000,132798.7031250000,144201.7656250000,,,
20.2199999674,157,146534.0937500000,197050.5000000000,170778.2500000000,147542.4687500000,119427.2500000000,151458.2187500000,132834.1093750000,144202.5468750000,,,
20.2239999673,158,147030.9375000000,195659.8750000000,171703.0625000000,148129.2031250000,119912.6796875000,151931.2343750000,133290.2968750000,144518.8437500000,,,
20.2279999673,158,147309.7031250000,192705.8281250000,172465.7656250000,148463.5937500000,120181.9453125000,152204.7656250000,133551.5781250000,144731.6406250000,,,
20.2319999672,158,146959.0781250000,192263.4843750000,171988.9218750000,148055.9218750000,119833.2265625000,151880.8906250000,133234.7031250000,144519.6093750000,,,
20.2359999672,158,146477.2812500000,194915.8593750000,170863.8125000000,147495.9531250000,119357.8359375000,151424.3437500000,132790.4687500000,144189.9687500000,,,
20.2399999672,158,146514.0312500000,197057.3437500000,170772.7343750000,147551.6406250000,119391.5234375000,151449.9531250000,132813.0000000000,144185.5937500000,,,
20.2439999671,158,147021.6406250000,195689.6718750000,171694.6406250000,148127.2343750000,119890.7109375000,151930.0781250000,133272.5468750000,144512.8593750000,,,
20.2479999673,158,147306.9062500000,192715.9375000000,172458.6093750000,148446.8281250000,120171.9140625000,152205.9218750000,133536.7500000000,144731.1093750000,,,
20.2519999673,158,146962.3593750000,192247.0312500000,171994.9531250000,148041.4062500000,119837.3906250000,151886.8437500000,133227.8593750000,144526.8906250000,,,
20.2559999672,158,146467.2968750000,194906.0468750000,170872.2343750000,147466.8281250000,119354.0781250000,151418.4375000000,132776.5000000000,144188.2812500000,,,
20.2599999672,158,146498.0625000000,197087.3750000000,170770.5312500000,147519.3750000000,119380.5546875000,151439.5781250000,132796.9375000000,144181.0156250000,,,
20.2639999671,158,147008.4843750000,195736.7812500000,171684.0625000000,148112.9687500000,119884.3828125000,151922.5937500000,133262.6562500000,144509.6875000000,,,
20.2679999673,158,147301.8125000000,192728.3125000000,172452.3281250000,148450.0156250000,120178.1640625000,152204.7343750000,133542.2187500000,144730.8593750000,,,
20.2719999673,158,146966.7812500000,192219.1718750000,172002.6093750000,148042.8906250000,119852.8125000000,151892.0468750000,133242.7500000000,144533.1875000000,,,
20.2759999672,158,146467.7500000000,194895.3437500000,170885.2812500000,147467.8750000000,119362.5546875000,151416.7343750000,132783.1562500000,144191.4531250000,,,
20.2799999672,158,146491.1250000000,197124.9218750000,170772.5156250000,147512.2031250000,119377.2031250000,151427.4375000000,132791.0625000000,144177.3593750000,,,
20.2839999672,158,147005.9687500000,195785.4531250000,171675.9843750000,148104.4062500000,119881.8046875000,151912.7968750000,133256.4062500000,144508.1875000000,,,
20.2879999671,158,147310.7968750000,192732.9218750000,172443.2343750000,148457.6875000000,120181.8125000000,152202.7812500000,133537.8906250000,144738.5312500000,,,
20.2919999673,158,146977.2656250000,192183.4062500000,172005.8750000000,148052.3593750000,119856.0312500000,151891.4843750000,133240.0312500000,144542.2031250000,,,
20.2959999673,158,146472.3125000000,194879.2500000000,170897.5937500000,147464.0937500000,119361.3750000000,151411.5781250000,132780.8750000000,144196.9375000000,,,
20.2999999672,158,146502.0625000000,197155.6093750000,170789.2031250000,147510.5156250000,119386.7500000000,151434.7812500000,132802.0312500000,144190.5000000000,,,
20.3039999672,158,147019.3281250000,195819.9531250000,171682.1562500000,148105.3750000000,119896.2343750000,151924.0625000000,133276.5468750000,144518.2500000000,,,
20.3079999671,158,147325.8750000000,192714.9218750000,172438.2812500000,148461.0625000000,120199.7500000000,152219.5468750000,133564.4218750000,144745.4843750000,,,
20.3119999673,158,146989.8750000000,192125.2656250000,172007.4375000000,148066.8437500000,119871.1796875000,151908.4062500000,133264.3906250000,144547.5156250000,,,
20.3159999673,158,146478.7500000000,194847.1718750000,170907.5625000000,147481.7343750000,119367.5468750000,151420.4843750000,132795.9218750000,144198.4687500000,,,
20.3199999672,158,146496.4843750000,197179.5156250000,170788.4531250000,147521.7031250000,119378.6250000000,151425.1718750000,132801.9531250000,144179.6406250000,,,
20.3239999672,158,147015.2187500000,195857.3906250000,171666.2031250000,148113.0312500000,119887.0859375000,151914.8906250000,133269.2187500000,144505.6093750000,,,
20.3279999672,158,147324.6093750000,192714.7812500000,172416.6875000000,148466.4375000000,120188.4921875000,152213.3437500000,133551.5468750000,144733.3906250000,,,
20.3319999671,158,146998.1875000000,192102.8750000000,172000.0625000000,148089.2343750000,119867.1093750000,151910.9843750000,133257.6562500000,144546.8906250000,,,
20.3359999673,158,146486.7500000000,194847.8437500000,170909.6875000000,147494.1093750000,119366.0390625000,151425.8281250000,132792.7812500000,144204.0312500000,,,
20.3399999673,158,146489.8906250000,197214.1093750000,170777.8281250000,147518.0000000000,119366.3671875000,151424.7500000000,132790.0468750000,144179.6406250000,,,
20.3439999672,158,146987.1406250000,195898.1406250000,171627.0625000000,148092.4531250000,119855.0390625000,151903.0625000000,133241.6250000000,144491.5781250000,,,
20.3479999672,158,147314.0781250000,192708.2343750000,172373.0156250000,148458.4375000000,120181.1640625000,152217.4687500000,133549.7343750000,144737.5937500000,,,
20.3519999671,159,146984.0625000000,192050.9062500000,171966.6406250000,148077.6406250000,119862.0390625000,151910.5156250000,133258.6875000000,144549.5000000000,,,
20.3559999671,159,146448.7343750000,194805.6718750000,170875.7812500000,147471.7031250000,119338.0390625000,151406.4531250000,132774.7500000000,144184.4687500000,,,
20.3599999670,159,146462.2656250000,197224.9531250000,170748.4843750000,147498.5312500000,119348.2578125000,151407.6093750000,132781.1875000000,144162.1562500000,,,
20.3639999670,159,146979.4687500000,195921.7968750000,171605.7187500000,148078.8281250000,119856.6171875000,151893.3593750000,133248.2656250000,144484.2031250000,,,
20.3679999670,159,147301.3906250000,192694.3750000000,172350.6406250000,148433.2031250000,120173.2812500000,152201.0000000000,133546.4843750000,144718.9843750000,,,
20.3719999669,159,146980.5937500000,192004.4843750000,171960.8437500000,148062.7812500000,119858.3046875000,151899.5312500000,133258.2187500000,144537.2656250000,,,
20.3759999671,159,146459.7656250000,194778.7187500000,170892.3906250000,147464.3593750000,119349.5234375000,151403.8281250000,132785.8281250000,144189.0781250000,,,
20.3799999671,159,146464.5156250000,197248.6875000000,170763.8281250000,147483.0781250000,119352.8203125000,151397.3281250000,132786.3750000000,144163.9062500000,,,
20.3839999670,159,146991.8281250000,195965.7343750000,171615.3281250000,148085.0468750000,119870.5156250000,151895.0937500000,133264.3437500000,144491.7187500000,,,
20.3879999670,159,147320.3281250000,192698.1250000000,172359.4218750000,148455.9375000000,120193.3984375000,152209.5156250000,133569.2187500000,144727.7031250000,,,
20.3919999669,159,146992.3125000000,191962.5312500000,171972.7187500000,148078.9062500000,119870.9453125000,151901.6718750000,133271.9531250000,144537.7656250000,,,
20.3959999671,159,146461.2187500000,194761.0937500000,170904.2343750000,147478.4062500000,119348.4765625000,151398.6250000000,132788.2968750000,144185.2187500000,,,
20.3999999671,159,146464.0312500000,197289.1562500000,170770.6875000000,147497.1562500000,119347.1562500000,151392.7031250000,132784.7656250000,144160.7812500000,,,
20.4039999670,159,146983.8437500000,196021.3125000000,171609.7968750000,148087.4687500000,119856.7812500000,151885.3125000000,133254.9843750000,144482.2187500000,,,
20.4079999670,159,147324.1875000000,192697.1093750000,172345.5468750000,148463.0000000000,120192.3203125000,152215.8593750000,133571.8281250000,144729.7656250000,,,
20.4119999669,159,146999.7500000000,191907.6875000000,171967.9843750000,148089.3593750000,119875.2031250000,151912.4843750000,133281.6875000000,144547.0000000000,,,
20.4159999669,159,146451.6093750000,194714.4062500000,170906.1250000000,147475.9218750000,119340.2109375000,151393.9218750000,132784.1406250000,144181.1718750000,,,
20.4199999671,159,146440.8593750000,197290.7500000000,170768.3593750000,147485.2031250000,119327.1796875000,151374.7187500000,132764.8281250000,144143.6250000000,,,
20.4239999671,159,146958.4687500000,196038.8437500000,171594.3125000000,148071.5781250000,119838.0078125000,151865.5625000000,133232.5312500000,144458.3593750000,,,
20.4279999670,159,147301.5781250000,192680.1875000000,172321.3906250000,148450.6562500000,120176.3906250000,152199.5000000000,133548.7343750000,144706.1093750000,,,
20.4319999670,159,146988.1875000000,191851.1406250000,171954.6250000000,148087.1718750000,119871.0468750000,151907.8125000000,133273.7031250000,144535.2187500000,,,
20.4359999669,159,146454.1093750000,194672.0156250000,170908.2031250000,147481.2500000000,119346.3281250000,151398.9687500000,132790.6406250000,144184.9843750000,,,
20.4399999671,159,146438.7343750000,197304.0156250000,170769.7031250000,147474.9218750000,119326.2421875000,151377.3593750000,132769.5312500000,144148.3125000000,,,
20.4439999671,159,146957.6093750000,196079.1406250000,171588.2500000000,148051.5781250000,119837.7343750000,151871.9531250000,133244.2500000000,144466.2343750000,,,
20.4479999670,159,147310.9843750000,192683.8593750000,172314.1406250000,148440.0156250000,120185.0546875000,152210.4531250000,133567.3750000000,144719.6562500000,,,
20.4519999670,159,146994.7812500000,191816.9687500000,171953.7812500000,148076.0312500000,119873.1171875000,151909.0000000000,133278.9375000000,144542.7656250000,,,
20.4559999669,159,146451.5625000000,194645.3906250000,170909.9218750000,147463.3593750000,119339.8906250000,151391.3750000000,132783.2812500000,144186.0781250000,,,
20.4599999669,159,146439.3281250000,197315.7187500000,170769.4843750000,147465.1093750000,119326.5078125000,151371.7500000000,132766.0312500000,144151.0312500000,,,
20.4639999671,159,146965.7968750000,196118.8125000000,171591.3437500000,148056.3437500000,119845.5156250000,151870.7656250000,133243.5468750000,144474.0781250000,,,
20.4679999670,159,147332.2812500000,192711.1406250000,172329.0625000000,148470.2968750000,120205.8984375000,152218.7031250000,133580.9531250000,144736.6875000000,,,
20.4719999670,159,147021.2343750000,191804.2812500000,171985.4843750000,148100.1562500000,119902.6953125000,151927.6562500000,133303.6093750000,144563.9843750000,,,
20.4759999670,159,146469.0781250000,194614.2187500000,170944.9218750000,147455.7187500000,119360.8359375000,151405.0312500000,132799.4375000000,144198.3125000000,,,
20.4799999669,160,146450.8125000000,197305.7343750000,170794.0625000000,147451.0781250000,119337.0234375000,151379.0156250000,132778.9687500000,144155.5312500000,,,
20.4839999669,160,146982.7656250000,196136.1093750000,171609.3437500000,148052.7031250000,119858.6562500000,151882.8750000000,133263.4218750000,144484.7656250000,,,
20.4879999668,160,147339.7187500000,192724.3281250000,172339.8906250000,148456.0781250000,120208.6875000000,152228.0937500000,133591.7500000000,144740.2500000000,,,
20.4919999668,160,147022.4062500000,191788.1875000000,171997.2343750000,148099.4843750000,119896.3125000000,151930.6093750000,133308.4062500000,144562.3125000000,,,
20.4959999667,160,146472.0000000000,194595.0937500000,170956.6718750000,147482.0312500000,119355.3437500000,151408.3906250000,132807.5625000000,144201.2656250000,,,
20.4999999667,160,146445.4062500000,197311.4531250000,170791.6406250000,147471.2812500000,119324.0156250000,151375.8437500000,132775.0312500000,144156.8437500000,,,
20.5039999669,160,146965.2500000000,196168.3125000000,171595.3593750000,148059.3281250000,119837.4687500000,151867.8437500000,133245.3437500000,144473.4062500000,,,
20.5079999669,160,147322.9843750000,192750.0312500000,172332.7812500000,148466.0000000000,120194.0390625000,152211.8906250000,133577.5937500000,144726.3593750000,,,
20.5119999668,160,147016.9375000000,191781.9687500000,172005.2031250000,148121.3437500000,119896.1796875000,151925.9218750000,133308.4843750000,144558.8593750000,,,
20.5159999668,160,146468.7187500000,194560.8750000000,170966.0937500000,147490.6718750000,119356.4140625000,151407.3125000000,132808.5781250000,144199.5156250000,,,
20.5199999667,160,146434.4218750000,197280.5312500000,170789.1718750000,147468.4375000000,119316.4218750000,151369.7656250000,132767.4375000000,144149.3281250000,,,
20.5239999669,160,146944.1718750000,196168.9687500000,171586.9218750000,148051.8906250000,119817.7812500000,151852.4843750000,133228.5625000000,144458.1406250000,,,
20.5279999669,160,147307.0468750000,192753.6562500000,172323.1250000000,148456.1093750000,120176.3906250000,152202.0000000000,133569.3281250000,144712.4687500000,,,
20.5319999668,160,147011.8750000000,191761.3750000000,172002.3593750000,148114.8437500000,119886.0156250000,151923.3906250000,133304.8125000000,144549.3906250000,,,
20.5359999668,160,146462.6093750000,194514.9843750000,170955.7968750000,147490.0468750000,119345.5234375000,151397.9531250000,132801.2812500000,144189.4375000000,,,
20.5399999667,160,146419.2968750000,197251.3125000000,170768.7343750000,147454.4375000000,119299.7890625000,151347.0937500000,132753.6718750000,144131.2812500000,,,
20.5439999667,160,146935.2343750000,196174.3281250000,171568.0000000000,148036.5312500000,119809.9453125000,151836.7812500000,133219.6562500000,144444.8281250000,,,
20.5479999669,160,147304.5000000000,192773.2343750000,172317.5781250000,148462.0312500000,120177.3281250000,152190.1093750000,133563.5156250000,144703.9843750000,,,
20.5519999668,160,147015.7656250000,191754.4218750000,172012.5781250000,148125.2343750000,119898.5703125000,151915.0000000000,133308.4375000000,144545.9531250000,,,
20.5559999668,160,146473.8125000000,194483.4687500000,170971.2968750000,147489.2812500000,119366.0390625000,151399.1250000000,132812.8906250000,144192.9687500000,,,
20.5599999668,160,146434.2343750000,197222.8593750000,170779.6562500000,147461.0937500000,119322.1875000000,151352.7343750000,132770.3281250000,144138.8437500000,,,
20.5639999667,160,146944.8125000000,196177.6875000000,171576.1406250000,148033.4218750000,119823.5703125000,151836.7031250000,133234.4531250000,144448.6718750000,,,
20.5679999669,160,147318.9843750000,192792.6250000000,172328.9531250000,148450.7968750000,120188.8906250000,152198.7187500000,133579.5000000000,144714.4218750000,,,
20.5719999669,160,147046.7343750000,191759.4843750000,172032.3750000000,148135.3125000000,119915.9453125000,151940.9687500000,133324.4218750000,144571.7343750000,,,
20.5759999668,160,146502.8906250000,194462.6718750000,170986.5625000000,147518.5937500000,119377.2031250000,151418.8750000000,132818.2343750000,144216.6562500000,,,
20.5799999668,160,146455.5468750000,197211.0312500000,170783.8906250000,147492.3593750000,119328.9765625000,151365.3593750000,132781.4062500000,144158.2343750000,,,
20.5839999667,160,146960.7500000000,196204.1875000000,171581.0156250000,148052.9218750000,119829.0468750000,151845.4062500000,133247.6093750000,144466.8593750000,,,
20.5879999667,160,147327.9687500000,192841.0312500000,172345.7968750000,148465.6875000000,120193.1015625000,152194.9687500000,133583.5156250000,144722.7343750000,,,
20.5919999669,160,147042.1562500000,191783.5000000000,172054.7968750000,148139.1562500000,119914.3359375000,151927.5312500000,133325.7031250000,144567.7656250000,,,
20.5959999668,160,146490.4687500000,194446.0781250000,170993.5625000000,147516.8750000000,119372.9375000000,151410.2031250000,132825.0781250000,144207.4843750000,,,
20.5999999668,160,146431.0312500000,197187.3437500000,170765.0937500000,147471.0625000000,119311.2734375000,151353.2187500000,132766.4218750000,144141.4687500000,,,
20.6039999668,160,146924.6718750000,196207.2343750000,171549.6562500000,148034.9375000000,119798.8671875000,151822.6562500000,133218.4218750000,144438.7968750000,,,
20.6079999667,161,147300.7656250000,192866.9531250000,172321.1406250000,148459.6250000000,120169.9531250000,152181.9687500000,133566.2031250000,144701.5156250000,,,
20.6119999667,161,147030.4375000000,191788.8125000000,172041.8125000000,148146.2343750000,119903.4531250000,151928.5000000000,133328.1718750000,144557.9375000000,,,
20.6159999666,161,146489.3750000000,194416.0312500000,170982.7500000000,147527.1562500000,119372.7734375000,151415.4375000000,132835.7812500000,144208.2343750000,,,
20.6199999666,161,146435.7656250000,197152.2031250000,170750.4218750000,147473.9062500000,119318.1640625000,151357.1093750000,132780.6562500000,144147.7187500000,,,
20.6239999665,161,146930.0312500000,196213.9687500000,171541.4062500000,148031.0781250000,119807.2421875000,151826.5625000000,133229.7187500000,144447.0625000000,,,
20.6279999665,161,147307.8437500000,192910.4843750000,172330.9843750000,148454.8437500000,120182.6171875000,152189.4531250000,133581.0312500000,144714.6875000000,,,
20.6319999667,161,147043.5937500000,191820.1875000000,172064.5625000000,148149.9062500000,119924.7734375000,151940.7031250000,133345.8593750000,144574.6875000000,,,
20.6359999666,161,146495.6718750000,194382.9531250000,170988.9375000000,147521.8437500000,119386.0234375000,151423.0625000000,132844.9531250000,144214.2968750000,,,
20.6399999666,161,146428.5937500000,197082.1406250000,170731.5937500000,147461.1093750000,119316.6093750000,151356.4375000000,132776.4531250000,144141.0156250000,,,
20.6439999666,161,146926.9843750000,196184.3906250000,171522.2968750000,148021.8281250000,119803.9687500000,151829.2031250000,133227.0625000000,144446.9843750000,,,
20.6479999665,161,147316.6562500000,192947.2500000000,172329.4062500000,148453.0000000000,120185.8828125000,152207.1718750000,133584.1718750000,144728.2968750000,,,
20.6519999667,161,147047.4062500000,191867.4218750000,172073.8125000000,148134.0781250000,119924.3437500000,151958.2343750000,133348.2343750000,144582.6406250000,,,
20.6559999667,161,146513.4062500000,194385.4218750000,170996.7031250000,147509.9843750000,119400.6171875000,151450.5312500000,132862.2500000000,144234.1406250000,,,
20.6599999666,161,146442.4843750000,197053.0937500000,170720.5937500000,147452.9531250000,119322.8046875000,151372.8437500000,132785.9062500000,144155.5781250000,,,
20.6639999666,161,146932.4687500000,196192.3281250000,171512.7500000000,148010.5937500000,119801.3906250000,151833.1406250000,133224.7812500000,144453.6250000000,,,
20.6679999665,161,147314.0781250000,193024.7656250000,172338.9218750000,148443.8750000000,120171.0234375000,152196.3437500000,133567.7500000000,144725.6562500000,,,
20.6719999665,161,147060.5781250000,191949.6093750000,172099.5156250000,148148.0781250000,119920.4531250000,151959.1718750000,133337.8125000000,144593.5156250000,,,
20.6759999667,161,146523.9531250000,194388.8281250000,171000.8750000000,147532.4062500000,119396.4296875000,151447.4687500000,132850.8437500000,144236.7187500000,,,
20.6799999666,161,146460.3593750000,197003.4218750000,170710.5312500000,147478.0312500000,119332.2500000000,151377.1718750000,132788.1093750000,144166.8281250000,,,
20.6839999666,161,146934.8906250000,196182.5937500000,171508.0000000000,148030.2968750000,119800.8046875000,151824.7656250000,133220.3437500000,144455.1562500000,,,
20.6879999666,161,147298.8906250000,193073.3750000000,172345.2343750000,148454.3593750000,120162.2812500000,152174.1093750000,133561.6406250000,144708.6250000000,,,
20.6919999665,161,147042.1718750000,191998.0937500000,172110.0312500000,148163.2343750000,119913.1562500000,151937.3437500000,133337.0781250000,144568.0781250000,,,
20.6959999667,161,146515.0468750000,194377.3750000000,170997.5468750000,147556.8906250000,119399.0312500000,151442.7500000000,132860.6875000000,144221.0000000000,,,
20.6999999667,161,146438.5937500000,196945.5468750000,170677.4531250000,147484.6875000000,119322.8828125000,151362.6562500000,132786.0468750000,144141.3906250000,,,
20.7039999666,161,146900.3125000000,196153.6250000000,171467.7187500000,148030.4062500000,119778.1406250000,151795.1562500000,133202.8593750000,144419.1718750000,,,
20.7079999666,161,147279.0468750000,193121.7812500000,172338.5468750000,148455.8437500000,120152.1406250000,152154.4218750000,133553.6093750000,144690.8125000000,,,
20.7119999665,161,147037.8593750000,192060.7500000000,172124.1093750000,148183.2968750000,119915.8984375000,151929.4375000000,133338.6093750000,144565.0781250000,,,
20.7159999665,161,146505.9843750000,194365.4375000000,170991.8906250000,147566.5468750000,119396.2187500000,151428.8281250000,132853.6875000000,144211.1562500000,,,
20.7199999667,161,146425.1406250000,196870.5468750000,170648.2500000000,147483.0781250000,119317.1718750000,151345.1093750000,132777.3593750000,144128.3593750000,,,
20.7239999666,161,146899.8125000000,196116.2031250000,171451.7812500000,148025.7500000000,119782.8828125000,151792.2968750000,133210.3437500000,144421.6562500000,,,
20.7279999666,161,147285.5625000000,193161.0000000000,172350.0781250000,148454.4218750000,120157.9375000000,152161.7187500000,133566.4843750000,144698.7812500000,,,
20.7319999665,161,147029.1406250000,192116.3281250000,172147.6875000000,148157.8437500000,119909.2968750000,151920.4218750000,133342.1250000000,144550.1406250000,,,
20.7359999665,162,146516.6250000000,194351.0468750000,171003.5156250000,147563.7812500000,119406.6484375000,151438.6406250000,132874.6718750000,144210.0000000000,,,
20.7399999665,162,146443.2968750000,196803.9687500000,170639.8593750000,147485.5937500000,119329.4843750000,151360.5937500000,132798.8437500000,144139.1718750000,,,
20.7439999664,162,146899.6406250000,196080.2656250000,171439.1250000000,148008.9843750000,119772.3437500000,151786.9218750000,133203.0468750000,144420.2656250000,,,
20.7479999664,162,147276.2343750000,193207.4531250000,172357.5468750000,148432.1875000000,120139.0312500000,152145.0000000000,133549.4375000000,144691.6562500000,,,
20.7519999663,162,147048.7187500000,192188.1562500000,172184.1562500000,148160.7656250000,119915.7578125000,151931.5468750000,133348.6875000000,144572.8281250000,,,
20.7559999663,162,146533.1562500000,194358.7343750000,171031.9375000000,147546.5625000000,119412.4140625000,151445.0781250000,132878.3750000000,144228.6718750000,,,
20.7599999665,162,146457.3281250000,196749.8437500000,170645.7343750000,147468.7812500000,119334.9531250000,151365.7656250000,132799.7031250000,144150.7812500000,,,
20.7639999664,162,146908.0625000000,196059.3125000000,171450.2500000000,148009.3593750000,119775.1562500000,151785.3750000000,133201.6562500000,144427.6406250000,,,
20.7679999664,162,147265.2031250000,193254.9531250000,172384.9843750000,148434.3593750000,120127.6015625000,152124.9062500000,133531.1406250000,144680.6250000000,,,
20.7719999664,162,147030.1406250000,192236.3125000000,172212.0312500000,148159.4843750000,119900.9531250000,151909.8281250000,133325.7031250000,144551.1875000000,,,
20.7759999663,162,146521.7500000000,194337.5468750000,171040.1718750000,147557.1875000000,119409.0078125000,151432.7656250000,132868.5781250000,144209.6875000000,,,
20.7799999665,162,146433.8593750000,196679.3281250000,170624.0625000000,147472.1875000000,119320.0156250000,151341.4375000000,132782.8281250000,144121.7656250000,,,
20.7839999665,162,146875.5937500000,196021.6562500000,171424.4062500000,148000.5312500000,119747.8515625000,151754.5312500000,133177.3281250000,144395.2187500000,,,
20.7879999664,162,147242.4531250000,193283.3593750000,172380.6093750000,148437.2031250000,120105.8750000000,152105.1093750000,133516.3125000000,144664.1093750000,,,
20.7919999664,162,147029.2968750000,192275.5000000000,172229.0312500000,148177.9375000000,119896.1562500000,151907.7343750000,133325.5156250000,144554.7812500000,,,
20.7959999663,162,146536.4531250000,194305.2343750000,171049.4062500000,147586.0312500000,119414.8828125000,151441.0781250000,132873.1718750000,144223.8750000000,,,
20.7999999663,162,146446.5156250000,196589.1093750000,170620.8593750000,147496.8125000000,119326.2421875000,151351.0625000000,132785.8593750000,144134.7187500000,,,
20.8039999665,162,146883.9062500000,195967.7656250000,171430.2968750000,148013.8125000000,119757.3203125000,151761.3125000000,133181.2968750000,144407.5312500000,,,
20.8079999664,162,147253.2187500000,193300.3593750000,172407.9062500000,148444.0312500000,120123.1250000000,152110.4843750000,133523.6093750000,144675.9062500000,,,
20.8119999664,162,147044.5937500000,192297.8437500000,172269.4062500000,148191.7812500000,119920.6718750000,151920.4531250000,133340.5156250000,144567.6562500000,,,
20.8159999663,162,146545.6718750000,194257.8906250000,171071.7500000000,147596.7031250000,119432.9609375000,151451.5468750000,132884.8281250000,144229.9843750000,,,
20.8199999663,162,146462.2031250000,196495.2812500000,170623.3281250000,147501.2187500000,119345.4687500000,151364.0156250000,132799.8281250000,144149.3281250000,,,
20.8239999665,162,146901.7343750000,195924.6406250000,171443.6093750000,148010.1562500000,119772.1562500000,151771.4531250000,133194.7031250000,144428.0937500000,,,
20.8279999665,162,147272.3593750000,193351.4687500000,172446.8593750000,148427.0312500000,120131.7343750000,152120.7343750000,133530.1250000000,144699.0000000000,,,
20.8319999664,162,147065.3593750000,192379.6718750000,172323.2968750000,148165.5625000000,119929.4375000000,151930.9843750000,133340.2187500000,144590.4843750000,,,
20.8359999664,162,146574.5312500000,194265.4218750000,171110.2656250000,147574.6250000000,119453.2968750000,151471.2343750000,132895.9843750000,144255.0937500000,,,
20.8399999663,162,146483.0468750000,196441.4218750000,170632.0156250000,147478.7656250000,119357.9921875000,151377.5625000000,132807.9062500000,144165.9062500000,,,
20.8439999663,162,146900.2656250000,195906.2343750000,171438.5937500000,147980.0156250000,119758.3671875000,151767.8906250000,133182.9843750000,144429.0312500000,,,
20.8479999665,162,147266.9687500000,193422.2656250000,172459.3906250000,148421.0781250000,120109.2265625000,152110.7500000000,133513.0312500000,144695.9218750000,,,
20.8519999664,162,147071.5156250000,192470.7031250000,172352.4218750000,148183.5468750000,119913.5312500000,151928.3593750000,133333.5937500000,144591.3125000000,,,
20.8559999664,162,146588.5312500000,194273.4687500000,171122.1093750000,147585.7031250000,119441.8984375000,151477.7500000000,132893.0468750000,144262.8750000000,,,
20.8599999663,162,146498.0625000000,196368.8125000000,170618.2343750000,147492.5156250000,119350.4843750000,151385.4062500000,132802.7031250000,144178.1093750000,,,
20.8639999663,163,146899.9687500000,195868.9843750000,171431.4843750000,147993.3906250000,119742.7578125000,151758.2343750000,133164.2343750000,144426.8906250000,,,
20.8679999663,163,147246.5625000000,193484.4687500000,172474.8281250000,148419.0156250000,120086.2656250000,152089.4218750000,133487.3125000000,144678.4062500000,,,
20.8719999662,163,147049.9375000000,192553.6875000000,172377.4375000000,148178.0625000000,119904.7343750000,151912.9843750000,133321.2812500000,144573.5000000000,,,
20.8759999662,163,146572.9843750000,194273.4687500000,171128.4218750000,147593.1562500000,119450.4531250000,151468.8906250000,132896.1718750000,144242.9218750000,,,
20.8799999661,163,146485.0625000000,196283.4375000000,170595.7812500000,147498.0781250000,119365.9375000000,151377.2968750000,132816.2500000000,144157.7812500000,,,
20.8839999661,163,146885.7812500000,195811.3750000000,171412.9687500000,147995.1718750000,119757.4609375000,151745.0625000000,133178.7031250000,144412.3593750000,,,
20.8879999663,163,147233.3437500000,193520.2343750000,172486.2343750000,148418.1250000000,120097.8281250000,152079.2656250000,133499.7812500000,144669.2343750000,,,
20.8919999662,163,147040.4375000000,192617.6093750000,172400.8906250000,148179.7500000000,119912.8359375000,151922.4531250000,133331.2656250000,144569.7187500000,,,
20.8959999662,163,146571.5625000000,194263.8750000000,171131.3125000000,147596.2968750000,119462.6796875000,151497.9687500000,132909.9375000000,144249.7500000000,,,
20.8999999661,163,146484.3593750000,196209.3593750000,170574.2812500000,147497.8906250000,119376.2656250000,151404.7968750000,132824.5312500000,144165.7812500000,,,
20.9039999661,163,146876.8750000000,195762.5468750000,171383.4218750000,147983.8281250000,119755.7656250000,151764.7500000000,133177.6250000000,144414.3593750000,,,
20.9079999663,163,147227.8437500000,193553.4843750000,172478.3281250000,148416.4062500000,120097.5078125000,152098.3281250000,133503.8281250000,144673.8750000000,,,
20.9119999663,163,147041.4531250000,192672.9218750000,172413.5781250000,148181.2031250000,119916.9687500000,151925.8125000000,133340.8906250000,144569.8593750000,,,
20.9159999662,163,146581.1875000000,194255.9531250000,171131.0156250000,147597.2343750000,119470.5703125000,151493.8437500000,132918.6093750000,144247.4218750000,,,
20.9199999662,163,146488.8906250000,196146.9375000000,170544.9843750000,147488.7656250000,119371.9140625000,151400.1562500000,132821.3437500000,144159.9531250000,,,
20.9239999661,163,146878.8906250000,195733.7812500000,171354.9843750000,147971.2500000000,119744.9609375000,151762.7343750000,133170.0312500000,144413.0781250000,,,
20.9279999661,163,147226.4531250000,193589.0781250000,172460.8125000000,148403.4218750000,120080.7968750000,152089.8750000000,133487.7187500000,144674.5625000000,,,
20.9319999663,163,147058.0000000000,192734.0156250000,172414.4843750000,148187.2656250000,119920.7265625000,151937.2031250000,133340.3593750000,144588.8125000000,,,
20.9359999662,163,146607.2656250000,194274.0156250000,171134.9687500000,147600.6718750000,119489.6953125000,151514.6093750000,132931.8593750000,144274.9375000000,,,
20.9399999662,163,146500.2187500000,196123.6875000000,170532.5468750000,147484.3125000000,119385.5156250000,151403.2656250000,132825.4218750000,144172.5156250000,,,
20.9439999661,163,146882.0468750000,195724.6250000000,171341.9218750000,147956.9218750000,119754.2109375000,151755.9687500000,133166.5468750000,144417.3125000000,,,
20.9479999661,163,147222.1562500000,193632.8593750000,172468.7187500000,148386.7500000000,120086.2187500000,152078.4218750000,133478.3593750000,144669.9531250000,,,
20.9519999663,163,147046.4375000000,192784.6875000000,172431.5468750000,148166.0312500000,119918.5234375000,151916.2968750000,133324.0468750000,144572.6406250000,,,
20.9559999662,163,146600.2656250000,194266.2031250000,171135.0937500000,147602.1093750000,119489.5078125000,151496.2500000000,132921.6093750000,144258.6093750000,,,
20.9599999662,163,146500.9843750000,196065.5625000000,170511.3437500000,147490.0468750000,119388.4687500000,151396.7187500000,132826.2812500000,144164.9687500000,,,
20.9639999662,163,146874.3281250000,195690.9375000000,171316.4218750000,147966.6875000000,119746.1953125000,151741.1406250000,133159.1093750000,144404.6875000000,,,
20.9679999661,163,147219.2656250000,193662.5781250000,172462.2500000000,148393.8437500000,120079.2656250000,152064.1875000000,133472.3125000000,144662.9843750000,,,
20.9719999661,163,147054.8906250000,192826.0156250000,172443.5625000000,148186.7343750000,119923.3281250000,151918.5625000000,133332.8437500000,144577.7187500000,,,
20.9759999663,163,146605.8593750000,194254.9375000000,171138.6093750000,147621.6718750000,119493.7187500000,151507.1406250000,132929.0312500000,144264.0468750000,,,
20.9799999662,163,146500.5937500000,196007.5156250000,170493.5468750000,147499.0937500000,119390.8828125000,151401.3906250000,132829.4218750000,144165.3437500000,,,
20.9839999662,163,146875.1875000000,195658.4531250000,171300.2656250000,147972.9531250000,119752.2031250000,151744.4062500000,133167.1875000000,144408.9687500000,,,
20.9879999661,163,147212.7656250000,193690.1406250000,172461.8281250000,148405.1093750000,120076.4218750000,152061.4531250000,133476.0468750000,144659.7031250000,,,
20.9919999661,164,147047.4687500000,192868.6875000000,172456.5468750000,148201.5625000000,119918.9765625000,151912.8281250000,133334.4062500000,144569.9062500000,,,
20.9959999660,164,146608.8906250000,194247.2343750000,171144.2656250000,147641.4062500000,119497.8437500000,151507.2187500000,132937.3750000000,144260.3750000000,,,
20.9999999660,164,146506.2187500000,195952.2968750000,170477.8437500000,147514.7812500000,119392.5156250000,151404.6562500000,132833.1718750000,144165.6718750000,,,
21.0039999660,164,146867.8906250000,195624.3437500000,171278.5468750000,147975.3125000000,119735.7343750000,151736.4531250000,133152.4062500000,144399.3125000000,,,
21.0079999659,164,147211.6875000000,193724.1562500000,172463.7500000000,148408.3281250000,120064.6796875000,152062.6093750000,133466.2812500000,144658.4531250000,,,
21.0119999659,164,147056.9375000000,192920.0312500000,172477.6718750000,148209.3906250000,119915.3593750000,151925.2500000000,133330.7500000000,144580.2812500000,,,
21.0159999661,164,146610.8281250000,194240.9062500000,171150.8125000000,147628.0312500000,119485.3750000000,151507.7343750000,132923.5156250000,144261.0000000000,,,
21.0199999660,164,146501.2031250000,195890.3906250000,170455.8281250000,147496.5781250000,119374.2500000000,151396.0468750000,132815.0625000000,144155.8281250000,,,
21.0239999660,164,146861.5625000000,195587.5937500000,171254.1093750000,147956.2500000000,119718.3203125000,151726.1406250000,133135.1875000000,144391.7500000000,,,
21.0279999659,164,147206.0937500000,193747.2500000000,172453.6718750000,148391.7656250000,120052.0468750000,152048.5000000000,133451.0000000000,144654.4531250000,,,
21.0319999659,164,147064.8437500000,192962.8437500000,172489.1562500000,148206.6562500000,119919.3828125000,151918.2187500000,133329.6250000000,144585.9531250000,,,
21.0359999661,164,146640.7656250000,194235.4843750000,171167.3437500000,147648.0312500000,119514.9062500000,151527.2343750000,132942.6093750000,144287.0468750000,,,
21.0399999660,164,146530.9687500000,195849.0312500000,170465.7500000000,147516.5000000000,119406.4921875000,151421.4531250000,132831.0625000000,144186.0000000000,,,
21.0439999660,164,146872.5625000000,195579.6875000000,171265.1875000000,147962.6250000000,119733.5625000000,151739.2343750000,133142.8906250000,144408.3906250000,,,
21.0479999660,164,147205.3593750000,193804.6250000000,172479.6562500000,148397.2812500000,120051.5312500000,152049.9687500000,133452.3593750000,144660.0312500000,,,
21.0519999659,164,147056.9843750000,193025.3125000000,172515.0937500000,148204.3593750000,119908.9218750000,151917.1718750000,133323.2656250000,144582.4375000000,,,
21.0559999659,164,146623.2500000000,194238.7343750000,171173.5000000000,147638.6250000000,119494.6562500000,151520.5312500000,132934.0312500000,144272.7968750000,,,
21.0599999661,164,146504.9843750000,195805.0156250000,170445.1562500000,147502.8437500000,119379.5312500000,151406.4062500000,132823.7812500000,144164.8437500000,,,
21.0639999660,164,146854.5312500000,195554.2343750000,171241.6093750000,147955.1562500000,119717.1718750000,151731.4062500000,133140.9375000000,144396.5000000000,,,
21.0679999660,164,147194.0156250000,193823.6718750000,172472.0781250000,148390.9218750000,120047.2421875000,152049.3593750000,133456.6562500000,144657.5312500000,,,
21.0719999659,164,147050.7812500000,193057.7343750000,172532.3437500000,148200.8593750000,119914.8203125000,151919.2187500000,133333.9375000000,144582.6406250000,,,
21.0759999659,164,146631.0468750000,194228.6718750000,171193.7500000000,147645.2812500000,119517.3437500000,151531.2656250000,132953.8750000000,144283.1718750000,,,
21.0799999661,164,146519.9531250000,195753.7500000000,170450.8437500000,147512.1562500000,119410.0859375000,151422.6250000000,132848.2968750000,144183.6093750000,,,
21.0839999660,164,146862.0468750000,195525.9218750000,171247.4843750000,147952.7031250000,119739.0859375000,151736.9843750000,133160.0312500000,144408.7812500000,,,
21.0879999660,164,147188.6250000000,193849.2343750000,172488.0312500000,148380.5781250000,120050.9687500000,152042.7500000000,133460.3750000000,144651.2500000000,,,
21.0919999660,164,147046.6250000000,193096.2031250000,172552.7812500000,148203.3125000000,119913.5312500000,151914.2031250000,133335.7968750000,144568.8125000000,,,
21.0959999659,164,146622.1250000000,194218.8906250000,171198.4531250000,147650.2343750000,119506.8281250000,151521.6562500000,132950.5156250000,144259.9687500000,,,
21.0999999659,164,146507.8281250000,195703.7812500000,170430.1093750000,147514.1093750000,119390.1015625000,151406.7187500000,132836.6562500000,144156.7187500000,,,
21.1039999661,164,146839.4062500000,195497.7656250000,171214.4843750000,147949.5625000000,119701.0468750000,151711.1250000000,133128.9375000000,144378.3437500000,,,
21.1079999660,164,147169.8593750000,193871.3750000000,172465.1718750000,148379.0468750000,120015.0000000000,152020.2812500000,133425.5156250000,144632.0468750000,,,
21.1119999660,164,147044.8593750000,193124.5468750000,172548.5156250000,148205.5000000000,119895.2968750000,151904.4062500000,133314.2031250000,144568.3750000000,,,
21.1159999659,164,146637.6250000000,194207.8437500000,171197.5625000000,147661.8750000000,119508.8984375000,151528.7656250000,132945.2031250000,144274.8593750000,,,
21.1199999659,165,146523.3593750000,195654.7812500000,170418.2187500000,147518.8906250000,119397.9609375000,151418.5468750000,132838.7031250000,144173.9375000000,,,
21.1239999658,165,146856.9375000000,195466.2812500000,171206.3906250000,147953.8281250000,119715.1328125000,151724.3437500000,133137.7656250000,144396.6875000000,,,
21.1279999658,165,147187.3906250000,193887.6875000000,172476.8437500000,148385.1406250000,120030.0234375000,152031.6250000000,133439.4843750000,144645.5781250000,,,
21.1319999658,165,147061.7343750000,193154.1093750000,172579.6250000000,148224.7187500000,119911.7343750000,151915.6250000000,133332.0156250000,144578.3281250000,,,
21.1359999657,165,146637.3750000000,194190.1562500000,171218.5468750000,147654.0937500000,119513.2968750000,151524.3906250000,132949.5312500000,144268.8593750000,,,
21.1399999657,165,146508.9843750000,195589.1562500000,170409.4843750000,147495.7343750000,119389.7265625000,151401.1406250000,132830.5000000000,144153.1406250000,,,
21.1439999659,165,146830.0937500000,195416.8125000000,171186.4062500000,147930.5312500000,119695.0390625000,151693.6093750000,133123.2500000000,144366.2187500000,,,
21.1479999658,165,147154.2343750000,193886.4062500000,172466.1406250000,148363.4062500000,120007.1171875000,151995.0625000000,133420.0937500000,144612.7968750000,,,
21.1519999658,165,147036.9531250000,193172.2656250000,172585.3125000000,148207.4843750000,119902.9687500000,151893.1093750000,133326.7500000000,144557.7031250000,,,
21.1559999657,165,146641.6250000000,194176.4843750000,171230.6718750000,147677.1093750000,119533.8671875000,151531.6406250000,132976.8125000000,144275.1875000000,,,
21.1599999657,165,146520.7343750000,195546.5625000000,170408.8281250000,147526.8281250000,119415.2109375000,151410.8750000000,132861.3906250000,144165.4843750000,,,
21.1639999659,165,146838.3281250000,195393.3750000000,171177.5312500000,147950.8281250000,119712.3437500000,151699.1875000000,133141.3125000000,144376.0312500000,,,
21.1679999658,165,147171.2656250000,193922.0156250000,172474.6250000000,148385.7812500000,120027.1015625000,152020.7031250000,133441.7656250000,144637.1562500000,,,
21.1719999658,165,147039.9062500000,193226.3906250000,172600.3906250000,148221.5468750000,119901.1718750000,151912.5000000000,133328.2343750000,144567.8437500000,,,
21.1759999658,165,146628.8437500000,194180.4531250000,171223.6093750000,147672.8750000000,119511.1796875000,151534.6093750000,132958.8125000000,144266.3593750000,,,
21.1799999657,165,146506.1406250000,195499.5937500000,170374.8593750000,147514.6562500000,119387.9062500000,151410.6718750000,132837.7343750000,144155.6718750000,,,
21.1839999657,165,146828.5625000000,195366.6093750000,171143.6250000000,147943.9687500000,119688.9843750000,151698.8906250000,133121.1562500000,144372.6875000000,,,
21.1879999659,165,147150.7812500000,193952.2812500000,172447.0000000000,148371.1875000000,119992.2343750000,152004.2656250000,133411.4843750000,144624.5625000000,,,
21.1919999658,165,147037.7500000000,193278.2187500000,172590.5781250000,148216.1875000000,119883.8125000000,151904.2500000000,133309.6093750000,144568.2500000000,,,
21.1959999658,165,146652.5000000000,194176.6406250000,171222.4062500000,147676.5781250000,119520.0312500000,151549.0625000000,132959.4218750000,144288.2812500000,,,
21.1999999657,165,146537.1406250000,195444.0468750000,170368.5468750000,147516.5312500000,119405.6328125000,151434.6406250000,132845.6718750000,144183.9843750000,,,
21.2039999657,165,146855.6093750000,195334.7968750000,171141.2656250000,147933.0781250000,119706.0625000000,151719.5156250000,133126.7187500000,144400.4375000000,,,
21.2079999659,165,147176.4218750000,193985.1562500000,172466.0312500000,148359.5156250000,120012.8281250000,152016.5781250000,133422.5937500000,144649.6406250000,,,
21.2119999658,165,147070.7500000000,193335.0781250000,172633.8593750000,148217.3593750000,119915.7578125000,151922.9687500000,133337.0312500000,144597.6093750000,,,
21.2159999658,165,146682.2187500000,194201.2656250000,171266.6093750000,147682.8281250000,119550.6328125000,151571.2500000000,132987.7968750000,144311.4218750000,,,
21.2199999657,165,146554.2812500000,195419.9218750000,170388.1875000000,147528.4687500000,119426.2031250000,151445.7031250000,132864.8281250000,144194.9843750000,,,
21.2239999657,165,146846.8906250000,195315.6406250000,171141.7968750000,147944.3906250000,119699.5781250000,151705.3906250000,133120.9687500000,144388.5156250000,,,
21.2279999657,165,147159.6875000000,194015.7343750000,172473.0156250000,148361.5312500000,119996.2578125000,152001.0000000000,133409.0937500000,144632.2656250000,,,
21.2319999659,165,147043.2187500000,193381.5000000000,172648.5937500000,148204.2968750000,119889.9843750000,151907.3593750000,133315.5937500000,144571.1718750000,,,
21.2359999658,165,146653.9843750000,194192.4218750000,171262.0000000000,147674.7031250000,119527.8593750000,151556.9843750000,132973.2656250000,144281.2968750000,,,
21.2399999658,165,146523.8906250000,195357.8125000000,170356.6406250000,147511.8906250000,119403.9921875000,151432.7187500000,132852.5468750000,144164.9218750000,,,
21.2439999657,165,146814.6718750000,195267.0625000000,171102.2656250000,147916.8437500000,119679.5156250000,151701.3125000000,133114.2656250000,144364.9375000000,,,
21.2479999657,166,147126.6875000000,194031.0468750000,172449.7343750000,148348.0625000000,119978.5781250000,151996.8593750000,133404.1562500000,144609.9531250000,,,
21.2519999656,166,147024.5781250000,193419.9687500000,172642.6406250000,148214.5781250000,119885.2109375000,151910.3281250000,133318.0937500000,144558.7812500000,,,
21.2559999656,166,146645.7187500000,194195.7343750000,171257.1406250000,147687.3906250000,119530.1953125000,151564.7343750000,132975.5156250000,144274.1718750000,,,
21.2599999656,166,146520.4062500000,195319.7187500000,170333.6250000000,147525.6406250000,119407.2421875000,151440.4375000000,132854.0156250000,144161.6406250000,,,
21.2639999655,166,146808.3437500000,195247.0000000000,171073.5468750000,147927.9218750000,119673.8515625000,151698.0156250000,133104.7187500000,144361.3593750000,,,
21.2679999655,166,147124.7343750000,194063.8281250000,172434.2187500000,148348.6562500000,119969.0859375000,151992.7812500000,133389.5937500000,144613.5468750000,,,
21.2719999657,166,147035.9843750000,193474.8906250000,172649.7343750000,148218.0937500000,119884.3281250000,151917.9531250000,133312.5625000000,144576.8750000000,,,
21.2759999656,166,146658.2187500000,194201.5937500000,171259.0468750000,147689.1875000000,119525.4218750000,151571.4062500000,132964.9218750000,144290.6093750000,,,
21.2799999656,166,146529.9843750000,195273.5000000000,170312.5468750000,147518.9375000000,119398.0390625000,151442.0156250000,132839.0781250000,144171.7031250000,,,
21.2839999655,166,146809.4218750000,195216.2187500000,171049.3437500000,147907.3281250000,119657.2265625000,151690.8437500000,133083.8593750000,144362.4843750000,,,
21.2879999655,166,147129.0625000000,194081.8750000000,172428.4062500000,148341.0156250000,119958.0625000000,151983.0781250000,133371.2031250000,144612.2812500000,,,
21.2919999657,166,147045.1093750000,193511.9375000000,172663.8750000000,148220.1562500000,119880.1406250000,151907.0937500000,133298.5156250000,144574.3281250000,,,
21.2959999656,166,146669.8593750000,194199.7187500000,171269.5625000000,147694.4062500000,119529.1484375000,151566.0156250000,132962.3750000000,144292.0312500000,,,
21.2999999656,166,146529.8281250000,195231.9531250000,170303.8750000000,147515.4218750000,119395.8671875000,151430.3750000000,132834.7500000000,144165.7500000000,,,
21.3039999655,166,146800.6718750000,195180.5156250000,171030.1718750000,147904.1562500000,119651.4296875000,151674.1718750000,133075.3750000000,144351.4687500000,,,
21.3079999655,166,147109.1875000000,194092.5625000000,172422.4218750000,148331.1093750000,119947.0390625000,151960.4062500000,133358.2656250000,144595.3125000000,,,
21.3119999655,166,147022.8125000000,193547.9062500000,172676.1875000000,148206.2031250000,119868.2031250000,151885.4218750000,133291.0312500000,144555.8437500000,,,
21.3159999656,166,146658.3750000000,194214.1093750000,171285.6718750000,147692.1562500000,119526.8125000000,151555.1093750000,132966.4531250000,144280.3593750000,,,
21.3199999656,166,146527.6250000000,195210.0156250000,170306.5156250000,147521.4843750000,119400.8046875000,151428.7968750000,132844.6250000000,144162.8281250000,,,
21.3239999656,166,146799.6875000000,195178.5625000000,171037.0156250000,147900.6250000000,119657.9453125000,151673.0156250000,133086.1093750000,144352.8281250000,,,
21.3279999655,166,147110.6875000000,194129.6250000000,172443.8281250000,148334.4375000000,119958.6250000000,151963.5000000000,133373.2343750000,144602.1250000000,,,
21.3319999655,166,147024.6875000000,193585.6718750000,172706.3125000000,148218.0625000000,119880.0312500000,151893.1093750000,133300.0625000000,144562.7187500000,,,
21.3359999657,166,146648.8125000000,194211.2968750000,171304.7500000000,147688.3281250000,119528.6953125000,151550.5156250000,132964.5781250000,144273.7031250000,,,
21.3399999656,166,146512.9843750000,195172.2031250000,170301.5156250000,147506.3593750000,119396.6484375000,151418.6093750000,132834.5156250000,144150.0625000000,,,
21.3439999656,166,146785.0937500000,195147.3593750000,171015.8125000000,147889.8593750000,119647.8359375000,151658.9531250000,133070.1406250000,144339.3125000000,,,
21.3479999655,166,147103.4375000000,194134.2968750000,172431.1875000000,148329.3906250000,119948.7812500000,151953.0312500000,133360.5781250000,144595.9218750000,,,
21.3519999655,166,147022.3906250000,193603.9062500000,172709.4218750000,148216.5781250000,119872.7656250000,151884.4218750000,133291.4843750000,144557.1093750000,,,
21.3559999655,166,146663.4218750000,194203.8437500000,171315.0781250000,147705.5937500000,119535.9843750000,151556.6562500000,132967.8750000000,144282.7500000000,,,
21.3599999656,166,146529.7500000000,195146.3750000000,170301.8125000000,147523.9843750000,119404.2890625000,151428.5781250000,132838.5625000000,144162.3750000000,,,
21.3639999656,166,146794.1250000000,195135.5937500000,171012.3906250000,147900.1406250000,119648.8046875000,151668.0781250000,133068.6406250000,144348.6718750000,,,
21.3679999656,166,147098.1093750000,194156.3125000000,172431.2968750000,148324.8437500000,119933.8906250000,151945.3437500000,133342.2500000000,144590.8593750000,,,
21.3719999655,166,147030.0312500000,193637.5468750000,172728.5937500000,148218.0000000000,119871.4765625000,151885.9062500000,133286.0156250000,144564.3593750000,,,
21.3759999655,167,146678.3125000000,194213.2500000000,171337.4218750000,147702.6718750000,119543.0156250000,151568.3281250000,132970.7968750000,144296.7187500000,,,
21.3799999654,167,146538.1875000000,195118.0781250000,170301.7656250000,147513.4687500000,119406.1171875000,151432.3906250000,132836.9843750000,144170.2031250000,,,
21.3839999654,167,146800.0312500000,195113.4531250000,171005.5156250000,147891.8437500000,119649.5000000000,151668.5937500000,133071.4843750000,144355.4687500000,,,
21.3879999653,167,147106.0625000000,194172.4062500000,172440.0781250000,148330.2812500000,119939.9296875000,151949.8125000000,133358.3437500000,144600.2656250000,,,
21.3919999653,167,147041.8906250000,193667.6875000000,172754.1093750000,148227.8750000000,119881.4843750000,151893.4062500000,133308.7500000000,144572.6406250000,,,
21.3959999653,167,146693.4062500000,194200.9375000000,171362.5000000000,147726.9687500000,119553.9609375000,151577.2343750000,132993.6718750000,144304.1562500000,,,
21.3999999654,167,146545.8906250000,195066.1406250000,170311.7343750000,147521.7500000000,119414.0000000000,151438.5312500000,132859.8906250000,144172.4843750000,,,
21.4039999654,167,146793.4843750000,195082.5625000000,171011.9843750000,147876.4531250000,119648.9609375000,151659.7031250000,133085.3593750000,144344.7812500000,,,
21.4079999654,167,147094.2187500000,194192.0468750000,172459.9218750000,148306.0156250000,119935.0703125000,151934.9062500000,133359.5000000000,144586.7031250000,,,
21.4119999653,167,147031.9375000000,193699.8593750000,172787.4687500000,148213.6875000000,119877.9687500000,151882.8750000000,133307.2500000000,144560.2500000000,,,
21.4159999653,167,146689.2031250000,194189.4375000000,171389.7500000000,147710.8281250000,119558.7578125000,151572.6718750000,133000.3281250000,144294.5468750000,,,
21.4199999655,167,146547.1562500000,195012.5312500000,170322.6093750000,147518.7500000000,119421.0312500000,151439.4218750000,132868.2031250000,144171.7031250000,,,
21.4239999654,167,146784.9531250000,195043.7812500000,171013.2968750000,147881.5468750000,119641.6640625000,151658.3125000000,133081.7812500000,144343.6875000000,,,
21.4279999654,167,147085.0156250000,194207.7343750000,172471.4531250000,148313.1406250000,119927.7812500000,151940.8281250000,133362.1093750000,144590.2343750000,,,
21.4319999653,167,147026.0000000000,193737.8906250000,172812.5000000000,148221.7656250000,119876.4687500000,151892.5468750000,133317.7968750000,144568.0781250000,,,
21.4359999653,167,146684.2187500000,194193.6562500000,171410.7812500000,147716.4375000000,119559.3203125000,151582.3750000000,133009.6562500000,144299.3281250000,,,
21.4399999653,167,146543.4687500000,194979.6250000000,170324.1250000000,147524.9531250000,119424.5156250000,151445.8906250000,132877.5156250000,144170.3125000000,,,
21.4439999654,167,146779.8281250000,195022.9843750000,171007.3750000000,147883.1093750000,119641.3984375000,151654.0156250000,133082.2968750000,144337.5000000000,,,
21.4479999654,167,147078.1250000000,194234.2031250000,172475.1093750000,148310.7500000000,119920.6406250000,151933.6093750000,133353.4687500000,144580.6875000000,,,
21.4519999654,167,147018.8750000000,193784.4843750000,172828.5937500000,148225.1718750000,119865.4140625000,151886.0000000000,133302.9375000000,144555.6562500000,,,
21.4559999653,167,146680.1406250000,194204.8593750000,171419.5937500000,147724.5312500000,119548.8046875000,151580.0468750000,132999.3906250000,144290.5312500000,,,
21.4599999653,167,146535.7187500000,194957.5937500000,170313.6718750000,147525.7500000000,119408.7968750000,151444.0625000000,132866.5156250000,144165.5312500000,,,
21.4639999655,167,146771.7656250000,195014.0000000000,170986.2656250000,147880.9531250000,119625.7578125000,151655.0625000000,133074.9531250000,144337.5468750000,,,
21.4679999654,167,147071.0625000000,194262.6093750000,172460.8125000000,148309.5156250000,119906.5312500000,151930.6093750000,133345.9843750000,144579.6093750000,,,
21.4719999654,167,147020.4218750000,193826.0000000000,172830.7031250000,148228.4062500000,119861.0156250000,151888.0156250000,133306.4531250000,144560.3281250000,,,
21.4759999653,167,146692.0625000000,194223.1875000000,171426.4062500000,147726.9531250000,119552.9140625000,151587.8281250000,133006.2812500000,144300.8281250000,,,
21.4799999653,167,146553.5312500000,194948.4218750000,170307.3437500000,147524.6875000000,119419.9843750000,151451.9531250000,132874.5937500000,144176.8281250000,,,
21.4839999652,167,146786.1875000000,195006.2187500000,170974.0625000000,147875.3593750000,119636.5468750000,151659.6562500000,133083.0000000000,144348.2187500000,,,
21.4879999654,167,147085.8750000000,194279.4843750000,172464.7968750000,148306.6718750000,119920.8828125000,151936.4531250000,133361.4843750000,144595.5156250000,,,
21.4919999654,167,147033.0312500000,193850.2500000000,172853.1562500000,148229.2187500000,119877.9921875000,151896.3125000000,133325.8125000000,144577.2343750000,,,
21.4959999654,167,146695.7187500000,194228.9218750000,171452.7812500000,147729.4218750000,119569.7812500000,151596.1718750000,133029.6406250000,144312.8906250000,,,
21.4999999653,167,146548.1718750000,194924.4218750000,170315.4375000000,147521.4062500000,119429.6875000000,151454.0937500000,132895.1093750000,144181.3593750000,,,
21.5039999653,168,146783.7500000000,194986.7812500000,170974.9218750000,147875.1718750000,119645.7968750000,151660.2656250000,133099.6562500000,144351.1250000000,,,
21.5079999652,168,147081.8437500000,194281.3593750000,172464.6093750000,148306.9218750000,119925.0937500000,151935.1406250000,133370.1250000000,144594.1562500000,,,
21.5119999652,168,147023.4062500000,193860.2031250000,172856.0312500000,148226.0312500000,119873.2734375000,151891.1875000000,133326.2187500000,144569.9062500000,,,
21.5159999651,168,146688.8281250000,194219.9843750000,171449.4218750000,147727.5937500000,119565.5468750000,151595.2343750000,133025.2187500000,144308.6093750000,,,
21.5199999651,168,146540.6093750000,194896.1406250000,170291.8906250000,147515.9843750000,119422.7421875000,151455.5625000000,132886.5312500000,144176.5000000000,,,
21.5239999651,168,146763.7656250000,194964.0312500000,170934.3906250000,147851.0781250000,119626.2421875000,151651.6093750000,133086.5156250000,144333.6562500000,,,
21.5279999652,168,147065.5625000000,194281.1093750000,172429.3437500000,148286.9687500000,119910.1250000000,151930.4218750000,133361.1093750000,144577.0937500000,,,
21.5319999652,168,147025.3906250000,193872.8593750000,172845.7812500000,148227.1718750000,119877.3515625000,151898.8593750000,133330.3281250000,144566.5468750000,,,
21.5359999652,168,146693.5468750000,194222.8906250000,171452.5625000000,147735.6406250000,119572.4921875000,151597.9687500000,133033.6406250000,144304.0937500000,,,
21.5399999651,168,146540.2031250000,194882.1250000000,170281.3750000000,147520.4687500000,119426.5234375000,151450.5468750000,132889.6875000000,144167.3906250000,,,
21.5439999651,168,146767.0156250000,194954.1406250000,170913.3125000000,147859.3125000000,119635.5234375000,151651.7968750000,133092.0937500000,144332.4843750000,,,
21.5479999653,168,147066.7187500000,194290.5781250000,172414.4375000000,148298.3593750000,119916.1875000000,151923.0468750000,133366.5312500000,144577.6250000000,,,
21.5519999652,168,147027.4218750000,193884.2031250000,172844.5781250000,148228.0312500000,119881.0000000000,151892.9218750000,133335.8750000000,144570.3281250000,,,
21.5559999652,168,146705.2187500000,194223.0000000000,171459.3750000000,147739.2031250000,119582.7656250000,151601.8750000000,133047.2656250000,144315.7187500000,,,
21.5599999651,168,146555.2031250000,194868.8750000000,170282.2343750000,147522.5156250000,119437.7109375000,151453.6093750000,132906.1250000000,144179.5937500000,,,
21.5639999651,168,146777.5781250000,194948.7656250000,170905.5000000000,147863.2500000000,119638.3906250000,151648.1718750000,133094.3750000000,144339.1875000000,,,
21.5679999650,168,147072.7500000000,194297.6875000000,172405.2812500000,148296.2968750000,119911.1484375000,151922.0312500000,133358.0000000000,144581.5468750000,,,
21.5719999652,168,147033.0625000000,193899.3906250000,172848.9687500000,148235.8750000000,119876.2265625000,151893.2500000000,133328.2343750000,144573.2031250000,,,
21.5759999652,168,146709.4218750000,194226.5312500000,171470.2343750000,147748.3750000000,119579.1406250000,151602.9531250000,133040.0312500000,144316.6562500000,,,
21.5799999651,168,146550.5625000000,194860.0156250000,170277.3593750000,147518.0625000000,119429.8828125000,151452.1093750000,132894.7656250000,144173.5312500000,,,
21.5839999651,168,146772.5312500000,194942.5468750000,170892.7031250000,147853.2500000000,119636.2734375000,151651.1562500000,133095.1406250000,144336.2656250000,,,
21.5879999651,168,147066.6406250000,194305.5468750000,172400.3281250000,148284.8437500000,119912.4921875000,151921.7812500000,133365.6406250000,144578.2812500000,,,
21.5919999653,168,147030.5312500000,193915.2343750000,172861.2031250000,148225.4375000000,119881.5625000000,151893.7343750000,133337.4375000000,144572.3125000000,,,
21.5959999652,168,146711.0625000000,194229.7187500000,171488.5625000000,147735.8593750000,119588.2890625000,151605.8437500000,133049.6093750000,144320.3281250000,,,
21.5999999652,168,146557.9531250000,194854.5468750000,170285.2656250000,147520.9531250000,119442.5625000000,151458.2968750000,132902.1406250000,144183.5312500000,,,
21.6039999651,168,146772.3281250000,194949.0468750000,170891.6093750000,147855.6093750000,119640.5156250000,151646.1406250000,133091.1250000000,144338.2968750000,,,
21.6079999651,168,147066.3750000000,194321.1406250000,172401.4687500000,148291.9843750000,119918.2031250000,151920.0468750000,133363.5781250000,144578.4375000000,,,
21.6119999650,168,147031.5625000000,193924.7812500000,172874.2968750000,148237.7187500000,119888.9375000000,151898.5625000000,133341.4531250000,144571.2968750000,,,
21.6159999652,168,146704.7343750000,194234.5781250000,171507.3593750000,147747.8437500000,119586.7578125000,151607.5625000000,133050.4843750000,144310.1875000000,,,
21.6199999652,168,146540.4218750000,194859.7812500000,170288.2968750000,147514.4843750000,119426.6093750000,151446.0156250000,132894.2968750000,144159.7500000000,,,
21.6239999651,168,146753.0312500000,194954.7500000000,170874.1250000000,147843.4843750000,119617.2343750000,151627.8437500000,133078.8593750000,144309.5937500000,,,
21.6279999651,168,147054.7656250000,194323.0156250000,172381.5156250000,148288.0312500000,119897.8671875000,151902.8593750000,133353.9062500000,144557.3750000000,,,
21.6319999651,169,147026.6250000000,193925.6093750000,172870.5625000000,148236.5468750000,119874.3984375000,151881.5000000000,133331.9843750000,144557.9687500000,,,
21.6359999650,169,146708.4531250000,194242.4375000000,171516.7031250000,147749.2031250000,119580.2187500000,151595.2343750000,133040.5156250000,144306.7031250000,,,
21.6399999650,169,146550.2656250000,194880.4531250000,170294.9687500000,147524.5468750000,119427.8437500000,151443.5468750000,132893.7968750000,144166.9843750000,,,
21.6439999649,169,146757.6562500000,194982.1718750000,170869.6875000000,147839.3281250000,119617.3671875000,151624.8125000000,133075.5156250000,144315.6250000000,,,
21.6479999649,169,147054.7656250000,194341.0312500000,172372.7031250000,148281.7343750000,119894.4140625000,151901.3281250000,133345.0781250000,144559.4687500000,,,
21.6519999648,169,147038.8281250000,193929.8750000000,172879.0937500000,148246.7031250000,119884.0078125000,151898.4531250000,133340.4843750000,144572.3125000000,,,
21.6559999650,169,146722.5625000000,194252.4687500000,171541.1250000000,147758.4843750000,119593.4140625000,151617.2812500000,133058.7968750000,144324.5312500000,,,
21.6599999650,169,146552.7812500000,194895.7187500000,170305.2968750000,147524.1406250000,119431.5390625000,151458.2187500000,132903.1250000000,144173.7500000000,,,
21.6639999649,169,146754.7812500000,195000.0000000000,170862.1875000000,147843.3593750000,119616.3203125000,151641.1250000000,133082.8593750000,144318.9062500000,,,
21.6679999649,169,147058.9375000000,194350.9062500000,172365.0468750000,148287.5000000000,119903.4218750000,151917.3281250000,133359.5625000000,144566.0156250000,,,
21.6719999649,169,147034.5937500000,193926.2343750000,172880.1406250000,148244.1562500000,119885.9921875000,151899.6406250000,133345.9062500000,144571.7343750000,,,
21.6759999651,169,146708.9375000000,194248.0781250000,171546.3593750000,147757.9218750000,119585.7187500000,151608.1250000000,133053.3593750000,144315.1562500000,,,
21.6799999650,169,146542.7031250000,194907.4375000000,170305.0937500000,147522.7968750000,119429.3671875000,151451.5468750000,132899.3437500000,144168.0781250000,,,
21.6839999650,169,146749.7343750000,195017.5156250000,170852.9531250000,147841.7187500000,119621.2031250000,151636.1093750000,133082.0781250000,144318.7968750000,,,
21.6879999649,169,147059.9375000000,194353.2968750000,172354.3750000000,148290.0000000000,119914.1250000000,151921.7031250000,133364.2500000000,144570.2500000000,,,
21.6919999649,169,147043.2187500000,193911.1875000000,172881.0312500000,148256.2812500000,119899.4531250000,151908.6250000000,133350.8437500000,144578.1718750000,,,
21.6959999648,169,146729.4062500000,194248.8750000000,171569.9062500000,147778.0468750000,119607.0156250000,151623.5781250000,133063.8437500000,144332.4218750000,,,
21.6999999650,169,146550.8437500000,194927.2343750000,170323.2968750000,147521.4843750000,119434.7109375000,151456.0781250000,132896.9843750000,144173.4218750000,,,
21.7039999650,169,146756.3281250000,195040.7968750000,170856.4375000000,147840.4375000000,119622.1953125000,151637.7187500000,133080.1718750000,144316.6562500000,,,
21.7079999649,169,147068.4062500000,194364.5000000000,172355.0937500000,148286.9687500000,119914.1484375000,151923.6875000000,133366.7656250000,144572.9062500000,,,
21.7119999649,169,147043.6875000000,193910.8437500000,172891.3750000000,148250.2187500000,119892.4296875000,151906.6093750000,133349.8437500000,144577.3125000000,,,
21.7159999649,169,146721.4062500000,194245.2031250000,171583.1406250000,147765.7656250000,119593.3593750000,151617.7656250000,133060.3281250000,144325.9843750000,,,
21.7199999650,169,146549.2500000000,194938.1250000000,170325.5781250000,147518.1875000000,119429.8281250000,151455.3750000000,132902.1562500000,144175.1718750000,,,
21.7239999650,169,146753.4062500000,195054.9375000000,170842.7343750000,147828.6093750000,119619.2421875000,151634.3593750000,133080.1250000000,144315.5781250000,,,
21.7279999650,169,147064.7031250000,194361.6875000000,172337.5625000000,148281.2187500000,119914.7656250000,151920.0937500000,133367.6875000000,144567.5781250000,,,
21.7319999649,169,147048.6718750000,193892.1718750000,172887.0312500000,148257.0000000000,119902.7500000000,151912.8593750000,133361.7343750000,144582.6250000000,,,
21.7359999649,169,146717.1250000000,194234.1562500000,171590.2187500000,147770.2656250000,119594.9687500000,151611.9062500000,133062.0781250000,144324.0781250000,,,
21.7399999648,169,146534.0937500000,194938.9062500000,170322.3125000000,147513.5000000000,119419.9531250000,151437.5625000000,132886.5781250000,144161.0000000000,,,
21.7439999650,169,146738.4375000000,195058.2031250000,170826.5156250000,147826.5156250000,119608.4062500000,151613.1718750000,133064.7031250000,144300.3906250000,,,
21.7479999650,169,147054.2968750000,194346.1406250000,172318.1718750000,148293.8281250000,119906.8828125000,151903.0937500000,133356.7343750000,144555.9843750000,,,
21.7519999649,169,147045.3125000000,193863.5781250000,172886.1250000000,148270.5156250000,119904.1171875000,151903.0625000000,133361.0312500000,144578.0937500000,,,
21.7559999649,169,146721.7812500000,194218.1406250000,171607.2812500000,147789.2812500000,119605.3750000000,151612.3437500000,133072.9375000000,144327.4843750000,,,
21.7599999649,170,146542.8281250000,194948.1562500000,170338.7031250000,147536.5625000000,119433.7968750000,151448.6250000000,132906.8593750000,144171.8437500000,,,
21.7639999648,170,146743.4062500000,195074.1718750000,170827.7187500000,147845.1562500000,119619.4062500000,151629.6718750000,133083.2343750000,144313.7343750000,,,
21.7679999648,170,147060.3593750000,194351.6562500000,172313.8750000000,148308.1562500000,119917.2656250000,151919.4843750000,133371.9843750000,144568.2500000000,,,
21.7719999647,170,147055.4531250000,193856.5156250000,172892.8281250000,148300.6250000000,119914.9843750000,151918.0000000000,133373.4218750000,144589.8906250000,,,
21.7759999647,170,146726.6093750000,194213.6250000000,171625.4062500000,147802.4218750000,119610.3125000000,151620.7968750000,133078.2187500000,144334.3593750000,,,
21.7799999646,170,146539.2656250000,194968.2968750000,170351.4375000000,147527.2500000000,119433.1250000000,151445.0000000000,132907.8437500000,144171.0000000000,,,
21.7839999648,170,146747.0000000000,195106.3281250000,170830.3125000000,147837.3750000000,119625.4375000000,151625.1406250000,133091.7968750000,144317.1875000000,,,
21.7879999648,170,147070.1562500000,194364.6406250000,172314.6562500000,148297.1562500000,119928.9062500000,151919.4218750000,133386.5625000000,144576.8281250000,,,
21.7919999647,170,147062.1562500000,193846.3593750000,172901.7031250000,148273.0781250000,119922.5468750000,151918.9218750000,133385.5781250000,144594.9375000000,,,
21.7959999647,170,146733.8906250000,194210.7031250000,171645.0625000000,147782.2500000000,119617.5781250000,151625.9687500000,133091.1250000000,144342.0468750000,,,
21.7999999647,170,146543.6562500000,194990.8750000000,170365.8437500000,147514.7500000000,119435.1328125000,151449.5000000000,132910.7968750000,144179.6718750000,,,
21.8039999648,170,146744.9062500000,195140.2031250000,170827.1875000000,147818.2031250000,119620.5000000000,151630.7187500000,133087.1562500000,144321.5625000000,,,
21.8079999648,170,147071.7343750000,194380.3906250000,172301.8593750000,148284.0625000000,119928.9296875000,151932.3593750000,133384.0000000000,144582.8906250000,,,
21.8119999648,170,147066.4218750000,193842.6875000000,172898.5468750000,148272.6406250000,119926.1718750000,151928.9531250000,133384.5000000000,144601.7968750000,,,
21.8159999647,170,146735.2500000000,194211.8125000000,171658.0468750000,147781.1875000000,119620.3671875000,151627.5156250000,133087.8281250000,144344.8125000000,,,
21.8199999647,170,146539.6093750000,195005.4218750000,170371.0937500000,147503.1093750000,119434.3281250000,151444.8906250000,132904.4687500000,144173.2656250000,,,
21.8239999646,170,146745.1562500000,195154.8125000000,170816.9843750000,147811.7031250000,119622.2734375000,151623.9843750000,133083.8281250000,144312.5156250000,,,
21.8279999648,170,147074.0937500000,194375.6093750000,172285.6562500000,148275.8125000000,119929.9531250000,151926.2968750000,133382.4375000000,144573.4687500000,,,
21.8319999648,170,147066.4531250000,193818.0000000000,172895.6406250000,148271.4843750000,119922.8671875000,151923.9531250000,133379.8125000000,144592.8593750000,,,
21.8359999647,170,146730.0000000000,194194.0468750000,171666.6250000000,147788.1875000000,119610.4218750000,151624.8750000000,133075.4375000000,144339.2656250000,,,
21.8399999647,170,146532.9843750000,195006.3593750000,170368.1250000000,147514.5625000000,119423.4453125000,151442.3125000000,132893.8437500000,144169.9375000000,,,
21.8439999647,170,146730.0000000000,195172.5156250000,170798.1562500000,147810.5000000000,119606.1796875000,151617.5468750000,133068.4531250000,144304.5000000000,,,
21.8479999648,170,147055.8281250000,194378.4843750000,172257.4218750000,148272.1093750000,119914.4453125000,151918.5937500000,133369.3281250000,144564.0312500000,,,
21.8519999648,170,147052.5781250000,193803.4687500000,172879.5000000000,148268.0781250000,119913.0546875000,151917.9062500000,133371.8906250000,144586.1406250000,,,
21.8559999648,170,146721.9531250000,194182.3593750000,171667.3750000000,147792.7187500000,119606.3125000000,151620.2812500000,133076.3437500000,144336.2031250000,,,
21.8599999647,170,146524.4843750000,195016.0468750000,170368.2812500000,147522.2656250000,119416.8203125000,151436.3593750000,132893.5781250000,144167.2187500000,,,
21.8639999647,170,146723.0781250000,195188.2656250000,170786.9687500000,147829.7343750000,119597.7890625000,151612.7187500000,133065.0312500000,144302.5468750000,,,
21.8679999646,170,147046.5781250000,194377.0625000000,172239.8437500000,148275.3437500000,119902.0000000000,151912.1250000000,133357.5000000000,144559.3125000000,,,
21.8719999648,170,147053.6250000000,193775.7812500000,172869.4218750000,148278.1406250000,119909.6171875000,151921.0625000000,133369.3437500000,144588.7343750000,,,
21.8759999648,170,146728.2031250000,194161.5625000000,171670.9687500000,147799.7968750000,119605.8593750000,151627.2812500000,133075.3750000000,144341.1718750000,,,
21.8799999647,170,146529.7968750000,195024.4843750000,170370.7187500000,147513.4375000000,119415.8750000000,151439.9062500000,132888.3437500000,144169.6406250000,,,
21.8839999647,170,146732.0312500000,195215.3593750000,170784.1250000000,147805.2187500000,119602.2343750000,151613.0625000000,133068.4375000000,144306.2968750000,,,
21.8879999646,171,147064.4375000000,194387.0937500000,172242.3125000000,148274.5468750000,119918.2578125000,151918.4375000000,133371.6562500000,144569.9062500000,,,
21.8919999646,171,147074.3906250000,193757.3125000000,172883.7968750000,148286.9687500000,119931.3750000000,151932.0625000000,133386.4531250000,144604.2968750000,,,
21.8959999646,171,146742.8750000000,194154.8906250000,171700.0781250000,147802.4218750000,119624.2031250000,151634.4375000000,133090.8750000000,144356.7187500000,,,
21.8999999645,171,146537.5156250000,195055.3906250000,170396.6875000000,147508.1093750000,119427.0859375000,151442.4843750000,132897.2031250000,144179.2968750000,,,
21.9039999645,171,146731.3593750000,195255.4843750000,170789.6250000000,147792.1250000000,119604.7578125000,151614.1093750000,133065.5937500000,144307.9062500000,,,
21.9079999644,171,147061.5156250000,194391.5468750000,172231.2656250000,148260.8437500000,119917.7734375000,151917.4375000000,133369.8906250000,144562.4531250000,,,
21.9119999646,171,147075.2500000000,193726.3281250000,172880.5937500000,148280.1562500000,119932.1484375000,151934.2656250000,133389.2031250000,144598.7343750000,,,
21.9159999646,171,146736.9218750000,194133.9375000000,171710.0312500000,147796.2812500000,119616.1875000000,151627.3281250000,133081.9218750000,144343.3906250000,,,
21.9199999645,171,146526.5000000000,195084.2187500000,170406.8281250000,147497.2187500000,119417.3515625000,151428.2812500000,132885.9375000000,144164.5468750000,,,
21.9239999645,171,146731.5781250000,195307.3906250000,170792.4531250000,147791.2187500000,119607.1718750000,151605.8437500000,133067.7812500000,144303.4531250000,,,
21.9279999644,171,147071.0625000000,194407.5625000000,172224.6875000000,148277.7656250000,119926.8906250000,151914.8750000000,133373.1875000000,144569.4843750000,,,
21.9319999646,171,147080.2656250000,193696.2343750000,172874.2500000000,148301.5000000000,119937.5937500000,151931.0468750000,133376.2968750000,144606.5156250000,,,
21.9359999646,171,146744.1562500000,194111.5781250000,171719.0156250000,147810.0937500000,119623.9375000000,151629.7031250000,133077.2343750000,144356.5937500000,,,
21.9399999646,171,146531.2500000000,195105.3593750000,170417.2656250000,147506.2812500000,119420.0625000000,151430.6562500000,132890.0312500000,144175.4375000000,,,
21.9439999645,171,146725.6562500000,195344.7500000000,170787.1406250000,147790.4843750000,119600.0078125000,151600.9687500000,133061.7187500000,144299.9687500000,,,
21.9479999645,171,147060.8437500000,194413.3750000000,172206.0000000000,148270.6875000000,119915.3593750000,151910.6093750000,133365.5625000000,144556.5781250000,,,
21.9519999644,171,147074.7343750000,193663.7031250000,172864.1875000000,148301.2343750000,119928.5000000000,151932.4375000000,133382.2031250000,144596.3281250000,,,
21.9559999646,171,146729.2500000000,194086.8125000000,171718.6093750000,147809.7500000000,119600.6250000000,151620.7656250000,133060.6562500000,144338.1562500000,,,
21.9599999646,171,146518.2656250000,195126.2812500000,170414.6093750000,147506.7031250000,119393.7265625000,151421.0468750000,132859.2968750000,144161.7343750000,,,
21.9639999645,171,146727.5000000000,195390.4531250000,170781.0468750000,147788.5312500000,119587.6718750000,151605.9531250000,133050.4062500000,144302.0625000000,,,
21.9679999645,171,147070.0781250000,194422.7031250000,172191.0312500000,148282.5468750000,119907.3125000000,151917.5781250000,133355.9062500000,144563.5000000000,,,
21.9719999644,171,147084.2968750000,193626.3593750000,172854.4218750000,148304.0000000000,119920.3203125000,151928.8125000000,133378.8125000000,144596.0625000000,,,
21.9759999646,171,146742.2812500000,194049.5312500000,171733.6562500000,147811.4375000000,119603.6875000000,151617.3593750000,133075.5937500000,144341.9687500000,,,
21.9799999646,171,146521.5312500000,195131.4843750000,170443.8593750000,147504.5937500000,119398.0390625000,151409.6718750000,132869.7812500000,144159.6875000000,,,
21.9839999645,171,146718.0000000000,195419.3593750000,170801.0625000000,147782.7031250000,119584.9140625000,151585.4375000000,133044.5937500000,144290.2031250000,,,
21.9879999645,171,147079.1718750000,194428.0937500000,172219.0625000000,148279.5312500000,119929.5781250000,151923.4843750000,133372.8281250000,144571.5156250000,,,
21.9919999645,171,147092.2031250000,193584.1406250000,172893.8281250000,148301.5781250000,119946.0703125000,151942.7031250000,133385.1406250000,144608.7187500000,,,
21.9959999644,171,146750.2500000000,194004.3593750000,171787.7031250000,147811.8906250000,119630.6406250000,151635.1406250000,133082.5625000000,144357.8750000000,,,
21.9999999646,171,146521.6718750000,195125.5781250000,170492.8437500000,147494.1093750000,119414.1328125000,151426.5781250000,132884.6406250000,144169.1875000000,,,
22.0039999646,171,146718.3281250000,195439.0000000000,170834.3906250000,147778.0937500000,119595.9062500000,151601.7500000000,133060.0937500000,144297.8750000000,,,
22.0079999645,171,147069.1562500000,194422.7968750000,172228.5312500000,148272.3281250000,119923.4296875000,151925.1718750000,133375.6250000000,144562.0000000000,,,
22.0119999645,171,147098.5781250000,193540.4843750000,172904.6250000000,148315.6718750000,119950.3593750000,151952.9062500000,133404.0781250000,144608.8437500000,,,
22.0159999644,172,146754.2187500000,193964.9062500000,171808.0312500000,147831.6562500000,119626.7812500000,151640.7656250000,133088.5781250000,144356.4843750000,,,
22.0199999644,172,146518.1562500000,195123.0937500000,170508.9375000000,147508.1093750000,119402.1718750000,151416.9375000000,132873.3750000000,144160.4375000000,,,
22.0239999644,172,146706.6406250000,195469.6093750000,170835.9843750000,147778.5468750000,119575.1171875000,151580.2656250000,133037.2031250000,144279.3750000000,,,
22.0279999643,172,147066.4531250000,194435.5000000000,172219.3750000000,148275.5937500000,119914.4453125000,151912.6406250000,133360.6250000000,144552.9531250000,,,
22.0319999643,172,147098.7656250000,193519.3437500000,172899.8906250000,148323.5781250000,119945.1562500000,151948.7500000000,133393.4062500000,144605.9062500000,,,
22.0359999642,172,146749.7343750000,193941.0156250000,171811.8125000000,147828.6562500000,119615.8359375000,151632.2500000000,133074.7812500000,144352.1875000000,,,
22.0399999644,172,146507.6718750000,195141.7500000000,170513.2500000000,147501.1093750000,119381.2265625000,151406.7500000000,132847.6875000000,144154.1093750000,,,
22.0439999644,172,146705.4218750000,195518.5781250000,170832.4062500000,147779.3281250000,119561.8437500000,151581.1718750000,133021.9218750000,144281.7500000000,,,
22.0479999643,172,147077.1562500000,194460.6875000000,172211.0937500000,148276.1093750000,119916.5937500000,151923.9375000000,133362.0781250000,144563.6093750000,,,
22.0519999643,172,147108.5312500000,193500.0625000000,172898.3593750000,148320.2187500000,119950.7656250000,151955.5000000000,133397.7812500000,144610.0781250000,,,
22.0559999642,172,146758.0468750000,193920.6250000000,171830.2968750000,147830.7187500000,119626.1328125000,151636.1562500000,133087.3437500000,144353.1875000000,,,
22.0599999644,172,146519.6875000000,195162.2968750000,170540.7968750000,147501.0468750000,119402.8437500000,151411.0625000000,132870.1093750000,144160.4062500000,,,
22.0639999644,172,146708.1562500000,195559.5625000000,170848.1562500000,147771.7968750000,119579.3281250000,151576.7187500000,133033.9687500000,144279.7187500000,,,
22.0679999643,172,147072.4062500000,194474.2031250000,172213.4218750000,148265.2343750000,119927.2421875000,151918.3750000000,133365.5156250000,144555.3437500000,,,
22.0719999643,172,147111.2968750000,193466.5312500000,172905.7031250000,148320.6562500000,119966.3750000000,151962.1562500000,133408.3281250000,144612.0625000000,,,
22.0759999643,172,146763.6875000000,193894.0000000000,171856.7968750000,147835.8906250000,119635.8750000000,151645.0312500000,133097.5000000000,144361.6562500000,,,
22.0799999642,172,146514.2187500000,195184.7187500000,170564.7187500000,147503.8437500000,119394.1484375000,151413.3437500000,132872.1406250000,144159.3593750000,,,
22.0839999644,172,146699.9218750000,195606.5625000000,170855.4531250000,147765.1406250000,119565.3281250000,151577.9218750000,133034.1562500000,144275.3437500000,,,
22.0879999644,172,147076.5156250000,194477.4062500000,172208.7031250000,148268.5312500000,119925.0937500000,151923.8281250000,133375.8593750000,144556.2031250000,,,
22.0919999643,172,147126.7187500000,193421.0312500000,172909.7343750000,148327.2031250000,119975.0625000000,151971.2812500000,133425.4531250000,144619.7343750000,,,
22.0959999643,172,146773.3906250000,193862.2968750000,171877.9687500000,147836.0781250000,119644.2968750000,151647.3750000000,133104.7187500000,144366.3593750000,,,
22.0999999642,172,146516.6250000000,195212.6406250000,170588.1875000000,147495.5000000000,119399.8906250000,151406.4062500000,132863.0781250000,144159.5468750000,,,
22.1039999644,172,146705.9687500000,195670.8281250000,170871.5937500000,147764.0625000000,119575.6328125000,151571.7343750000,133032.2500000000,144278.0312500000,,,
22.1079999644,172,147089.6562500000,194496.4218750000,172213.5625000000,148275.6718750000,119940.3828125000,151924.7187500000,133383.2656250000,144562.7187500000,,,
22.1119999643,172,147150.4531250000,193371.3906250000,172917.5937500000,148354.3125000000,119998.6406250000,151989.2968750000,133447.7812500000,144639.8906250000,,,
22.1159999643,172,146787.1562500000,193820.8281250000,171895.1875000000,147862.2343750000,119653.3359375000,151665.6875000000,133122.6406250000,144385.5000000000,,,
22.1199999643,172,146517.8593750000,195252.6718750000,170602.4687500000,147510.5937500000,119392.6796875000,151418.8437500000,132873.7812500000,144172.4843750000,,,
22.1239999642,172,146695.5625000000,195744.0937500000,170858.3281250000,147768.9531250000,119555.6171875000,151575.2187500000,133027.1250000000,144278.1406250000,,,
22.1279999644,172,147079.0312500000,194524.7656250000,172171.4531250000,148279.3750000000,119916.5625000000,151929.2656250000,133368.7031250000,144557.0000000000,,,
22.1319999644,172,147138.1718750000,193337.2500000000,172867.6718750000,148352.0312500000,119967.2578125000,151984.6250000000,133422.1875000000,144628.6406250000,,,
22.1359999643,172,146777.7656250000,193791.8281250000,171861.0312500000,147856.6562500000,119625.0937500000,151654.6718750000,133097.5000000000,144374.0468750000,,,
22.1399999643,172,146513.1718750000,195270.8281250000,170577.3906250000,147504.4375000000,119373.8203125000,151407.6093750000,132856.4218750000,144163.9843750000,,,
22.1439999642,173,146698.1250000000,195788.9687500000,170832.2500000000,147767.7968750000,119552.3203125000,151570.7968750000,133021.4375000000,144275.9062500000,,,
22.1479999642,173,147090.5156250000,194538.9531250000,172143.6875000000,148283.7187500000,119932.9296875000,151934.5000000000,133381.8750000000,144563.9531250000,,,
22.1519999641,173,147153.8906250000,193306.2343750000,172853.1406250000,148367.4062500000,119997.8359375000,151996.3593750000,133445.9843750000,144638.1406250000,,,
22.1559999641,173,146783.8750000000,193755.7187500000,171864.9843750000,147873.7656250000,119651.3203125000,151661.5937500000,133112.6406250000,144378.5781250000,,,
22.1599999641,173,146497.9375000000,195282.9531250000,170581.1093750000,147489.2500000000,119379.0546875000,151396.3125000000,132852.7343750000,144154.0312500000,,,
22.1639999640,173,146679.9218750000,195830.7968750000,170819.1093750000,147740.2031250000,119547.7656250000,151557.5937500000,133014.6562500000,144262.2500000000,,,
22.1679999642,173,147078.9531250000,194544.1406250000,172116.7656250000,148254.0000000000,119928.7734375000,151929.2656250000,133376.9687500000,144552.4687500000,,,
22.1719999642,173,147144.7500000000,193254.6875000000,172827.3906250000,148340.2812500000,119990.6718750000,151996.5937500000,133440.6718750000,144630.2500000000,,,
22.1759999641,173,146774.4062500000,193704.0312500000,171855.4843750000,147847.0000000000,119638.8203125000,151661.5000000000,133106.8906250000,144370.7187500000,,,
22.1799999641,173,146496.6250000000,195278.5781250000,170581.4375000000,147479.8281250000,119370.1484375000,151394.3281250000,132848.8593750000,144149.8437500000,,,
22.1839999640,173,146685.0468750000,195856.1093750000,170820.5000000000,147737.0000000000,119546.5000000000,151558.4218750000,133012.4843750000,144263.5781250000,,,
22.1879999642,173,147084.6875000000,194552.6562500000,172112.2500000000,148260.6718750000,119929.9531250000,151930.6875000000,133373.8281250000,144554.2968750000,,,
22.1919999642,173,147155.7187500000,193224.4531250000,172829.0000000000,148354.7187500000,119999.7656250000,151998.5781250000,133445.6875000000,144636.3437500000,,,
22.1959999641,173,146784.6562500000,193672.9062500000,171875.5156250000,147856.8750000000,119651.0781250000,151657.0468750000,133116.7968750000,144381.2968750000,,,
22.1999999641,173,146495.8593750000,195298.3437500000,170605.2031250000,147481.2500000000,119372.6640625000,151389.8281250000,132847.5781250000,144157.4843750000,,,
22.2039999641,173,146681.0156250000,195909.8281250000,170826.7187500000,147735.5625000000,119543.0937500000,151553.1406250000,133005.5000000000,144269.0156250000,,,
22.2079999640,173,147081.3125000000,194577.0468750000,172100.7187500000,148260.6718750000,119926.7031250000,151923.9375000000,133370.7968750000,144555.4687500000,,,
22.2119999642,173,147151.5937500000,193198.0156250000,172814.7031250000,148355.5000000000,119996.0703125000,151996.0781250000,133443.1093750000,144636.6093750000,,,
22.2159999642,173,146785.6718750000,193640.2500000000,171874.8281250000,147867.5468750000,119648.1562500000,151659.9531250000,133115.7500000000,144387.0625000000,,,
22.2199999641,173,146495.2031250000,195302.7968750000,170607.5937500000,147493.4843750000,119365.8515625000,151386.1562500000,132843.9375000000,144160.8125000000,,,
22.2239999641,173,146677.6406250000,195940.9218750000,170819.7187500000,147744.2968750000,119534.7812500000,151550.1718750000,132999.1250000000,144265.2031250000,,,
22.2279999640,173,147086.8437500000,194581.0468750000,172085.2968750000,148271.6250000000,119926.2187500000,151926.4218750000,133367.5468750000,144553.2031250000,,,
22.2319999642,173,147160.7343750000,193153.9375000000,172805.4687500000,148365.7187500000,119998.8593750000,151997.1250000000,133440.1093750000,144631.4687500000,,,
22.2359999642,173,146789.3750000000,193596.3281250000,171883.8593750000,147869.4218750000,119648.8281250000,151660.0312500000,133110.4062500000,144377.9062500000,,,
22.2399999641,173,146491.1718750000,195296.4375000000,170619.7656250000,147480.3125000000,119364.5937500000,151380.4375000000,132835.2656250000,144146.1406250000,,,
22.2439999641,173,146672.0937500000,195963.1875000000,170826.4531250000,147722.1718750000,119538.1875000000,151539.9531250000,132991.5312500000,144251.4687500000,,,
22.2479999640,173,147085.6250000000,194593.2500000000,172089.0468750000,148250.2968750000,119937.5156250000,151927.6093750000,133377.9062500000,144546.5468750000,,,
22.2519999640,173,147164.9218750000,193125.5937500000,172813.7812500000,148359.8437500000,120012.1328125000,152012.3593750000,133459.7187500000,144635.2656250000,,,
22.2559999642,173,146785.5937500000,193556.8437500000,171898.7031250000,147866.6562500000,119650.0312500000,151668.8281250000,133120.8750000000,144378.8750000000,,,
22.2599999642,173,146483.0468750000,195300.8906250000,170635.8593750000,147475.6250000000,119358.0234375000,151383.2812500000,132841.2187500000,144146.4375000000,,,
22.2639999641,173,146663.9843750000,196008.2968750000,170827.3437500000,147713.3437500000,119526.5703125000,151543.0625000000,132992.5312500000,144251.8750000000,,,
22.2679999641,173,147086.8437500000,194621.2812500000,172076.6093750000,148256.2343750000,119928.1015625000,151935.5000000000,133373.1250000000,144554.5625000000,,,
22.2719999640,174,147169.9531250000,193114.4375000000,172806.0000000000,148367.7812500000,120005.0234375000,152014.9218750000,133452.5156250000,144642.8593750000,,,
22.2759999640,174,146792.3906250000,193539.4531250000,171907.4375000000,147878.2187500000,119643.6250000000,151669.1562500000,133110.0312500000,144385.6875000000,,,
22.2799999639,174,146487.4687500000,195324.5468750000,170652.1406250000,147485.5468750000,119348.1484375000,151383.4687500000,132827.0781250000,144153.6875000000,,,
22.2839999639,174,146663.5781250000,196061.0781250000,170833.4843750000,147721.5781250000,119513.3515625000,151539.2031250000,132979.7812500000,144253.8593750000,,,
22.2879999639,174,147087.4843750000,194650.2656250000,172071.7187500000,148262.7968750000,119922.0937500000,151932.1718750000,133365.7812500000,144552.5468750000,,,
22.2919999638,174,147174.8125000000,193093.6250000000,172805.4375000000,148374.3750000000,120008.7031250000,152015.6718750000,133450.5937500000,144644.9843750000,,,
22.2959999640,174,146806.4062500000,193509.9843750000,171926.9375000000,147890.6093750000,119658.6171875000,151676.8281250000,133121.5937500000,144400.1562500000,,,
22.2999999640,174,146502.7656250000,195334.7187500000,170677.4062500000,147499.5468750000,119366.1250000000,151389.0468750000,132843.1562500000,144169.3437500000,,,
22.3039999639,174,146670.4218750000,196107.0781250000,170847.1562500000,147721.7656250000,119525.3906250000,151537.2968750000,132991.8750000000,144261.2968750000,,,
22.3079999639,174,147096.5781250000,194675.4062500000,172075.0468750000,148264.6718750000,119939.5546875000,151934.6406250000,133381.2031250000,144560.1093750000,,,
22.3119999638,174,147188.0156250000,193073.8281250000,172811.8750000000,148385.4062500000,120027.3671875000,152025.7812500000,133468.2968750000,144654.8750000000,,,
22.3159999640,174,146806.6562500000,193484.3437500000,171944.3750000000,147890.2968750000,119663.5000000000,151681.0625000000,133129.1562500000,144399.7968750000,,,
22.3199999640,174,146480.0468750000,195331.2812500000,170680.0625000000,147479.2656250000,119346.7812500000,151376.2343750000,132828.8906250000,144151.3125000000,,,
22.3239999639,174,146654.2968750000,196123.4531250000,170836.8125000000,147710.3750000000,119508.4921875000,151530.5000000000,132976.0000000000,144248.1250000000,,,
22.3279999639,174,147085.6250000000,194674.5625000000,172056.4843750000,148253.7812500000,119923.5703125000,151933.8593750000,133366.5312500000,144550.7031250000,,,
22.3319999638,174,147187.5312500000,193031.3125000000,172800.4218750000,148380.2812500000,120024.2812500000,152031.9531250000,133460.9218750000,144652.0312500000,,,
22.3359999638,174,146817.9687500000,193428.0468750000,171950.9687500000,147896.1093750000,119672.7812500000,151694.2500000000,133127.9531250000,144407.0937500000,,,
22.3399999640,174,146483.1562500000,195316.0781250000,170693.2343750000,147468.4375000000,119348.3671875000,151381.5937500000,132826.0156250000,144152.5312500000,,,
22.3439999640,174,146638.3437500000,196147.6718750000,170835.9843750000,147692.0312500000,119492.0000000000,151518.9687500000,132960.1718750000,144231.0937500000,,,
22.3479999639,174,147059.4531250000,194693.4843750000,172037.6093750000,148238.9062500000,119898.2187500000,151908.1406250000,133340.8906250000,144522.9687500000,,,
22.3519999639,174,147157.6406250000,193002.5000000000,172770.3281250000,148374.4375000000,119995.0781250000,152001.7187500000,133435.5156250000,144621.7187500000,,,
22.3559999638,174,146782.4531250000,193380.8125000000,171923.7187500000,147894.3125000000,119638.2578125000,151657.1562500000,133102.5000000000,144373.9218750000,,,
22.3599999640,174,146457.3437500000,195297.8593750000,170672.9062500000,147481.4375000000,119326.2421875000,151350.3437500000,132808.2812500000,144129.8281250000,,,
22.3639999640,174,146628.0468750000,196166.6250000000,170822.1718750000,147713.9375000000,119486.6093750000,151504.2187500000,132955.9375000000,144227.4375000000,,,
22.3679999639,174,147063.5312500000,194706.3593750000,172025.9687500000,148268.1406250000,119905.4375000000,151912.1093750000,133348.9375000000,144532.8906250000,,,
22.3719999639,174,147168.8906250000,192986.5156250000,172769.3906250000,148396.7968750000,120006.1796875000,152012.1562500000,133447.2343750000,144634.2187500000,,,
22.3759999638,174,146796.5468750000,193359.2187500000,171940.1562500000,147915.7187500000,119648.3437500000,151668.0000000000,133111.4218750000,144386.5000000000,,,
22.3799999638,174,146463.2500000000,195303.4375000000,170687.1718750000,147492.7656250000,119324.3359375000,151353.9687500000,132803.5156250000,144135.5468750000,,,
22.3839999640,174,146624.3750000000,196194.9218750000,170815.8125000000,147706.7031250000,119474.3515625000,151498.5156250000,132942.5000000000,144224.8906250000,,,
22.3879999639,174,147063.5781250000,194720.7500000000,172009.3125000000,148260.8906250000,119897.2031250000,151909.7656250000,133339.4375000000,144529.7500000000,,,
22.3919999639,174,147182.4375000000,192966.2968750000,172764.9375000000,148406.1093750000,120012.3515625000,152022.5781250000,133450.1875000000,144641.6250000000,,,
22.3959999639,174,146813.0625000000,193326.7343750000,171952.4531250000,147924.8906250000,119661.9453125000,151679.9843750000,133120.0156250000,144397.8906250000,,,
22.3999999638,175,146483.9843750000,195302.9375000000,170708.6562500000,147502.1562500000,119348.0156250000,151369.4375000000,132820.4062500000,144155.9375000000,,,
22.4039999638,175,146644.3750000000,196230.2031250000,170835.6250000000,147717.7187500000,119502.1640625000,151511.7656250000,132962.1875000000,144242.5937500000,,,
22.4079999637,175,147084.0781250000,194744.9218750000,172023.2343750000,148274.2500000000,119929.7890625000,151923.8750000000,133364.9218750000,144545.4375000000,,,
22.4119999637,175,147200.0312500000,192953.0156250000,172780.1718750000,148408.4687500000,120046.3828125000,152036.1250000000,133480.2812500000,144655.5156250000,,,
22.4159999636,175,146825.7187500000,193298.2968750000,171974.8750000000,147922.3125000000,119690.8046875000,151695.1093750000,133146.5625000000,144408.6250000000,,,
22.4199999636,175,146480.1250000000,195296.7656250000,170723.1875000000,147489.4687500000,119356.7343750000,151373.2031250000,132829.2343750000,144149.5468750000,,,
22.4239999638,175,146636.4375000000,196249.3281250000,170834.8750000000,147703.4531250000,119499.9375000000,151513.9375000000,132961.1093750000,144232.6718750000,,,
22.4279999638,175,147083.1406250000,194765.0625000000,172016.7656250000,148256.5156250000,119928.3437500000,151934.3750000000,133364.2500000000,144541.9375000000,,,
22.4319999637,175,147205.2500000000,192947.0156250000,172780.9843750000,148410.0781250000,120045.9531250000,152051.5781250000,133479.5625000000,144656.8437500000,,,
22.4359999637,175,146828.8593750000,193276.7656250000,171986.6718750000,147929.6406250000,119686.5937500000,151702.0937500000,133141.5000000000,144411.0312500000,,,
22.4399999636,175,146485.0625000000,195295.6562500000,170736.6562500000,147496.7031250000,119354.4296875000,151379.5781250000,132823.2500000000,144156.7968750000,,,
22.4439999638,175,146641.7812500000,196280.2968750000,170837.9062500000,147704.3281250000,119498.6250000000,151517.5781250000,132953.5312500000,144240.9375000000,,,
22.4479999638,175,147084.7500000000,194793.9531250000,172006.4062500000,148263.6562500000,119924.1328125000,151929.9218750000,133354.9218750000,144545.2343750000,,,
22.4519999637,175,147206.2031250000,192940.9218750000,172768.3281250000,148419.5000000000,120041.4218750000,152046.0625000000,133473.7656250000,144658.7343750000,,,
22.4559999637,175,146825.4218750000,193251.2812500000,171981.4687500000,147931.7343750000,119678.0078125000,151695.9218750000,133135.8593750000,144408.7031250000,,,
22.4599999636,175,146476.0781250000,195290.1875000000,170733.4375000000,147489.9687500000,119342.2500000000,151366.1875000000,132818.1875000000,144149.6875000000,,,
22.4639999636,175,146626.7343750000,196299.2656250000,170827.5312500000,147698.4375000000,119482.1796875000,151497.2500000000,132943.6562500000,144226.5000000000,,,
22.4679999638,175,147069.4531250000,194811.8125000000,171990.7500000000,148253.9218750000,119909.2187500000,151911.8437500000,133344.7812500000,144528.0156250000,,,
22.4719999637,175,147203.0000000000,192930.9531250000,172762.0156250000,148419.0156250000,120040.0546875000,152044.5000000000,133475.6250000000,144654.0781250000,,,
22.4759999637,175,146828.5156250000,193230.6250000000,171992.5781250000,147939.6250000000,119682.5703125000,151703.8593750000,133142.2187500000,144413.0781250000,,,
22.4799999637,175,146475.6093750000,195288.6093750000,170742.4687500000,147499.6250000000,119342.4375000000,151374.4531250000,132819.6250000000,144152.6093750000,,,
22.4839999636,175,146625.3906250000,196325.5468750000,170826.9062500000,147696.6093750000,119485.6171875000,151509.5312500000,132953.7343750000,144232.4062500000,,,
22.4879999638,175,147075.7343750000,194824.7187500000,171984.6406250000,148258.6406250000,119922.0625000000,151935.5781250000,133365.6406250000,144545.0468750000,,,
22.4919999638,175,147201.0156250000,192909.1406250000,172757.3437500000,148417.0312500000,120042.9218750000,152058.3437500000,133483.5312500000,144661.9843750000,,,
22.4959999637,175,146820.1250000000,193198.5000000000,171997.9843750000,147933.4843750000,119678.6015625000,151712.2812500000,133144.8750000000,144412.7500000000,,,
22.4999999637,175,146462.2343750000,195280.1093750000,170747.0156250000,147488.6093750000,119332.2734375000,151376.9531250000,132817.6718750000,144146.0312500000,,,
22.5039999636,175,146613.7968750000,196337.9375000000,170815.5156250000,147684.0312500000,119476.8437500000,151506.7968750000,132947.3906250000,144223.6250000000,,,
22.5079999636,175,147072.1093750000,194836.7343750000,171968.3593750000,148251.6093750000,119920.7734375000,151935.4687500000,133362.9687500000,144540.3281250000,,,
22.5119999638,175,147205.8125000000,192890.6250000000,172747.7812500000,148425.9843750000,120050.0625000000,152064.4062500000,133487.7343750000,144662.1718750000,,,
22.5159999637,175,146833.0937500000,193171.7812500000,172005.9843750000,147952.7812500000,119691.8515625000,151722.9062500000,133149.8125000000,144420.6406250000,,,
22.5199999637,175,146471.2500000000,195282.7656250000,170755.6250000000,147490.1562500000,119339.1953125000,151380.9218750000,132819.4375000000,144153.3125000000,,,
22.5239999637,175,146617.5781250000,196380.2187500000,170817.5468750000,147673.7812500000,119475.9609375000,151506.5625000000,132947.5781250000,144228.6250000000,,,
22.5279999636,176,147070.5312500000,194863.3437500000,171959.7187500000,148237.1093750000,119914.6328125000,151930.3125000000,133361.4843750000,144539.4687500000,,,
22.5319999636,176,147209.2812500000,192869.5156250000,172739.6718750000,148416.6250000000,120048.4765625000,152062.6093750000,133490.5625000000,144662.7968750000,,,
22.5359999635,176,146837.6093750000,193130.7656250000,172010.2187500000,147949.6250000000,119687.7734375000,151716.2500000000,133151.0468750000,144421.3593750000,,,
22.5399999635,176,146472.5625000000,195274.8750000000,170767.6406250000,147499.3906250000,119334.9296875000,151372.0937500000,132816.3593750000,144153.0937500000,,,
22.5439999634,176,146615.5781250000,196404.3281250000,170825.1093750000,147686.8437500000,119471.3203125000,151496.4687500000,132937.4531250000,144224.5156250000,,,
22.5479999634,176,147069.6718750000,194886.3281250000,171961.5625000000,148247.3281250000,119910.3437500000,151920.2812500000,133349.8437500000,144532.0312500000,,,
22.5519999636,176,147211.4218750000,192851.7968750000,172743.2187500000,148431.7500000000,120046.2500000000,152060.1875000000,133488.5156250000,144657.1875000000,,,
22.5559999635,176,146841.5156250000,193089.5156250000,172026.0937500000,147968.9843750000,119689.4921875000,151719.2343750000,133160.1406250000,144420.8281250000,,,
22.5599999635,176,146470.5000000000,195267.0468750000,170790.0625000000,147506.8750000000,119330.4531250000,151366.6250000000,132820.6718750000,144149.0625000000,,,
22.5639999635,176,146607.9531250000,196441.7656250000,170837.7968750000,147687.8906250000,119458.8437500000,151483.5625000000,132933.4687500000,144217.3281250000,,,
22.5679999634,176,147063.4531250000,194911.2500000000,171958.6093750000,148252.4687500000,119899.8281250000,151916.4218750000,133339.0468750000,144527.1250000000,,,
22.5719999636,176,147212.8281250000,192832.7812500000,172744.3125000000,148437.2968750000,120046.9765625000,152068.6406250000,133480.5781250000,144660.3437500000,,,
22.5759999636,176,146839.7187500000,193057.3281250000,172037.6875000000,147968.0000000000,119689.0625000000,151722.0781250000,133146.5937500000,144420.5000000000,,,
22.5799999635,176,146465.7968750000,195270.1875000000,170802.9843750000,147505.0156250000,119328.0859375000,151367.7031250000,132803.9843750000,144149.2343750000,,,
22.5839999635,176,146602.6250000000,196481.4375000000,170846.6250000000,147684.1875000000,119457.8046875000,151491.0781250000,132923.6718750000,144216.8750000000,,,
22.5879999634,176,147062.2187500000,194936.1093750000,171962.7500000000,148243.7500000000,119901.6796875000,151924.7187500000,133340.8437500000,144526.1875000000,,,
22.5919999634,176,147221.8593750000,192798.0156250000,172752.4218750000,148438.0312500000,120056.4453125000,152076.9218750000,133490.5312500000,144665.8750000000,,,
22.5959999636,176,146850.5312500000,192998.5625000000,172061.3125000000,147971.0312500000,119699.1484375000,151730.8906250000,133157.6718750000,144431.1250000000,,,
22.5999999635,176,146465.1875000000,195250.2187500000,170830.9375000000,147495.8750000000,119326.2656250000,151364.3906250000,132806.0312500000,144148.9531250000,,,
22.6039999635,176,146596.5000000000,196501.9531250000,170864.0625000000,147667.4531250000,119450.8515625000,151478.3593750000,132918.9843750000,144208.9843750000,,,
22.6079999635,176,147064.7343750000,194950.4375000000,171971.3281250000,148238.3437500000,119905.1406250000,151913.7343750000,133342.5000000000,144521.2968750000,,,
22.6119999634,176,147229.3125000000,192756.7968750000,172755.0937500000,148441.6718750000,120064.4375000000,152070.1718750000,133494.2656250000,144661.6718750000,,,
22.6159999636,176,146859.3906250000,192929.8750000000,172075.1093750000,147975.7968750000,119709.5234375000,151732.0000000000,133163.0625000000,144431.2343750000,,,
22.6199999636,176,146469.9062500000,195219.1875000000,170857.5625000000,147499.3281250000,119333.0781250000,151365.5468750000,132807.9375000000,144150.8125000000,,,
22.6239999635,176,146598.4062500000,196522.1562500000,170888.8437500000,147668.3906250000,119454.3125000000,151475.8437500000,132916.5156250000,144210.2500000000,,,
22.6279999635,176,147069.5312500000,194982.7343750000,171988.3906250000,148236.6718750000,119910.2656250000,151914.6875000000,133341.4531250000,144525.0937500000,,,
22.6319999634,176,147250.4062500000,192756.4687500000,172776.6875000000,148451.8906250000,120084.5000000000,152087.8906250000,133509.2031250000,144683.0937500000,,,
22.6359999634,176,146879.0468750000,192904.6406250000,172105.3906250000,147991.6875000000,119726.6093750000,151743.5781250000,133177.6250000000,144449.0781250000,,,
22.6399999636,176,146485.8906250000,195211.0312500000,170884.3437500000,147514.1718750000,119344.7421875000,151374.0781250000,132818.8281250000,144166.5781250000,,,
22.6439999635,176,146606.1875000000,196556.8906250000,170906.1718750000,147673.9531250000,119456.7031250000,151482.0468750000,132917.1250000000,144220.7031250000,,,
22.6479999635,176,147080.3125000000,195017.7343750000,171994.4531250000,148246.1718750000,119916.2734375000,151928.8125000000,133349.2343750000,144537.8593750000,,,
22.6519999634,176,147255.0625000000,192760.6250000000,172780.6406250000,148459.5625000000,120086.4296875000,152097.3593750000,133518.0781250000,144689.4843750000,,,
22.6559999634,177,146885.5937500000,192889.8281250000,172117.4062500000,148002.6250000000,119728.3046875000,151751.1250000000,133183.1250000000,144458.7343750000,,,
22.6599999634,177,146491.1250000000,195212.3750000000,170896.4062500000,147511.8125000000,119345.2812500000,151375.6093750000,132819.8125000000,144175.2656250000,,,
22.6639999633,177,146610.0468750000,196588.1406250000,170910.2968750000,147670.4843750000,119460.4062500000,151478.8281250000,132921.2656250000,144228.6718750000,,,
22.6679999633,177,147084.6875000000,195054.2656250000,171996.0625000000,148248.4687500000,119924.6406250000,151923.2656250000,133355.0000000000,144545.0156250000,,,
22.6719999632,177,147264.7968750000,192771.4843750000,172789.0625000000,148465.3281250000,120101.6953125000,152097.9531250000,133529.5781250000,144696.4218750000,,,
22.6759999632,177,146894.9218750000,192882.3437500000,172138.1562500000,148008.4375000000,119745.4140625000,151755.6250000000,133198.9531250000,144460.8281250000,,,
22.6799999634,177,146495.1718750000,195216.8593750000,170918.0000000000,147522.9375000000,119357.5156250000,151377.2968750000,132832.8593750000,144173.4687500000,,,
22.6839999633,177,146607.5000000000,196609.2500000000,170919.6562500000,147678.9843750000,119465.6328125000,151476.3750000000,132932.1406250000,144221.5625000000,,,
22.6879999633,177,147074.8750000000,195075.0312500000,171992.6250000000,148245.4687500000,119919.5937500000,151922.7031250000,133359.1250000000,144532.8125000000,,,
22.6919999633,177,147250.2343750000,192773.5312500000,172785.8125000000,148466.7812500000,120088.7656250000,152091.2031250000,133523.5000000000,144680.9218750000,,,
22.6959999632,177,146874.2187500000,192866.1718750000,172139.7656250000,148005.6875000000,119725.5937500000,151742.9687500000,133184.2500000000,144442.4218750000,,,
22.6999999634,177,146473.1718750000,195208.1718750000,170912.8281250000,147514.9218750000,119335.2812500000,151365.4687500000,132819.8906250000,144154.0781250000,,,
22.7039999634,177,146595.5625000000,196627.8906250000,170906.5468750000,147670.4375000000,119449.0000000000,151473.8125000000,132926.2968750000,144212.6562500000,,,
22.7079999633,177,147063.7656250000,195097.0468750000,171971.2031250000,148244.3125000000,119901.3046875000,151914.1093750000,133349.0937500000,144522.6250000000,,,
22.7119999633,177,147250.1093750000,192763.2343750000,172765.1562500000,148467.4843750000,120080.9296875000,152092.9687500000,133522.0156250000,144678.1406250000,,,
22.7159999632,177,146881.1718750000,192835.2500000000,172130.7343750000,148010.4218750000,119724.4140625000,151751.6250000000,133190.7187500000,144446.4218750000,,,
22.7199999632,177,146473.3593750000,195187.2968750000,170907.5625000000,147513.5156250000,119330.2890625000,151368.9531250000,132818.9843750000,144156.3906250000,,,
22.7239999634,177,146588.7812500000,196630.5468750000,170890.9687500000,147666.5625000000,119440.0156250000,151471.1718750000,132919.6562500000,144209.3906250000,,,
22.7279999633,177,147056.4687500000,195112.9843750000,171950.5156250000,148235.5781250000,119894.9453125000,151909.0156250000,133343.8437500000,144515.5937500000,,,
22.7319999633,177,147246.7812500000,192760.0312500000,172750.6406250000,148471.0468750000,120078.8906250000,152092.3437500000,133518.3125000000,144674.2656250000,,,
22.7359999632,177,146881.3593750000,192814.3281250000,172131.9062500000,148021.0312500000,119726.9375000000,151753.1875000000,133191.0937500000,144446.9531250000,,,
22.7399999632,177,146468.4218750000,195184.3281250000,170909.8750000000,147512.8593750000,119326.6406250000,151367.1875000000,132812.5156250000,144153.0625000000,,,
22.7439999634,177,146575.6562500000,196660.6875000000,170883.4218750000,147652.9375000000,119427.0078125000,151459.5625000000,132900.7343750000,144198.9531250000,,,
22.7479999634,177,147055.6406250000,195145.7187500000,171937.5312500000,148236.0312500000,119892.9062500000,151905.9375000000,133334.0468750000,144517.8906250000,,,
22.7519999633,177,147247.4687500000,192759.5312500000,172738.1406250000,148475.2500000000,120080.7968750000,152090.9843750000,133514.0312500000,144676.8750000000,,,
22.7559999633,177,146878.5312500000,192792.8125000000,172127.9375000000,148026.8125000000,119727.0937500000,151751.5781250000,133186.2812500000,144447.5625000000,,,
22.7599999632,177,146466.1250000000,195171.5625000000,170907.5156250000,147527.6250000000,119330.1015625000,151362.2031250000,132814.4062500000,144153.9531250000,,,
22.7639999632,177,146567.6093750000,196672.2187500000,170869.4218750000,147666.4375000000,119425.8281250000,151449.9843750000,132897.2812500000,144192.9687500000,,,
22.7679999634,177,147045.3125000000,195158.9218750000,171912.9375000000,148237.5781250000,119888.6171875000,151902.4687500000,133328.3593750000,144508.2343750000,,,
22.7719999633,177,147243.7968750000,192756.7968750000,172720.5781250000,148473.0625000000,120078.2500000000,152089.6093750000,133507.1093750000,144670.0312500000,,,
22.7759999633,177,146880.8750000000,192772.2656250000,172126.0625000000,148023.0937500000,119727.8203125000,151750.9375000000,133177.8906250000,144444.2500000000,,,
22.7799999632,177,146463.5468750000,195168.0468750000,170906.1406250000,147518.5156250000,119324.8671875000,151357.3906250000,132797.2812500000,144145.7187500000,,,
22.7839999632,178,146564.3906250000,196694.5468750000,170858.9062500000,147650.3750000000,119418.7500000000,151446.0156250000,132888.6406250000,144185.8125000000,,,
22.7879999632,178,147048.4531250000,195182.8437500000,171900.3593750000,148230.9062500000,119887.4609375000,151905.8750000000,133329.0000000000,144510.0312500000,,,
22.7919999631,178,147257.8281250000,192749.8906250000,172714.8437500000,148485.0781250000,120087.9062500000,152106.5937500000,133523.2031250000,144685.6406250000,,,
22.7959999631,178,146904.6875000000,192750.9375000000,172138.7812500000,148046.7500000000,119745.2031250000,151774.4531250000,133204.6093750000,144470.2656250000,,,
22.7999999630,178,146484.9218750000,195167.1875000000,170930.4218750000,147529.4531250000,119340.1328125000,151375.5781250000,132821.2187500000,144173.1562500000,,,
22.8039999630,178,146583.5781250000,196728.0625000000,170878.7343750000,147649.7500000000,119436.5312500000,151458.8125000000,132905.5156250000,144212.1718750000,,,
22.8079999632,178,147062.9687500000,195222.0156250000,171912.4218750000,148226.5937500000,119904.7109375000,151907.3593750000,133338.5625000000,144526.2656250000,,,
22.8119999631,178,147269.6093750000,192762.0156250000,172728.2031250000,148478.6875000000,120105.0703125000,152104.6875000000,133531.2656250000,144691.6250000000,,,
22.8159999631,178,146908.0625000000,192731.1718750000,172157.0937500000,148038.9218750000,119754.9609375000,151770.0312500000,133208.4687500000,144466.0781250000,,,
22.8199999630,178,146483.3125000000,195147.3593750000,170943.0781250000,147528.3593750000,119341.0468750000,151370.8281250000,132819.9531250000,144165.2187500000,,,
22.8239999630,178,146575.7656250000,196736.8593750000,170878.4062500000,147649.7500000000,119424.1406250000,151449.3750000000,132893.9218750000,144199.3906250000,,,
22.8279999632,178,147055.7812500000,195237.2968750000,171897.8125000000,148229.3281250000,119888.2421875000,151901.2656250000,133325.8906250000,144513.9218750000,,,
22.8319999631,178,147266.6718750000,192744.9687500000,172710.8125000000,148484.1562500000,120090.6406250000,152104.2656250000,133521.4218750000,144688.0000000000,,,
22.8359999631,178,146906.0625000000,192689.2031250000,172151.9218750000,148045.5937500000,119740.5312500000,151769.4062500000,133199.1406250000,144467.0468750000,,,
22.8399999631,178,146476.2031250000,195119.4375000000,170940.1250000000,147529.0781250000,119321.4609375000,151360.5156250000,132805.4687500000,144159.4218750000,,,
22.8439999630,178,146569.8906250000,196743.3906250000,170871.1093750000,147650.7968750000,119408.8750000000,151436.1250000000,132880.2500000000,144190.9687500000,,,
22.8479999630,178,147049.2656250000,195255.8593750000,171888.6718750000,148228.0156250000,119878.9609375000,151887.4062500000,133318.0937500000,144501.8281250000,,,
22.8519999632,178,147264.4531250000,192738.6250000000,172708.1093750000,148490.0156250000,120094.6093750000,152098.1406250000,133527.1406250000,144677.1406250000,,,
22.8559999631,178,146906.5156250000,192655.4062500000,172160.2968750000,148052.9218750000,119751.8750000000,151765.1406250000,133207.8750000000,144457.3593750000,,,
22.8599999631,178,146474.6718750000,195094.6250000000,170951.1718750000,147528.2968750000,119333.5312500000,151359.5625000000,132815.1718750000,144155.5312500000,,,
22.8639999630,178,146560.4062500000,196747.8593750000,170871.3906250000,147635.1406250000,119413.5156250000,151436.3593750000,132884.9218750000,144188.5156250000,,,
22.8679999630,178,147042.9218750000,195285.5000000000,171886.1406250000,148210.1250000000,119882.5312500000,151891.6093750000,133319.7343750000,144505.4062500000,,,
22.8719999632,178,147262.9843750000,192755.3125000000,172710.9531250000,148476.2968750000,120098.2343750000,152105.2187500000,133528.9062500000,144684.0937500000,,,
22.8759999631,178,146902.9375000000,192646.6875000000,172170.7187500000,148035.5312500000,119750.9140625000,151773.6562500000,133208.9843750000,144463.4687500000,,,
22.8799999631,178,146470.0156250000,195085.7187500000,170960.5468750000,147509.1562500000,119329.4062500000,151365.3906250000,132814.1875000000,144159.0468750000,,,
22.8839999631,178,146554.6406250000,196753.5468750000,170867.8125000000,147619.3906250000,119406.2734375000,151436.8125000000,132884.2500000000,144186.3750000000,,,
22.8879999630,178,147033.9687500000,195294.5312500000,171871.9062500000,148194.3281250000,119872.0703125000,151888.9531250000,133320.2343750000,144497.8906250000,,,
22.8919999630,178,147259.4062500000,192755.1250000000,172700.9687500000,148470.9687500000,120092.6250000000,152107.2656250000,133529.0156250000,144684.0625000000,,,
22.8959999632,178,146910.9687500000,192635.5468750000,172174.2656250000,148041.7500000000,119758.4531250000,151787.8593750000,133218.6875000000,144478.4375000000,,,
22.8999999631,178,146473.1250000000,195071.7500000000,170962.3593750000,147517.3281250000,119333.8593750000,151375.8750000000,132815.4375000000,144170.9843750000,,,
22.9039999631,178,146547.2812500000,196764.7656250000,170864.9687500000,147614.1562500000,119400.9140625000,151439.2343750000,132869.7812500000,144191.2031250000,,,
22.9079999630,178,147035.3906250000,195328.2968750000,171872.9218750000,148195.7656250000,119875.3906250000,151897.8437500000,133312.4062500000,144510.6093750000,,,
22.9119999630,179,147270.7500000000,192774.9531250000,172713.8750000000,148475.5312500000,120103.7031250000,152119.6875000000,133535.2968750000,144694.7656250000,,,
22.9159999629,179,146928.5000000000,192632.0468750000,172203.8281250000,148059.7031250000,119771.9687500000,151797.8750000000,133228.9375000000,144483.4531250000,,,
22.9199999629,179,146490.9843750000,195067.4531250000,170994.0937500000,147529.6406250000,119347.5859375000,151380.8437500000,132829.4687500000,144172.3281250000,,,
22.9239999629,179,146560.4062500000,196775.4375000000,170883.1562500000,147624.4843750000,119409.5234375000,151437.2812500000,132882.3125000000,144187.0781250000,,,
22.9279999628,179,147043.2812500000,195342.0625000000,171877.6718750000,148201.5156250000,119877.7265625000,151887.2187500000,133316.6093750000,144498.9375000000,,,
22.9319999628,179,147280.2812500000,192773.9531250000,172722.7500000000,148491.0781250000,120108.0781250000,152115.9531250000,133536.4218750000,144686.8750000000,,,
22.9359999630,179,146930.7812500000,192608.3281250000,172216.7187500000,148070.4843750000,119770.8671875000,151796.6093750000,133226.2500000000,144477.1875000000,,,
22.9399999629,179,146488.6718750000,195047.1250000000,171003.1562500000,147532.2187500000,119342.5703125000,151383.5156250000,132826.3906250000,144170.7187500000,,,
22.9439999629,179,146563.1875000000,196778.5781250000,170883.1250000000,147629.1875000000,119410.0546875000,151444.7500000000,132884.3750000000,144193.0625000000,,,
22.9479999628,179,147050.0625000000,195366.6406250000,171877.6875000000,148208.4062500000,119882.3125000000,151896.1406250000,133322.5468750000,144508.6250000000,,,
22.9519999628,179,147287.5468750000,192788.4687500000,172725.0312500000,148492.3125000000,120113.0625000000,152122.8125000000,133545.9375000000,144698.0312500000,,,
22.9559999630,179,146940.5000000000,192603.3437500000,172229.0312500000,148070.4531250000,119779.2656250000,151802.0781250000,133238.4843750000,144487.0312500000,,,
22.9599999629,179,146497.2656250000,195027.9843750000,171012.2187500000,147536.4843750000,119351.2109375000,151385.5937500000,132836.4218750000,144174.9218750000,,,
22.9639999629,179,146567.8281250000,196763.9531250000,170880.0000000000,147631.4062500000,119415.2578125000,151445.1093750000,132892.8750000000,144193.1875000000,,,
22.9679999629,179,147047.2500000000,195371.2968750000,171871.4375000000,148206.3906250000,119879.6328125000,151892.1250000000,133323.7500000000,144503.6093750000,,,
22.9719999628,179,147281.4375000000,192795.3125000000,172724.4375000000,148493.1718750000,120108.9375000000,152113.7031250000,133542.6406250000,144686.2343750000,,,
22.9759999628,179,146935.6875000000,192585.7500000000,172234.2656250000,148075.2031250000,119775.5078125000,151795.4531250000,133234.9375000000,144475.4375000000,,,
22.9799999630,179,146483.9375000000,195000.4375000000,171005.8906250000,147531.8750000000,119335.8671875000,151370.2968750000,132820.3593750000,144155.9375000000,,,
22.9839999629,179,146549.3437500000,196752.0156250000,170859.3593750000,147616.1718750000,119394.2578125000,151421.7500000000,132869.2187500000,144166.9062500000,,,
22.9879999629,179,147030.3281250000,195372.8593750000,171845.5625000000,148189.1718750000,119863.6171875000,151869.2656250000,133302.0000000000,144476.9687500000,,,
22.9919999628,179,147271.1093750000,192786.8281250000,172707.9375000000,148482.5781250000,120098.2890625000,152097.6562500000,133525.1250000000,144667.4062500000,,,
22.9959999628,179,146935.7500000000,192558.7343750000,172234.2187500000,148074.9687500000,119774.1406250000,151788.7500000000,133225.5000000000,144466.9062500000,,,
22.9999999630,179,146498.8906250000,194968.9375000000,171016.5156250000,147542.0625000000,119350.4296875000,151374.5312500000,132828.3437500000,144162.5781250000,,,
23.0039999629,179,146557.9375000000,196737.9062500000,170863.9062500000,147621.7812500000,119403.8593750000,151420.8593750000,132876.1718750000,144172.5625000000,,,
23.0079999629,179,147036.5468750000,195381.6250000000,171844.4062500000,148196.6093750000,119869.0625000000,151869.5937500000,133309.2343750000,144482.1718750000,,,
23.0119999629,179,147285.7031250000,192796.8906250000,172712.6875000000,148494.6250000000,120112.6328125000,152108.3281250000,133540.4218750000,144680.3281250000,,,
23.0159999628,179,146951.5937500000,192554.4375000000,172247.0000000000,148085.4531250000,119790.3671875000,151797.9843750000,133239.0468750000,144481.3593750000,,,
23.0199999628,179,146502.1718750000,194951.4218750000,171020.4062500000,147542.4687500000,119354.9921875000,151378.2968750000,132829.4218750000,144169.9843750000,,,
23.0239999630,179,146550.5625000000,196736.3906250000,170854.2500000000,147613.1875000000,119401.2578125000,151418.9218750000,132872.0625000000,144171.4062500000,,,
23.0279999629,179,147033.5937500000,195402.8125000000,171834.3750000000,148184.5781250000,119872.7890625000,151871.2500000000,133314.0625000000,144487.0781250000,,,
23.0319999629,179,147288.4531250000,192827.4062500000,172716.9531250000,148488.5312500000,120119.1562500000,152115.2812500000,133550.1562500000,144690.4375000000,,,
23.0359999628,179,146959.6250000000,192561.6093750000,172262.1875000000,148086.5468750000,119803.9921875000,151814.5000000000,133260.6093750000,144496.3281250000,,,
23.0399999628,180,146515.7968750000,194930.0468750000,171030.8125000000,147545.8437500000,119375.2421875000,151400.3437500000,132860.9375000000,144187.5625000000,,,
23.0439999627,180,146568.0781250000,196724.2656250000,170859.4531250000,147617.5625000000,119422.2890625000,151445.2187500000,132902.7031250000,144194.9375000000,,,
23.0479999627,180,147036.5156250000,195441.7656250000,171838.0312500000,148176.4531250000,119875.4218750000,151883.6250000000,133324.7500000000,144496.8750000000,,,
23.0519999627,180,147289.2968750000,192901.9843750000,172726.2187500000,148484.2656250000,120121.2421875000,152125.2812500000,133562.9843750000,144693.9531250000,,,
23.0559999626,180,146969.7656250000,192612.1093750000,172276.8906250000,148096.2656250000,119815.3125000000,151834.6718750000,133285.6562500000,144502.3750000000,,,
23.0599999626,180,146524.4531250000,194906.0156250000,171026.0312500000,147555.4531250000,119385.5156250000,151420.0781250000,132883.2812500000,144190.9687500000,,,
23.0639999628,180,146566.9375000000,196671.4218750000,170834.1875000000,147622.4687500000,119420.0625000000,151453.6406250000,132910.4218750000,144193.3750000000,,,
23.0679999627,180,147025.1718750000,195450.0000000000,171830.5937500000,148177.7500000000,119862.6015625000,151888.8750000000,133322.6718750000,144493.3281250000,,,
23.0719999627,180,147277.2812500000,192957.5000000000,172737.7500000000,148474.4531250000,120109.7109375000,152145.4843750000,133567.0468750000,144695.7500000000,,,
23.0759999626,180,146966.5937500000,192634.5625000000,172288.2031250000,148089.0468750000,119811.9609375000,151866.9375000000,133299.6718750000,144510.0937500000,,,
23.0799999626,180,146536.0937500000,194874.7968750000,171028.6718750000,147553.4062500000,119397.9843750000,151459.1406250000,132912.4375000000,144208.8281250000,,,
23.0839999628,180,146582.7968750000,196646.3125000000,170834.0468750000,147617.2187500000,119440.9062500000,151493.7343750000,132951.7343750000,144214.5156250000,,,
23.0879999627,180,147046.7343750000,195471.5937500000,171837.9687500000,148178.3281250000,119891.1640625000,151928.9687500000,133371.0156250000,144518.7343750000,,,
23.0919999627,180,147304.1562500000,193013.6875000000,172766.0156250000,148487.5937500000,120142.5390625000,152176.3906250000,133609.1093750000,144722.0156250000,,,
23.0959999627,180,146994.3593750000,192678.9062500000,172329.5625000000,148106.8750000000,119845.5937500000,151891.9843750000,133332.9218750000,144535.8750000000,,,
23.0999999626,180,146553.8750000000,194861.1250000000,171045.5312500000,147563.8750000000,119419.9843750000,151483.3593750000,132938.5000000000,144226.0468750000,,,
23.1039999626,180,146593.8437500000,196594.6562500000,170825.8437500000,147623.0156250000,119453.3515625000,151517.1718750000,132968.9218750000,144230.1250000000,,,
23.1079999628,180,147048.0000000000,195476.6250000000,171839.3125000000,148179.7343750000,119894.4140625000,151942.5000000000,133380.9687500000,144530.8281250000,,,
23.1119999627,180,147299.5156250000,193103.0625000000,172789.6406250000,148493.1718750000,120139.9921875000,152179.2031250000,133618.3593750000,144728.7500000000,,,
23.1159999627,180,146999.7187500000,192743.6718750000,172349.5468750000,148110.4531250000,119853.7734375000,151900.8125000000,133351.7812500000,144545.9218750000,,,
23.1199999626,180,146567.5312500000,194800.7968750000,171032.5000000000,147573.9843750000,119436.6953125000,151497.4843750000,132954.5937500000,144238.7343750000,,,
23.1239999626,180,146592.0781250000,196487.0156250000,170791.5625000000,147622.4218750000,119456.8593750000,151509.6093750000,132970.1250000000,144227.9218750000,,,
23.1279999628,180,147027.1093750000,195474.7031250000,171825.5000000000,148168.7812500000,119878.2109375000,151916.7500000000,133368.2500000000,144517.0468750000,,,
23.1319999627,180,147278.5625000000,193217.1406250000,172806.9531250000,148478.9062500000,120122.8281250000,152161.7187500000,133602.8125000000,144716.9218750000,,,
23.1359999627,180,146995.1875000000,192832.7031250000,172369.0468750000,148113.7187500000,119853.0000000000,151901.6406250000,133349.2031250000,144540.5156250000,,,
23.1399999626,180,146570.6406250000,194763.1562500000,171016.1718750000,147581.9218750000,119444.1250000000,151498.9687500000,132964.3281250000,144231.0937500000,,,
23.1439999626,180,146590.6875000000,196386.7343750000,170754.3593750000,147623.5000000000,119457.3750000000,151503.0468750000,132973.9062500000,144217.3906250000,,,
23.1479999626,180,147014.1562500000,195451.6562500000,171810.9843750000,148163.4531250000,119864.6953125000,151889.1406250000,133351.5156250000,144497.9218750000,,,
23.1519999627,180,147261.9375000000,193293.5312500000,172819.4375000000,148472.3125000000,120102.3125000000,152121.2031250000,133574.7500000000,144692.0468750000,,,
23.1559999627,180,146984.0625000000,192880.7031250000,172374.7031250000,148115.1718750000,119835.9375000000,151864.5000000000,133324.2656250000,144514.7343750000,,,
23.1599999627,180,146567.9687500000,194706.4375000000,170995.3281250000,147586.9062500000,119432.5859375000,151471.5000000000,132939.9062500000,144211.5156250000,,,
23.1639999626,180,146573.7031250000,196304.6093750000,170718.4218750000,147621.2343750000,119432.1015625000,151465.9531250000,132934.8281250000,144190.1562500000,,,
23.1679999626,181,146983.9687500000,195435.7031250000,171781.5937500000,148148.2968750000,119826.7109375000,151849.6875000000,133305.8593750000,144466.7812500000,,,
23.1719999625,181,147236.2343750000,193326.8593750000,172808.9375000000,148462.4687500000,120071.2500000000,152088.9375000000,133539.5625000000,144666.3906250000,,,
23.1759999625,181,146967.2656250000,192890.9843750000,172375.1093750000,148110.7500000000,119813.9140625000,151841.2343750000,133295.9687500000,144495.8281250000,,,
23.1799999624,181,146550.7656250000,194681.2968750000,170987.3281250000,147571.3593750000,119411.9062500000,151449.1093750000,132912.9375000000,144192.7656250000,,,
23.1839999624,181,146561.6406250000,196292.9687500000,170707.8437500000,147602.0312500000,119418.2656250000,151446.9062500000,132914.0937500000,144179.2187500000,,,
23.1879999624,181,146978.4687500000,195429.6406250000,171769.7343750000,148135.3125000000,119820.6250000000,151833.1875000000,133288.3437500000,144460.6562500000,,,
23.1919999626,181,147234.5468750000,193261.0468750000,172790.7656250000,148461.9218750000,120068.1875000000,152078.1093750000,133521.5156250000,144660.5156250000,,,
23.1959999625,181,146961.6250000000,192794.6875000000,172366.9531250000,148114.7968750000,119805.6796875000,151833.1718750000,133276.1718750000,144489.8750000000,,,
23.1999999625,181,146528.9843750000,194653.3750000000,170996.5937500000,147574.1718750000,119387.8515625000,151428.3750000000,132882.6875000000,144177.1718750000,,,
23.2039999624,181,146521.1093750000,196346.2812500000,170711.1406250000,147589.3750000000,119376.7187500000,151412.3593750000,132870.3281250000,144146.9687500000,,,
23.2079999624,181,146946.7968750000,195446.8906250000,171743.9375000000,148125.5156250000,119789.7265625000,151812.4687500000,133259.2500000000,144432.9062500000,,,
23.2119999626,181,147219.8750000000,193166.6250000000,172752.8437500000,148459.9218750000,120055.5078125000,152075.0156250000,133518.7187500000,144647.0468750000,,,
23.2159999625,181,146948.6250000000,192683.5156250000,172360.5937500000,148112.6406250000,119796.3515625000,151832.9843750000,133279.5000000000,144483.2187500000,,,
23.2199999625,181,146510.8281250000,194676.7343750000,171034.9218750000,147560.7500000000,119373.5781250000,151426.9218750000,132881.8906250000,144175.0312500000,,,
23.2239999624,181,146519.6875000000,196470.9843750000,170754.2031250000,147585.8281250000,119375.5078125000,151421.5625000000,132881.9843750000,144156.6250000000,,,
23.2279999624,181,146964.4218750000,195506.4843750000,171755.8125000000,148128.1718750000,119801.2031250000,151838.7187500000,133278.3125000000,144450.2187500000,,,
23.2319999624,181,147247.7656250000,193099.7656250000,172745.7031250000,148466.1875000000,120075.7578125000,152113.9375000000,133540.4531250000,144670.4375000000,,,
23.2359999625,181,146978.9375000000,192597.7812500000,172379.4531250000,148117.2656250000,119818.2890625000,151870.1250000000,133304.7812500000,144510.4218750000,,,
23.2399999625,181,146538.8281250000,194664.6718750000,171081.2656250000,147572.4843750000,119392.6250000000,151458.9687500000,132906.1093750000,144199.0937500000,,,
23.2439999625,181,146547.9531250000,196508.3125000000,170798.9375000000,147601.8437500000,119398.2578125000,151460.4218750000,132909.4062500000,144179.6406250000,,,
23.2479999624,181,146996.4218750000,195547.7656250000,171788.5156250000,148144.8281250000,119834.6484375000,151883.5625000000,133319.7343750000,144476.0781250000,,,
23.2519999624,181,147285.1875000000,193129.9687500000,172782.3281250000,148492.1562500000,120115.2890625000,152156.5312500000,133588.7187500000,144699.5156250000,,,
23.2559999626,181,146999.1562500000,192612.7812500000,172417.8125000000,148134.3437500000,119839.5312500000,151899.6562500000,133334.5312500000,144525.5156250000,,,
23.2599999625,181,146546.4843750000,194646.5937500000,171104.0156250000,147575.8593750000,119403.7578125000,151482.2812500000,132930.9218750000,144205.6093750000,,,
23.2639999625,181,146547.3593750000,196476.3750000000,170802.3906250000,147586.5000000000,119402.6562500000,151476.6562500000,132928.0156250000,144182.7343750000,,,
23.2679999624,181,146988.1250000000,195555.5937500000,171796.9062500000,148133.2968750000,119829.6328125000,151897.8125000000,133330.7500000000,144476.8593750000,,,
23.2719999624,181,147269.7656250000,193197.3750000000,172805.1250000000,148488.3750000000,120104.9609375000,152164.4531250000,133592.0781250000,144693.5625000000,,,
23.2759999624,181,146998.6718750000,192660.2343750000,172445.7656250000,148154.3593750000,119846.2656250000,151910.3125000000,133341.2343750000,144529.0000000000,,,
23.2799999625,181,146548.9687500000,194617.5781250000,171112.3750000000,147591.7656250000,119414.1875000000,151494.2968750000,132935.9531250000,144210.8593750000,,,
23.2839999625,181,146542.1562500000,196436.1093750000,170795.3750000000,147593.1093750000,119402.9531250000,151485.3906250000,132931.8281250000,144184.2500000000,,,
23.2879999625,181,146972.1250000000,195563.7968750000,171783.6875000000,148129.5156250000,119819.7343750000,151891.3437500000,133321.3437500000,144467.7968750000,,,
23.2919999624,181,147258.6562500000,193197.5312500000,172788.6875000000,148487.0000000000,120098.5000000000,152170.2187500000,133585.2187500000,144690.5468750000,,,
23.2959999624,182,146993.6250000000,192622.2187500000,172436.6718750000,148152.6718750000,119845.5703125000,151922.2500000000,133352.5000000000,144532.8437500000,,,
23.2999999623,182,146546.6093750000,194653.8906250000,171136.5156250000,147597.0468750000,119414.9921875000,151497.8593750000,132947.3593750000,144220.5000000000,,,
23.3039999623,182,146521.7968750000,196578.0312500000,170822.1093750000,147590.4687500000,119385.1406250000,151463.5000000000,132915.8437500000,144176.2187500000,,,
23.3079999622,182,146965.4375000000,195633.2968750000,171771.1875000000,148137.3750000000,119816.2265625000,151873.5625000000,133312.4843750000,144461.4062500000,,,
23.3119999622,182,147260.3281250000,193052.6718750000,172729.9062500000,148488.9843750000,120106.1484375000,152152.1875000000,133586.4218750000,144682.3437500000,,,
23.3159999622,182,146980.6250000000,192445.8125000000,172401.6406250000,148145.2031250000,119836.1250000000,151889.8437500000,133335.8281250000,144516.1875000000,,,
23.3199999623,182,146513.2968750000,194679.4218750000,171157.6875000000,147572.6875000000,119380.6093750000,151445.8906250000,132904.0312500000,144192.1093750000,,,
23.3239999623,182,146509.7656250000,196743.2968750000,170857.8125000000,147573.8750000000,119371.0078125000,151428.9062500000,132885.5312500000,144160.5937500000,,,
23.3279999623,182,146988.8281250000,195707.7812500000,171771.7968750000,148139.4375000000,119838.2734375000,151872.1406250000,133318.1250000000,144468.1093750000,,,
23.3319999622,182,147297.3593750000,192967.2343750000,172707.8906250000,148514.5468750000,120138.8125000000,152161.1718750000,133602.3750000000,144700.4531250000,,,
23.3359999622,182,147004.2187500000,192343.6562500000,172404.7968750000,148156.0781250000,119852.2734375000,151882.3593750000,133336.6562500000,144530.2031250000,,,
23.3399999624,182,146521.1250000000,194686.3906250000,171188.9531250000,147572.8281250000,119382.4843750000,151424.6406250000,132893.3125000000,144197.4062500000,,,
23.3439999623,182,146504.9062500000,196813.4375000000,170875.6406250000,147568.4843750000,119361.5078125000,151401.8750000000,132865.4687500000,144155.4218750000,,,
23.3479999623,182,146966.0312500000,195739.8281250000,171748.1718750000,148119.2500000000,119809.3281250000,151834.7500000000,133280.4843750000,144443.8906250000,,,
23.3519999622,182,147278.0000000000,192935.9687500000,172669.3437500000,148493.7968750000,120111.2109375000,152133.5000000000,133568.5312500000,144677.2812500000,,,
23.3559999622,182,146994.4375000000,192290.5156250000,172386.7812500000,148149.5312500000,119835.8593750000,151872.1718750000,133313.6093750000,144519.1093750000,,,
23.3599999622,182,146504.3906250000,194657.9375000000,171183.9375000000,147567.0312500000,119358.8828125000,151409.8125000000,132865.6875000000,144182.5156250000,,,
23.3639999623,182,146489.7500000000,196814.0937500000,170862.0781250000,147557.6718750000,119341.5234375000,151387.4843750000,132843.4531250000,144139.4843750000,,,
23.3679999623,182,146954.0625000000,195755.6406250000,171728.0312500000,148111.0156250000,119794.5234375000,151818.0937500000,133261.6562500000,144427.0781250000,,,
23.3719999623,182,147271.5000000000,192925.6406250000,172649.0781250000,148491.2500000000,120104.2656250000,152120.0000000000,133555.1250000000,144662.7968750000,,,
23.3759999622,182,146992.4843750000,192254.7656250000,172377.8437500000,148154.5468750000,119834.4062500000,151859.2968750000,133310.2656250000,144506.7187500000,,,
23.3799999622,182,146505.1406250000,194640.9062500000,171187.8906250000,147571.5468750000,119364.1406250000,151393.7343750000,132868.5000000000,144174.7343750000,,,
23.3839999624,182,146476.9531250000,196843.8593750000,170861.1093750000,147556.6250000000,119331.4687500000,151359.2500000000,132835.7968750000,144122.5468750000,,,
23.3879999623,182,146949.0781250000,195780.6093750000,171712.3437500000,148112.6250000000,119789.0234375000,151806.8593750000,133258.5468750000,144418.6250000000,,,
23.3919999623,182,147275.2031250000,192876.3437500000,172622.3281250000,148502.2343750000,120105.6093750000,152121.0468750000,133555.0625000000,144660.8281250000,,,
23.3959999622,182,146993.1250000000,192165.5781250000,172363.2343750000,148164.8125000000,119829.8203125000,151862.4843750000,133302.3437500000,144507.7812500000,,,
23.3999999622,182,146491.8125000000,194624.7812500000,171190.7343750000,147568.2968750000,119339.7812500000,151387.5781250000,132843.4687500000,144170.5000000000,,,
23.4039999621,182,146479.6875000000,196920.1406250000,170873.3906250000,147552.2500000000,119326.3437500000,151366.8906250000,132823.8906250000,144134.9843750000,,,
23.4079999623,182,146968.4687500000,195838.6562500000,171711.8593750000,148118.6093750000,119802.7343750000,151822.1250000000,133261.9531250000,144437.5156250000,,,
23.4119999623,182,147305.3281250000,192842.8125000000,172611.5937500000,148510.4687500000,120129.7734375000,152141.3750000000,133568.0156250000,144685.3750000000,,,
23.4159999622,182,147022.7031250000,192099.9687500000,172372.0468750000,148177.6875000000,119853.8046875000,151876.4375000000,133314.1718750000,144532.7500000000,,,
23.4199999622,182,146502.5781250000,194628.0625000000,171224.5781250000,147578.4375000000,119348.5546875000,151383.7031250000,132839.8750000000,144181.2031250000,,,
23.4239999622,183,146460.8125000000,196990.2031250000,170893.9375000000,147539.9218750000,119308.5625000000,151335.0000000000,132794.9531250000,144113.9843750000,,,
23.4279999621,183,146952.2968750000,195886.5000000000,171704.7500000000,148108.3281250000,119790.9296875000,151794.3593750000,133241.7812500000,144413.0468750000,,,
23.4319999621,183,147289.5781250000,192810.0781250000,172588.1250000000,148504.0937500000,120120.8671875000,152118.4531250000,133555.2031250000,144658.5468750000,,,
23.4359999620,183,146996.5781250000,192026.5781250000,172353.4843750000,148170.1562500000,119832.4218750000,151850.7343750000,133290.8593750000,144501.5937500000,,,
23.4399999620,183,146477.0312500000,194591.8281250000,171219.1093750000,147561.4531250000,119326.2890625000,151360.0000000000,132817.7812500000,144157.2968750000,,,
23.4439999619,183,146449.6718750000,197014.2812500000,170893.9062500000,147535.1406250000,119298.0234375000,151327.9531250000,132785.3281250000,144109.4531250000,,,
23.4479999621,183,146942.5312500000,195928.7968750000,171694.2812500000,148106.9687500000,119779.9375000000,151794.5156250000,133233.3281250000,144415.4375000000,,,
23.4519999621,183,147281.7031250000,192829.8750000000,172572.6562500000,148511.3906250000,120112.6093750000,152117.2968750000,133549.1875000000,144663.5156250000,,,
23.4559999621,183,147001.4062500000,192018.3437500000,172351.2187500000,148190.2656250000,119836.9062500000,151855.7031250000,133300.5000000000,144513.2500000000,,,
23.4599999620,183,146471.8906250000,194548.2656250000,171207.9218750000,147566.4375000000,119321.2500000000,151359.0000000000,132819.1718750000,144156.0468750000,,,
23.4639999620,183,146433.2968750000,196969.7656250000,170869.0156250000,147530.6562500000,119282.0625000000,151314.9062500000,132777.1406250000,144093.2968750000,,,
23.4679999622,183,146925.4687500000,195942.0156250000,171681.7656250000,148094.5468750000,119762.9843750000,151779.4375000000,133220.8125000000,144395.3750000000,,,
23.4719999621,183,147273.2812500000,192895.5937500000,172581.1562500000,148501.7031250000,120102.3125000000,152110.8593750000,133540.0156250000,144647.6562500000,,,
23.4759999621,183,146999.5000000000,192054.7500000000,172366.6406250000,148185.2812500000,119837.8671875000,151857.9218750000,133299.2031250000,144501.9687500000,,,
23.4799999620,183,146487.0937500000,194513.4531250000,171217.6562500000,147578.4062500000,119341.4453125000,151376.2031250000,132835.8593750000,144161.1093750000,,,
23.4839999620,183,146445.6093750000,196911.6093750000,170868.7812500000,147539.7500000000,119298.5546875000,151327.0156250000,132790.2343750000,144103.0937500000,,,
23.4879999619,183,146921.7812500000,195947.6250000000,171686.0468750000,148091.7500000000,119766.0390625000,151775.8750000000,133222.5468750000,144400.0156250000,,,
23.4919999621,183,147267.7812500000,192985.0156250000,172608.5625000000,148502.3750000000,120103.8359375000,152102.5156250000,133538.8125000000,144654.0468750000,,,
23.4959999621,183,146997.2812500000,192134.0937500000,172393.5625000000,148189.5468750000,119835.3750000000,151848.5937500000,133292.3906250000,144501.7968750000,,,
23.4999999620,183,146486.5000000000,194473.0000000000,171206.5312500000,147583.7187500000,119335.9453125000,151366.5468750000,132826.6093750000,144153.1250000000,,,
23.5039999620,183,146438.8750000000,196787.5625000000,170827.8750000000,147538.0937500000,119284.3984375000,151316.5937500000,132774.5468750000,144088.8437500000,,,
23.5079999620,183,146897.5781250000,195922.3906250000,171672.1562500000,148085.8593750000,119734.2031250000,151747.9843750000,133189.2968750000,144376.8906250000,,,
23.5119999622,183,147235.9375000000,193136.1093750000,172642.2656250000,148487.4531250000,120065.5625000000,152071.9062500000,133508.0156250000,144629.6406250000,,,
23.5159999621,183,146986.1406250000,192281.5781250000,172427.0312500000,148191.0781250000,119822.3671875000,151842.7187500000,133285.2343750000,144491.9062500000,,,
23.5199999621,183,146503.0468750000,194408.6875000000,171185.5000000000,147598.4375000000,119354.7500000000,151387.5468750000,132845.0781250000,144158.6718750000,,,
23.5239999620,183,146460.4843750000,196586.6093750000,170779.7812500000,147550.0000000000,119310.1171875000,151339.1875000000,132798.6250000000,144101.5156250000,,,
23.5279999620,183,146899.5312500000,195849.3750000000,171664.7343750000,148084.1093750000,119737.6093750000,151748.7343750000,133194.8437500000,144382.0156250000,,,
23.5319999619,183,147232.5312500000,193268.5781250000,172687.8281250000,148486.8437500000,120061.8359375000,152064.8593750000,133500.7968750000,144630.8750000000,,,
23.5359999621,183,147001.5156250000,192419.9843750000,172474.7343750000,148193.1406250000,119839.6640625000,151853.7187500000,133295.0000000000,144500.0312500000,,,
23.5399999621,183,146533.6093750000,194374.2656250000,171191.0781250000,147612.1406250000,119387.9296875000,151415.3593750000,132869.5156250000,144177.5000000000,,,
23.5439999620,183,146470.5781250000,196464.4843750000,170756.8593750000,147549.4687500000,119321.3828125000,151346.9843750000,132806.3593750000,144108.8125000000,,,
23.5479999620,183,146893.0156250000,195804.1875000000,171658.4218750000,148069.3593750000,119729.4296875000,151739.7968750000,133185.6093750000,144381.6093750000,,,
23.5519999620,184,147222.4531250000,193316.6406250000,172707.6562500000,148472.4375000000,120049.2578125000,152050.3437500000,133486.6406250000,144628.3281250000,,,
23.5559999619,184,147004.0156250000,192445.5156250000,172497.5312500000,148189.2031250000,119840.4453125000,151852.2656250000,133295.2968750000,144506.2031250000,,,
23.5599999619,184,146543.8437500000,194326.6406250000,171200.4062500000,147612.7187500000,119396.0546875000,151422.2500000000,132877.1562500000,144188.3593750000,,,
23.5639999618,184,146476.0156250000,196403.2343750000,170756.0468750000,147548.5781250000,119325.1406250000,151347.2031250000,132805.7031250000,144117.4375000000,,,
23.5679999618,184,146893.2343750000,195786.6093750000,171658.2031250000,148066.8906250000,119728.1640625000,151736.5781250000,133180.3593750000,144387.9375000000,,,
23.5719999617,184,147224.4375000000,193327.1562500000,172711.9218750000,148468.8437500000,120049.7343750000,152053.2187500000,133487.0625000000,144634.5937500000,,,
23.5759999619,184,147010.7500000000,192445.0156250000,172511.2343750000,148200.8593750000,119845.2421875000,151859.8281250000,133301.7500000000,144515.3750000000,,,
23.5799999619,184,146541.6250000000,194301.3437500000,171209.6875000000,147622.9843750000,119393.0234375000,151423.0000000000,132876.9531250000,144190.2343750000,,,
23.5839999618,184,146470.1718750000,196367.8281250000,170749.2656250000,147546.4375000000,119320.3125000000,151350.5312500000,132805.0625000000,144116.0000000000,,,
23.5879999618,184,146883.1250000000,195771.1718750000,171644.7500000000,148059.4062500000,119719.7734375000,151733.9531250000,133177.0625000000,144381.2968750000,,,
23.5919999618,184,147214.2500000000,193344.0937500000,172710.5468750000,148462.7500000000,120042.2578125000,152050.7968750000,133484.4218750000,144628.4531250000,,,
23.5959999620,184,147002.6406250000,192461.7812500000,172522.0156250000,148190.1406250000,119840.2265625000,151860.5468750000,133299.3906250000,144509.7968750000,,,
23.5999999619,184,146534.4062500000,194278.6250000000,171210.3593750000,147610.2656250000,119386.9921875000,151419.7343750000,132873.5468750000,144180.3750000000,,,
23.6039999619,184,146468.7187500000,196322.3593750000,170736.7656250000,147544.4687500000,119321.1953125000,151347.9062500000,132809.4062500000,144109.8281250000,,,
23.6079999618,184,146886.8750000000,195764.4375000000,171639.4375000000,148059.7500000000,119724.7890625000,151736.4687500000,133185.7031250000,144383.3281250000,,,
23.6119999618,184,147223.2500000000,193383.1718750000,172718.6250000000,148471.2343750000,120051.6953125000,152057.2968750000,133495.5156250000,144635.1562500000,,,
23.6159999617,184,147016.0781250000,192496.9375000000,172539.3750000000,148202.8281250000,119852.5390625000,151868.8906250000,133312.4843750000,144518.8125000000,,,
23.6199999619,184,146550.7187500000,194266.3437500000,171218.7343750000,147618.1562500000,119403.7031250000,151432.9531250000,132888.9687500000,144192.7343750000,,,
23.6239999619,184,146478.5156250000,196294.4843750000,170729.8125000000,147549.5937500000,119331.3593750000,151360.4062500000,132820.8125000000,144121.0937500000,,,
23.6279999618,184,146878.7812500000,195752.7968750000,171619.7656250000,148050.6562500000,119720.5781250000,151737.5937500000,133184.5937500000,144381.0000000000,,,
23.6319999618,184,147216.2343750000,193358.8437500000,172694.8906250000,148461.2812500000,120049.6015625000,152060.5312500000,133496.5625000000,144631.0937500000,,,
23.6359999618,184,147012.7343750000,192449.3750000000,172528.2656250000,148204.3593750000,119853.8281250000,151876.3281250000,133316.3750000000,144516.8593750000,,,
23.6399999619,184,146534.2812500000,194264.0625000000,171220.9218750000,147615.0468750000,119388.8984375000,151427.1406250000,132877.5625000000,144182.0625000000,,,
23.6439999619,184,146459.3906250000,196364.7031250000,170727.5156250000,147537.1875000000,119310.7656250000,151344.6093750000,132793.6875000000,144105.4062500000,,,
23.6479999619,184,146878.5312500000,195796.5937500000,171592.2812500000,148048.4062500000,119715.4531250000,151733.8437500000,133169.2343750000,144372.5156250000,,,
23.6519999618,184,147228.6406250000,193287.0156250000,172646.7968750000,148460.7500000000,120055.5546875000,152063.5156250000,133494.5312500000,144630.6093750000,,,
23.6559999618,184,147016.0781250000,192344.3125000000,172497.2500000000,148195.9531250000,119849.4609375000,151868.8125000000,133307.7656250000,144514.6562500000,,,
23.6599999617,184,146528.2968750000,194260.5156250000,171229.2187500000,147602.3281250000,119378.9453125000,151413.1562500000,132866.8125000000,144181.9843750000,,,
23.6639999619,184,146442.4062500000,196454.2656250000,170739.7343750000,147513.2031250000,119293.4375000000,151325.7812500000,132784.0312500000,144098.7812500000,,,
23.6679999619,184,146866.4062500000,195862.5000000000,171576.1875000000,148028.0312500000,119705.1562500000,151722.0468750000,133165.5468750000,144366.7031250000,,,
23.6719999618,184,147219.4531250000,193249.4375000000,172605.4531250000,148461.7343750000,120046.4687500000,152055.6875000000,133484.3125000000,144620.9531250000,,,
23.6759999618,184,147002.4062500000,192262.8281250000,172469.9843750000,148202.0937500000,119836.0703125000,151853.2343750000,133289.7343750000,144498.9843750000,,,
23.6799999618,185,146516.1093750000,194261.4062500000,171240.7968750000,147610.7812500000,119364.7812500000,151393.0937500000,132847.3125000000,144166.9062500000,,,
23.6839999617,185,146437.5625000000,196546.5156250000,170761.3281250000,147524.0937500000,119283.5937500000,151308.5781250000,132766.2500000000,144086.2500000000,,,
23.6879999617,185,146877.7656250000,195926.4062500000,171575.8906250000,148045.4843750000,119711.0546875000,151717.1406250000,133161.7968750000,144360.0156250000,,,
23.6919999616,185,147248.3906250000,193187.0468750000,172581.8281250000,148486.5468750000,120072.9687500000,152070.5156250000,133503.8281250000,144630.1250000000,,,
23.6959999616,185,147031.9062500000,192160.7031250000,172465.0468750000,148230.8750000000,119862.8437500000,151871.3125000000,133313.7968750000,144518.4375000000,,,
23.6999999615,185,146525.5000000000,194271.4531250000,171272.6718750000,147620.0312500000,119371.7812500000,151398.5625000000,132856.3750000000,144180.3125000000,,,
23.7039999617,185,146436.7812500000,196677.3750000000,170801.3437500000,147521.2187500000,119282.1718750000,151312.6093750000,132770.0312500000,144095.3437500000,,,
23.7079999617,185,146890.9062500000,196019.9375000000,171582.0937500000,148045.2656250000,119724.7890625000,151740.0156250000,133177.2500000000,144379.7968750000,,,
23.7119999616,185,147273.6562500000,193150.4843750000,172562.8125000000,148495.6718750000,120099.9218750000,152104.5312500000,133527.5937500000,144657.1250000000,,,
23.7159999616,185,147048.7500000000,192071.1875000000,172459.9531250000,148237.6875000000,119882.7421875000,151900.5937500000,133332.6250000000,144541.2343750000,,,
23.7199999616,185,146518.6093750000,194282.7187500000,171298.7968750000,147604.6093750000,119367.4609375000,151407.3437500000,132854.2812500000,144189.7500000000,,,
23.7239999617,185,146421.2187500000,196805.4531250000,170830.7968750000,147496.6250000000,119270.1015625000,151310.4531250000,132758.7187500000,144094.2187500000,,,
23.7279999617,185,146877.3593750000,196112.6406250000,171574.9062500000,148030.6250000000,119715.8281250000,151737.6562500000,133171.7187500000,144369.0156250000,,,
23.7319999617,185,147266.2031250000,193093.5468750000,172518.7500000000,148485.6875000000,120098.1796875000,152102.5468750000,133534.5468750000,144643.7500000000,,,
23.7359999616,185,147040.8437500000,191963.0937500000,172433.2343750000,148231.1250000000,119878.8828125000,151890.2656250000,133335.8281250000,144526.8593750000,,,
23.7399999616,185,146502.5781250000,194277.6875000000,171313.8125000000,147607.3437500000,119355.1250000000,151384.4687500000,132846.9062500000,144168.5468750000,,,
23.7439999615,185,146409.5312500000,196882.8125000000,170852.2656250000,147506.6562500000,119264.1484375000,151292.0781250000,132758.4531250000,144077.1875000000,,,
23.7479999617,185,146875.5312500000,196162.8125000000,171575.2812500000,148041.3281250000,119722.9609375000,151731.2187500000,133182.3906250000,144360.5000000000,,,
23.7519999617,185,147267.7031250000,193093.4062500000,172513.6406250000,148495.6718750000,120106.3593750000,152103.4843750000,133543.6093750000,144641.2031250000,,,
23.7559999616,185,147042.9062500000,191953.2500000000,172447.1875000000,148235.5468750000,119881.8593750000,151892.0156250000,133338.2031250000,144529.5625000000,,,
23.7599999616,185,146516.3906250000,194254.1875000000,171332.7187500000,147613.7031250000,119366.3359375000,151396.7968750000,132857.4218750000,144184.8437500000,,,
23.7639999615,185,146415.4843750000,196846.3750000000,170850.9375000000,147495.7968750000,119266.3984375000,151296.5937500000,132761.1093750000,144085.8750000000,,,
23.7679999617,185,146877.3593750000,196163.9531250000,171567.0156250000,148027.9375000000,119717.1718750000,151729.9062500000,133177.1718750000,144363.1875000000,,,
23.7719999617,185,147269.8750000000,193143.8593750000,172512.0156250000,148490.6250000000,120097.8828125000,152100.5312500000,133535.6718750000,144640.5312500000,,,
23.7759999617,185,147051.2187500000,191989.8593750000,172450.6718750000,148243.8906250000,119882.6328125000,151894.1875000000,133340.3593750000,144530.6875000000,,,
23.7799999616,185,146525.7500000000,194255.3437500000,171329.5000000000,147621.6718750000,119369.5546875000,151398.5937500000,132859.5937500000,144185.2812500000,,,
23.7839999616,185,146423.5312500000,196858.2343750000,170840.1093750000,147504.7812500000,119267.2812500000,151296.7812500000,132759.3125000000,144088.7968750000,,,
23.7879999615,185,146873.5781250000,196197.6093750000,171550.3281250000,148033.9531250000,119706.7109375000,151718.4531250000,133164.7187500000,144358.8906250000,,,
23.7919999617,185,147264.9843750000,193145.3593750000,172494.7031250000,148489.5468750000,120088.3593750000,152092.8906250000,133523.3593750000,144636.8593750000,,,
23.7959999617,185,147050.9531250000,191950.9218750000,172443.6875000000,148246.6718750000,119880.4062500000,151897.6718750000,133336.1406250000,144535.9218750000,,,
23.7999999616,185,146519.7187500000,194218.9687500000,171332.1250000000,147619.3593750000,119364.1406250000,151399.5312500000,132858.6093750000,144188.0468750000,,,
23.8039999616,185,146419.8593750000,196861.0000000000,170841.5625000000,147499.9843750000,119263.8515625000,151297.0468750000,132758.7187500000,144092.9062500000,,,
23.8079999615,186,146877.0156250000,196209.1718750000,171541.6406250000,148031.2187500000,119711.5937500000,151724.8906250000,133167.7812500000,144365.9531250000,,,
23.8119999615,186,147273.1093750000,193128.7031250000,172483.9062500000,148493.8750000000,120101.1796875000,152105.4375000000,133532.3750000000,144646.2187500000,,,
23.8159999615,186,147053.4218750000,191909.7812500000,172441.3593750000,148236.0000000000,119887.3281250000,151904.9687500000,133341.3125000000,144540.0468750000,,,
23.8199999614,186,146513.2812500000,194205.3125000000,171343.7500000000,147607.3125000000,119363.9218750000,151395.8281250000,132858.5468750000,144183.0781250000,,,
23.8239999614,186,146404.3750000000,196886.4062500000,170849.4687500000,147487.6718750000,119259.1015625000,151284.5468750000,132758.5781250000,144076.5937500000,,,
23.8279999613,186,146863.2812500000,196238.5312500000,171536.2500000000,148012.3281250000,119708.8281250000,151711.0781250000,133171.7968750000,144347.3125000000,,,
23.8319999615,186,147268.2812500000,193122.7968750000,172472.8750000000,148483.5781250000,120105.3906250000,152094.5468750000,133543.0156250000,144633.2656250000,,,
23.8359999615,186,147055.5937500000,191873.3437500000,172445.4375000000,148247.6718750000,119897.0390625000,151897.7031250000,133355.2656250000,144532.7500000000,,,
23.8399999614,186,146515.5468750000,194173.6093750000,171357.9843750000,147620.2500000000,119370.7890625000,151389.9531250000,132862.9531250000,144180.6875000000,,,
23.8439999614,186,146399.3593750000,196894.2656250000,170859.4687500000,147492.2031250000,119254.4609375000,151275.4218750000,132745.0937500000,144074.1562500000,,,
23.8479999613,186,146860.8281250000,196273.7500000000,171539.4375000000,148019.6093750000,119705.4765625000,151710.6718750000,133158.5781250000,144352.7812500000,,,
23.8519999615,186,147263.1093750000,193146.9687500000,172471.7812500000,148485.5781250000,120097.6171875000,152093.9531250000,133526.9843750000,144635.9687500000,,,
23.8559999615,186,147054.5156250000,191869.2187500000,172451.4531250000,148253.5468750000,119891.2187500000,151899.1718750000,133343.0625000000,144534.1718750000,,,
23.8599999615,186,146517.5312500000,194156.1718750000,171369.9531250000,147622.2656250000,119366.8984375000,151392.7812500000,132855.7656250000,144183.4062500000,,,
23.8639999614,186,146403.9687500000,196884.6562500000,170865.3750000000,147485.5937500000,119252.4218750000,151277.2187500000,132743.9843750000,144077.3750000000,,,
23.8679999614,186,146857.2343750000,196283.8750000000,171538.7968750000,148006.3281250000,119697.4296875000,151703.9062500000,133152.1718750000,144345.7500000000,,,
23.8719999613,186,147264.1250000000,193148.9843750000,172472.0156250000,148485.4687500000,120097.2968750000,152092.4531250000,133527.9218750000,144631.1718750000,,,
23.8759999615,186,147057.3906250000,191836.3437500000,172459.1093750000,148253.8593750000,119894.7578125000,151899.6406250000,133345.9375000000,144533.1875000000,,,
23.8799999615,186,146521.6093750000,194118.2500000000,171383.4375000000,147625.7187500000,119370.1718750000,151389.8750000000,132855.8593750000,144183.6093750000,,,
23.8839999614,186,146394.6718750000,196881.6718750000,170871.9531250000,147480.5312500000,119242.0156250000,151260.7343750000,132728.9218750000,144065.5625000000,,,
23.8879999614,186,146845.1718750000,196310.0781250000,171538.5625000000,147999.3281250000,119683.1093750000,151682.6406250000,133133.5312500000,144332.0468750000,,,
23.8919999613,186,147263.2500000000,193165.6718750000,172475.8750000000,148481.7812500000,120093.8593750000,152081.5468750000,133517.9375000000,144628.7812500000,,,
23.8959999615,186,147065.2968750000,191818.3906250000,172473.4375000000,148256.2500000000,119900.3359375000,151899.4375000000,133345.8281250000,144540.7500000000,,,
23.8999999615,186,146521.5625000000,194091.7031250000,171404.1562500000,147622.5312500000,119371.5156250000,151388.1093750000,132854.6875000000,144185.2187500000,,,
23.9039999614,186,146392.7656250000,196884.1250000000,170890.2656250000,147476.2968750000,119242.9296875000,151260.0000000000,132730.0625000000,144066.7500000000,,,
23.9079999614,186,146844.9062500000,196349.4687500000,171555.9687500000,147992.0000000000,119685.5468750000,151688.7031250000,133137.9218750000,144336.0937500000,,,
23.9119999614,186,147266.3906250000,193207.1875000000,172497.0156250000,148480.7343750000,120098.5546875000,152093.6875000000,133524.4531250000,144632.0468750000,,,
23.9159999613,186,147076.1406250000,191827.5312500000,172504.3906250000,148264.6562500000,119911.6875000000,151916.5781250000,133357.6250000000,144545.1718750000,,,
23.9199999615,186,146528.9843750000,194049.4218750000,171426.6875000000,147630.2500000000,119378.8125000000,151403.3750000000,132865.3593750000,144187.1562500000,,,
23.9239999615,186,146398.1562500000,196816.6562500000,170898.1718750000,147487.4218750000,119248.5078125000,151273.4218750000,132741.5468750000,144069.1093750000,,,
23.9279999614,186,146839.8281250000,196330.5937500000,171568.9218750000,147993.1093750000,119679.6718750000,151686.2656250000,133138.6562500000,144332.3906250000,,,
23.9319999614,186,147258.6093750000,193270.6250000000,172527.0625000000,148481.2968750000,120089.0312500000,152084.8906250000,133523.6250000000,144629.5781250000,,,
23.9359999613,187,147080.9843750000,191899.3906250000,172542.8593750000,148276.7656250000,119912.6796875000,151919.1093750000,133364.9218750000,144554.4218750000,,,
23.9399999613,187,146545.8125000000,194017.1406250000,171439.5312500000,147639.9687500000,119389.4843750000,151412.5781250000,132874.3125000000,144201.4843750000,,,
23.9439999613,187,146411.0625000000,196707.5000000000,170886.5156250000,147485.0156250000,119257.8437500000,151280.1250000000,132745.1718750000,144083.4531250000,,,
23.9479999612,187,146842.0625000000,196293.2343750000,171572.7500000000,147983.7343750000,119678.7109375000,151685.2500000000,133131.7656250000,144344.6875000000,,,
23.9519999612,187,147253.5156250000,193363.9687500000,172563.8593750000,148467.6875000000,120079.8046875000,152073.4687500000,133506.9687500000,144635.5625000000,,,
23.9559999611,187,147072.1718750000,192004.9687500000,172578.3906250000,148257.8437500000,119902.7812500000,151905.7500000000,133346.8750000000,144548.0468750000,,,
23.9599999613,187,146546.5312500000,193995.2187500000,171441.7343750000,147628.4062500000,119392.7343750000,151417.4531250000,132874.9843750000,144197.3437500000,,,
23.9639999613,187,146401.6093750000,196600.7968750000,170858.1093750000,147468.9218750000,119247.7031250000,151278.5625000000,132735.5468750000,144071.2031250000,,,
23.9679999612,187,146823.7343750000,196238.6718750000,171551.1093750000,147963.5156250000,119657.9453125000,151674.5625000000,133116.6562500000,144328.1093750000,,,
23.9719999612,187,147235.2187500000,193439.7656250000,172578.3906250000,148450.2656250000,120058.3203125000,152066.0937500000,133495.0312500000,144621.1562500000,,,
23.9759999611,187,147065.7812500000,192137.7656250000,172612.2656250000,148256.7343750000,119895.2187500000,151912.1093750000,133350.8750000000,144542.7343750000,,,
23.9799999613,187,146554.4687500000,194006.4375000000,171440.6562500000,147646.1250000000,119402.1171875000,151433.8906250000,132892.6406250000,144199.5000000000,,,
23.9839999613,187,146408.5000000000,196455.5781250000,170813.3593750000,147480.8281250000,119256.4218750000,151291.1718750000,132753.3750000000,144071.2031250000,,,
23.9879999612,187,146809.4375000000,196156.2500000000,171525.4687500000,147963.9218750000,119646.3593750000,151663.7343750000,133115.1250000000,144317.9375000000,,,
23.9919999612,187,147209.8125000000,193564.7031250000,172605.6718750000,148438.8906250000,120036.2734375000,152042.8906250000,133482.8593750000,144604.9687500000,,,
23.9959999612,187,147057.0625000000,192274.7968750000,172638.0937500000,148250.8125000000,119890.8437500000,151902.2656250000,133352.0937500000,144531.3281250000,,,
23.9999999611,187,146564.7187500000,193918.6718750000,171408.7031250000,147646.5625000000,119414.1875000000,151441.6406250000,132905.9218750000,144194.7187500000,,,
24.0039999613,187,146425.2968750000,196200.6875000000,170747.4062500000,147492.9218750000,119274.0703125000,151305.1250000000,132769.5781250000,144078.2500000000,,,
24.0079999613,187,146794.2031250000,196027.6875000000,171498.5625000000,147948.6093750000,119630.3984375000,151650.5312500000,133097.9375000000,144312.8906250000,,,
24.0119999612,187,147179.5625000000,193688.1406250000,172637.6250000000,148418.0937500000,120006.1796875000,152016.4375000000,133452.9062500000,144594.7968750000,,,
24.0159999612,187,147046.1718750000,192458.7187500000,172677.7968750000,148250.2500000000,119879.8203125000,151897.2968750000,133336.8906250000,144530.3906250000,,,
24.0199999611,187,146582.7656250000,193928.6718750000,171403.9375000000,147664.4843750000,119432.0546875000,151461.5781250000,132916.4062500000,144208.1250000000,,,
24.0239999613,187,146432.4375000000,196085.8125000000,170709.1093750000,147487.8750000000,119281.1796875000,151311.3125000000,132774.3593750000,144080.3281250000,,,
24.0279999613,187,146794.6718750000,195964.9843750000,171475.4218750000,147948.3906250000,119630.5859375000,151646.1875000000,133101.5000000000,144310.7968750000,,,
24.0319999612,187,147176.4843750000,193721.8750000000,172641.2968750000,148418.4687500000,120002.7734375000,152005.1250000000,133453.8437500000,144589.2500000000,,,
24.0359999612,187,147055.4531250000,192499.2968750000,172697.8593750000,148255.2343750000,119889.3671875000,151899.0468750000,133350.3593750000,144537.0468750000,,,
24.0399999612,187,146593.5468750000,193909.9062500000,171416.8125000000,147664.0000000000,119444.9765625000,151473.0781250000,132931.6093750000,144221.4375000000,,,
24.0439999611,187,146444.5000000000,196030.6875000000,170705.0000000000,147487.4843750000,119295.7187500000,151325.3750000000,132786.5625000000,144098.9687500000,,,
24.0479999613,187,146801.9531250000,195931.7187500000,171467.3125000000,147940.3125000000,119640.8359375000,151653.1718750000,133106.8906250000,144329.9843750000,,,
24.0519999613,187,147184.0468750000,193728.6093750000,172639.9531250000,148408.6562500000,120012.9921875000,152014.1875000000,133457.6718750000,144607.4843750000,,,
24.0559999612,187,147062.5625000000,192521.5000000000,172704.8906250000,148249.4687500000,119897.4140625000,151903.9218750000,133350.3593750000,144549.3125000000,,,
24.0599999612,187,146600.2031250000,193912.0781250000,171423.3281250000,147665.5468750000,119450.1796875000,151473.8593750000,132929.5000000000,144227.4687500000,,,
24.0639999611,188,146449.6718750000,196018.2187500000,170703.3750000000,147493.6406250000,119299.0390625000,151326.9218750000,132786.5625000000,144101.1875000000,,,
24.0679999611,188,146800.2968750000,195933.3593750000,171452.2187500000,147944.4687500000,119636.3593750000,151651.5312500000,133103.6406250000,144324.0781250000,,,
24.0719999610,188,147176.4218750000,193733.2812500000,172618.7812500000,148414.4531250000,120002.3671875000,152011.3750000000,133451.2031250000,144597.9375000000,,,
24.0759999610,188,147045.5000000000,192511.3125000000,172688.8750000000,148245.3906250000,119878.2109375000,151898.8750000000,133340.4843750000,144534.2031250000,,,
24.0799999610,188,146581.1875000000,193896.6718750000,171413.7187500000,147661.3593750000,119432.1875000000,151468.9218750000,132921.8281250000,144213.3593750000,,,
24.0839999609,188,146429.2187500000,196011.0937500000,170682.4687500000,147487.6875000000,119280.7500000000,151316.9531250000,132776.3125000000,144085.8750000000,,,
24.0879999611,188,146786.0312500000,195925.1562500000,171416.9375000000,147936.7968750000,119623.4531250000,151645.5156250000,133091.7187500000,144313.8906250000,,,
24.0919999611,188,147177.0468750000,193709.5312500000,172581.3750000000,148414.5781250000,120004.9687500000,152016.2343750000,133450.4062500000,144600.5312500000,,,
24.0959999610,188,147064.2812500000,192483.9843750000,172676.8281250000,148267.2500000000,119898.7578125000,151915.1875000000,133352.6406250000,144552.3593750000,,,
24.0999999610,188,146601.7812500000,193891.3906250000,171428.7968750000,147678.3750000000,119454.7187500000,151486.0625000000,132936.9687500000,144234.5000000000,,,
24.1039999609,188,146439.5937500000,196035.2812500000,170697.1250000000,147490.5156250000,119293.8671875000,151329.6562500000,132787.5468750000,144100.5156250000,,,
24.1079999611,188,146794.4843750000,195944.1406250000,171412.2500000000,147940.7187500000,119635.4140625000,151655.9062500000,133105.5312500000,144324.0312500000,,,
24.1119999611,188,147191.2343750000,193688.9843750000,172562.5625000000,148422.9531250000,120019.0546875000,152030.2343750000,133464.8906250000,144611.8750000000,,,
24.1159999610,188,147073.6406250000,192442.5468750000,172668.5468750000,148275.6406250000,119904.2578125000,151923.4531250000,133360.4218750000,144560.0625000000,,,
24.1199999610,188,146595.1093750000,193889.5468750000,171443.0937500000,147676.7968750000,119440.7187500000,151473.7187500000,132923.2968750000,144227.5156250000,,,
24.1239999610,188,146429.0781250000,196092.2812500000,170718.3125000000,147482.3281250000,119276.3203125000,151309.2812500000,132764.9687500000,144084.4218750000,,,
24.1279999609,188,146794.9062500000,195985.5312500000,171416.8906250000,147937.9062500000,119630.5859375000,151648.0468750000,133093.5156250000,144312.4687500000,,,
24.1319999611,188,147197.8750000000,193630.7343750000,172543.3437500000,148428.1875000000,120024.3906250000,152031.6718750000,133466.7656250000,144604.5000000000,,,
24.1359999611,188,147076.9062500000,192338.5781250000,172661.0312500000,148277.3906250000,119909.2968750000,151923.1250000000,133364.5781250000,144555.4218750000,,,
24.1399999610,188,146589.8281250000,193867.3281250000,171473.1875000000,147678.8281250000,119437.9765625000,151467.4687500000,132925.4218750000,144223.8750000000,,,
24.1439999610,188,146422.8906250000,196159.3906250000,170756.6718750000,147487.4218750000,119274.0156250000,151305.8437500000,132771.6250000000,144086.0937500000,,,
24.1479999609,188,146798.9531250000,196036.3750000000,171425.2343750000,147940.3125000000,119639.5703125000,151656.4843750000,133110.1093750000,144318.5312500000,,,
24.1519999611,188,147205.9218750000,193596.0000000000,172523.5625000000,148427.0625000000,120035.2500000000,152042.1718750000,133481.3906250000,144606.5781250000,,,
24.1559999611,188,147077.6406250000,192261.8750000000,172650.7812500000,148280.3125000000,119911.8984375000,151923.3906250000,133369.7187500000,144548.9062500000,,,
24.1599999610,188,146580.1875000000,193869.5000000000,171499.4218750000,147671.8593750000,119431.5156250000,151454.4687500000,132918.4218750000,144214.8281250000,,,
24.1639999610,188,146404.9687500000,196267.6406250000,170794.9375000000,147467.0468750000,119256.8203125000,151281.6562500000,132749.7031250000,144072.0312500000,,,
24.1679999609,188,146787.5625000000,196114.6406250000,171426.5937500000,147925.1406250000,119626.5937500000,151638.5156250000,133090.9843750000,144304.3593750000,,,
24.1719999609,188,147210.6406250000,193530.4687500000,172482.5625000000,148425.8437500000,120037.3750000000,152039.1562500000,133477.9843750000,144600.9687500000,,,
24.1759999611,188,147085.3906250000,192148.2812500000,172624.5312500000,148279.1093750000,119913.8593750000,151924.4375000000,133370.6562500000,144553.5937500000,,,
24.1799999611,188,146575.9531250000,193867.5156250000,171523.1406250000,147669.3906250000,119418.6171875000,151448.2500000000,132910.1875000000,144217.6718750000,,,
24.1839999610,188,146406.8906250000,196347.0937500000,170826.7187500000,147468.6718750000,119251.3515625000,151281.6718750000,132750.4218750000,144075.3906250000,,,
24.1879999610,188,146798.6875000000,196159.8125000000,171430.5468750000,147932.6250000000,119632.6562500000,151648.6875000000,133099.3906250000,144309.2968750000,,,
24.1919999609,189,147223.7656250000,193543.8906250000,172480.8125000000,148435.9687500000,120048.9296875000,152055.5468750000,133489.2500000000,144611.6875000000,,,
24.1959999609,189,147097.7500000000,192181.8593750000,172649.6875000000,148297.7812500000,119926.3046875000,151939.8125000000,133382.6562500000,144567.2812500000,,,
24.1999999608,189,146585.1093750000,193887.2656250000,171551.1875000000,147683.2343750000,119427.8906250000,151459.2343750000,132918.9843750000,144226.5625000000,,,
24.2039999608,189,146409.7187500000,196316.2187500000,170827.8437500000,147472.9687500000,119254.4609375000,151283.0781250000,132751.9843750000,144076.3750000000,,,
24.2079999608,189,146795.5781250000,196143.9687500000,171423.0312500000,147929.0312500000,119627.5859375000,151638.2031250000,133092.9531250000,144303.7812500000,,,
24.2119999607,189,147219.2656250000,193591.7812500000,172485.4843750000,148433.7656250000,120041.4531250000,152037.1562500000,133482.9375000000,144603.9687500000,,,
24.2159999609,189,147097.8906250000,192244.3593750000,172663.1718750000,148295.0937500000,119924.6953125000,151926.6406250000,133383.6406250000,144564.2187500000,,,
24.2199999609,189,146596.0468750000,193898.0468750000,171561.5156250000,147687.8593750000,119439.6406250000,151458.8437500000,132931.3125000000,144233.1562500000,,,
24.2239999608,189,146422.2656250000,196292.8281250000,170831.2812500000,147483.8593750000,119267.7656250000,151290.0000000000,132763.7812500000,144087.4375000000,,,
24.2279999608,189,146802.9218750000,196136.4531250000,171425.1250000000,147938.4062500000,119637.1093750000,151649.5156250000,133101.7656250000,144319.0937500000,,,
24.2319999607,189,147215.8281250000,193608.8281250000,172492.0312500000,148434.9687500000,120038.2343750000,152046.4375000000,133484.3906250000,144611.7968750000,,,
24.2359999609,189,147089.8750000000,192269.4375000000,172680.7500000000,148300.5937500000,119915.1171875000,151932.7656250000,133379.6718750000,144562.7968750000,,,
24.2399999609,189,146587.0937500000,193902.3593750000,171578.8437500000,147692.0781250000,119428.7812500000,151461.6875000000,132926.0000000000,144228.7343750000,,,
24.2439999608,189,146409.1250000000,196274.9062500000,170830.6718750000,147476.9687500000,119255.1328125000,151288.3906250000,132757.8906250000,144079.8125000000,,,
24.2479999608,189,146788.3125000000,196120.1250000000,171407.7656250000,147921.4062500000,119624.1015625000,151638.6562500000,133094.4687500000,144307.0781250000,,,
24.2519999607,189,147203.9687500000,193623.5000000000,172481.5937500000,148419.4687500000,120029.6718750000,152030.6562500000,133476.9062500000,144599.3281250000,,,
24.2559999607,189,147088.6093750000,192295.7968750000,172686.8437500000,148293.0000000000,119917.0468750000,151927.2031250000,133379.0000000000,144562.3437500000,,,
24.2599999609,189,146590.8750000000,193914.1562500000,171590.4062500000,147688.3750000000,119436.0234375000,151465.3906250000,132929.5156250000,144235.9687500000,,,
24.2639999609,189,146407.7500000000,196263.1875000000,170826.3750000000,147472.4375000000,119256.9843750000,151291.7031250000,132756.8437500000,144082.7656250000,,,
24.2679999608,189,146773.2656250000,196111.2343750000,171388.3750000000,147915.3437500000,119609.2890625000,151632.6718750000,133079.9062500000,144296.0000000000,,,
24.2719999608,189,147192.1093750000,193635.3281250000,172467.1562500000,148418.9375000000,120016.0468750000,152030.4687500000,133465.7500000000,144591.8437500000,,,
24.2759999607,189,147083.1406250000,192313.6875000000,172690.5312500000,148295.8125000000,119909.4062500000,151932.0937500000,133375.2187500000,144560.2187500000,,,
24.2799999609,189,146590.6875000000,193893.0312500000,171595.8281250000,147699.5625000000,119431.3515625000,151471.6875000000,132927.5625000000,144233.3125000000,,,
24.2839999609,189,146409.0468750000,196208.8125000000,170818.1406250000,147481.7343750000,119253.0703125000,151291.6093750000,132754.6093750000,144079.1718750000,,,
24.2879999608,189,146776.6093750000,196091.2031250000,171385.1562500000,147916.6562500000,119608.2968750000,151631.2812500000,133080.0156250000,144300.0468750000,,,
24.2919999608,189,147196.4531250000,193689.8750000000,172480.5000000000,148424.3281250000,120015.7031250000,152027.5781250000,133463.0156250000,144600.9375000000,,,
24.2959999607,189,147091.2343750000,192386.5312500000,172711.5156250000,148298.2500000000,119913.9609375000,151935.1718750000,133374.5468750000,144569.3750000000,,,
24.2999999607,189,146612.4687500000,193901.1250000000,171608.1562500000,147712.7343750000,119453.0234375000,151484.0312500000,132942.4531250000,144250.3750000000,,,
24.3039999609,189,146430.8750000000,196143.5156250000,170809.8750000000,147490.2343750000,119275.1171875000,151305.5781250000,132769.6562500000,144096.5156250000,,,
24.3079999608,189,146785.2187500000,196042.9843750000,171376.7656250000,147915.7812500000,119618.3593750000,151635.7812500000,133085.5781250000,144307.7187500000,,,
24.3119999608,189,147193.4218750000,193717.7656250000,172488.8125000000,148417.6406250000,120015.0859375000,152024.1093750000,133462.0468750000,144599.5937500000,,,
24.3159999608,189,147083.5625000000,192447.5781250000,172730.4687500000,148299.6562500000,119909.0312500000,151929.5625000000,133369.0000000000,144564.8593750000,,,
24.3199999607,190,146606.3437500000,193905.7343750000,171610.2812500000,147709.7500000000,119449.5937500000,151485.1718750000,132940.9218750000,144248.7343750000,,,
24.3239999607,190,146428.7343750000,196094.2031250000,170787.9062500000,147494.0000000000,119274.8750000000,151312.0937500000,132774.9687500000,144100.7031250000,,,
24.3279999606,190,146781.7968750000,196013.7656250000,171348.9218750000,147921.9687500000,119616.8281250000,151642.0937500000,133090.7187500000,144314.3437500000,,,
24.3319999606,190,147187.6875000000,193743.6562500000,172472.3593750000,148416.1406250000,120010.8203125000,152025.3281250000,133461.3750000000,144603.9687500000,,,
24.3359999605,190,147086.9375000000,192478.7812500000,172729.1562500000,148298.2343750000,119911.6562500000,151935.1718750000,133374.5000000000,144569.5625000000,,,
24.3399999605,190,146606.2187500000,193921.9687500000,171618.1093750000,147709.3750000000,119447.4453125000,151489.9843750000,132939.9218750000,144247.2343750000,,,
24.3439999607,190,146412.8593750000,196105.2812500000,170785.2812500000,147470.2656250000,119259.8281250000,151303.1093750000,132757.3281250000,144087.2500000000,,,
24.3479999606,190,146756.0937500000,196022.2656250000,171325.5000000000,147886.0625000000,119591.5859375000,151621.1093750000,133062.5625000000,144290.6562500000,,,
24.3519999606,190,147165.1093750000,193745.5312500000,172442.8125000000,148390.1250000000,119988.1796875000,152008.7656250000,133438.7968750000,144583.1875000000,,,
24.3559999606,190,147070.9531250000,192476.4531250000,172713.3125000000,148288.8750000000,119896.7968750000,151924.7343750000,133359.8281250000,144558.0468750000,,,
24.3599999605,190,146593.7187500000,193920.8750000000,171612.9843750000,147709.5625000000,119435.1328125000,151478.4687500000,132925.4687500000,144239.9375000000,,,
24.3639999607,190,146417.2031250000,196118.9687500000,170784.2968750000,147486.5156250000,119264.6250000000,151309.3125000000,132762.3593750000,144094.0625000000,,,
24.3679999607,190,146779.3437500000,196051.5156250000,171331.1406250000,147912.3125000000,119615.2500000000,151646.5937500000,133087.5625000000,144312.5156250000,,,
24.3719999606,190,147197.8750000000,193765.5156250000,172452.7656250000,148424.0000000000,120018.4375000000,152040.9531250000,133465.6406250000,144610.4843750000,,,
24.3759999606,190,147111.3593750000,192483.6875000000,172737.2031250000,148330.3906250000,119931.3437500000,151965.9062500000,133393.4843750000,144592.6562500000,,,
24.3799999605,190,146642.1562500000,193933.8281250000,171658.6093750000,147745.2187500000,119478.8281250000,151531.3593750000,132969.8125000000,144282.2187500000,,,
24.3839999605,190,146458.3906250000,196129.9687500000,170821.2500000000,147505.3906250000,119300.7578125000,151357.9062500000,132799.6250000000,144131.0156250000,,,
24.3879999607,190,146804.3281250000,196069.5937500000,171351.7968750000,147919.9062500000,119639.3046875000,151688.0937500000,133121.2187500000,144339.3125000000,,,
24.3919999606,190,147217.5156250000,193811.1093750000,172478.5312500000,148429.5312500000,120044.1875000000,152079.5625000000,133512.0625000000,144635.0625000000,,,
24.3959999606,190,147135.3125000000,192554.3593750000,172785.2500000000,148337.2031250000,119964.3906250000,152003.7031250000,133446.9687500000,144619.5312500000,,,
24.3999999606,190,146657.3906250000,193949.0781250000,171692.1406250000,147747.1093750000,119503.5078125000,151571.1406250000,133015.3281250000,144302.0312500000,,,
24.4039999605,190,146456.7031250000,196050.7812500000,170813.9062500000,147501.2187500000,119309.7968750000,151391.8437500000,132827.8593750000,144137.9843750000,,,
24.4079999607,190,146795.6562500000,196000.0625000000,171336.2968750000,147911.3750000000,119640.2734375000,151704.4687500000,133139.3750000000,144342.7031250000,,,
24.4119999607,190,147200.7500000000,193879.0312500000,172497.5312500000,148416.0625000000,120034.6640625000,152082.9687500000,133517.1875000000,144633.7187500000,,,
24.4159999606,190,147121.4375000000,192694.8281250000,172820.2968750000,148316.2031250000,119962.0546875000,152021.7500000000,133460.9531250000,144620.5156250000,,,
24.4199999606,190,146666.0468750000,193955.3125000000,171691.8906250000,147740.8750000000,119528.3125000000,151608.4531250000,133058.4843750000,144313.8125000000,,,
24.4239999605,190,146478.7500000000,195889.9062500000,170775.5468750000,147499.7656250000,119346.7812500000,151432.4218750000,132885.3125000000,144157.9687500000,,,
24.4279999605,190,146807.9687500000,195873.4843750000,171320.5937500000,147901.6718750000,119664.3593750000,151730.8125000000,133172.9531250000,144363.2656250000,,,
24.4319999607,190,147204.9687500000,193967.8281250000,172545.6718750000,148398.2968750000,120046.4687500000,152098.9531250000,133540.0781250000,144655.8750000000,,,
24.4359999606,190,147125.2968750000,192886.9843750000,172888.6718750000,148307.1093750000,119966.6171875000,152033.0000000000,133477.8750000000,144634.5468750000,,,
24.4399999606,190,146697.0781250000,193992.8593750000,171714.4531250000,147755.7343750000,119553.4218750000,151640.7187500000,133088.7031250000,144337.5468750000,,,
24.4439999606,190,146509.4375000000,195717.3593750000,170740.0937500000,147519.0781250000,119367.7890625000,151458.9687500000,132908.7812500000,144179.0781250000,,,
24.4479999605,191,146804.6093750000,195738.0625000000,171292.0000000000,147902.8125000000,119650.3593750000,151729.7343750000,133169.7187500000,144365.1718750000,,,
24.4519999605,191,147178.9218750000,194052.2500000000,172566.9375000000,148388.7500000000,120013.8515625000,152079.5312500000,133511.3437500000,144645.7812500000,,,
24.4559999604,191,147118.5468750000,193063.3125000000,172928.6406250000,148312.5468750000,119958.3281250000,152024.5156250000,133459.7343750000,144635.6250000000,,,
24.4599999604,191,146714.0625000000,193999.6406250000,171709.9687500000,147769.4531250000,119575.3046875000,151643.9062500000,133087.5625000000,144347.5468750000,,,
24.4639999603,191,146542.5937500000,195533.4687500000,170696.9531250000,147544.7968750000,119406.2734375000,151472.2968750000,132924.7656250000,144199.2812500000,,,
24.4679999603,191,146818.0312500000,195599.9843750000,171270.8906250000,147913.8750000000,119664.3046875000,151718.7187500000,133170.8437500000,144374.0468750000,,,
24.4719999605,191,147176.6093750000,194141.1093750000,172605.6406250000,148394.7343750000,120005.6953125000,152051.7343750000,133494.5312500000,144643.7968750000,,,
24.4759999604,191,147122.4843750000,193257.8593750000,172989.8750000000,148324.0625000000,119953.8203125000,152005.0468750000,133452.2343750000,144634.2031250000,,,
24.4799999604,191,146729.8906250000,194039.4531250000,171726.2031250000,147781.8437500000,119580.9921875000,151642.0937500000,133098.8281250000,144348.0000000000,,,
24.4839999604,191,146553.1250000000,195391.1562500000,170662.5156250000,147549.2968750000,119409.7343750000,151475.5156250000,132929.3125000000,144197.4531250000,,,
24.4879999603,191,146814.2656250000,195491.5468750000,171245.5468750000,147909.0625000000,119656.3359375000,151712.3593750000,133159.9687500000,144369.9531250000,,,
24.4919999605,191,147160.0937500000,194193.1406250000,172618.2187500000,148373.6875000000,119986.3828125000,152030.9062500000,133476.9843750000,144634.5000000000,,,
24.4959999605,191,147104.2656250000,193366.5937500000,173011.5781250000,148307.8906250000,119934.2656250000,151981.1250000000,133428.6562500000,144619.1250000000,,,
24.4999999604,191,146717.5000000000,194054.8750000000,171720.6250000000,147774.9531250000,119569.9140625000,151631.3281250000,133076.6406250000,144332.9375000000,,,
24.5039999604,191,146527.7031250000,195323.1562500000,170625.6875000000,147524.5000000000,119386.6718750000,151450.7187500000,132894.9687500000,144170.7187500000,,,
24.5079999603,191,146783.4843750000,195437.7656250000,171207.0625000000,147886.2656250000,119627.2343750000,151675.3125000000,133119.1562500000,144340.7968750000,,,
24.5119999603,191,147129.6250000000,194194.7500000000,172590.9531250000,148362.5000000000,119957.1484375000,151995.8750000000,133436.3437500000,144606.8593750000,,,
24.5159999605,191,147091.3125000000,193380.8906250000,173001.2187500000,148304.1093750000,119920.8593750000,151961.5312500000,133406.0937500000,144602.6562500000,,,
24.5199999604,191,146713.3437500000,194042.5625000000,171717.2187500000,147773.0000000000,119563.5859375000,151614.5156250000,133064.4375000000,144321.7500000000,,,
24.5239999604,191,146526.7187500000,195277.4843750000,170612.6250000000,147529.2656250000,119382.6953125000,151434.1562500000,132889.7500000000,144160.7031250000,,,
24.5279999604,191,146778.3593750000,195391.5312500000,171185.1406250000,147887.4843750000,119619.3515625000,151658.5000000000,133112.8750000000,144329.1250000000,,,
24.5319999603,191,147117.2812500000,194174.6250000000,172573.8125000000,148359.3593750000,119942.1015625000,151973.3125000000,133419.6406250000,144591.7656250000,,,
24.5359999605,191,147070.1875000000,193384.5625000000,172997.1406250000,148295.7343750000,119899.1015625000,151932.8437500000,133379.4062500000,144580.4531250000,,,
24.5399999605,191,146704.0000000000,194033.7343750000,171722.3906250000,147780.0312500000,119553.2343750000,151595.6250000000,133046.4062500000,144308.9531250000,,,
24.5439999604,191,146519.2500000000,195241.3281250000,170605.4375000000,147539.8125000000,119372.1328125000,151418.7343750000,132870.0312500000,144151.1562500000,,,
24.5479999604,191,146765.4531250000,195357.1406250000,171163.9375000000,147883.5312500000,119601.5703125000,151640.7968750000,133085.7343750000,144317.6718750000,,,
24.5519999603,191,147114.4375000000,194167.2343750000,172561.0156250000,148353.8281250000,119934.7500000000,151962.8750000000,133405.2343750000,144587.3437500000,,,
24.5559999603,191,147078.3906250000,193394.3437500000,173004.5937500000,148305.8437500000,119901.0078125000,151930.1250000000,133377.7968750000,144585.5625000000,,,
24.5599999605,191,146700.5781250000,194032.6562500000,171737.6562500000,147780.7812500000,119543.7656250000,151579.9062500000,133038.9062500000,144303.0468750000,,,
24.5639999604,191,146513.3750000000,195222.0156250000,170610.0625000000,147529.7187500000,119362.3125000000,151400.2031250000,132859.9687500000,144141.9531250000,,,
24.5679999604,191,146759.6093750000,195338.6250000000,171154.2187500000,147874.2031250000,119590.5468750000,151616.7187500000,133071.2812500000,144302.4062500000,,,
24.5719999603,191,147107.6250000000,194163.0468750000,172546.6406250000,148340.2343750000,119919.6796875000,151938.6562500000,133385.5468750000,144570.3906250000,,,
24.5759999603,192,147077.6875000000,193398.4843750000,173009.5937500000,148296.1718750000,119894.0390625000,151914.5781250000,133366.0781250000,144575.6250000000,,,
24.5799999603,192,146704.6718750000,194042.2343750000,171759.7812500000,147778.8281250000,119545.3203125000,151577.7968750000,133031.9843750000,144301.6250000000,,,
24.5839999602,192,146513.5625000000,195239.1718750000,170629.2343750000,147520.3437500000,119363.1718750000,151399.2187500000,132852.1406250000,144140.9687500000,,,
24.5879999602,192,146765.6406250000,195339.5156250000,171159.2968750000,147867.3593750000,119600.0625000000,151626.7656250000,133074.5781250000,144308.3437500000,,,
24.5919999601,192,147113.9062500000,194119.7031250000,172538.0312500000,148339.5625000000,119929.3359375000,151949.7343750000,133392.3906250000,144574.5468750000,,,
24.5959999601,192,147074.6093750000,193336.8437500000,173007.7343750000,148295.0156250000,119892.4531250000,151917.5000000000,133362.4062500000,144574.4687500000,,,
24.5999999603,192,146694.3437500000,194029.0156250000,171786.3437500000,147773.3437500000,119534.5156250000,151572.2968750000,133020.0937500000,144296.1875000000,,,
24.6039999602,192,146502.2031250000,195267.0156250000,170661.3437500000,147518.3437500000,119351.1015625000,151390.2812500000,132844.6250000000,144131.5468750000,,,
24.6079999602,192,146751.5312500000,195360.7812500000,171170.8437500000,147873.5625000000,119587.4062500000,151618.9375000000,133069.6406250000,144295.6250000000,,,
24.6119999602,192,147101.3437500000,194115.8906250000,172539.2656250000,148350.7812500000,119925.2812500000,151943.1406250000,133394.0781250000,144563.2343750000,,,
24.6159999601,192,147058.1875000000,193334.5312500000,173023.5312500000,148305.1718750000,119884.4062500000,151907.2812500000,133360.5312500000,144560.2031250000,,,
24.6199999603,192,146670.5312500000,194024.2187500000,171810.3437500000,147778.1562500000,119516.4843750000,151556.0468750000,133008.6718750000,144277.0156250000,,,
24.6239999603,192,146486.6093750000,195230.0625000000,170667.4062500000,147529.4062500000,119338.3359375000,151381.7187500000,132835.0312500000,144119.9062500000,,,
24.6279999602,192,146739.2968750000,195315.9375000000,171160.3593750000,147875.7500000000,119573.9375000000,151605.6093750000,133052.9062500000,144283.3593750000,,,
24.6319999602,192,147090.4843750000,194115.1093750000,172533.3125000000,148352.3593750000,119905.8671875000,151927.6875000000,133369.5312500000,144550.9218750000,,,
24.6359999601,192,147062.4218750000,193363.5312500000,173035.2031250000,148317.0937500000,119878.2343750000,151904.7031250000,133350.6875000000,144560.7656250000,,,
24.6399999601,192,146684.9062500000,194025.1250000000,171827.0781250000,147794.2656250000,119523.7031250000,151562.1875000000,133014.4062500000,144285.1406250000,,,
24.6439999603,192,146498.0156250000,195199.2968750000,170672.2343750000,147535.7656250000,119344.6093750000,151385.2187500000,132840.3906250000,144125.1718750000,,,
24.6479999602,192,146744.7500000000,195290.9687500000,171154.0937500000,147873.8437500000,119574.2109375000,151609.4218750000,133056.7656250000,144287.3125000000,,,
24.6519999602,192,147093.1093750000,194143.4687500000,172540.0312500000,148345.3281250000,119906.1562500000,151931.8125000000,133374.0937500000,144555.5000000000,,,
24.6559999601,192,147066.3125000000,193444.5156250000,173068.1718750000,148311.7187500000,119882.9843750000,151911.1093750000,133358.2187500000,144566.4218750000,,,
24.6599999601,192,146695.5625000000,194073.5156250000,171856.9531250000,147793.2500000000,119535.9062500000,151573.4218750000,133028.3906250000,144293.6875000000,,,
24.6639999603,192,146507.8750000000,195156.5156250000,170670.2500000000,147532.0781250000,119356.8125000000,151396.1250000000,132854.0625000000,144131.7656250000,,,
24.6679999602,192,146749.3281250000,195249.0937500000,171145.6875000000,147869.4062500000,119580.3515625000,151612.3906250000,133064.1093750000,144291.5156250000,,,
24.6719999602,192,147089.6562500000,194178.3906250000,172545.2500000000,148340.0156250000,119901.4921875000,151926.7968750000,133372.0312500000,144556.0312500000,,,
24.6759999602,192,147059.2656250000,193504.5937500000,173079.1093750000,148304.6875000000,119874.6953125000,151902.7500000000,133352.9843750000,144562.2812500000,,,
24.6799999601,192,146692.0625000000,194104.6875000000,171863.0468750000,147789.3125000000,119529.7109375000,151568.5625000000,133021.7031250000,144289.8281250000,,,
24.6839999601,192,146500.6406250000,195174.2968750000,170663.2500000000,147528.0625000000,119346.6250000000,151389.2968750000,132841.4843750000,144124.3906250000,,,
24.6879999603,192,146735.0312500000,195258.4375000000,171122.2500000000,147859.9062500000,119566.5937500000,151603.0625000000,133045.9531250000,144277.7812500000,,,
24.6919999602,192,147079.1093750000,194163.3437500000,172515.5312500000,148328.4062500000,119893.8750000000,151928.5000000000,133364.2500000000,144544.9843750000,,,
24.6959999602,192,147053.2812500000,193489.8593750000,173065.1562500000,148293.9375000000,119867.7734375000,151908.8593750000,133351.5937500000,144556.7656250000,,,
24.6999999601,192,146693.2812500000,194110.1250000000,171872.7031250000,147790.0312500000,119528.0234375000,151579.4375000000,133029.7812500000,144291.4375000000,,,
24.7039999601,193,146506.1875000000,195190.4375000000,170671.9062500000,147533.1562500000,119349.1718750000,151401.0625000000,132853.7500000000,144130.9062500000,,,
24.7079999601,193,146748.5781250000,195270.0156250000,171119.6718750000,147869.5625000000,119576.8671875000,151615.9687500000,133066.1250000000,144295.3750000000,,,
24.7119999600,193,147098.4531250000,194157.1718750000,172509.4687500000,148344.6250000000,119910.5546875000,151938.7968750000,133385.1406250000,144568.1562500000,,,
24.7159999600,193,147077.1875000000,193467.9531250000,173074.4375000000,148324.4375000000,119892.5859375000,151923.8281250000,133371.9843750000,144583.7187500000,,,
24.7199999599,193,146704.0000000000,194116.8281250000,171900.8750000000,147809.1562500000,119544.9765625000,151586.1875000000,133039.0937500000,144310.6718750000,,,
24.7239999599,193,146504.3125000000,195241.3281250000,170695.8281250000,147535.1718750000,119357.7578125000,151399.4062500000,132857.6406250000,144138.9218750000,,,
24.7279999601,193,146743.4687500000,195312.4218750000,171117.9375000000,147854.2187500000,119583.1171875000,151617.0625000000,133068.6406250000,144292.1562500000,,,
24.7319999600,193,147098.9687500000,194132.8437500000,172482.4531250000,148334.7031250000,119919.3281250000,151945.4375000000,133389.3281250000,144562.6562500000,,,
24.7359999600,193,147075.4687500000,193407.8906250000,173051.3281250000,148313.8125000000,119896.6640625000,151927.0156250000,133372.0000000000,144577.3125000000,,,
24.7399999599,193,146699.5312500000,194104.5000000000,171908.9687500000,147799.9531250000,119542.2890625000,151584.5468750000,133031.0468750000,144305.2187500000,,,
24.7439999599,193,146502.4687500000,195309.1875000000,170720.7812500000,147527.8750000000,119353.9687500000,151400.0937500000,132851.4687500000,144137.0781250000,,,
24.7479999601,193,146747.3750000000,195381.4687500000,171119.1406250000,147856.0937500000,119582.8984375000,151620.5781250000,133068.5312500000,144292.4843750000,,,
24.7519999600,193,147102.9375000000,194118.1406250000,172449.0625000000,148333.3750000000,119922.8984375000,151950.5625000000,133394.7812500000,144559.8437500000,,,
24.7559999600,193,147078.0468750000,193341.5625000000,173022.2968750000,148316.6875000000,119900.2343750000,151929.4062500000,133379.5156250000,144575.8593750000,,,
24.7599999600,193,146698.5625000000,194097.2968750000,171911.8125000000,147803.7968750000,119541.5625000000,151580.9843750000,133038.7343750000,144306.4531250000,,,
24.7639999599,193,146498.3281250000,195374.0156250000,170729.5781250000,147530.6093750000,119351.4531250000,151390.8750000000,132853.4843750000,144135.4687500000,,,
24.7679999599,193,146740.4375000000,195432.6406250000,171103.2656250000,147846.9687500000,119581.4218750000,151610.3281250000,133067.2812500000,144283.7656250000,,,
24.7719999601,193,147106.2031250000,194112.5468750000,172421.9687500000,148333.0468750000,119931.3437500000,151953.2968750000,133402.7656250000,144559.7968750000,,,
24.7759999600,193,147082.8906250000,193311.7343750000,173009.2187500000,148321.1875000000,119908.9453125000,151938.4687500000,133390.5937500000,144583.0000000000,,,
24.7799999600,193,146689.6875000000,194088.9062500000,171915.5156250000,147794.0781250000,119535.7734375000,151582.0000000000,133038.6875000000,144307.5781250000,,,
24.7839999599,193,146484.3593750000,195380.1718750000,170726.7656250000,147508.9687500000,119338.5781250000,151395.1562500000,132847.7968750000,144133.4375000000,,,
24.7879999599,193,146729.4843750000,195444.1250000000,171088.9375000000,147836.5156250000,119568.5468750000,151613.5781250000,133061.3437500000,144283.3906250000,,,
24.7919999601,193,147095.6093750000,194142.4687500000,172407.0312500000,148328.9375000000,119915.7890625000,151953.7031250000,133393.9375000000,144561.4062500000,,,
24.7959999600,193,147079.0781250000,193348.7031250000,173007.1718750000,148324.8593750000,119899.2109375000,151950.7812500000,133385.0156250000,144591.3593750000,,,
24.7999999600,193,146694.2656250000,194091.4062500000,171916.6718750000,147805.9843750000,119538.2109375000,151604.3281250000,133042.9531250000,144318.3437500000,,,
24.8039999600,193,146489.0000000000,195344.7968750000,170715.3593750000,147522.9062500000,119345.5234375000,151413.8281250000,132857.5781250000,144144.0312500000,,,
24.8079999599,193,146732.0312500000,195428.8593750000,171077.5937500000,147843.9218750000,119574.1562500000,151640.1562500000,133073.9062500000,144295.5156250000,,,
24.8119999599,193,147099.1718750000,194172.7812500000,172411.8906250000,148331.9218750000,119923.9921875000,151984.2812500000,133411.6250000000,144574.2812500000,,,
24.8159999601,193,147087.1875000000,193400.0156250000,173030.1093750000,148325.1562500000,119912.9687500000,151977.8750000000,133407.0000000000,144604.6406250000,,,
24.8199999600,193,146716.4843750000,194098.8593750000,171939.6562500000,147816.1093750000,119563.0781250000,151641.0156250000,133071.1875000000,144340.3906250000,,,
24.8239999600,193,146512.4375000000,195290.0000000000,170720.5937500000,147531.6875000000,119369.7968750000,151456.2968750000,132890.5781250000,144165.8281250000,,,
24.8279999599,193,146746.9687500000,195381.8750000000,171080.4843750000,147848.5312500000,119595.0468750000,151675.1875000000,133111.5625000000,144315.0468750000,,,
24.8319999599,194,147102.9843750000,194221.4375000000,172441.7031250000,148336.3906250000,119934.6171875000,152005.4531250000,133435.6718750000,144588.5000000000,,,
24.8359999598,194,147096.7812500000,193498.6562500000,173077.8437500000,148336.5625000000,119927.7500000000,151997.3437500000,133434.5781250000,144618.3437500000,,,
24.8399999598,194,146737.0781250000,194108.6562500000,171965.9062500000,147825.7812500000,119592.4218750000,151673.2812500000,133116.9531250000,144356.8593750000,,,
24.8439999598,194,146544.9531250000,195163.2187500000,170712.0312500000,147547.2968750000,119412.8984375000,151496.8750000000,132943.5937500000,144189.7500000000,,,
24.8479999597,194,146769.1562500000,195265.7812500000,171080.7812500000,147853.9687500000,119623.4531250000,151695.3750000000,133148.6562500000,144333.3906250000,,,
24.8519999597,194,147114.5937500000,194264.9218750000,172489.5625000000,148331.8906250000,119948.9687500000,152011.0312500000,133464.8906250000,144601.4687500000,,,
24.8559999599,194,147107.2031250000,193633.6093750000,173144.9843750000,148333.0156250000,119940.3593750000,152002.7031250000,133462.7656250000,144624.8906250000,,,
24.8599999598,194,146758.4062500000,194139.1406250000,172000.7812500000,147834.3906250000,119617.0468750000,151693.0468750000,133157.4843750000,144364.0156250000,,,
24.8639999598,194,146556.0000000000,195055.3437500000,170699.6718750000,147546.3593750000,119427.1406250000,151511.4687500000,132976.9375000000,144191.9843750000,,,
24.8679999597,194,146750.5937500000,195180.9687500000,171063.4218750000,147834.6406250000,119610.1484375000,151683.8750000000,133150.7968750000,144318.9375000000,,,
24.8719999597,194,147081.4531250000,194307.8593750000,172498.4687500000,148313.2812500000,119923.1406250000,151982.6718750000,133452.2812500000,144578.6718750000,,,
24.8759999599,194,147087.6718750000,193721.4531250000,173161.1250000000,148328.7500000000,119929.2500000000,151989.0781250000,133457.5468750000,144612.2031250000,,,
24.8799999598,194,146757.8593750000,194137.5312500000,171986.9375000000,147844.7812500000,119622.0625000000,151691.0312500000,133161.6718750000,144364.5312500000,,,
24.8839999598,194,146551.6093750000,194962.6093750000,170659.2812500000,147548.2031250000,119424.2500000000,151501.1562500000,132974.9218750000,144185.0625000000,,,
24.8879999598,194,146745.8437500000,195108.2812500000,171031.3750000000,147835.4218750000,119601.9687500000,151668.6875000000,133142.8906250000,144314.6875000000,,,
24.8919999597,194,147066.2968750000,194332.0468750000,172492.4375000000,148309.9218750000,119901.6796875000,151953.2812500000,133423.4218750000,144567.4843750000,,,
24.8959999597,194,147065.2187500000,193796.2500000000,173173.4218750000,148322.6093750000,119900.3671875000,151953.7812500000,133432.7812500000,144589.7031250000,,,
24.8999999599,194,146746.6562500000,194133.7343750000,171988.8125000000,147849.6562500000,119607.5781250000,151670.3281250000,133157.0312500000,144344.7656250000,,,
24.9039999598,194,146550.4531250000,194853.9531250000,170637.3125000000,147561.1875000000,119425.4531250000,151481.9062500000,132970.8750000000,144175.4843750000,,,
24.9079999598,194,146735.3906250000,195010.1718750000,171010.5937500000,147845.6093750000,119593.9765625000,151637.0156250000,133125.4843750000,144302.6718750000,,,
24.9119999597,194,147055.4843750000,194349.9375000000,172503.3750000000,148315.6875000000,119893.4453125000,151932.9218750000,133421.2968750000,144561.1875000000,,,
24.9159999597,194,147060.1562500000,193870.3125000000,173199.4531250000,148324.5468750000,119901.0078125000,151941.5000000000,133435.9218750000,144588.2187500000,,,
24.9199999599,194,146742.8125000000,194159.8281250000,172003.6718750000,147839.2812500000,119608.8593750000,151652.8750000000,133148.8437500000,144337.5937500000,,,
24.9239999598,194,146544.3125000000,194818.0937500000,170626.9843750000,147547.6406250000,119418.7187500000,151458.7343750000,132957.4218750000,144160.0156250000,,,
24.9279999598,194,146722.8125000000,194979.4531250000,170992.5156250000,147827.7968750000,119579.8984375000,151605.7968750000,133109.4375000000,144280.6093750000,,,
24.9319999598,194,147038.2656250000,194356.4062500000,172490.8750000000,148291.7187500000,119872.7421875000,151896.9218750000,133393.8125000000,144534.2343750000,,,
24.9359999597,194,147056.3125000000,193895.6875000000,173206.0312500000,148315.2968750000,119887.6250000000,151914.5468750000,133413.0156250000,144569.9843750000,,,
24.9399999597,194,146750.4062500000,194162.0312500000,172015.3125000000,147848.6093750000,119601.4062500000,151634.3281250000,133132.8906250000,144329.0937500000,,,
24.9439999599,194,146552.2656250000,194787.2968750000,170621.0312500000,147558.3750000000,119413.3828125000,151452.3281250000,132944.0781250000,144156.2343750000,,,
24.9479999598,194,146723.2343750000,194951.9843750000,170975.1250000000,147833.4062500000,119570.3750000000,151604.1093750000,133094.6562500000,144276.5312500000,,,
24.9519999598,194,147031.6875000000,194379.0781250000,172483.4687500000,148291.9843750000,119858.7109375000,151884.6875000000,133375.8906250000,144527.1562500000,,,
24.9559999597,194,147054.7656250000,193943.1250000000,173210.7500000000,148322.5000000000,119882.0156250000,151908.6250000000,133399.0937500000,144569.3906250000,,,
24.9599999597,195,146752.3437500000,194174.3906250000,172020.6562500000,147856.7656250000,119604.2265625000,151634.7968750000,133126.0468750000,144331.1406250000,,,
24.9639999596,195,146556.0000000000,194746.2343750000,170612.9843750000,147564.0625000000,119419.1796875000,151447.9531250000,132941.5937500000,144157.7031250000,,,
24.9679999596,195,146730.6875000000,194914.6562500000,170962.2500000000,147834.0781250000,119577.1093750000,151594.1250000000,133091.0156250000,144281.1875000000,,,
24.9719999596,195,147039.1406250000,194389.9062500000,172481.5625000000,148292.4843750000,119863.9687500000,151874.0468750000,133370.7500000000,144530.6718750000,,,
24.9759999595,195,147059.7500000000,193986.9531250000,173225.6718750000,148323.8125000000,119883.0937500000,151897.9375000000,133390.3281250000,144569.0156250000,,,
24.9799999595,195,146759.3593750000,194196.3125000000,172034.9843750000,147860.9843750000,119605.5625000000,151629.2656250000,133114.7500000000,144331.5937500000,,,
24.9839999597,195,146559.0312500000,194723.3281250000,170605.5468750000,147561.1562500000,119416.3359375000,151443.2343750000,132924.4218750000,144155.1250000000,,,
24.9879999596,195,146719.1093750000,194886.1718750000,170940.5781250000,147822.0000000000,119559.9375000000,151581.3906250000,133062.0937500000,144266.5468750000,,,
24.9919999596,195,147020.1562500000,194381.8125000000,172461.9531250000,148284.6250000000,119840.4218750000,151855.9062500000,133339.1406250000,144511.0781250000,,,
24.9959999595,195,147039.4375000000,193983.4375000000,173214.9687500000,148321.1875000000,119861.0156250000,151875.6562500000,133361.9375000000,144548.7500000000,,,
24.9999999595,195,146739.7812500000,194180.2343750000,172033.2343750000,147860.3125000000,119588.4765625000,151604.1406250000,133094.9843750000,144310.9687500000,,,
25.0039999597,195,146544.7968750000,194706.6562500000,170605.3125000000,147563.0625000000,119407.2968750000,151422.9843750000,132918.1250000000,144141.5312500000,,,
25.0079999596,195,146716.7500000000,194874.9375000000,170933.9375000000,147829.4531250000,119566.3515625000,151570.9531250000,133072.1562500000,144265.2343750000,,,
25.0119999596,195,147030.7031250000,194364.3750000000,172452.7343750000,148298.7968750000,119859.4062500000,151857.6093750000,133355.6718750000,144524.2812500000,,,
25.0159999595,195,147058.6406250000,193956.6250000000,173219.1718750000,148338.9687500000,119889.2890625000,151891.0000000000,133386.1718750000,144573.9218750000,,,
25.0199999595,195,146760.1250000000,194175.7656250000,172055.7968750000,147885.6562500000,119615.8359375000,151626.6093750000,133117.3593750000,144341.3750000000,,,
25.0239999595,195,146551.3281250000,194737.8906250000,170625.3906250000,147575.0312500000,119417.5390625000,151429.5000000000,132923.8125000000,144158.0781250000,,,
25.0279999597,195,146716.5625000000,194907.8750000000,170933.7500000000,147832.7343750000,119564.8203125000,151568.1718750000,133065.3125000000,144272.0000000000,,,
25.0319999596,195,147029.1406250000,194353.2968750000,172430.3593750000,148302.3125000000,119856.5625000000,151853.2812500000,133347.3750000000,144523.7656250000,,,
25.0359999596,195,147056.5781250000,193920.7656250000,173201.5312500000,148339.8125000000,119882.5000000000,151882.5937500000,133373.3125000000,144567.8906250000,,,
25.0399999595,195,146752.0156250000,194179.3750000000,172065.1875000000,147875.0625000000,119601.7031250000,151614.7812500000,133105.1250000000,144332.1562500000,,,
25.0439999595,195,146536.6875000000,194809.3750000000,170643.3125000000,147568.0312500000,119399.1953125000,151418.6562500000,132907.4218750000,144147.7500000000,,,
25.0479999597,195,146703.5468750000,194976.9687500000,170926.4687500000,147828.0937500000,119551.3828125000,151564.0312500000,133051.6875000000,144260.6406250000,,,
25.0519999596,195,147026.7031250000,194321.3437500000,172387.7656250000,148288.0312500000,119853.9609375000,151860.8750000000,133345.9375000000,144517.3281250000,,,
25.0559999596,195,147060.3906250000,193811.1093750000,173160.6562500000,148341.6875000000,119887.0859375000,151897.3593750000,133383.5625000000,144572.0468750000,,,
25.0599999595,195,146733.6718750000,194151.4843750000,172067.5625000000,147868.2500000000,119585.1250000000,151604.4062500000,133093.0468750000,144324.8906250000,,,
25.0639999595,195,146520.6562500000,194909.0000000000,170672.2500000000,147559.3593750000,119388.1718750000,151409.4062500000,132898.8125000000,144140.9375000000,,,
25.0679999595,195,146702.2656250000,195066.7968750000,170933.9843750000,147818.8125000000,119557.1484375000,151569.6093750000,133059.9218750000,144261.7187500000,,,
25.0719999596,195,147035.8750000000,194290.4218750000,172359.2031250000,148297.1093750000,119870.1640625000,151872.8125000000,133364.5781250000,144521.2812500000,,,
25.0759999596,195,147063.9531250000,193733.0000000000,173142.0312500000,148341.6875000000,119895.9375000000,151902.2656250000,133392.3906250000,144571.7031250000,,,
25.0799999596,195,146732.2968750000,194147.7812500000,172088.9218750000,147863.4687500000,119585.2890625000,151606.3281250000,133092.8125000000,144324.0468750000,,,
25.0839999595,195,146512.3281250000,194970.3906250000,170695.2343750000,147542.5781250000,119376.6406250000,151402.1093750000,132890.1406250000,144134.4687500000,,,
25.0879999595,196,146696.6875000000,195112.4062500000,170924.1406250000,147804.1875000000,119547.3828125000,151563.6250000000,133049.7343750000,144251.5000000000,,,
25.0919999594,196,147034.1250000000,194286.7968750000,172330.5781250000,148287.7656250000,119867.0781250000,151874.6875000000,133357.3125000000,144513.2500000000,,,
25.0959999594,196,147067.8750000000,193712.5937500000,173129.7812500000,148348.8750000000,119900.0156250000,151909.0468750000,133395.6093750000,144570.8750000000,,,
25.0999999593,196,146736.2500000000,194143.2187500000,172097.2343750000,147880.9531250000,119589.2812500000,151609.4687500000,133092.6562500000,144325.0937500000,,,
25.1039999593,196,146505.8750000000,195002.0156250000,170704.3593750000,147546.7031250000,119370.4687500000,151393.5312500000,132874.3125000000,144126.9062500000,,,
25.1079999593,196,146684.5000000000,195162.8906250000,170918.0312500000,147800.4375000000,119533.8125000000,151550.8437500000,133030.9062500000,144239.4062500000,,,
25.1119999595,196,147029.7343750000,194318.0000000000,172316.7968750000,148288.0312500000,119856.3750000000,151866.6718750000,133346.4687500000,144505.9062500000,,,
25.1159999594,196,147061.6718750000,193713.3750000000,173117.4062500000,148344.5312500000,119883.7343750000,151895.2343750000,133377.5312500000,144560.0625000000,,,
25.1199999594,196,146734.3906250000,194137.5937500000,172097.5781250000,147874.9218750000,119578.0703125000,151597.1093750000,133083.9375000000,144318.9531250000,,,
25.1239999593,196,146509.6718750000,195004.1562500000,170709.9687500000,147546.3281250000,119367.5468750000,151386.8750000000,132879.5000000000,144126.5156250000,,,
25.1279999593,196,146687.3281250000,195178.2031250000,170919.2656250000,147807.5156250000,119532.1484375000,151543.8593750000,133031.9843750000,144238.8750000000,,,
25.1319999595,196,147024.9062500000,194365.3437500000,172326.2343750000,148292.4375000000,119851.9218750000,151855.1093750000,133341.6875000000,144501.7968750000,,,
25.1359999594,196,147058.8593750000,193774.5781250000,173141.9531250000,148347.2656250000,119887.2187500000,151893.4687500000,133380.6718750000,144561.8125000000,,,
25.1399999594,196,146734.6875000000,194169.2656250000,172117.7187500000,147877.9218750000,119584.7265625000,151603.1718750000,133092.0625000000,144322.3437500000,,,
25.1439999593,196,146508.5781250000,194993.4843750000,170702.2187500000,147546.8437500000,119370.3593750000,151396.4843750000,132886.8125000000,144129.0781250000,,,
25.1479999593,196,146676.8593750000,195179.4375000000,170901.5000000000,147791.6875000000,119523.6250000000,151543.8593750000,133030.9843750000,144235.2968750000,,,
25.1519999593,196,147017.8281250000,194392.0468750000,172318.5156250000,148277.6562500000,119844.1171875000,151858.0000000000,133341.5625000000,144502.7656250000,,,
25.1559999594,196,147058.1093750000,193789.4687500000,173145.0312500000,148341.0312500000,119884.4609375000,151900.9531250000,133385.2812500000,144564.6718750000,,,
25.1599999594,196,146734.9843750000,194166.9062500000,172125.1875000000,147876.5937500000,119585.3125000000,151607.1093750000,133096.4843750000,144323.7656250000,,,
25.1639999594,196,146508.2343750000,195010.4687500000,170709.5156250000,147540.7968750000,119372.9921875000,151378.9687500000,132886.3906250000,144126.3281250000,,,
25.1679999593,196,146674.3750000000,195208.2187500000,170898.9531250000,147788.7500000000,119522.3046875000,151518.7031250000,133018.4375000000,144226.8281250000,,,
25.1719999593,196,147001.3281250000,194394.1718750000,172298.4531250000,148268.8593750000,119828.9140625000,151854.4375000000,133320.1093750000,144486.5625000000,,,
25.1759999595,196,147042.9062500000,193760.8281250000,173125.1875000000,148342.3750000000,119869.8125000000,151905.5312500000,133368.1718750000,144549.2500000000,,,
25.1799999594,196,146722.1718750000,194133.8593750000,172116.6562500000,147871.5468750000,119569.9453125000,151611.0781250000,133081.6875000000,144311.7500000000,,,
25.1839999594,196,146485.9375000000,194999.1406250000,170697.1250000000,147527.5000000000,119346.3281250000,151391.7812500000,132865.1250000000,144111.5156250000,,,
25.1879999593,196,146664.0625000000,195219.6406250000,170885.6718750000,147779.3593750000,119510.3750000000,151541.4531250000,133014.3906250000,144223.1562500000,,,
25.1919999593,196,147010.0468750000,194390.8750000000,172291.0000000000,148270.0156250000,119839.6406250000,151868.1406250000,133333.4375000000,144493.7343750000,,,
25.1959999593,196,147058.3281250000,193728.6093750000,173129.2187500000,148350.4218750000,119886.5546875000,151917.2343750000,133379.8125000000,144564.2968750000,,,
25.1999999594,196,146734.3750000000,194120.3906250000,172141.4687500000,147880.5312500000,119583.8671875000,151621.8437500000,133086.9062500000,144330.0937500000,,,
25.2039999594,196,146478.8281250000,195040.0468750000,170722.0625000000,147528.4843750000,119343.1875000000,151387.0937500000,132857.6562500000,144112.1093750000,,,
25.2079999594,196,146647.0625000000,195277.7500000000,170886.8125000000,147770.6875000000,119497.6875000000,151532.5781250000,132999.1250000000,144213.7343750000,,,
25.2119999593,196,147009.0312500000,194378.4062500000,172268.7343750000,148268.3437500000,119839.2656250000,151862.2187500000,133321.1718750000,144491.7656250000,,,
25.2159999593,197,147063.0156250000,193631.8281250000,173108.9375000000,148344.4218750000,119890.5468750000,151916.1562500000,133375.3906250000,144569.0000000000,,,
25.2199999592,197,146739.1718750000,194062.8593750000,172159.4843750000,147882.2500000000,119589.8750000000,151626.3750000000,133091.2031250000,144341.3750000000,,,
25.2239999592,197,146490.4531250000,195106.0312500000,170775.0312500000,147525.7031250000,119357.0546875000,151396.9843750000,132866.5468750000,144137.1093750000,,,
25.2279999591,197,146659.9687500000,195373.8281250000,170929.6718750000,147756.7500000000,119514.9062500000,151545.7187500000,133011.7812500000,144237.1718750000,,,
25.2319999591,197,147025.4218750000,194377.1875000000,172278.7656250000,148259.1718750000,119861.3906250000,151881.0937500000,133339.5468750000,144511.5156250000,,,
25.2359999591,197,147080.6093750000,193551.1875000000,173116.9843750000,148342.8593750000,119914.1015625000,151931.8125000000,133392.9218750000,144585.2500000000,,,
25.2399999592,197,146747.9062500000,194019.8906250000,172195.6406250000,147881.2343750000,119599.5859375000,151627.6250000000,133091.9531250000,144347.0937500000,,,
25.2439999592,197,146495.2968750000,195146.9843750000,170821.0937500000,147528.1093750000,119357.0546875000,151389.6718750000,132857.8281250000,144133.5156250000,,,
25.2479999592,197,146665.2500000000,195438.3281250000,170957.1406250000,147763.4843750000,119512.3593750000,151541.2656250000,133002.6406250000,144232.4062500000,,,
25.2519999591,197,147031.6406250000,194385.4062500000,172278.6562500000,148264.1875000000,119860.2421875000,151882.8750000000,133337.7187500000,144507.8125000000,,,
25.2559999591,197,147084.6406250000,193508.4218750000,173112.3750000000,148351.9062500000,119910.5312500000,151935.2187500000,133393.4062500000,144581.1250000000,,,
25.2599999593,197,146739.5937500000,193991.9687500000,172206.5937500000,147877.2031250000,119586.3359375000,151624.6250000000,133086.8281250000,144338.6406250000,,,
25.2639999592,197,146482.5312500000,195177.1093750000,170842.3281250000,147516.5781250000,119344.3437500000,151384.6718750000,132851.4375000000,144127.9062500000,,,
25.2679999592,197,146658.6718750000,195490.4687500000,170971.3281250000,147754.4375000000,119510.2890625000,151540.0625000000,133004.5937500000,144228.7343750000,,,
25.2719999591,197,147027.9843750000,194396.0468750000,172279.2500000000,148258.4531250000,119863.0546875000,151883.9687500000,133343.0156250000,144501.7031250000,,,
25.2759999591,197,147085.3906250000,193454.9687500000,173111.8281250000,148349.2187500000,119916.6718750000,151940.0000000000,133397.7031250000,144578.4062500000,,,
25.2799999590,197,146732.1093750000,193936.0468750000,172221.7968750000,147873.1562500000,119582.3359375000,151617.2812500000,133078.9687500000,144329.1718750000,,,
25.2839999592,197,146467.1093750000,195169.2500000000,170862.3437500000,147510.2812500000,119331.0703125000,151370.5156250000,132841.6250000000,144113.2656250000,,,
25.2879999592,197,146642.2812500000,195521.0781250000,170981.0781250000,147750.8750000000,119493.7968750000,151526.2656250000,132994.8906250000,144215.4843750000,,,
25.2919999592,197,147018.2187500000,194420.5156250000,172276.4375000000,148261.6406250000,119847.1796875000,151873.6406250000,133330.9375000000,144492.6562500000,,,
25.2959999591,197,147086.4843750000,193454.1718750000,173112.6406250000,148365.8750000000,119910.1796875000,151942.1718750000,133395.8281250000,144577.2500000000,,,
25.2999999591,197,146741.5000000000,193909.7343750000,172226.7500000000,147895.3125000000,119583.8359375000,151628.6250000000,133083.9843750000,144335.2187500000,,,
25.3039999593,197,146480.6562500000,195129.7968750000,170859.7968750000,147535.2187500000,119336.5937500000,151385.3750000000,132841.6250000000,144125.2812500000,,,
25.3079999592,197,146651.6250000000,195505.3281250000,170978.4375000000,147769.9218750000,119499.1328125000,151534.6093750000,132990.4843750000,144228.5468750000,,,
25.3119999592,197,147023.4062500000,194470.8281250000,172296.7031250000,148268.4375000000,119855.1406250000,151879.3750000000,133334.5312500000,144504.6406250000,,,
25.3159999591,197,147087.2968750000,193529.0000000000,173146.2500000000,148367.1875000000,119915.7109375000,151942.6250000000,133402.3125000000,144583.4843750000,,,
25.3199999591,197,146752.9218750000,193932.4062500000,172251.3593750000,147906.0625000000,119601.9687500000,151641.7187500000,133103.7343750000,144348.4375000000,,,
25.3239999590,197,146486.9687500000,195092.7500000000,170857.8906250000,147536.1562500000,119349.5468750000,151397.0937500000,132858.1718750000,144131.5000000000,,,
25.3279999592,197,146644.6718750000,195484.2500000000,170966.3281250000,147756.6406250000,119494.5468750000,151536.5156250000,132993.4062500000,144225.5937500000,,,
25.3319999592,197,147017.7500000000,194508.5468750000,172300.2812500000,148264.9687500000,119849.9687500000,151879.7343750000,133330.9687500000,144505.5000000000,,,
25.3359999591,197,147090.7343750000,193587.9531250000,173166.3281250000,148371.3750000000,119919.5468750000,151949.7343750000,133401.0000000000,144589.4062500000,,,
25.3399999591,197,146762.3125000000,193935.3281250000,172261.6562500000,147910.0625000000,119610.5000000000,151654.2031250000,133109.0468750000,144355.0312500000,,,
25.3439999591,198,146502.5156250000,195044.7187500000,170851.8593750000,147540.3437500000,119364.7578125000,151414.9843750000,132873.2500000000,144146.1406250000,,,
25.3479999590,198,146657.9218750000,195460.8906250000,170961.9062500000,147760.3125000000,119509.3515625000,151550.8437500000,133008.2500000000,144244.0937500000,,,
25.3519999590,198,147016.7500000000,194541.2031250000,172309.0781250000,148256.8437500000,119850.8515625000,151884.3750000000,133336.6718750000,144517.7343750000,,,
25.3559999589,198,147095.3125000000,193625.6875000000,173182.7187500000,148367.7187500000,119924.6953125000,151960.5156250000,133413.0937500000,144606.4687500000,,,
25.3599999589,198,146772.2343750000,193930.4218750000,172274.3125000000,147910.1406250000,119622.1406250000,151662.8750000000,133123.0156250000,144370.6718750000,,,
25.3639999588,198,146500.4218750000,195013.5781250000,170845.7187500000,147532.7343750000,119364.3828125000,151405.3593750000,132871.1562500000,144143.4843750000,,,
25.3679999590,198,146641.2343750000,195441.6250000000,170941.5156250000,147738.7500000000,119492.6406250000,151522.1406250000,132988.6093750000,144222.2968750000,,,
25.3719999590,198,147003.8281250000,194541.7500000000,172290.9375000000,148242.9531250000,119836.7968750000,151853.7656250000,133317.2812500000,144491.7968750000,,,
25.3759999590,198,147086.4062500000,193603.4843750000,173168.2343750000,148360.6250000000,119916.8359375000,151936.4531250000,133400.0000000000,144581.5781250000,,,
25.3799999589,198,146765.6093750000,193884.0937500000,172265.4062500000,147912.4687500000,119615.2968750000,151648.6562500000,133114.2500000000,144353.6093750000,,,
25.3839999589,198,146484.0937500000,194986.6406250000,170833.4218750000,147528.2500000000,119348.0468750000,151393.3437500000,132858.2031250000,144130.1562500000,,,
25.3879999591,198,146623.0781250000,195449.2968750000,170920.0625000000,147739.0625000000,119475.8828125000,151521.5156250000,132979.1406250000,144218.8281250000,,,
25.3919999590,198,146984.2968750000,194549.7968750000,172258.8125000000,148240.7812500000,119818.1562500000,151859.3125000000,133306.1875000000,144491.2968750000,,,
25.3959999590,198,147072.8906250000,193583.0937500000,173137.5312500000,148353.8906250000,119905.1406250000,151947.6406250000,133393.8906250000,144586.2187500000,,,
25.3999999589,198,146754.3750000000,193852.5000000000,172248.7031250000,147901.6093750000,119610.5781250000,151660.3281250000,133112.7968750000,144359.5156250000,,,
25.4039999589,198,146483.2031250000,194976.3125000000,170826.9062500000,147523.2031250000,119355.0468750000,151406.9062500000,132864.5781250000,144138.7656250000,,,
25.4079999588,198,146625.1562500000,195465.6406250000,170911.6718750000,147728.0156250000,119482.9609375000,151525.0625000000,132980.3750000000,144219.9531250000,,,
25.4119999590,198,146997.0625000000,194552.9375000000,172245.1250000000,148233.7031250000,119833.7968750000,151866.0000000000,133313.5312500000,144494.7187500000,,,
25.4159999590,198,147088.2812500000,193555.2500000000,173128.8906250000,148362.2812500000,119921.0156250000,151950.8437500000,133400.6718750000,144587.9062500000,,,
25.4199999589,198,146769.2343750000,193823.0468750000,172252.9843750000,147918.2187500000,119623.8281250000,151660.7812500000,133118.7968750000,144360.0156250000,,,
25.4239999589,198,146488.3593750000,194982.2968750000,170834.1250000000,147533.2968750000,119359.6015625000,151399.7968750000,132863.7187500000,144134.4218750000,,,
25.4279999589,198,146632.8437500000,195492.5312500000,170912.3906250000,147743.0937500000,119491.9218750000,151528.2343750000,132988.3906250000,144222.2968750000,,,
25.4319999591,198,147003.2343750000,194555.9062500000,172234.4531250000,148251.1093750000,119842.1640625000,151875.4375000000,133325.9531250000,144501.3750000000,,,
25.4359999590,198,147091.9062500000,193520.5781250000,173122.2656250000,148378.4531250000,119926.7890625000,151963.2500000000,133414.3593750000,144595.0312500000,,,
25.4399999590,198,146769.3125000000,193789.5468750000,172263.6718750000,147928.5468750000,119623.8828125000,151672.0000000000,133128.3593750000,144366.7500000000,,,
25.4439999589,198,146489.9062500000,194978.0156250000,170846.7031250000,147540.5000000000,119356.5234375000,151410.2031250000,132870.2500000000,144144.0781250000,,,
25.4479999589,198,146629.3125000000,195503.1093750000,170907.6718750000,147740.0625000000,119481.2187500000,151524.5781250000,132982.6875000000,144223.3593750000,,,
25.4519999588,198,147002.1562500000,194545.1562500000,172214.9843750000,148252.6875000000,119833.5546875000,151865.0625000000,133318.6562500000,144497.2968750000,,,
25.4559999590,198,147097.1875000000,193476.3125000000,173105.2031250000,148391.8593750000,119923.2968750000,151952.8281250000,133410.4687500000,144593.0312500000,,,
25.4599999590,198,146771.0000000000,193745.7968750000,172264.2343750000,147942.0000000000,119617.2812500000,151652.5468750000,133120.2031250000,144359.2968750000,,,
25.4639999589,198,146475.7500000000,194970.6093750000,170854.5625000000,147541.3906250000,119337.8828125000,151381.4843750000,132853.2343750000,144120.7968750000,,,
25.4679999589,198,146604.6250000000,195516.9375000000,170902.0937500000,147728.2343750000,119457.9375000000,151498.2343750000,132961.8593750000,144190.4218750000,,,
25.4719999589,199,146980.9375000000,194519.1562500000,172189.0468750000,148237.0781250000,119817.4843750000,151848.7812500000,133305.5156250000,144465.3750000000,,,
25.4759999588,199,147084.2343750000,193394.0312500000,173078.6562500000,148384.8593750000,119916.5156250000,151950.8437500000,133408.7031250000,144574.3281250000,,,
25.4799999588,199,146752.8750000000,193669.1406250000,172257.9218750000,147933.6875000000,119603.1250000000,151652.6875000000,133111.7187500000,144346.1562500000,,,
25.4839999587,199,146453.1093750000,194969.0781250000,170867.5781250000,147526.2656250000,119317.3906250000,151377.4843750000,132837.3281250000,144112.7500000000,,,
25.4879999587,199,146591.5625000000,195554.5156250000,170906.1406250000,147713.4531250000,119446.0000000000,151501.0312500000,132956.5781250000,144193.1406250000,,,
25.4919999586,199,146988.4062500000,194493.5937500000,172165.6093750000,148233.9843750000,119825.7187500000,151869.8125000000,133318.3593750000,144483.0781250000,,,
25.4959999588,199,147101.4218750000,193286.2812500000,173053.6875000000,148392.0781250000,119934.9375000000,151975.3593750000,133428.2187500000,144597.8593750000,,,
25.4999999588,199,146761.5937500000,193606.6406250000,172276.6718750000,147939.2968750000,119615.7578125000,151660.5937500000,133125.1562500000,144363.1093750000,,,
25.5039999587,199,146451.5625000000,195029.9687500000,170915.3437500000,147527.0625000000,119320.6562500000,151366.8906250000,132840.5312500000,144117.1562500000,,,
25.5079999587,199,146596.2656250000,195657.1406250000,170940.7656250000,147718.5312500000,119454.4453125000,151489.9843750000,132965.0312500000,144191.1250000000,,,
25.5119999587,199,146998.5625000000,194517.5312500000,172166.8125000000,148243.6406250000,119838.2734375000,151863.5781250000,133329.8593750000,144477.7187500000,,,
25.5159999589,199,147105.2031250000,193238.0000000000,173042.0156250000,148393.9375000000,119938.0468750000,151966.5000000000,133431.4375000000,144587.5312500000,,,
25.5199999588,199,146761.8281250000,193581.7343750000,172288.7656250000,147940.6875000000,119611.6015625000,151652.6875000000,133122.1875000000,144357.9375000000,,,
25.5239999588,199,146455.3906250000,195066.8750000000,170942.1718750000,147526.2656250000,119319.0234375000,151364.7968750000,132841.4843750000,144122.0000000000,,,
25.5279999587,199,146602.6718750000,195715.5625000000,170957.0781250000,147718.5312500000,119455.9765625000,151495.3750000000,132969.1093750000,144204.5156250000,,,
25.5319999587,199,147008.1718750000,194574.8750000000,172177.2968750000,148250.8125000000,119843.5000000000,151873.7031250000,133334.2656250000,144494.9375000000,,,
25.5359999586,199,147121.8125000000,193281.0000000000,173058.9375000000,148407.1562500000,119952.0781250000,151983.4062500000,133440.1875000000,144607.6718750000,,,
25.5399999588,199,146783.7968750000,193610.7500000000,172314.4062500000,147957.8593750000,119631.3906250000,151674.0937500000,133136.9062500000,144380.4062500000,,,
25.5439999588,199,146469.5312500000,195107.6406250000,170965.2343750000,147540.5937500000,119331.3906250000,151377.5625000000,132849.5312500000,144135.3593750000,,,
25.5479999587,199,146604.3906250000,195776.5781250000,170964.9062500000,147723.5937500000,119457.1015625000,151491.9687500000,132964.4218750000,144199.1718750000,,,
25.5519999587,199,147012.9375000000,194600.7500000000,172166.8125000000,148259.3437500000,119848.3046875000,151870.4843750000,133333.7343750000,144485.9531250000,,,
25.5559999587,199,147134.7187500000,193261.2031250000,173054.0625000000,148428.4531250000,119961.9765625000,151986.1093750000,133448.4531250000,144607.0312500000,,,
25.5599999588,199,146779.5625000000,193602.8437500000,172322.6718750000,147962.6562500000,119622.7265625000,151660.5468750000,133129.8750000000,144366.6250000000,,,
25.5639999588,199,146450.2343750000,195122.8281250000,170963.0625000000,147525.2500000000,119310.8125000000,151355.8437500000,132833.6875000000,144110.1250000000,,,
25.5679999588,199,146587.7812500000,195787.7656250000,170945.8750000000,147707.2656250000,119441.8125000000,151478.9843750000,132952.6718750000,144181.7656250000,,,
25.5719999587,199,146997.4062500000,194613.5468750000,172148.4687500000,148245.5468750000,119835.3984375000,151859.6093750000,133323.3281250000,144476.2968750000,,,
25.5759999587,199,147113.5781250000,193279.6562500000,173048.9687500000,148408.3281250000,119946.9531250000,151973.4218750000,133437.3437500000,144594.1250000000,,,
25.5799999586,199,146772.7812500000,193599.4843750000,172326.7812500000,147962.4687500000,119622.5937500000,151665.0000000000,133134.7656250000,144366.5937500000,,,
25.5839999588,199,146449.5156250000,195132.6406250000,170965.7656250000,147536.1093750000,119314.0859375000,151365.3437500000,132839.9375000000,144116.4531250000,,,
25.5879999588,199,146584.6406250000,195836.7187500000,170939.4375000000,147711.2812500000,119442.3515625000,151489.0937500000,132957.6875000000,144186.0312500000,,,
25.5919999587,199,147000.9843750000,194627.6562500000,172125.1875000000,148247.3437500000,119842.0312500000,151879.0625000000,133334.0000000000,144480.2187500000,,,
25.5959999587,199,147126.1093750000,193199.0312500000,173016.2656250000,148412.0312500000,119960.8203125000,151996.1875000000,133451.0000000000,144602.0937500000,,,
25.5999999586,200,146779.3437500000,193542.4687500000,172326.6093750000,147959.2812500000,119629.1640625000,151670.9531250000,133137.6562500000,144371.9531250000,,,
25.6039999586,200,146452.2812500000,195206.9062500000,171004.1718750000,147524.5468750000,119315.9921875000,151361.8750000000,132838.1406250000,144119.6406250000,,,
25.6079999586,200,146596.7656250000,195967.0781250000,170975.5312500000,147703.9843750000,119450.8515625000,151489.8437500000,132959.9062500000,144194.5312500000,,,
25.6119999585,200,147024.2031250000,194664.5312500000,172128.3750000000,148247.5625000000,119862.4375000000,151885.5000000000,133347.5937500000,144492.3437500000,,,
25.6159999585,200,147151.5000000000,193120.1562500000,173006.3906250000,148426.5156250000,119983.1406250000,152004.6718750000,133468.2968750000,144614.3750000000,,,
25.6199999584,200,146789.1718750000,193480.1250000000,172340.2968750000,147967.1093750000,119633.8593750000,151670.5156250000,133140.6562500000,144377.2500000000,,,
25.6239999586,200,146435.7812500000,195271.9218750000,171035.4843750000,147513.0468750000,119295.0703125000,151337.9843750000,132816.4062500000,144107.7031250000,,,
25.6279999586,200,146575.3125000000,196087.7968750000,170986.4531250000,147697.7031250000,119425.8593750000,151459.0468750000,132933.8125000000,144172.8125000000,,,
25.6319999585,200,147011.4375000000,194677.9531250000,172095.5625000000,148251.1250000000,119844.3359375000,151862.8906250000,133325.1250000000,144471.7968750000,,,
25.6359999585,200,147144.6718750000,193008.8125000000,172958.0312500000,148429.0468750000,119971.7421875000,151986.7812500000,133448.0937500000,144598.3906250000,,,
25.6399999585,200,146785.3593750000,193382.0625000000,172323.2031250000,147980.6093750000,119627.9609375000,151658.2343750000,133128.8906250000,144370.9375000000,,,
25.6439999586,200,146430.0156250000,195304.9218750000,171054.9062500000,147532.1718750000,119288.3125000000,151333.5312500000,132812.3593750000,144107.7343750000,,,
25.6479999586,200,146567.4218750000,196194.7187500000,171001.9531250000,147706.7187500000,119420.9453125000,151458.9531250000,132935.1562500000,144172.7031250000,,,
25.6519999586,200,147015.0625000000,194718.0000000000,172082.2968750000,148253.2968750000,119854.3359375000,151880.1875000000,133343.0625000000,144479.6562500000,,,
25.6559999585,200,147157.0781250000,192923.5468750000,172930.1093750000,148441.8437500000,119990.4609375000,152016.9062500000,133477.7968750000,144612.8750000000,,,
25.6599999585,200,146784.6093750000,193298.5156250000,172321.5781250000,147982.0312500000,119635.4140625000,151676.6875000000,133150.0781250000,144378.7500000000,,,
25.6639999584,200,146419.0468750000,195343.9375000000,171080.2500000000,147518.3750000000,119282.7578125000,151330.8125000000,132815.2500000000,144106.6093750000,,,
25.6679999586,200,146561.0937500000,196314.0468750000,171027.2187500000,147688.1406250000,119417.0078125000,151457.9843750000,132934.4062500000,144173.2031250000,,,
25.6719999586,200,147018.4375000000,194777.2968750000,172081.1875000000,148250.6250000000,119858.5468750000,151897.6250000000,133346.3906250000,144483.6718750000,,,
25.6759999585,200,147168.1562500000,192880.1406250000,172917.2656250000,148448.7031250000,120001.2421875000,152045.5468750000,133485.9375000000,144624.8437500000,,,
25.6799999585,200,146787.3750000000,193242.6250000000,172319.4531250000,147979.3906250000,119633.4062500000,151690.5000000000,133144.9062500000,144387.8906250000,,,
25.6839999584,200,146412.9531250000,195362.5625000000,171091.6718750000,147506.0625000000,119274.2812500000,151340.2031250000,132809.4687500000,144113.4687500000,,,
25.6879999586,200,146553.7968750000,196387.1875000000,171031.4375000000,147672.2812500000,119409.4375000000,151465.3906250000,132933.7500000000,144173.7500000000,,,
25.6919999586,200,147015.4062500000,194818.6562500000,172070.8593750000,148237.6093750000,119856.3750000000,151895.3125000000,133352.5781250000,144479.5625000000,,,
25.6959999586,200,147170.7031250000,192842.6406250000,172902.5937500000,148444.0312500000,120005.5625000000,152040.6093750000,133499.8125000000,144619.8437500000,,,
25.6999999585,200,146792.2500000000,193176.9375000000,172318.5156250000,147985.5625000000,119639.0078125000,151689.3437500000,133159.2031250000,144385.3125000000,,,
25.7039999585,200,146415.3125000000,195347.8593750000,171098.2187500000,147513.2343750000,119271.8671875000,151332.7812500000,132812.6875000000,144110.5781250000,,,
25.7079999584,200,146550.8750000000,196428.2812500000,171034.8125000000,147679.6875000000,119398.3359375000,151455.8593750000,132925.6093750000,144169.9375000000,,,
25.7119999586,200,147013.0781250000,194863.2968750000,172068.2656250000,148247.2187500000,119846.7187500000,151892.1562500000,133343.3281250000,144480.2968750000,,,
25.7159999586,200,147168.5156250000,192842.2656250000,172896.9375000000,148455.0312500000,119997.1093750000,152039.7187500000,133484.4218750000,144621.5312500000,,,
25.7199999585,200,146791.0625000000,193142.9218750000,172318.4375000000,147990.9843750000,119632.5703125000,151692.4531250000,133147.0000000000,144387.1875000000,,,
25.7239999585,200,146406.0468750000,195321.8906250000,171098.9218750000,147507.9375000000,119261.3593750000,151331.6250000000,132800.2656250000,144107.0937500000,,,
25.7279999584,201,146532.5781250000,196435.1406250000,171029.1250000000,147665.8750000000,119382.4296875000,151444.2187500000,132908.2500000000,144156.3125000000,,,
25.7319999584,201,146996.0156250000,194882.1250000000,172059.7968750000,148233.0468750000,119833.0156250000,151877.3906250000,133329.2812500000,144460.3437500000,,,
25.7359999584,201,147162.2031250000,192821.0625000000,172886.6562500000,148443.7343750000,119994.8828125000,152034.5000000000,133488.3593750000,144607.3750000000,,,
25.7399999583,201,146793.4062500000,193081.0625000000,172313.0781250000,147982.4843750000,119641.3437500000,151692.2187500000,133161.5781250000,144379.9531250000,,,
25.7439999583,201,146405.9062500000,195266.6875000000,171092.7968750000,147499.3593750000,119267.4687500000,151328.4531250000,132808.3593750000,144097.9218750000,,,
25.7479999582,201,146527.2812500000,196416.2968750000,171019.5781250000,147649.3281250000,119383.7734375000,151437.6250000000,132912.0000000000,144147.3750000000,,,
25.7519999584,201,146991.1406250000,194889.6562500000,172052.0312500000,148214.1718750000,119834.4921875000,151874.8281250000,133332.2500000000,144455.6718750000,,,
25.7559999584,201,147166.7656250000,192838.8125000000,172897.0156250000,148438.7500000000,120005.3437500000,152043.2187500000,133498.7968750000,144612.6875000000,,,
25.7599999583,201,146800.8593750000,193067.3437500000,172326.7031250000,147987.1718750000,119652.7968750000,151703.1093750000,133168.4531250000,144386.9062500000,,,
25.7639999583,201,146417.3906250000,195195.6718750000,171087.1718750000,147506.7968750000,119283.9140625000,151345.5937500000,132817.4062500000,144108.2500000000,,,
25.7679999582,201,146537.5000000000,196343.7812500000,171005.8906250000,147653.4843750000,119398.7109375000,151453.8750000000,132919.2968750000,144160.5937500000,,,
25.7719999584,201,146989.7187500000,194905.9375000000,172060.5937500000,148215.9375000000,119836.3437500000,151878.0625000000,133327.7968750000,144465.0625000000,,,
25.7759999584,201,147153.2500000000,192961.0937500000,172933.6875000000,148437.5156250000,119994.3515625000,152037.2343750000,133482.1562500000,144613.3906250000,,,
25.7799999584,201,146796.4062500000,193134.5781250000,172345.3906250000,147998.3906250000,119652.7734375000,151709.8593750000,133165.9062500000,144385.9531250000,,,
25.7839999583,201,146424.0625000000,195070.0937500000,171051.5781250000,147525.3750000000,119294.3203125000,151359.5156250000,132830.7656250000,144108.1093750000,,,
25.7879999583,201,146532.1875000000,196172.3437500000,170962.3125000000,147667.8281250000,119394.6640625000,151448.3437500000,132921.7187500000,144153.1406250000,,,
25.7919999582,201,146963.9687500000,194934.4218750000,172076.1718750000,148213.2031250000,119812.2265625000,151849.9062500000,133312.0000000000,144449.4687500000,,,
25.7959999584,201,147142.5781250000,193134.9218750000,172986.7031250000,148438.9062500000,119986.4375000000,152017.2500000000,133474.6562500000,144606.5781250000,,,
25.7999999584,201,146819.3906250000,193218.7968750000,172377.6562500000,148017.4843750000,119677.1484375000,151713.7500000000,133185.1562500000,144398.6250000000,,,
25.8039999583,201,146457.1562500000,194993.7812500000,171042.9375000000,147543.2656250000,119329.7812500000,151371.8593750000,132857.4531250000,144128.9531250000,,,
25.8079999583,201,146555.3593750000,196073.2812500000,170950.7031250000,147673.8437500000,119421.7265625000,151455.4062500000,132940.2500000000,144173.8437500000,,,
25.8119999582,201,146977.4375000000,194931.4687500000,172090.9062500000,148213.8437500000,119827.8125000000,151850.8125000000,133321.6562500000,144466.4218750000,,,
25.8159999584,201,147149.7343750000,193194.8281250000,173017.0937500000,148434.1093750000,119994.1093750000,152018.4843750000,133483.9375000000,144617.7031250000,,,
25.8199999584,201,146834.2031250000,193241.7812500000,172399.6562500000,148013.7812500000,119692.1718750000,151726.9218750000,133197.9843750000,144413.2343750000,,,
25.8239999583,201,146470.0156250000,194976.0468750000,171050.5000000000,147542.8125000000,119339.4062500000,151380.2187500000,132861.8437500000,144137.5312500000,,,
25.8279999583,201,146556.4531250000,196079.7187500000,170949.4062500000,147664.5625000000,119417.3515625000,151454.2500000000,132932.6250000000,144169.3906250000,,,
25.8319999583,201,146980.9375000000,194934.5000000000,172080.4687500000,148208.1406250000,119826.3906250000,151850.8125000000,133316.2187500000,144462.4531250000,,,
25.8359999582,201,147158.1875000000,193140.9687500000,173009.0000000000,148435.8281250000,119999.3906250000,152020.6875000000,133485.2656250000,144617.1875000000,,,
25.8399999584,201,146827.8750000000,193192.4062500000,172417.0000000000,148010.0468750000,119684.4453125000,151720.6718750000,133195.3281250000,144405.2656250000,,,
25.8439999584,201,146443.4062500000,195001.7500000000,171074.8281250000,147524.9687500000,119311.9921875000,151366.1875000000,132846.1875000000,144120.8281250000,,,
25.8479999583,201,146531.2187500000,196129.2656250000,170953.8125000000,147646.2343750000,119391.3906250000,151444.9375000000,132920.7187500000,144156.3437500000,,,
25.8519999583,201,146964.5312500000,194941.3906250000,172071.2500000000,148197.6250000000,119811.1796875000,151852.1875000000,133317.9531250000,144456.4687500000,,,
25.8559999582,202,147148.2031250000,193098.9375000000,173001.7343750000,148437.5781250000,119991.0781250000,152035.6718750000,133496.0000000000,144616.4218750000,,,
25.8599999582,202,146826.5781250000,193134.8281250000,172427.5156250000,148020.4062500000,119684.5000000000,151744.7343750000,133212.1718750000,144411.1250000000,,,
25.8639999582,202,146450.3437500000,194969.9375000000,171103.6875000000,147539.9687500000,119321.4140625000,151396.8281250000,132868.6406250000,144133.9062500000,,,
25.8679999581,202,146535.7031250000,196152.9843750000,170989.7187500000,147658.0625000000,119398.2265625000,151474.6562500000,132940.2500000000,144167.1406250000,,,
25.8719999581,202,146968.4687500000,195011.0468750000,172106.1406250000,148203.6250000000,119814.0546875000,151885.0468750000,133334.4531250000,144467.8281250000,,,
25.8759999580,202,147162.4687500000,193165.7187500000,173039.2031250000,148449.1875000000,120000.8984375000,152076.6250000000,133517.5156250000,144640.0937500000,,,
25.8799999582,202,146837.5781250000,193155.3125000000,172458.0468750000,148030.2500000000,119690.5078125000,151783.7812500000,133227.5625000000,144434.2968750000,,,
25.8839999582,202,146453.9218750000,194943.0000000000,171113.4062500000,147533.1250000000,119323.8750000000,151433.1406250000,132882.7656250000,144152.8281250000,,,
25.8879999581,202,146538.8906250000,196121.0781250000,170990.0781250000,147650.7500000000,119403.7265625000,151505.5625000000,132963.0156250000,144187.5781250000,,,
25.8919999581,202,146970.9375000000,195005.4218750000,172113.9375000000,148199.6093750000,119820.4375000000,151909.0468750000,133356.2656250000,144484.2031250000,,,
25.8959999580,202,147172.2343750000,193175.2968750000,173061.9375000000,148449.0312500000,120015.9687500000,152102.3593750000,133544.5000000000,144653.2656250000,,,
25.8999999582,202,146859.1718750000,193152.0156250000,172495.1718750000,148039.4843750000,119717.9765625000,151820.0468750000,133265.5937500000,144455.0312500000,,,
25.9039999582,202,146484.6562500000,194915.2187500000,171152.1875000000,147554.0312500000,119358.4531250000,151471.9218750000,132927.3125000000,144174.7656250000,,,
25.9079999581,202,146560.4843750000,196103.7343750000,171018.8437500000,147656.7187500000,119428.7265625000,151536.7031250000,132988.1718750000,144198.9062500000,,,
25.9119999581,202,146984.2187500000,195028.0312500000,172139.2031250000,148192.3125000000,119837.1484375000,151934.5312500000,133370.2031250000,144491.3906250000,,,
25.9159999581,202,147181.7656250000,193231.0000000000,173095.5781250000,148444.8593750000,120028.4140625000,152125.3750000000,133559.7812500000,144659.6250000000,,,
25.9199999580,202,146877.2031250000,193185.1718750000,172533.0625000000,148040.2500000000,119740.8281250000,151841.7812500000,133296.6875000000,144464.0937500000,,,
25.9239999582,202,146500.5000000000,194894.6718750000,171165.7500000000,147546.8125000000,119380.5781250000,151488.4843750000,132955.8125000000,144186.6250000000,,,
25.9279999582,202,146571.1093750000,196071.5937500000,171014.1875000000,147651.4375000000,119443.4765625000,151542.1718750000,133010.3906250000,144213.2187500000,,,
25.9319999581,202,146995.1250000000,195045.8750000000,172146.3906250000,148193.9531250000,119851.2812500000,151934.6875000000,133392.7031250000,144507.4843750000,,,
25.9359999581,202,147197.9843750000,193257.9062500000,173112.6093750000,148449.2187500000,120046.8671875000,152127.7031250000,133575.0468750000,144677.8593750000,,,
25.9399999580,202,146886.8281250000,193172.3437500000,172545.4843750000,148044.5468750000,119748.5000000000,151837.1718750000,133289.2812500000,144475.2187500000,,,
25.9439999582,202,146503.1562500000,194914.5000000000,171186.9218750000,147552.1250000000,119378.6718750000,151469.5625000000,132938.9531250000,144192.0937500000,,,
25.9479999582,202,146570.0781250000,196131.4062500000,171030.0312500000,147652.6718750000,119439.0781250000,151524.4218750000,132993.5468750000,144212.9062500000,,,
25.9519999581,202,146999.4218750000,195008.7656250000,172119.7656250000,148197.4843750000,119851.2812500000,151924.0468750000,133381.9531250000,144504.0000000000,,,
25.9559999581,202,147205.2343750000,193081.0625000000,173063.7187500000,148460.5781250000,120047.8593750000,152115.0625000000,133568.9531250000,144673.3281250000,,,
25.9599999581,202,146882.5937500000,193036.8906250000,172536.3593750000,148059.0625000000,119735.8125000000,151818.1718750000,133277.0781250000,144466.6093750000,,,
25.9639999580,202,146479.9843750000,194990.1250000000,171228.7343750000,147556.5468750000,119344.9843750000,151435.0781250000,132903.3750000000,144173.1250000000,,,
25.9679999582,202,146547.2812500000,196326.1875000000,171066.7031250000,147649.8281250000,119406.8125000000,151486.7343750000,132954.2968750000,144190.3750000000,,,
25.9719999582,202,146997.8437500000,195067.1718750000,172096.0312500000,148207.1093750000,119844.6328125000,151915.1562500000,133366.3906250000,144489.6562500000,,,
25.9759999581,202,147210.8593750000,192922.9531250000,172996.0937500000,148479.0937500000,120050.8359375000,152117.8906250000,133563.5156250000,144662.9531250000,,,
25.9799999581,202,146862.5000000000,192889.6093750000,172503.6875000000,148058.1250000000,119714.2187500000,151791.6718750000,133246.9062500000,144443.3593750000,,,
25.9839999580,203,146437.9375000000,195044.0468750000,171251.1875000000,147536.3281250000,119305.1015625000,151393.3906250000,132861.2812500000,144139.7812500000,,,
25.9879999580,203,146517.5312500000,196485.1875000000,171089.2656250000,147634.0937500000,119381.3828125000,151463.3437500000,132929.1718750000,144165.7500000000,,,
25.9919999579,203,146980.0625000000,195134.9687500000,172072.9843750000,148189.3125000000,119829.1562500000,151896.5468750000,133347.0000000000,144467.0468750000,,,
25.9959999579,203,147199.0937500000,192863.2187500000,172949.9843750000,148459.9375000000,120040.0312500000,152101.5156250000,133546.0468750000,144645.0000000000,,,
25.9999999579,203,146854.3906250000,192819.9531250000,172483.8750000000,148044.7343750000,119705.7734375000,151778.9531250000,133232.5625000000,144434.6718750000,,,
26.0039999578,203,146432.4375000000,195035.1875000000,171250.9687500000,147524.1250000000,119297.5937500000,151382.3750000000,132845.1093750000,144134.7656250000,,,
26.0079999580,203,146505.5156250000,196516.1250000000,171076.8125000000,147612.8125000000,119364.3828125000,151440.1718750000,132901.0937500000,144152.0468750000,,,
26.0119999580,203,146967.8593750000,195182.0937500000,172053.4843750000,148168.5468750000,119812.8984375000,151870.1562500000,133319.1875000000,144452.1875000000,,,
26.0159999579,203,147195.4375000000,192934.9375000000,172946.9375000000,148450.7187500000,120032.1953125000,152084.2968750000,133530.8125000000,144639.8906250000,,,
26.0199999579,203,146860.3281250000,192878.4531250000,172483.3437500000,148040.9843750000,119707.8359375000,151772.2343750000,133229.2812500000,144436.1250000000,,,
26.0239999578,203,146438.1406250000,195016.0937500000,171222.5625000000,147516.7343750000,119299.8203125000,151371.0468750000,132840.9062500000,144129.8906250000,,,
26.0279999580,203,146508.6093750000,196452.6093750000,171030.1093750000,147605.5000000000,119367.1953125000,151426.8125000000,132895.7500000000,144146.4062500000,,,
26.0319999580,203,146962.7343750000,195183.0312500000,172028.6250000000,148163.9843750000,119808.2031250000,151849.3750000000,133304.8906250000,144445.6093750000,,,
26.0359999579,203,147186.2187500000,193010.2812500000,172954.1250000000,148450.1250000000,120024.7421875000,152059.6875000000,133512.3906250000,144630.3593750000,,,
26.0399999579,203,146865.8750000000,192922.6875000000,172497.1562500000,148058.0625000000,119716.3125000000,151762.0156250000,133225.6406250000,144434.4531250000,,,
26.0439999579,203,146451.5781250000,194981.3281250000,171212.0468750000,147544.1562500000,119314.3593750000,151370.0312500000,132845.1093750000,144133.9687500000,,,
26.0479999578,203,146515.6562500000,196411.3281250000,171008.7187500000,147626.4218750000,119370.6328125000,151420.8125000000,132893.2031250000,144149.7031250000,,,
26.0519999580,203,146964.6562500000,195218.0625000000,172026.7656250000,148178.2500000000,119803.5390625000,151842.3125000000,133301.2187500000,144448.4218750000,,,
26.0559999580,203,147192.5156250000,193080.0156250000,172966.8906250000,148456.7031250000,120024.2812500000,152059.7812500000,133516.4375000000,144634.5000000000,,,
26.0599999579,203,146873.5468750000,192942.3125000000,172503.7187500000,148061.8750000000,119716.3906250000,151767.5312500000,133231.8593750000,144436.6562500000,,,
26.0639999579,203,146458.9062500000,194947.2500000000,171202.9531250000,147541.0937500000,119314.8906250000,151381.9375000000,132853.0468750000,144139.3593750000,,,
26.0679999578,203,146517.1406250000,196403.2812500000,170997.2343750000,147624.3593750000,119367.2500000000,151430.5468750000,132895.7812500000,144151.8593750000,,,
26.0719999580,203,146963.1093750000,195231.3437500000,172017.2031250000,148176.3281250000,119801.1796875000,151848.9375000000,133295.9062500000,144447.1406250000,,,
26.0759999580,203,147190.3437500000,193046.2812500000,172952.0312500000,148456.6406250000,120020.6328125000,152065.0781250000,133504.7968750000,144629.4843750000,,,
26.0799999579,203,146870.0312500000,192882.6093750000,172497.6875000000,148058.5000000000,119709.7109375000,151768.6406250000,133218.6875000000,144432.6562500000,,,
26.0839999579,203,146437.0468750000,194982.9375000000,171220.7187500000,147530.2031250000,119292.0390625000,151362.5156250000,132828.4843750000,144122.4375000000,,,
26.0879999578,203,146483.6562500000,196518.3437500000,171008.1718750000,147601.4687500000,119334.9531250000,151401.1718750000,132865.0468750000,144123.6093750000,,,
26.0919999578,203,146948.4843750000,195235.2031250000,171981.2343750000,148163.8593750000,119788.2500000000,151841.1093750000,133285.6875000000,144430.1562500000,,,
26.0959999580,203,147190.4531250000,192837.8125000000,172877.0312500000,148464.5781250000,120023.0234375000,152071.8906250000,133510.3750000000,144625.2343750000,,,
26.0999999580,203,146849.3750000000,192669.6406250000,172455.3125000000,148057.1250000000,119691.8203125000,151758.7656250000,133206.3281250000,144422.4843750000,,,
26.1039999579,203,146393.6250000000,195035.5468750000,171251.1250000000,147512.6093750000,119249.8203125000,151335.5625000000,132794.3437500000,144104.5625000000,,,
26.1079999579,203,146452.3281250000,196755.5312500000,171055.9687500000,147592.0781250000,119304.6718750000,151387.1406250000,132841.7812500000,144111.0000000000,,,
26.1119999578,204,146934.5156250000,195318.3593750000,171957.2187500000,148159.6875000000,119776.1015625000,151841.9062500000,133277.2187500000,144416.4062500000,,,
26.1159999578,204,147193.1093750000,192641.3437500000,172799.0625000000,148471.3593750000,120028.9531250000,152086.6406250000,133517.7343750000,144620.7343750000,,,
26.1199999577,204,146849.5937500000,192456.2812500000,172421.8125000000,148066.7812500000,119694.9062500000,151764.0781250000,133209.7812500000,144422.7343750000,,,
26.1239999577,204,146375.1718750000,195065.4531250000,171294.4218750000,147506.8437500000,119233.8359375000,151312.5781250000,132773.0156250000,144096.5781250000,,,
26.1279999577,204,146438.0156250000,196954.5312500000,171116.8906250000,147580.9218750000,119293.5390625000,151357.9843750000,132823.5781250000,144102.6093750000,,,
26.1319999576,204,146953.6093750000,195406.8125000000,171972.1562500000,148170.2343750000,119797.6406250000,151841.0000000000,133287.9218750000,144424.0000000000,,,
26.1359999578,204,147228.1093750000,192503.8593750000,172771.5156250000,148496.6406250000,120065.3750000000,152100.9531250000,133541.5000000000,144636.2031250000,,,
26.1399999578,204,146867.9218750000,192295.3125000000,172424.7812500000,148084.9375000000,119713.3046875000,151763.0312500000,133222.1562500000,144434.9843750000,,,
26.1439999577,204,146377.4687500000,195089.6875000000,171347.2656250000,147506.8437500000,119233.8359375000,151301.9218750000,132774.9375000000,144104.9375000000,,,
26.1479999577,204,146439.7343750000,197104.6718750000,171166.8593750000,147568.1093750000,119291.5546875000,151355.6875000000,132822.0937500000,144109.9843750000,,,
26.1519999576,204,146964.8437500000,195499.8906250000,171981.1406250000,148164.6093750000,119803.6953125000,151849.6093750000,133290.3281250000,144433.2187500000,,,
26.1559999578,204,147242.1875000000,192478.4843750000,172756.7656250000,148495.5000000000,120074.4140625000,152117.8906250000,133548.5156250000,144648.0625000000,,,
26.1599999578,204,146876.8750000000,192225.6562500000,172415.8593750000,148086.0156250000,119717.4140625000,151778.1250000000,133226.0937500000,144445.0468750000,,,
26.1639999577,204,146378.1250000000,195076.9843750000,171355.7968750000,147507.3750000000,119230.9375000000,151305.6093750000,132773.7031250000,144108.7812500000,,,
26.1679999577,204,146430.8750000000,197159.7968750000,171177.2343750000,147561.2656250000,119282.7890625000,151346.7031250000,132814.7812500000,144104.0000000000,,,
26.1719999576,204,146957.5625000000,195561.8750000000,171982.0000000000,148157.8125000000,119799.7812500000,151842.2656250000,133289.9218750000,144426.5468750000,,,
26.1759999576,204,147237.9843750000,192507.5000000000,172755.7656250000,148489.0937500000,120073.8750000000,152108.5312500000,133546.7812500000,144640.9375000000,,,
26.1799999578,204,146878.4062500000,192212.2968750000,172421.2500000000,148079.2031250000,119722.9140625000,151772.0468750000,133223.8125000000,144440.2968750000,,,
26.1839999577,204,146380.8593750000,195023.1250000000,171349.5625000000,147502.8437500000,119237.5390625000,151300.5156250000,132770.6718750000,144104.9687500000,,,
26.1879999577,204,146432.5937500000,197112.2968750000,171164.2187500000,147557.7031250000,119287.3437500000,151343.4843750000,132812.8906250000,144104.1875000000,,,
26.1919999577,204,146953.8593750000,195600.6562500000,171990.9375000000,148147.0937500000,119798.8203125000,151835.9843750000,133285.8437500000,144428.6875000000,,,
26.1959999576,204,147238.8437500000,192633.0000000000,172793.4218750000,148487.0312500000,120077.8750000000,152106.4375000000,133551.3437500000,144647.6093750000,,,
26.1999999578,204,146900.2968750000,192296.3281250000,172456.2812500000,148099.1250000000,119747.8515625000,151786.3906250000,133251.2500000000,144457.8750000000,,,
26.2039999578,204,146411.0000000000,194960.6562500000,171346.4218750000,147515.2968750000,119272.7265625000,151324.4531250000,132803.1093750000,144125.8593750000,,,
26.2079999577,204,146448.3906250000,197001.5156250000,171146.3906250000,147553.9218750000,119307.9765625000,151351.5312500000,132827.0312500000,144115.2656250000,,,
26.2119999577,204,146953.0468750000,195612.6406250000,172008.6875000000,148136.8750000000,119799.9687500000,151823.5937500000,133280.3750000000,144429.9531250000,,,
26.2159999576,204,147241.3906250000,192740.2343750000,172837.5156250000,148480.0000000000,120079.1875000000,152099.3281250000,133547.9218750000,144652.9687500000,,,
26.2199999576,204,146917.9062500000,192349.1718750000,172486.5312500000,148101.0312500000,119763.4375000000,151798.2500000000,133258.9531250000,144473.0000000000,,,
26.2239999578,204,146436.6718750000,194911.1406250000,171350.0156250000,147528.7031250000,119295.8203125000,151338.0625000000,132819.8437500000,144145.7968750000,,,
26.2279999577,204,146465.3750000000,196936.5000000000,171140.0937500000,147567.0000000000,119321.3046875000,151358.3437500000,132838.3281250000,144131.1250000000,,,
26.2319999577,204,146958.7656250000,195614.5781250000,172013.7343750000,148144.7500000000,119802.0390625000,151825.1718750000,133284.4218750000,144441.0000000000,,,
26.2359999577,204,147247.6562500000,192791.8125000000,172858.9062500000,148488.4843750000,120082.5937500000,152103.1093750000,133551.7968750000,144662.7031250000,,,
26.2399999576,205,146928.0312500000,192357.6718750000,172501.8125000000,148116.4531250000,119771.1328125000,151806.4218750000,133265.8906250000,144481.6562500000,,,
26.2439999576,205,146442.2812500000,194870.3906250000,171349.2187500000,147545.3593750000,119299.4140625000,151350.6718750000,132823.5781250000,144149.2031250000,,,
26.2479999575,205,146468.4843750000,196922.7656250000,171140.5625000000,147580.6875000000,119323.5000000000,151370.8593750000,132839.2656250000,144137.4531250000,,,
26.2519999575,205,146951.7343750000,195637.2656250000,172015.6875000000,148148.4062500000,119797.9609375000,151826.2187500000,133276.0312500000,144437.1093750000,,,
26.2559999574,205,147241.2500000000,192771.5625000000,172849.6250000000,148494.7031250000,120082.0546875000,152104.6562500000,133544.7656250000,144654.7500000000,,,
26.2599999574,205,146919.9218750000,192288.6406250000,172493.3125000000,148121.6093750000,119769.5546875000,151807.7968750000,133259.9375000000,144472.8906250000,,,
26.2639999576,205,146422.4218750000,194834.6406250000,171350.1250000000,147540.1250000000,119284.4765625000,151340.8750000000,132809.0312500000,144136.9218750000,,,
26.2679999575,205,146432.2656250000,196931.8593750000,171128.4218750000,147564.0000000000,119290.4062500000,151344.4375000000,132811.5312500000,144109.5781250000,,,
26.2719999575,205,146918.5312500000,195627.2343750000,171978.7812500000,148128.3906250000,119765.3437500000,151804.6875000000,133247.4375000000,144409.8593750000,,,
26.2759999575,205,147213.2812500000,192713.2343750000,172802.6562500000,148471.5312500000,120054.4609375000,152088.9687500000,133522.4218750000,144631.3281250000,,,
26.2799999574,205,146884.5937500000,192210.6718750000,172455.3281250000,148090.8906250000,119735.4609375000,151782.9062500000,133231.5312500000,144444.2187500000,,,
26.2839999576,205,146390.2968750000,194754.2656250000,171321.6406250000,147508.6718750000,119254.9453125000,151317.6718750000,132783.3593750000,144109.9531250000,,,
26.2879999576,205,146413.5000000000,196883.2031250000,171107.2343750000,147542.2187500000,119277.5312500000,151331.3281250000,132799.4375000000,144095.0937500000,,,
26.2919999575,205,146914.0156250000,195623.0312500000,171964.6718750000,148121.2031250000,119768.1328125000,151802.1406250000,133252.4062500000,144406.9375000000,,,
26.2959999575,205,147227.0937500000,192733.6093750000,172806.1093750000,148488.9843750000,120070.6562500000,152097.7187500000,133539.3125000000,144640.5781250000,,,
26.2999999574,205,146919.2500000000,192221.8281250000,172479.6406250000,148127.1875000000,119766.3593750000,151805.2968750000,133261.1406250000,144467.5000000000,,,
26.3039999574,205,146424.2031250000,194740.3593750000,171343.5781250000,147540.3750000000,119281.5781250000,151335.0781250000,132810.9687500000,144130.5312500000,,,
26.3079999576,205,146435.1406250000,196851.9531250000,171113.0000000000,147564.6250000000,119292.5468750000,151339.2343750000,132816.7812500000,144106.0156250000,,,
26.3119999575,205,146929.7968750000,195633.4531250000,171977.3593750000,148139.7968750000,119780.0390625000,151804.7031250000,133265.5156250000,144415.5468750000,,,
26.3159999575,205,147238.2812500000,192792.6250000000,172830.3593750000,148499.6093750000,120082.2968750000,152098.8750000000,133551.1250000000,144648.0156250000,,,
26.3199999575,205,146932.0156250000,192260.4531250000,172504.3906250000,148136.7656250000,119783.5859375000,151812.5937500000,133276.9218750000,144474.3437500000,,,
26.3239999574,205,146446.6406250000,194710.5156250000,171357.2968750000,147554.0468750000,119311.7578125000,151352.2187500000,132834.1093750000,144145.4531250000,,,
26.3279999576,205,146451.7187500000,196800.3750000000,171113.8281250000,147569.0937500000,119314.4062500000,151351.3281250000,132830.1406250000,144119.6093750000,,,
26.3319999576,205,146936.7343750000,195621.0625000000,171974.2031250000,148135.9062500000,119788.2500000000,151808.5156250000,133269.8125000000,144423.4062500000,,,
26.3359999575,205,147235.0312500000,192825.9687500000,172835.0000000000,148490.4843750000,120077.4687500000,152094.1250000000,133546.0312500000,144646.2343750000,,,
26.3399999575,205,146927.2500000000,192291.1250000000,172517.8593750000,148127.9062500000,119776.1484375000,151808.7812500000,133274.0000000000,144473.6093750000,,,
26.3439999574,205,146436.2187500000,194698.5781250000,171356.3281250000,147540.9375000000,119297.2734375000,151347.5000000000,132824.8593750000,144141.6875000000,,,
26.3479999574,205,146437.5312500000,196755.5625000000,171089.7187500000,147545.8750000000,119295.0156250000,151344.3125000000,132817.4531250000,144109.4218750000,,,
26.3519999576,205,146918.7500000000,195583.6718750000,171945.3437500000,148106.4531250000,119764.8593750000,151798.5156250000,133252.7500000000,144409.6406250000,,,
26.3559999575,205,147220.2500000000,192809.7968750000,172816.7968750000,148468.7343750000,120059.5546875000,152087.1250000000,133530.7343750000,144636.3750000000,,,
26.3599999575,205,146918.9062500000,192289.6250000000,172515.6562500000,148109.6718750000,119768.1562500000,151807.3593750000,133262.9687500000,144470.6093750000,,,
26.3639999575,205,146433.6093750000,194679.0156250000,171351.4218750000,147532.5937500000,119297.1328125000,151353.5156250000,132822.0625000000,144144.6718750000,,,
26.3679999574,206,146429.5625000000,196730.7500000000,171073.2968750000,147541.4375000000,119291.2343750000,151350.7187500000,132814.4843750000,144110.4687500000,,,
26.3719999574,206,146910.7187500000,195591.9062500000,171926.3281250000,148105.2500000000,119761.3984375000,151807.6406250000,133254.0625000000,144413.6718750000,,,
26.3759999573,206,147215.2812500000,192854.2656250000,172807.4062500000,148473.8125000000,120056.2031250000,152095.8593750000,133533.5468750000,144642.0625000000,,,
26.3799999573,206,146918.0937500000,192319.2656250000,172515.1718750000,148127.5625000000,119765.4218750000,151817.0000000000,133264.8437500000,144471.4218750000,,,
26.3839999572,206,146433.8750000000,194663.9531250000,171347.4687500000,147550.0625000000,119295.1015625000,151357.8593750000,132823.3593750000,144139.5468750000,,,
26.3879999572,206,146428.4687500000,196693.4687500000,171056.7968750000,147554.9062500000,119288.8984375000,151345.4375000000,132812.9218750000,144103.9218750000,,,
26.3919999574,206,146900.3750000000,195589.0156250000,171909.7500000000,148107.1250000000,119749.7890625000,151789.5312500000,133238.3437500000,144398.5937500000,,,
26.3959999573,206,147205.2500000000,192890.8125000000,172803.3437500000,148468.5468750000,120047.4843750000,152080.4375000000,133518.5312500000,144628.5156250000,,,
26.3999999573,206,146916.6250000000,192351.7812500000,172523.6718750000,148129.3906250000,119766.5781250000,151812.0000000000,133262.1875000000,144468.5781250000,,,
26.4039999573,206,146430.2031250000,194681.4375000000,171353.4531250000,147549.8906250000,119293.1640625000,151356.8125000000,132819.2343750000,144139.0625000000,,,
26.4079999572,206,146425.4531250000,196692.9375000000,171043.9531250000,147553.1093750000,119286.4375000000,151347.6562500000,132805.3281250000,144103.6562500000,,,
26.4119999574,206,146904.3437500000,195554.8750000000,171881.2031250000,148114.5000000000,119754.7187500000,151794.3593750000,133236.0468750000,144400.9843750000,,,
26.4159999574,206,147217.7812500000,192824.0937500000,172780.1718750000,148487.5937500000,120060.1171875000,152091.5156250000,133527.7031250000,144635.5625000000,,,
26.4199999573,206,146919.3593750000,192299.4218750000,172525.0468750000,148136.4062500000,119771.8593750000,151814.6562500000,133266.4843750000,144471.5468750000,,,
26.4239999573,206,146422.1875000000,194691.6875000000,171375.1875000000,147546.3750000000,119289.4921875000,151347.2031250000,132814.5312500000,144137.0312500000,,,
26.4279999572,206,146413.5000000000,196759.6093750000,171063.7187500000,147539.1093750000,119280.8281250000,151335.5312500000,132799.7500000000,144098.6875000000,,,
26.4319999572,206,146889.9375000000,195608.1875000000,171875.7343750000,148094.1093750000,119748.2812500000,151785.7968750000,133231.9375000000,144391.8125000000,,,
26.4359999574,206,147196.2187500000,192832.0312500000,172759.7187500000,148463.1093750000,120046.9218750000,152082.1875000000,133517.5156250000,144622.3437500000,,,
26.4399999573,206,146891.7656250000,192298.7968750000,172514.7656250000,148115.6562500000,119747.8046875000,151800.9531250000,133247.7656250000,144454.2500000000,,,
26.4439999573,206,146392.0937500000,194690.5312500000,171364.3125000000,147524.0156250000,119260.7890625000,151332.5000000000,132794.7968750000,144114.8125000000,,,
26.4479999573,206,146384.9062500000,196737.3281250000,171029.3906250000,147515.5937500000,119253.0156250000,151322.3437500000,132783.3125000000,144075.5000000000,,,
26.4519999572,206,146862.7343750000,195592.6875000000,171838.2187500000,148071.9375000000,119719.5078125000,151772.5781250000,133214.8281250000,144372.2031250000,,,
26.4559999574,206,147178.7500000000,192852.4375000000,172745.1250000000,148451.8125000000,120026.7500000000,152074.1875000000,133506.5156250000,144612.2343750000,,,
26.4599999574,206,146888.2500000000,192326.0781250000,172522.0156250000,148116.5937500000,119742.6796875000,151802.6718750000,133247.5781250000,144451.3750000000,,,
26.4639999573,206,146400.7031250000,194680.2031250000,171368.5625000000,147537.3750000000,119267.4140625000,151340.3593750000,132802.0312500000,144116.2968750000,,,
26.4679999573,206,146392.6875000000,196724.4687500000,171028.3125000000,147524.2031250000,119255.9921875000,151320.5468750000,132784.1093750000,144073.4843750000,,,
26.4719999572,206,146870.6562500000,195616.4218750000,171842.9843750000,148086.0937500000,119720.1171875000,151765.5156250000,133208.9531250000,144368.3437500000,,,
26.4759999572,206,147181.8906250000,192888.2187500000,172757.2500000000,148464.9843750000,120021.7890625000,152064.0000000000,133494.4531250000,144601.9531250000,,,
26.4799999574,206,146892.3750000000,192333.7812500000,172541.9375000000,148130.4531250000,119738.6562500000,151792.0781250000,133238.8281250000,144444.2187500000,,,
26.4839999573,206,146404.0000000000,194685.0625000000,171388.7500000000,147547.2968750000,119263.0156250000,151326.4375000000,132794.2500000000,144111.3281250000,,,
26.4879999573,206,146397.6406250000,196761.2968750000,171047.7187500000,147536.0468750000,119256.4218750000,151310.4843750000,132781.6718750000,144073.4062500000,,,
26.4919999572,206,146877.4062500000,195686.2656250000,171868.3125000000,148090.5781250000,119726.8281250000,151761.7187500000,133217.0468750000,144374.1562500000,,,
26.4959999572,207,147201.3750000000,192943.6250000000,172789.5156250000,148476.0937500000,120044.0546875000,152070.8437500000,133517.1406250000,144619.5312500000,,,
26.4999999572,207,146915.6875000000,192347.4843750000,172575.8750000000,148140.7343750000,119765.0234375000,151808.9531250000,133261.9843750000,144466.5625000000,,,
26.5039999571,207,146418.1406250000,194690.7500000000,171419.9687500000,147547.2968750000,119278.7343750000,151343.4218750000,132807.2656250000,144130.2343750000,,,
26.5079999571,207,146403.1718750000,196796.8906250000,171069.6250000000,147525.6250000000,119259.8515625000,151322.8750000000,132781.6562500000,144085.3906250000,,,
26.5119999570,207,146888.1093750000,195717.6250000000,171880.5312500000,148086.6093750000,119732.7578125000,151779.0937500000,133217.5937500000,144387.7031250000,,,
26.5159999570,207,147212.0625000000,192923.7500000000,172799.5625000000,148476.2500000000,120049.2812500000,152088.2656250000,133517.5156250000,144631.4062500000,,,
26.5199999572,207,146925.6093750000,192297.0937500000,172598.1562500000,148143.6562500000,119772.5312500000,151823.6718750000,133265.2812500000,144478.4218750000,,,
26.5239999571,207,146424.4062500000,194684.2812500000,171455.9687500000,147547.3750000000,119288.0156250000,151356.7500000000,132810.9062500000,144142.3125000000,,,
26.5279999571,207,146401.2343750000,196846.0000000000,171099.6718750000,147521.0000000000,119264.8984375000,151329.5312500000,132784.0156250000,144093.2968750000,,,
26.5319999570,207,146882.5937500000,195758.0000000000,171888.4843750000,148078.6875000000,119736.6171875000,151780.0937500000,133219.6250000000,144390.3906250000,,,
26.5359999570,207,147207.6718750000,192886.9531250000,172787.9062500000,148464.5312500000,120054.7031250000,152089.7968750000,133520.8437500000,144631.3750000000,,,
26.5399999572,207,146925.4687500000,192214.1718750000,172596.2656250000,148145.8750000000,119780.0390625000,151828.3125000000,133270.5625000000,144480.2656250000,,,
26.5439999572,207,146420.2343750000,194652.6093750000,171476.9375000000,147553.6718750000,119289.4140625000,151353.7031250000,132813.5625000000,144141.3906250000,,,
26.5479999571,207,146397.9062500000,196904.9062500000,171130.5625000000,147531.2031250000,119265.4296875000,151324.5156250000,132788.4375000000,144091.5937500000,,,
26.5519999571,207,146884.5937500000,195823.1718750000,171906.2031250000,148085.9843750000,119741.5781250000,151782.5781250000,133228.9062500000,144388.3750000000,,,
26.5559999570,207,147220.1406250000,192866.6562500000,172788.5937500000,148482.7968750000,120067.9765625000,152104.6406250000,133536.2812500000,144632.2968750000,,,
26.5599999570,207,146937.4843750000,192145.4062500000,172603.3593750000,148160.5312500000,119788.5703125000,151842.4218750000,133283.9531250000,144483.6718750000,,,
26.5639999572,207,146418.0312500000,194646.1093750000,171501.6718750000,147550.4375000000,119280.9609375000,151352.1718750000,132811.0156250000,144137.6718750000,,,
26.5679999571,207,146382.5937500000,196982.5000000000,171155.0312500000,147512.7968750000,119245.6406250000,151312.0156250000,132772.5625000000,144077.5312500000,,,
26.5719999571,207,146872.1250000000,195898.1093750000,171910.3437500000,148070.8125000000,119725.6171875000,151772.7343750000,133215.4375000000,144374.9062500000,,,
26.5759999570,207,147224.8125000000,192851.1562500000,172777.5000000000,148482.9218750000,120070.7109375000,152107.2968750000,133539.1093750000,144633.3593750000,,,
26.5799999570,207,146944.1406250000,192077.9531250000,172606.2968750000,148169.0000000000,119797.2343750000,151846.3125000000,133289.5781250000,144489.2187500000,,,
26.5839999572,207,146419.0468750000,194632.7500000000,171521.8750000000,147558.8281250000,119284.0468750000,151351.9218750000,132811.8437500000,144142.1406250000,,,
26.5879999571,207,146382.0625000000,197029.3593750000,171170.7500000000,147518.3437500000,119244.4296875000,151310.2968750000,132771.5156250000,144081.6406250000,,,
26.5919999571,207,146877.6250000000,195955.1875000000,171918.2031250000,148081.4531250000,119731.7109375000,151776.1250000000,133224.2187500000,144384.1562500000,,,
26.5959999571,207,147231.9375000000,192901.9843750000,172793.1875000000,148494.7031250000,120078.3593750000,152111.6875000000,133551.0468750000,144643.2343750000,,,
26.5999999570,207,146956.4062500000,192110.1406250000,172630.5156250000,148184.2343750000,119807.1875000000,151851.3593750000,133302.4218750000,144500.0000000000,,,
26.6039999570,207,146433.4531250000,194595.3906250000,171528.2812500000,147571.7031250000,119296.3046875000,151358.5000000000,132826.1718750000,144152.1562500000,,,
26.6079999572,207,146390.7031250000,196961.0781250000,171160.4687500000,147521.1875000000,119253.6562500000,151314.8593750000,132780.4375000000,144090.8125000000,,,
26.6119999571,207,146872.6406250000,195946.9218750000,171917.3593750000,148069.9218750000,119726.4765625000,151770.3437500000,133212.5000000000,144386.8125000000,,,
26.6159999571,207,147228.0781250000,192946.1562500000,172807.1093750000,148489.9843750000,120073.7187500000,152111.5781250000,133540.5312500000,144646.7031250000,,,
26.6199999570,207,146953.8281250000,192108.7187500000,172636.4843750000,148184.6718750000,119804.6093750000,151859.1250000000,133299.5312500000,144501.1562500000,,,
26.6239999570,208,146426.4531250000,194541.5625000000,171517.7343750000,147569.4218750000,119289.5468750000,151363.7031250000,132822.6875000000,144148.0781250000,,,
26.6279999570,208,146378.1718750000,196932.7500000000,171146.5468750000,147516.2343750000,119241.6718750000,151314.2656250000,132775.6875000000,144081.8437500000,,,
26.6319999569,208,146862.6562500000,195952.5312500000,171904.9687500000,148070.4531250000,119718.0859375000,151770.2968750000,133215.7656250000,144376.8437500000,,,
26.6359999569,208,147229.3125000000,192905.5468750000,172788.7031250000,148495.0468750000,120077.1250000000,152116.5156250000,133552.5156250000,144641.5781250000,,,
26.6399999568,208,146964.9062500000,192014.5156250000,172627.0156250000,148193.8906250000,119817.1640625000,151869.1406250000,133313.5625000000,144502.7187500000,,,
26.6439999568,208,146436.9843750000,194484.3437500000,171532.1406250000,147576.9843750000,119301.0546875000,151369.6562500000,132831.5156250000,144151.8593750000,,,
26.6479999570,208,146383.1562500000,196961.5625000000,171172.4375000000,147512.3750000000,119247.7812500000,151314.3437500000,132773.2343750000,144083.5468750000,,,
26.6519999569,208,146868.4218750000,195993.1406250000,171913.4218750000,148067.6406250000,119722.7734375000,151774.1875000000,133207.9375000000,144379.0937500000,,,
26.6559999569,208,147240.5000000000,192880.0312500000,172777.5468750000,148500.3281250000,120085.7578125000,152129.9531250000,133552.5468750000,144647.1875000000,,,
26.6599999568,208,146977.9687500000,191938.6875000000,172618.6562500000,148201.9375000000,119826.8437500000,151886.5781250000,133317.4218750000,144512.6875000000,,,
26.6639999568,208,146442.0937500000,194467.1250000000,171547.8906250000,147582.1093750000,119302.1015625000,151376.6875000000,132823.2812500000,144160.2031250000,,,
26.6679999570,208,146381.9531250000,197032.4531250000,171191.7187500000,147514.9687500000,119243.2265625000,151312.7343750000,132762.0937500000,144087.3281250000,,,
26.6719999569,208,146872.9531250000,196050.2500000000,171910.5468750000,148073.3750000000,119730.1015625000,151774.8593750000,133219.7343750000,144379.6250000000,,,
26.6759999569,208,147250.5000000000,192828.3437500000,172750.3281250000,148508.1875000000,120105.2031250000,152134.9218750000,133575.0781250000,144648.2187500000,,,
26.6799999569,208,146979.5468750000,191849.3906250000,172605.1093750000,148202.9531250000,119838.5390625000,151877.7968750000,133326.4375000000,144508.3437500000,,,
26.6839999568,208,146431.4062500000,194438.6718750000,171555.2656250000,147569.0937500000,119301.3437500000,151363.4062500000,132826.5156250000,144151.7187500000,,,
26.6879999568,208,146371.1406250000,197054.7812500000,171194.3437500000,147498.2031250000,119239.7343750000,151306.3593750000,132767.7812500000,144081.4531250000,,,
26.6919999570,208,146870.7812500000,196083.0781250000,171905.1875000000,148061.3593750000,119729.2968750000,151780.8906250000,133221.6875000000,144383.4687500000,,,
26.6959999569,208,147257.5312500000,192876.8125000000,172754.0312500000,148503.1718750000,120107.3515625000,152144.5781250000,133577.2968750000,144660.6718750000,,,
26.6999999569,208,146998.0312500000,191886.3906250000,172621.4218750000,148210.1250000000,119853.8046875000,151895.0937500000,133344.9375000000,144531.4218750000,,,
26.7039999568,208,146452.6875000000,194401.4062500000,171559.2656250000,147580.9531250000,119324.8671875000,151378.7968750000,132852.1406250000,144174.3906250000,,,
26.7079999568,208,146379.0625000000,196976.6562500000,171181.0468750000,147505.3750000000,119252.6640625000,151299.7500000000,132782.9375000000,144089.0937500000,,,
26.7119999570,208,146864.0000000000,196074.5000000000,171898.9687500000,148054.2812500000,119729.1562500000,151756.4843750000,133223.0312500000,144379.8437500000,,,
26.7159999569,208,147239.7187500000,192975.2343750000,172772.7187500000,148489.5781250000,120097.4296875000,152113.4843750000,133569.4375000000,144647.5625000000,,,
26.7199999569,208,146988.5312500000,191975.3593750000,172641.6718750000,148206.5000000000,119848.9765625000,151878.7968750000,133345.5781250000,144520.0781250000,,,
26.7239999569,208,146462.9843750000,194365.9843750000,171549.7656250000,147593.0781250000,119331.3359375000,151382.0000000000,132863.0000000000,144174.6093750000,,,
26.7279999568,208,146398.3750000000,196861.2968750000,171155.6406250000,147519.4843750000,119263.8515625000,151311.1093750000,132790.0937500000,144101.2968750000,,,
26.7319999568,208,146870.0000000000,196044.8593750000,171901.2500000000,148063.3281250000,119726.5546875000,151755.9531250000,133213.3750000000,144388.1093750000,,,
26.7359999570,208,147246.0781250000,193066.8750000000,172810.4843750000,148501.9375000000,120096.1640625000,152118.6562500000,133562.5937500000,144662.1250000000,,,
26.7399999569,208,147004.8906250000,192062.1718750000,172683.2968750000,148219.9062500000,119860.5312500000,151894.8281250000,133349.1718750000,144538.4375000000,,,
26.7439999569,208,146479.1093750000,194345.3281250000,171563.6093750000,147599.9687500000,119349.2265625000,151396.5312500000,132869.8906250000,144186.8281250000,,,
26.7479999568,208,146402.7343750000,196785.3906250000,171144.0000000000,147518.7812500000,119273.9609375000,151317.1875000000,132794.4218750000,144105.9687500000,,,
26.7519999568,209,146859.4687500000,196015.2187500000,171892.3593750000,148050.3437500000,119718.7031250000,151745.9218750000,133205.2500000000,144383.8906250000,,,
26.7559999567,209,147228.1406250000,193116.3593750000,172818.4062500000,148485.8281250000,120075.5703125000,152097.2343750000,133541.8750000000,144648.4218750000,,,
26.7599999567,209,146999.8750000000,192119.9062500000,172698.2968750000,148225.9375000000,119849.1875000000,151885.5468750000,133338.5000000000,144533.0468750000,,,
26.7639999567,209,146489.7031250000,194327.8906250000,171564.3125000000,147623.2031250000,119352.0390625000,151407.2812500000,132877.3437500000,144197.1875000000,,,
26.7679999566,209,146406.5468750000,196713.7187500000,171127.7187500000,147527.3593750000,119270.8203125000,151325.5000000000,132799.5937500000,144113.6875000000,,,
26.7719999566,209,146856.0625000000,195993.9687500000,171884.7812500000,148053.8750000000,119710.9765625000,151750.2656250000,133206.1562500000,144389.3437500000,,,
26.7759999568,209,147223.2031250000,193161.7500000000,172827.0312500000,148484.1562500000,120071.2500000000,152101.2500000000,133544.8750000000,144654.0781250000,,,
26.7799999567,209,146989.9843750000,192149.9687500000,172709.7187500000,148214.6250000000,119847.6328125000,151886.1093750000,133341.5312500000,144528.9218750000,,,
26.7839999567,209,146473.6093750000,194294.7343750000,171561.0312500000,147608.1562500000,119349.0390625000,151401.0312500000,132876.1406250000,144181.0468750000,,,
26.7879999566,209,146388.7968750000,196662.4375000000,171112.8281250000,147516.3593750000,119264.2265625000,151316.3906250000,132792.3750000000,144095.5625000000,,,
26.7919999566,209,146836.6875000000,195974.5312500000,171865.5156250000,148042.4843750000,119697.8593750000,151734.7343750000,133190.5000000000,144370.4843750000,,,
26.7959999568,209,147210.0000000000,193173.6093750000,172817.4531250000,148481.0468750000,120060.0937500000,152087.9531250000,133531.0781250000,144639.1875000000,,,
26.7999999567,209,146983.6562500000,192161.5468750000,172710.4687500000,148213.0781250000,119838.8593750000,151878.2343750000,133331.2656250000,144520.9531250000,,,
26.8039999567,209,146472.5312500000,194278.9375000000,171560.2500000000,147602.7343750000,119340.7187500000,151396.1562500000,132867.2968750000,144176.4218750000,,,
26.8079999567,209,146390.7500000000,196627.7812500000,171098.8281250000,147511.4375000000,119256.7968750000,151311.8593750000,132783.3906250000,144090.3750000000,,,
26.8119999566,209,146840.6093750000,195953.5781250000,171850.7968750000,148037.8906250000,119696.5468750000,151733.9843750000,133189.7812500000,144368.7187500000,,,
26.8159999566,209,147209.7031250000,193187.1562500000,172811.7968750000,148476.1875000000,120058.1328125000,152080.4375000000,133530.7343750000,144634.0625000000,,,
26.8199999568,209,146992.1250000000,192183.8750000000,172721.7343750000,148217.6562500000,119847.2031250000,151875.9531250000,133338.3906250000,144521.2812500000,,,
26.8239999567,209,146489.7968750000,194263.4062500000,171569.7812500000,147611.9375000000,119360.4921875000,151401.3125000000,132883.2500000000,144184.5000000000,,,
26.8279999567,209,146401.5000000000,196592.6718750000,171095.0312500000,147513.2343750000,119271.3906250000,151309.7031250000,132796.7812500000,144093.9218750000,,,
26.8319999566,209,146840.2656250000,195956.7656250000,171847.5000000000,148033.0937500000,119696.5468750000,151720.5156250000,133187.9218750000,144360.2656250000,,,
26.8359999566,209,147211.1250000000,193234.7031250000,172822.7968750000,148471.6562500000,120057.4062500000,152073.0312500000,133524.4843750000,144627.1250000000,,,
26.8399999568,209,146995.1250000000,192226.1093750000,172744.9531250000,148214.7812500000,119846.7500000000,151873.2968750000,133329.7812500000,144515.3281250000,,,
26.8439999567,209,146493.1250000000,194263.8750000000,171583.5937500000,147614.0312500000,119358.2109375000,151400.2812500000,132871.5000000000,144178.7343750000,,,
26.8479999567,209,146404.7500000000,196567.8281250000,171090.5156250000,147514.2500000000,119269.3203125000,151312.5312500000,132788.0312500000,144094.2968750000,,,
26.8519999566,209,146843.1562500000,195952.4062500000,171839.6562500000,148032.4531250000,119693.7031250000,151725.0000000000,133183.5781250000,144369.8906250000,,,
26.8559999566,209,147216.7656250000,193268.3906250000,172827.0312500000,148477.0781250000,120056.5781250000,152084.2500000000,133525.7812500000,144643.3125000000,,,
26.8599999566,209,147009.3281250000,192263.4843750000,172758.8593750000,148235.5000000000,119855.4140625000,151894.1093750000,133345.1875000000,144538.7968750000,,,
26.8639999568,209,146510.0625000000,194273.2343750000,171596.7656250000,147637.0625000000,119373.5546875000,151424.7187500000,132893.7656250000,144204.3281250000,,,
26.8679999567,209,146416.4531250000,196564.0468750000,171093.2031250000,147532.4375000000,119280.9609375000,151329.2812500000,132802.6562500000,144113.2031250000,,,
26.8719999567,209,146842.3593750000,195974.3750000000,171839.7187500000,148033.1406250000,119696.2500000000,151729.3125000000,133186.8281250000,144374.4843750000,,,
26.8759999566,209,147215.7968750000,193306.9062500000,172833.8750000000,148477.5312500000,120059.2031250000,152082.3125000000,133528.7500000000,144642.8125000000,,,
26.8799999566,210,147014.3125000000,192282.1718750000,172777.2812500000,148239.7656250000,119863.0000000000,151893.2187500000,133352.1562500000,144542.0937500000,,,
26.8839999565,210,146515.3437500000,194272.6406250000,171611.9375000000,147643.6718750000,119379.1015625000,151424.9062500000,132899.7968750000,144206.7812500000,,,
26.8879999565,210,146418.9062500000,196571.9843750000,171096.3437500000,147534.4687500000,119281.0703125000,151327.6718750000,132804.3125000000,144114.4687500000,,,
26.8919999565,210,146848.6250000000,195994.6406250000,171835.6875000000,148039.2656250000,119696.4140625000,151731.2656250000,133189.3750000000,144380.3750000000,,,
26.8959999564,210,147219.2031250000,193323.6718750000,172832.4218750000,148483.1093750000,120056.8437500000,152084.3906250000,133528.2187500000,144648.2187500000,,,
26.8999999564,210,147016.0468750000,192289.2812500000,172787.1250000000,148244.0468750000,119859.3281250000,151900.6562500000,133348.1250000000,144545.9062500000,,,
26.9039999566,210,146511.4218750000,194268.5625000000,171620.7656250000,147629.9531250000,119371.2187500000,151426.2500000000,132889.3906250000,144204.1875000000,,,
26.9079999565,210,146413.4218750000,196571.7812500000,171096.6406250000,147511.4531250000,119276.0000000000,151325.0000000000,132792.7031250000,144108.9687500000,,,
26.9119999565,210,146847.1875000000,196010.7187500000,171837.1406250000,148022.0156250000,119700.4062500000,151729.1718750000,133183.1250000000,144375.5000000000,,,
26.9159999564,210,147225.8281250000,193337.3750000000,172840.6093750000,148472.3125000000,120071.7578125000,152086.5625000000,133535.0312500000,144646.2968750000,,,
26.9199999564,210,147028.1250000000,192284.6718750000,172804.9375000000,148245.5468750000,119881.3750000000,151904.9687500000,133365.0000000000,144549.5156250000,,,
26.9239999566,210,146520.6718750000,194265.9375000000,171647.1093750000,147640.3125000000,119389.8046875000,151429.8906250000,132906.0468750000,144209.5312500000,,,
26.9279999565,210,146406.8125000000,196579.5000000000,171106.7968750000,147515.7812500000,119274.7421875000,151314.7031250000,132794.0156250000,144097.6718750000,,,
26.9319999565,210,146826.0000000000,196015.4375000000,171818.6562500000,148015.2500000000,119679.0312500000,151704.2343750000,133167.6250000000,144351.2812500000,,,
26.9359999564,210,147199.9531250000,193323.5468750000,172807.3437500000,148464.9375000000,120042.0156250000,152061.1093750000,133509.2500000000,144620.3593750000,,,
26.9399999564,210,147002.5625000000,192254.5468750000,172772.9843750000,148236.0312500000,119847.3125000000,151878.2343750000,133334.9843750000,144522.7031250000,,,
26.9439999564,210,146502.7656250000,194230.5625000000,171620.3437500000,147635.8593750000,119362.3671875000,151410.3437500000,132884.1562500000,144191.1718750000,,,
26.9479999566,210,146404.4531250000,196556.2968750000,171082.3906250000,147522.1093750000,119267.4140625000,151314.0781250000,132790.7656250000,144099.5000000000,,,
26.9519999565,210,146838.3906250000,196012.1875000000,171800.7656250000,148033.7656250000,119690.5390625000,151723.6875000000,133178.9062500000,144370.6718750000,,,
26.9559999565,210,147222.6875000000,193326.9531250000,172801.5000000000,148489.9062500000,120067.0390625000,152092.2187500000,133531.2500000000,144651.7656250000,,,
26.9599999564,210,147029.3281250000,192250.4687500000,172790.5625000000,148262.5000000000,119880.4921875000,151912.2343750000,133361.5468750000,144557.2656250000,,,
26.9639999564,210,146528.8593750000,194226.6093750000,171650.5156250000,147659.6562500000,119395.8125000000,151440.3125000000,132907.5312500000,144224.2187500000,,,
26.9679999566,210,146424.4687500000,196569.3125000000,171105.0000000000,147537.4687500000,119291.7734375000,151334.4843750000,132806.9218750000,144126.5312500000,,,
26.9719999565,210,146850.9062500000,196034.6093750000,171809.3437500000,148030.2812500000,119706.1171875000,151734.1718750000,133186.4687500000,144388.5312500000,,,
26.9759999565,210,147235.0781250000,193345.4218750000,172807.9375000000,148487.1718750000,120078.2500000000,152100.8750000000,133532.5625000000,144668.0156250000,,,
26.9799999564,210,147047.5468750000,192260.7656250000,172804.9843750000,148270.7343750000,119890.9531250000,151920.9375000000,133359.9375000000,144577.6562500000,,,
26.9839999564,210,146540.9531250000,194230.5625000000,171665.5781250000,147655.8437500000,119399.1640625000,151444.4843750000,132913.6093750000,144236.8281250000,,,
26.9879999564,210,146426.0468750000,196580.8750000000,171106.5000000000,147520.1250000000,119287.0546875000,151334.6562500000,132820.1875000000,144128.8125000000,,,
26.9919999565,210,146848.9062500000,196065.4843750000,171803.1093750000,148019.1718750000,119698.3984375000,151727.0937500000,133198.3906250000,144384.1093750000,,,
26.9959999565,210,147233.9375000000,193382.3593750000,172807.6718750000,148478.6406250000,120073.4218750000,152090.6875000000,133546.9687500000,144659.4687500000,,,
26.9999999565,210,147052.0156250000,192279.4843750000,172821.5625000000,148265.5312500000,119900.5000000000,151922.8593750000,133393.8437500000,144574.1093750000,,,
27.0039999564,210,146547.8281250000,194221.5937500000,171687.3906250000,147658.7343750000,119417.0078125000,151444.5937500000,132942.9375000000,144236.9062500000,,,
27.0079999564,211,146431.5000000000,196560.2500000000,171118.9531250000,147527.5000000000,119304.8359375000,151327.1093750000,132833.4218750000,144129.8281250000,,,
27.0119999563,211,146849.9375000000,196059.6875000000,171807.2031250000,148029.3906250000,119712.7968750000,151718.1250000000,133211.2031250000,144383.5468750000,,,
27.0159999563,211,147235.2968750000,193385.0156250000,172809.9531250000,148485.6875000000,120087.7968750000,152087.3125000000,133564.9062500000,144660.1093750000,,,
27.0199999562,211,147042.2031250000,192269.8281250000,172824.3750000000,148267.4687500000,119900.6328125000,151911.2187500000,133396.4687500000,144567.2187500000,,,
27.0239999562,211,146529.8437500000,194193.4687500000,171683.2343750000,147657.8593750000,119401.4765625000,151429.0937500000,132930.4531250000,144223.2812500000,,,
27.0279999562,211,146409.9531250000,196521.2968750000,171094.9687500000,147517.9218750000,119280.6640625000,151308.2343750000,132812.8437500000,144108.8281250000,,,
27.0319999564,211,146822.2031250000,196043.8437500000,171772.0625000000,148007.1875000000,119679.7031250000,151691.7812500000,133185.1406250000,144354.4687500000,,,
27.0359999563,211,147212.6562500000,193401.4062500000,172783.6562500000,148480.9218750000,120060.8671875000,152063.8593750000,133549.9218750000,144634.5468750000,,,
27.0399999563,211,147028.3906250000,192288.0781250000,172811.5781250000,148271.2968750000,119881.8828125000,151895.2656250000,133389.2031250000,144544.2656250000,,,
27.0439999562,211,146526.1250000000,194176.2343750000,171667.9687500000,147662.6250000000,119392.4062500000,151422.1718750000,132931.6875000000,144204.4531250000,,,
27.0479999562,211,146405.1250000000,196482.5156250000,171069.4687500000,147514.4843750000,119270.6093750000,151298.6250000000,132811.7187500000,144092.0468750000,,,
27.0519999564,211,146820.7343750000,196023.6718750000,171752.5625000000,148002.8125000000,119674.0390625000,151682.7187500000,133179.5312500000,144346.7968750000,,,
27.0559999563,211,147214.2968750000,193417.6875000000,172782.2500000000,148470.3281250000,120057.7578125000,152053.8906250000,133540.0937500000,144633.0937500000,,,
27.0599999563,211,147042.6875000000,192310.5000000000,172830.8125000000,148273.7656250000,119893.1250000000,151894.8281250000,133392.6562500000,144557.7812500000,,,
27.0639999562,211,146536.3906250000,194157.3125000000,171683.7656250000,147667.1875000000,119406.6796875000,151421.4687500000,132938.1562500000,144220.6250000000,,,
27.0679999562,211,146410.9218750000,196434.1718750000,171071.3125000000,147518.4843750000,119286.7578125000,151300.7187500000,132822.6406250000,144108.7812500000,,,
27.0719999562,211,146817.6718750000,196004.1718750000,171752.0937500000,148000.1875000000,119684.6328125000,151682.2343750000,133188.7500000000,144358.0937500000,,,
27.0759999563,211,147205.9218750000,193455.7812500000,172789.8906250000,148465.3906250000,120062.0234375000,152050.7187500000,133542.0625000000,144638.4375000000,,,
27.0799999563,211,147034.3437500000,192361.7343750000,172844.5468750000,148270.8125000000,119892.1562500000,151894.9062500000,133391.7656250000,144559.1718750000,,,
27.0839999563,211,146538.7812500000,194165.2187500000,171690.8437500000,147665.4687500000,119410.8046875000,151433.0937500000,132946.2031250000,144226.9375000000,,,
27.0879999562,211,146413.1406250000,196405.2343750000,171060.4531250000,147517.5156250000,119286.8671875000,151307.9375000000,132826.7031250000,144109.5312500000,,,
27.0919999562,211,146812.2812500000,195998.1250000000,171735.3750000000,147996.8281250000,119673.1796875000,151678.1093750000,133179.8281250000,144348.4062500000,,,
27.0959999564,211,147204.2187500000,193486.0781250000,172786.0000000000,148469.8906250000,120054.3281250000,152047.7968750000,133536.5000000000,144629.0468750000,,,
27.0999999563,211,147036.5937500000,192392.5156250000,172854.2812500000,148278.0625000000,119890.2500000000,151893.7343750000,133391.3906250000,144549.4062500000,,,
27.1039999563,211,146536.5781250000,194155.6406250000,171694.6875000000,147674.8281250000,119405.7656250000,151424.8281250000,132938.8281250000,144210.7656250000,,,
27.1079999562,211,146409.6875000000,196363.7968750000,171049.9687500000,147524.5000000000,119280.2109375000,151297.9062500000,132814.3125000000,144099.9218750000,,,
27.1119999562,211,146802.2031250000,195976.8593750000,171720.0937500000,147994.7968750000,119659.7734375000,151664.2187500000,133163.5156250000,144342.7187500000,,,
27.1159999561,211,147183.1093750000,193511.0468750000,172774.4062500000,148462.3281250000,120029.7265625000,152025.8281250000,133512.5468750000,144617.8593750000,,,
27.1199999563,211,147019.8281250000,192421.3750000000,172852.2812500000,148274.3906250000,119870.7265625000,151878.5000000000,133368.8593750000,144543.7500000000,,,
27.1239999563,211,146528.5625000000,194144.3750000000,171691.4687500000,147675.0781250000,119395.0937500000,151419.2812500000,132924.6406250000,144212.7656250000,,,
27.1279999563,211,146395.3437500000,196329.8906250000,171029.7187500000,147521.1875000000,119264.1171875000,151292.5156250000,132800.0781250000,144095.5625000000,,,
27.1319999562,211,146789.4843750000,195969.3750000000,171697.3906250000,147995.8125000000,119645.7968750000,151662.5312500000,133155.7968750000,144338.0781250000,,,
27.1359999562,212,147172.3125000000,193546.9687500000,172767.8906250000,148457.6875000000,120016.5625000000,152027.0937500000,133508.9531250000,144614.5937500000,,,
27.1399999561,212,147016.1875000000,192456.4843750000,172859.7656250000,148272.2968750000,119865.1250000000,151884.9062500000,133374.8437500000,144544.4218750000,,,
27.1439999561,212,146536.6875000000,194136.5468750000,171701.1562500000,147672.6875000000,119402.7109375000,151437.2812500000,132940.7031250000,144220.9531250000,,,
27.1479999560,212,146395.7343750000,196290.8906250000,171029.0156250000,147504.1875000000,119261.8671875000,151298.7656250000,132802.5468750000,144091.5000000000,,,
27.1519999560,212,146779.1562500000,195948.4531250000,171701.4218750000,147967.1093750000,119632.4687500000,151653.9687500000,133143.0468750000,144322.8281250000,,,
27.1559999560,212,147174.7343750000,193565.8281250000,172792.8437500000,148443.0625000000,120016.9375000000,152021.7500000000,133502.8125000000,144605.5000000000,,,
27.1599999561,212,147033.5937500000,192485.4531250000,172907.6875000000,148278.2187500000,119879.7656250000,151885.8125000000,133379.8906250000,144543.2187500000,,,
27.1639999561,212,146552.8593750000,194126.1875000000,171746.5000000000,147690.7031250000,119415.6093750000,151433.3593750000,132943.0156250000,144219.4531250000,,,
27.1679999561,212,146417.0937500000,196244.2500000000,171061.5000000000,147522.3281250000,119283.0546875000,151300.5312500000,132814.1093750000,144102.4531250000,,,
27.1719999560,212,146798.2812500000,195929.9843750000,171731.1093750000,147979.5000000000,119652.6093750000,151657.0468750000,133157.1875000000,144339.2031250000,,,
27.1759999560,212,147183.2656250000,193606.7812500000,172830.3906250000,148447.8437500000,120027.0468750000,152021.8906250000,133510.8906250000,144620.3906250000,,,
27.1799999562,212,147036.5781250000,192537.7812500000,172948.8593750000,148275.0312500000,119885.1328125000,151889.3281250000,133382.0937500000,144558.1093750000,,,
27.1839999561,212,146561.4687500000,194119.0000000000,171772.0625000000,147687.3281250000,119428.4296875000,151451.4687500000,132951.3281250000,144237.8437500000,,,
27.1879999561,212,146421.7343750000,196188.7500000000,171065.0312500000,147528.2500000000,119292.5000000000,151321.0468750000,132818.9062500000,144112.6718750000,,,
27.1919999560,212,146791.6406250000,195892.5000000000,171727.7656250000,147984.0312500000,119650.3046875000,151669.4531250000,133148.3593750000,144337.9218750000,,,
27.1959999560,212,147172.3125000000,193630.7812500000,172841.3281250000,148448.7031250000,120018.1406250000,152026.9062500000,133496.2187500000,144612.4687500000,,,
27.1999999559,212,147031.0000000000,192576.4062500000,172968.7656250000,148282.2656250000,119880.7031250000,151899.3437500000,133378.0156250000,144551.9843750000,,,
27.2039999561,212,146561.6875000000,194106.3437500000,171782.3750000000,147696.2031250000,119427.7343750000,151467.3437500000,132957.8906250000,144235.3593750000,,,
27.2079999561,212,146421.0625000000,196128.2968750000,171056.7812500000,147522.1562500000,119291.6406250000,151333.7656250000,132826.0468750000,144111.8437500000,,,
27.2119999561,212,146794.0781250000,195868.5625000000,171725.0468750000,147978.8125000000,119652.1015625000,151677.1093750000,133158.1718750000,144343.9062500000,,,
27.2159999560,212,147178.2812500000,193669.9687500000,172857.5000000000,148442.6718750000,120025.0078125000,152037.5000000000,133506.3593750000,144625.4062500000,,,
27.2199999560,212,147045.1875000000,192629.3593750000,173001.8125000000,148279.1875000000,119898.0078125000,151916.8593750000,133391.6093750000,144569.6406250000,,,
27.2239999562,212,146574.5625000000,194104.3593750000,171807.0781250000,147695.5625000000,119445.4375000000,151481.0000000000,132967.9218750000,144248.1250000000,,,
27.2279999561,212,146432.5156250000,196072.6718750000,171059.6250000000,147524.3281250000,119303.8984375000,151337.5781250000,132831.4062500000,144121.5937500000,,,
27.2319999561,212,146797.6093750000,195835.3437500000,171724.2656250000,147971.9687500000,119653.8671875000,151672.7968750000,133154.8281250000,144349.1562500000,,,
27.2359999560,212,147172.2656250000,193706.1250000000,172866.3281250000,148442.7812500000,120015.1093750000,152028.4531250000,133497.4531250000,144625.9843750000,,,
27.2399999560,212,147039.9062500000,192687.4531250000,173017.5781250000,148285.7812500000,119886.8750000000,151909.4218750000,133385.4218750000,144567.3906250000,,,
27.2439999559,212,146579.8125000000,194101.6718750000,171814.2656250000,147706.1093750000,119443.2890625000,151479.7343750000,132968.7656250000,144248.7343750000,,,
27.2479999561,212,146431.7656250000,196008.8281250000,171048.6250000000,147527.5000000000,119297.9375000000,151335.9062500000,132829.7656250000,144116.9062500000,,,
27.2519999561,212,146786.9062500000,195796.0000000000,171712.3593750000,147971.8906250000,119639.6250000000,151662.0625000000,133150.6406250000,144337.3593750000,,,
27.2559999560,212,147159.3593750000,193742.0937500000,172872.0937500000,148430.2187500000,119998.0234375000,152010.9375000000,133492.6250000000,144610.1093750000,,,
27.2599999560,212,147036.0625000000,192743.7812500000,173034.7500000000,148277.5781250000,119879.1796875000,151897.1093750000,133386.0312500000,144557.8906250000,,,
27.2639999560,213,146586.2500000000,194105.3281250000,171823.3593750000,147705.4687500000,119449.5937500000,151475.0156250000,132979.8437500000,144249.9218750000,,,
27.2679999559,213,146443.3437500000,195963.1093750000,171041.8593750000,147528.7656250000,119311.7031250000,151334.7343750000,132844.1406250000,144124.8750000000,,,
27.2719999559,213,146794.3906250000,195769.6875000000,171706.5625000000,147962.6875000000,119648.7187500000,151659.5781250000,133156.2656250000,144344.1250000000,,,
27.2759999558,213,147169.9375000000,193773.6093750000,172887.5000000000,148430.5468750000,120010.5468750000,152011.0312500000,133499.2187500000,144620.5781250000,,,
27.2799999558,213,147049.7656250000,192796.4375000000,173069.9843750000,148287.8750000000,119896.3125000000,151899.3125000000,133397.6406250000,144567.4375000000,,,
27.2839999557,213,146593.3593750000,194111.1718750000,171849.2656250000,147711.6250000000,119460.6406250000,151480.4375000000,132989.3281250000,144249.0312500000,,,
27.2879999559,213,146446.9687500000,195922.0156250000,171044.7031250000,147529.3281250000,119318.3281250000,151339.7500000000,132853.5625000000,144118.7343750000,,,
27.2919999559,213,146793.0000000000,195745.3906250000,171700.3750000000,147963.8906250000,119652.0703125000,151658.6406250000,133162.8750000000,144335.8906250000,,,
27.2959999559,213,147162.0781250000,193796.1406250000,172887.9687500000,148429.0625000000,120011.5468750000,152007.0781250000,133504.1093750000,144610.2968750000,,,
27.2999999558,213,147042.6875000000,192832.0781250000,173081.9062500000,148294.0156250000,119898.4062500000,151903.0625000000,133404.1406250000,144565.0000000000,,,
27.3039999558,213,146595.0468750000,194106.3750000000,171856.1093750000,147727.9375000000,119467.9921875000,151492.8437500000,132996.3906250000,144257.6406250000,,,
27.3079999560,213,146438.2812500000,195885.9687500000,171028.2187500000,147528.5156250000,119312.9375000000,151340.2812500000,132845.7812500000,144119.7812500000,,,
27.3119999559,213,146781.1718750000,195720.6250000000,171672.5625000000,147960.2187500000,119638.8515625000,151651.9531250000,133144.4218750000,144334.0000000000,,,
27.3159999559,213,147157.2656250000,193815.2187500000,172872.4218750000,148432.0781250000,119998.0546875000,152003.0000000000,133482.4531250000,144611.3750000000,,,
27.3199999558,213,147044.1562500000,192868.5312500000,173079.5625000000,148293.7187500000,119887.3281250000,151900.8125000000,133388.3125000000,144565.8281250000,,,
27.3239999558,213,146596.6875000000,194114.0625000000,171849.2968750000,147723.7500000000,119457.0468750000,151487.7187500000,132986.8593750000,144253.1875000000,,,
27.3279999557,213,146442.2968750000,195869.0937500000,171007.6875000000,147534.5000000000,119305.4531250000,151339.7968750000,132842.0312500000,144118.7031250000,,,
27.3319999559,213,146776.9843750000,195718.7500000000,171648.3593750000,147962.8125000000,119625.9453125000,151647.6093750000,133140.2656250000,144328.6875000000,,,
27.3359999559,213,147144.2968750000,193839.7031250000,172853.0000000000,148425.5312500000,119982.3046875000,151998.3437500000,133477.6875000000,144603.4531250000,,,
27.3399999558,213,147035.8437500000,192894.6562500000,173071.4375000000,148288.5937500000,119879.2031250000,151904.6718750000,133384.5312500000,144563.6562500000,,,
27.3439999558,213,146600.4218750000,194119.5625000000,171847.6250000000,147722.1718750000,119461.7968750000,151495.7187500000,132981.7343750000,144259.4062500000,,,
27.3479999558,213,146456.0312500000,195851.5156250000,170998.1406250000,147530.6093750000,119322.2656250000,151351.1250000000,132844.2031250000,144130.9687500000,,,
27.3519999560,213,146785.4843750000,195704.1093750000,171630.2343750000,147946.5937500000,119643.9765625000,151659.6093750000,133156.5156250000,144337.4062500000,,,
27.3559999559,213,147152.8125000000,193850.1718750000,172841.2812500000,148409.2812500000,120001.6718750000,152006.2031250000,133503.5156250000,144608.6875000000,,,
27.3599999559,213,147056.2343750000,192910.3437500000,173078.6250000000,148285.8593750000,119907.5781250000,151913.6093750000,133417.5000000000,144573.2031250000,,,
27.3639999558,213,146621.4218750000,194106.1562500000,171860.2656250000,147727.0000000000,119489.1328125000,151505.8593750000,133021.6875000000,144267.4062500000,,,
27.3679999558,213,146462.0468750000,195816.0625000000,170997.5000000000,147530.6093750000,119334.3906250000,151350.6406250000,132875.5468750000,144129.9375000000,,,
27.3719999557,213,146781.5156250000,195690.3281250000,171624.7656250000,147941.3125000000,119643.6484375000,151642.3750000000,133164.5312500000,144330.8750000000,,,
27.3759999559,213,147145.4218750000,193879.0468750000,172845.6718750000,148413.1875000000,119997.0078125000,151981.9843750000,133502.2812500000,144601.2343750000,,,
27.3799999559,213,147045.1875000000,192948.5937500000,173095.6562500000,148298.6875000000,119902.1875000000,151889.0312500000,133421.7812500000,144563.6875000000,,,
27.3839999558,213,146602.4375000000,194109.2968750000,171869.4375000000,147730.8906250000,119481.2734375000,151476.4062500000,133028.3125000000,144252.5468750000,,,
27.3879999558,213,146443.2187500000,195778.4375000000,170985.7187500000,147531.2812500000,119329.9921875000,151319.9843750000,132885.6718750000,144116.6093750000,,,
27.3919999558,214,146767.5000000000,195664.4062500000,171607.7343750000,147945.6562500000,119640.0312500000,151614.0781250000,133173.5937500000,144323.4062500000,,,
27.3959999557,214,147137.4531250000,193898.8281250000,172841.5781250000,148412.3906250000,119994.4609375000,151957.1093750000,133507.2656250000,144598.7343750000,,,
27.3999999557,214,147041.8906250000,192986.5468750000,173100.6406250000,148295.5468750000,119900.7656250000,151868.6562500000,133423.9375000000,144563.0468750000,,,
27.4039999556,214,146612.3281250000,194112.6250000000,171873.7031250000,147737.7500000000,119487.5468750000,151469.0312500000,133033.1406250000,144260.1093750000,,,
27.4079999556,214,146455.1250000000,195740.1250000000,170977.9687500000,147540.9062500000,119331.8203125000,151316.5937500000,132881.7031250000,144123.8750000000,,,
27.4119999555,214,146770.6562500000,195634.9687500000,171593.4375000000,147948.7968750000,119631.2031250000,151606.2031250000,133161.1250000000,144322.9531250000,,,
27.4159999557,214,147138.1718750000,193914.2187500000,172839.9687500000,148423.7343750000,119983.3515625000,151950.5468750000,133498.5468750000,144596.6250000000,,,
27.4199999557,214,147045.0468750000,193018.3281250000,173117.2968750000,148313.1406250000,119896.4765625000,151872.3281250000,133423.7187500000,144562.4531250000,,,
27.4239999556,214,146619.2187500000,194109.9375000000,171892.2656250000,147755.7031250000,119492.9375000000,151484.2656250000,133043.7500000000,144263.1718750000,,,
27.4279999556,214,146463.4843750000,195710.4375000000,170983.8750000000,147548.0937500000,119344.8828125000,151331.7500000000,132898.5468750000,144128.7968750000,,,
27.4319999556,214,146778.2500000000,195623.0312500000,171598.9062500000,147946.2968750000,119648.6640625000,151620.7343750000,133177.4062500000,144327.9218750000,,,
27.4359999557,214,147137.9843750000,193935.8281250000,172849.0312500000,148407.8750000000,119995.4218750000,151959.3906250000,133507.9843750000,144594.9843750000,,,
27.4399999557,214,147044.7031250000,193052.1562500000,173137.0468750000,148291.9218750000,119906.3203125000,151876.9218750000,133431.3281250000,144562.6406250000,,,
27.4439999557,214,146624.7500000000,194124.4531250000,171915.2500000000,147741.5625000000,119505.9453125000,151490.0625000000,133052.4687500000,144269.0156250000,,,
27.4479999556,214,146470.4375000000,195694.9687500000,170990.6093750000,147540.8593750000,119356.1171875000,151342.2187500000,132910.8437500000,144136.7812500000,,,
27.4519999556,214,146776.9687500000,195614.8437500000,171591.2343750000,147925.6406250000,119647.7031250000,151622.6875000000,133183.7187500000,144330.7656250000,,,
27.4559999555,214,147143.4375000000,193965.9375000000,172854.2812500000,148399.0312500000,119995.7734375000,151963.0625000000,133514.5625000000,144605.9531250000,,,
27.4599999557,214,147059.6718750000,193096.3593750000,173160.5625000000,148299.9687500000,119911.2265625000,151885.7187500000,133440.5937500000,144578.1718750000,,,
27.4639999557,214,146634.3750000000,194130.8281250000,171932.8906250000,147743.0156250000,119504.2031250000,151493.4687500000,133056.8750000000,144274.1875000000,,,
27.4679999556,214,146470.2812500000,195666.6718750000,170989.4843750000,147534.7187500000,119345.4140625000,151336.9062500000,132903.5000000000,144132.0156250000,,,
27.4719999556,214,146781.8437500000,195600.6093750000,171591.2031250000,147943.7968750000,119644.2109375000,151622.0468750000,133180.5000000000,144332.3750000000,,,
27.4759999556,214,147138.7343750000,193984.4687500000,172856.7343750000,148415.9062500000,119989.6015625000,151953.4687500000,133506.3593750000,144598.4687500000,,,
27.4799999557,214,147051.4531250000,193122.0468750000,173170.4375000000,148314.9375000000,119906.9062500000,151873.5625000000,133433.1250000000,144566.2031250000,,,
27.4839999557,214,146636.6875000000,194124.2031250000,171944.4062500000,147771.6562500000,119512.7031250000,151490.3593750000,133060.7656250000,144271.4218750000,,,
27.4879999557,214,146470.7031250000,195621.8750000000,170984.7656250000,147571.0312500000,119351.8515625000,151332.0781250000,132908.7812500000,144127.4687500000,,,
27.4919999556,214,146763.6562500000,195565.0625000000,171571.5000000000,147965.3906250000,119628.2031250000,151602.6093750000,133171.7812500000,144313.8281250000,,,
27.4959999556,214,147116.5000000000,193996.9062500000,172849.9375000000,148429.6093750000,119964.4687500000,151934.3437500000,133494.4531250000,144578.8906250000,,,
27.4999999555,214,147035.6406250000,193154.0781250000,173178.9687500000,148334.5156250000,119887.4140625000,151862.2656250000,133424.3593750000,144548.9062500000,,,
27.5039999557,214,146626.2812500000,194122.4375000000,171950.6250000000,147788.2812500000,119498.5468750000,151485.5000000000,133054.2343750000,144252.6250000000,,,
27.5079999557,214,146463.2031250000,195582.9843750000,170977.3906250000,147569.8281250000,119339.8125000000,151330.2031250000,132898.8593750000,144110.7343750000,,,
27.5119999556,214,146758.0000000000,195536.8437500000,171561.3593750000,147953.6250000000,119618.5156250000,151600.1718750000,133156.9375000000,144301.8125000000,,,
27.5159999556,214,147115.7812500000,194010.6718750000,172848.8437500000,148423.6562500000,119961.1718750000,151935.2500000000,133484.0937500000,144575.7187500000,,,
27.5199999555,215,147045.9062500000,193187.8437500000,173194.3906250000,148337.2812500000,119894.4609375000,151873.7500000000,133425.7812500000,144560.4062500000,,,
27.5239999555,215,146641.4375000000,194128.2031250000,171963.2031250000,147792.2343750000,119509.4062500000,151502.2031250000,133058.0781250000,144271.5625000000,,,
27.5279999555,215,146475.1250000000,195550.5312500000,170969.2812500000,147568.0781250000,119349.0390625000,151346.4062500000,132903.0468750000,144129.2187500000,,,
27.5319999554,215,146769.5312500000,195514.1562500000,171551.4062500000,147953.3281250000,119630.9921875000,151614.9218750000,133169.6250000000,144322.2812500000,,,
27.5359999554,215,147120.9062500000,194027.4843750000,172854.0781250000,148410.2656250000,119970.6093750000,151945.3593750000,133495.3906250000,144590.6875000000,,,
27.5399999553,215,147045.2343750000,193224.0625000000,173212.7656250000,148315.7968750000,119899.4531250000,151885.6093750000,133436.3437500000,144570.2500000000,,,
27.5439999555,215,146648.0312500000,194138.9531250000,171984.8281250000,147771.3593750000,119523.2500000000,151520.6406250000,133080.7187500000,144287.1250000000,,,
27.5479999555,215,146484.9218750000,195526.9531250000,170979.3437500000,147545.0156250000,119367.1171875000,151365.0156250000,132930.1875000000,144143.5468750000,,,
27.5519999554,215,146770.2031250000,195497.4218750000,171551.0000000000,147920.6250000000,119638.9609375000,151624.0625000000,133183.7343750000,144325.8593750000,,,
27.5559999554,215,147127.6562500000,194056.9062500000,172865.0156250000,148387.2187500000,119982.1718750000,151956.9843750000,133508.7968750000,144599.8906250000,,,
27.5599999554,215,147061.4062500000,193272.1250000000,173240.3906250000,148305.9062500000,119919.5468750000,151895.8750000000,133453.2812500000,144584.4687500000,,,
27.5639999555,215,146662.9218750000,194146.4375000000,172005.5312500000,147771.3906250000,119541.3515625000,151520.9843750000,133092.8125000000,144293.2343750000,,,
27.5679999555,215,146495.5468750000,195496.5312500000,170980.8906250000,147553.0625000000,119380.2343750000,151355.0156250000,132935.5781250000,144143.1406250000,,,
27.5719999555,215,146777.5468750000,195470.0625000000,171542.9531250000,147936.0000000000,119647.7265625000,151607.7500000000,133187.7656250000,144323.0156250000,,,
27.5759999554,215,147123.5312500000,194069.7343750000,172863.8906250000,148413.1875000000,119977.6640625000,151927.3125000000,133503.0625000000,144585.0625000000,,,
27.5799999554,215,147055.7812500000,193303.5000000000,173250.9843750000,148346.4531250000,119912.8906250000,151871.9062500000,133448.1250000000,144570.0156250000,,,
27.5839999553,215,146657.2500000000,194153.0156250000,172014.4843750000,147808.2187500000,119535.1796875000,151512.5312500000,133090.8593750000,144285.6718750000,,,
27.5879999555,215,146481.4843750000,195456.9375000000,170965.9375000000,147583.8437500000,119365.9375000000,151349.0000000000,132924.5781250000,144133.4843750000,,,
27.5919999555,215,146757.7812500000,195439.3437500000,171519.4843750000,147954.6093750000,119627.6953125000,151600.3593750000,133170.0625000000,144312.2187500000,,,
27.5959999554,215,147104.6406250000,194080.7343750000,172846.4218750000,148416.4687500000,119960.7656250000,151925.1718750000,133490.5000000000,144579.6406250000,,,
27.5999999554,215,147039.7187500000,193336.8906250000,173246.0000000000,148336.4218750000,119899.9921875000,151870.2656250000,133440.7187500000,144563.2500000000,,,
27.6039999553,215,146647.8593750000,194156.8437500000,172005.0937500000,147799.6875000000,119529.1484375000,151508.8281250000,133087.9843750000,144276.5312500000,,,
27.6079999555,215,146476.1562500000,195420.0937500000,170938.9218750000,147568.7812500000,119363.0937500000,151342.2656250000,132925.8750000000,144124.7343750000,,,
27.6119999555,215,146743.0781250000,195408.7656250000,171481.0000000000,147934.4218750000,119612.9687500000,151581.6093750000,133158.9843750000,144294.9218750000,,,
27.6159999555,215,147083.8906250000,194099.0156250000,172819.4218750000,148399.4375000000,119935.5859375000,151897.5937500000,133466.5781250000,144554.2187500000,,,
27.6199999554,215,147021.1718750000,193375.6875000000,173233.2812500000,148322.7500000000,119874.4531250000,151848.8281250000,133411.5625000000,144538.1718750000,,,
27.6239999554,215,146640.5156250000,194163.7500000000,171996.2500000000,147798.4218750000,119516.4062500000,151506.5625000000,133067.8750000000,144261.3906250000,,,
27.6279999553,215,146480.0937500000,195383.5312500000,170920.5937500000,147574.2500000000,119364.4609375000,151354.5000000000,132924.6406250000,144123.0000000000,,,
27.6319999555,215,146750.4843750000,195374.3906250000,171462.2500000000,147933.0781250000,119619.7265625000,151601.3750000000,133166.6250000000,144301.8125000000,,,
27.6359999555,215,147101.7812500000,194113.3437500000,172824.2968750000,148399.1562500000,119955.8046875000,151927.9531250000,133487.8750000000,144575.3281250000,,,
27.6399999554,215,147052.7500000000,193427.5625000000,173266.1093750000,148331.4375000000,119909.9140625000,151885.2031250000,133448.1718750000,144573.4531250000,,,
27.6439999554,215,146677.9843750000,194180.5937500000,172031.0312500000,147807.1250000000,119558.1406250000,151543.8437500000,133111.0000000000,144302.0312500000,,,
27.6479999553,216,146511.8750000000,195357.1875000000,170938.1093750000,147575.5625000000,119399.4375000000,151385.4218750000,132955.9375000000,144158.9062500000,,,
27.6519999553,216,146769.3125000000,195361.7031250000,171473.9687500000,147926.9843750000,119641.9062500000,151618.4062500000,133181.4843750000,144326.3593750000,,,
27.6559999553,216,147108.1875000000,194148.0781250000,172840.8281250000,148389.0781250000,119963.5859375000,151932.4375000000,133489.8125000000,144585.5156250000,,,
27.6599999552,216,147066.1562500000,193476.4218750000,173295.8906250000,148339.6093750000,119922.7656250000,151894.5625000000,133458.2968750000,144585.9218750000,,,
27.6639999552,216,146684.1562500000,194191.3125000000,172050.4062500000,147815.0625000000,119561.9218750000,151545.1718750000,133116.2500000000,144304.0937500000,,,
27.6679999551,216,146508.9843750000,195322.2656250000,170931.0625000000,147582.1093750000,119392.3828125000,151379.2812500000,132951.7031250000,144148.0781250000,,,
27.6719999553,216,146764.2968750000,195333.9375000000,171460.3437500000,147934.0937500000,119632.1171875000,151607.2187500000,133175.8593750000,144310.5937500000,,,
27.6759999553,216,147100.7656250000,194167.4375000000,172840.0781250000,148397.7343750000,119953.3671875000,151919.4218750000,133483.9843750000,144569.9062500000,,,
27.6799999552,216,147055.2968750000,193515.1875000000,173304.8750000000,148347.2656250000,119914.0468750000,151882.8125000000,133451.5000000000,144569.7187500000,,,
27.6839999552,216,146683.1406250000,194202.5312500000,172060.5468750000,147830.2656250000,119566.4062500000,151540.9375000000,133116.7343750000,144296.5156250000,,,
27.6879999551,216,146506.2656250000,195288.7968750000,170923.7343750000,147584.9218750000,119399.1406250000,151369.6250000000,132953.0937500000,144139.1718750000,,,
27.6919999553,216,146757.4687500000,195301.7031250000,171441.8281250000,147927.0156250000,119633.8359375000,151592.2500000000,133176.2812500000,144303.8906250000,,,
27.6959999553,216,147096.2500000000,194181.5312500000,172832.3750000000,148395.2656250000,119952.1015625000,151906.5000000000,133482.8593750000,144569.9843750000,,,
27.6999999552,216,147053.6562500000,193559.0156250000,173313.2187500000,148348.8750000000,119910.3437500000,151871.2812500000,133448.3906250000,144569.8281250000,,,
27.7039999552,216,146678.4218750000,194212.5781250000,172064.7031250000,147823.9843750000,119556.7734375000,151532.8906250000,133110.9687500000,144290.0937500000,,,
27.7079999552,216,146503.8906250000,195249.0937500000,170907.5312500000,147580.3593750000,119386.5625000000,151371.4062500000,132945.6718750000,144137.3437500000,,,
27.7119999551,216,146750.9218750000,195263.6406250000,171414.7187500000,147926.3906250000,119611.7031250000,151596.0937500000,133156.2656250000,144302.4687500000,,,
27.7159999553,216,147081.3437500000,194191.2656250000,172811.1093750000,148390.0625000000,119923.0000000000,151907.0937500000,133454.4062500000,144562.7968750000,,,
27.7199999553,216,147039.3281250000,193593.5000000000,173304.7656250000,148337.5781250000,119886.7656250000,151876.1093750000,133427.6875000000,144563.4375000000,,,
27.7239999552,216,146678.9218750000,194216.4687500000,172057.3281250000,147815.8281250000,119552.2421875000,151545.5781250000,133106.9218750000,144295.4375000000,,,
27.7279999552,216,146515.1250000000,195207.6875000000,170891.1718750000,147574.5781250000,119398.9765625000,151388.5625000000,132957.8906250000,144150.8906250000,,,
27.7319999551,216,146761.3437500000,195225.4375000000,171399.8593750000,147915.5000000000,119631.6093750000,151606.3593750000,133176.8750000000,144314.7812500000,,,
27.7359999553,216,147088.9531250000,194198.4843750000,172811.4218750000,148373.8437500000,119943.2812500000,151908.4843750000,133475.8906250000,144573.6875000000,,,
27.7399999553,216,147042.9062500000,193629.1718750000,173318.6562500000,148326.9062500000,119901.2500000000,151871.7656250000,133439.8906250000,144569.4531250000,,,
27.7439999552,216,146681.6093750000,194222.2343750000,172070.7031250000,147809.7968750000,119563.9921875000,151545.1718750000,133115.7187500000,144299.5625000000,,,
27.7479999552,216,146507.5625000000,195170.2187500000,170883.9062500000,147564.0000000000,119398.8437500000,151381.4531250000,132952.8750000000,144144.5312500000,,,
27.7519999552,216,146748.4531250000,195197.3593750000,171384.9687500000,147911.4843750000,119623.1015625000,151599.4375000000,133163.9375000000,144305.7031250000,,,
27.7559999551,216,147068.2031250000,194213.9218750000,172805.6875000000,148370.2968750000,119924.8281250000,151897.6250000000,133457.6718750000,144557.1718750000,,,
27.7599999553,216,147030.3750000000,193665.7343750000,173331.5000000000,148326.6093750000,119889.6093750000,151869.6406250000,133429.3281250000,144559.9531250000,,,
27.7639999553,216,146671.7656250000,194240.5937500000,172086.6406250000,147813.0156250000,119555.6484375000,151543.7812500000,133106.7031250000,144288.5937500000,,,
27.7679999552,216,146494.0625000000,195154.1718750000,170880.4218750000,147562.9062500000,119389.9921875000,151376.1406250000,132944.8906250000,144129.9218750000,,,
27.7719999552,216,146724.7343750000,195177.4375000000,171364.3437500000,147896.4375000000,119607.7890625000,151582.5937500000,133150.7968750000,144282.1562500000,,,
27.7759999551,217,147049.4531250000,194221.9687500000,172791.9218750000,148352.8437500000,119913.9609375000,151878.9062500000,133446.3281250000,144535.6562500000,,,
27.7799999551,217,147020.4218750000,193689.1250000000,173335.7968750000,148312.7656250000,119886.0156250000,151851.0625000000,133423.2031250000,144540.3750000000,,,
27.7839999550,217,146670.2031250000,194243.3281250000,172095.4062500000,147810.4218750000,119557.4453125000,151528.2343750000,133105.5468750000,144273.9843750000,,,
27.7879999550,217,146496.7187500000,195133.7656250000,170877.5781250000,147567.2500000000,119388.8671875000,151361.1562500000,132941.5156250000,144119.1562500000,,,
27.7919999550,217,146721.6250000000,195162.1093750000,171348.5000000000,147890.2968750000,119594.1875000000,151563.9531250000,133140.5781250000,144270.4375000000,,,
27.7959999549,217,147041.2187500000,194232.7500000000,172776.2812500000,148348.6093750000,119893.1250000000,151860.3906250000,133435.7031250000,144525.0625000000,,,
27.7999999551,217,147009.2656250000,193709.5156250000,173328.5000000000,148316.2812500000,119861.8203125000,151836.0625000000,133413.3437500000,144531.5468750000,,,
27.8039999551,217,146661.8906250000,194242.8750000000,172091.6562500000,147815.4062500000,119539.2578125000,151522.6250000000,133107.4843750000,144269.0468750000,,,
27.8079999550,217,146483.2031250000,195111.4687500000,170862.9843750000,147561.9687500000,119370.8671875000,151348.1093750000,132944.7812500000,144110.9218750000,,,
27.8119999550,217,146717.0625000000,195145.1093750000,171333.3906250000,147888.4375000000,119588.7187500000,151550.4843750000,133149.5625000000,144270.1406250000,,,
27.8159999549,217,147041.2343750000,194230.4531250000,172769.9531250000,148343.0156250000,119896.5859375000,151870.9375000000,133447.9062500000,144533.6718750000,,,
27.8199999551,217,147007.8125000000,193714.8437500000,173336.9843750000,148306.2187500000,119868.3671875000,151861.2187500000,133426.4843750000,144540.8906250000,,,
27.8239999551,217,146664.7343750000,194240.2968750000,172110.9687500000,147803.5312500000,119552.1328125000,151547.6250000000,133123.0625000000,144282.4062500000,,,
27.8279999550,217,146499.1093750000,195093.5312500000,170882.9218750000,147550.8593750000,119396.5625000000,151391.5156250000,132972.6562500000,144136.9218750000,,,
27.8319999550,217,146724.6093750000,195138.1406250000,171352.3906250000,147871.5468750000,119604.2734375000,151599.2031250000,133172.9375000000,144289.2656250000,,,
27.8359999550,217,147046.4218750000,194248.8750000000,172800.7031250000,148331.5156250000,119906.8046875000,151901.6250000000,133470.9531250000,144545.0156250000,,,
27.8399999549,217,147026.7500000000,193742.0156250000,173390.0781250000,148307.7031250000,119889.0234375000,151884.1875000000,133462.7500000000,144559.0625000000,,,
27.8439999551,217,146682.3281250000,194245.5781250000,172168.5000000000,147812.1406250000,119569.3828125000,151573.4687500000,133155.1718750000,144298.4062500000,,,
27.8479999551,217,146502.7656250000,195079.3437500000,170921.7500000000,147549.2500000000,119404.4765625000,151407.0468750000,132994.7968750000,144138.2656250000,,,
27.8519999550,217,146720.7968750000,195120.4843750000,171373.8750000000,147868.0781250000,119610.3359375000,151609.2500000000,133189.5000000000,144286.6875000000,,,
27.8559999550,217,147041.2343750000,194247.3437500000,172820.2968750000,148334.3281250000,119914.1796875000,151914.8906250000,133482.3281250000,144546.2968750000,,,
27.8599999549,217,147022.1093750000,193743.8750000000,173418.0000000000,148315.0156250000,119898.7031250000,151903.9218750000,133471.2500000000,144564.8593750000,,,
27.8639999551,217,146688.5000000000,194232.7812500000,172199.6718750000,147828.6093750000,119588.7968750000,151605.8281250000,133169.7656250000,144315.4687500000,,,
27.8679999551,217,146512.8125000000,195054.6093750000,170941.2031250000,147577.3906250000,119421.5937500000,151448.1875000000,133003.3593750000,144163.6875000000,,,
27.8719999550,217,146735.6093750000,195108.2343750000,171390.0625000000,147894.0156250000,119627.9609375000,151659.0625000000,133199.7500000000,144320.3281250000,,,
27.8759999550,217,147059.7812500000,194263.0937500000,172845.5468750000,148357.8593750000,119929.4375000000,151963.2031250000,133496.9687500000,144581.3906250000,,,
27.8799999550,217,147046.0625000000,193770.4218750000,173449.4375000000,148335.5937500000,119911.4687500000,151946.3281250000,133483.3906250000,144597.3125000000,,,
27.8839999549,217,146706.0156250000,194242.1718750000,172227.9687500000,147834.2343750000,119593.3046875000,151642.2968750000,133177.9218750000,144338.0781250000,,,
27.8879999551,217,146520.8593750000,195046.0000000000,170952.2500000000,147567.4843750000,119416.0937500000,151469.2187500000,133004.1718750000,144171.4375000000,,,
27.8919999551,217,146737.7968750000,195110.5937500000,171388.6718750000,147879.1093750000,119614.4921875000,151653.5156250000,133182.5000000000,144311.3437500000,,,
27.8959999550,217,147065.3281250000,194280.5468750000,172845.2812500000,148344.9843750000,119922.6250000000,151956.4218750000,133475.0781250000,144573.0468750000,,,
27.8999999550,217,147050.5000000000,193792.7187500000,173462.5312500000,148329.3906250000,119908.6796875000,151950.5468750000,133466.8437500000,144595.3593750000,,,
27.9039999549,218,146713.5781250000,194259.0625000000,172248.7500000000,147833.3281250000,119595.1562500000,151653.7031250000,133163.0000000000,144345.5937500000,,,
27.9079999549,218,146524.7812500000,195051.1718750000,170962.0937500000,147557.3437500000,119416.5468750000,151485.9218750000,132985.3437500000,144183.0781250000,,,
27.9119999548,218,146735.9218750000,195117.4531250000,171385.2187500000,147861.5625000000,119612.8593750000,151677.8750000000,133170.5937500000,144330.0625000000,,,
27.9159999548,218,147065.1093750000,194302.3281250000,172845.4062500000,148330.2031250000,119921.8750000000,151981.0625000000,133463.2031250000,144594.7968750000,,,
27.9199999548,218,147052.3750000000,193815.9375000000,173473.8750000000,148318.2968750000,119910.3437500000,151982.4843750000,133454.4843750000,144617.5937500000,,,
27.9239999547,218,146719.0468750000,194267.4375000000,172265.4687500000,147827.0937500000,119599.1562500000,151683.6406250000,133155.6250000000,144363.3750000000,,,
27.9279999549,218,146539.4843750000,195056.5937500000,170972.8281250000,147566.1718750000,119426.5234375000,151511.6562500000,132983.2656250000,144199.8906250000,,,
27.9319999549,218,146744.9687500000,195133.6562500000,171386.9531250000,147867.6250000000,119612.9687500000,151689.9687500000,133157.8281250000,144333.9531250000,,,
27.9359999548,218,147068.0625000000,194327.1718750000,172844.5156250000,148336.7812500000,119913.1875000000,151986.2656250000,133447.3750000000,144588.1718750000,,,
27.9399999548,218,147057.8750000000,193835.4062500000,173482.4843750000,148333.4687500000,119903.5859375000,151980.6093750000,133441.9843750000,144606.1718750000,,,
27.9439999547,218,146715.3281250000,194281.3593750000,172277.9375000000,147844.1250000000,119586.6796875000,151675.9062500000,133136.5937500000,144343.2031250000,,,
27.9479999549,218,146519.6093750000,195071.0781250000,170967.2500000000,147572.2031250000,119403.7265625000,151502.5312500000,132957.1406250000,144171.0000000000,,,
27.9519999549,218,146716.6093750000,195147.0468750000,171359.1718750000,147865.7031250000,119585.8203125000,151679.0781250000,133128.5468750000,144300.5625000000,,,
27.9559999548,218,147045.2656250000,194325.6406250000,172810.8125000000,148337.6562500000,119892.1562500000,151977.7656250000,133421.7031250000,144562.6093750000,,,
27.9599999548,218,147037.1093750000,193817.5468750000,173455.6406250000,148330.8437500000,119882.8515625000,151974.2031250000,133416.3906250000,144587.6093750000,,,
27.9639999548,218,146696.6250000000,194261.8593750000,172259.1875000000,147838.3437500000,119567.1562500000,151670.5781250000,133114.2500000000,144333.1250000000,,,
27.9679999547,218,146500.5000000000,195066.3906250000,170946.4062500000,147560.5625000000,119381.0390625000,151488.9843750000,132932.9218750000,144164.5468750000,,,
27.9719999549,218,146705.8906250000,195154.2031250000,171335.4531250000,147864.3281250000,119569.3515625000,151671.2500000000,133110.4843750000,144304.4218750000,,,
27.9759999549,218,147040.1718750000,194324.5937500000,172787.4687500000,148341.3125000000,119883.9531250000,151979.0000000000,133411.8281250000,144570.3125000000,,,
27.9799999548,218,147041.1562500000,193800.4687500000,173445.2343750000,148348.7031250000,119887.3593750000,151990.6406250000,133419.0156250000,144598.8437500000,,,
27.9839999548,218,146704.0937500000,194256.2031250000,172264.4687500000,147858.1562500000,119574.1796875000,151694.6093750000,133121.9375000000,144341.3750000000,,,
27.9879999547,218,146514.0468750000,195080.4375000000,170951.7187500000,147574.9531250000,119394.0156250000,151516.7812500000,132943.2812500000,144172.6093750000,,,
27.9919999549,218,146727.2812500000,195177.2968750000,171336.2031250000,147873.6406250000,119591.8281250000,151706.9687500000,133128.5468750000,144314.7500000000,,,
27.9959999549,218,147055.3750000000,194334.9218750000,172783.7656250000,148343.0000000000,119902.2968750000,152017.5156250000,133433.5625000000,144576.7500000000,,,
27.9999999548,218,147049.9062500000,193799.1718750000,173447.5156250000,148342.3281250000,119897.9765625000,152024.4375000000,133436.6406250000,144603.5937500000,,,
28.0039999548,218,146723.1093750000,194259.8437500000,172283.7812500000,147853.7031250000,119596.7109375000,151727.0625000000,133143.5625000000,144361.7187500000,,,
28.0079999547,218,146532.3906250000,195102.4687500000,170970.6718750000,147560.5468750000,119418.6171875000,151539.0937500000,132965.0000000000,144195.6875000000,,,
28.0119999547,218,146738.8750000000,195205.0781250000,171339.2187500000,147847.2968750000,119610.7109375000,151726.9843750000,133148.9843750000,144334.9687500000,,,
28.0159999549,218,147074.6093750000,194345.7500000000,172783.0781250000,148316.2031250000,119925.7656250000,152044.2812500000,133457.1562500000,144604.0312500000,,,
28.0199999548,218,147072.4843750000,193794.0781250000,173460.0625000000,148321.1406250000,119922.5703125000,152048.3281250000,133456.5781250000,144632.9062500000,,,
28.0239999548,218,146731.1718750000,194257.7812500000,172296.9843750000,147831.4531250000,119602.6406250000,151740.3437500000,133145.1093750000,144375.2343750000,,,
28.0279999548,218,146528.2968750000,195126.4218750000,170970.5156250000,147542.2500000000,119409.4921875000,151550.8437500000,132956.0000000000,144197.4531250000,,,
28.0319999547,219,146731.8125000000,195235.6875000000,171319.9218750000,147839.1093750000,119598.9921875000,151734.6250000000,133134.3125000000,144332.0468750000,,,
28.0359999547,219,147063.6562500000,194354.5312500000,172753.8437500000,148320.5156250000,119913.5312500000,152043.7812500000,133435.0625000000,144592.8437500000,,,
28.0399999546,219,147063.9062500000,193778.8750000000,173440.0468750000,148335.1093750000,119916.6484375000,152052.0625000000,133444.7656250000,144622.1562500000,,,
28.0439999546,219,146719.6406250000,194245.9531250000,172290.4375000000,147845.2343750000,119595.8515625000,151739.3750000000,133136.7500000000,144358.5937500000,,,
28.0479999545,219,146517.6250000000,195125.7187500000,170960.2187500000,147559.9531250000,119402.1718750000,151543.4375000000,132944.1718750000,144179.6406250000,,,
28.0519999545,219,146724.6562500000,195248.7187500000,171306.0625000000,147858.2968750000,119590.2187500000,151721.1875000000,133117.7343750000,144313.7500000000,,,
28.0559999547,219,147055.9687500000,194354.3125000000,172735.5937500000,148336.3437500000,119899.6953125000,152026.0937500000,133419.0781250000,144572.0312500000,,,
28.0599999547,219,147052.1093750000,193754.2812500000,173425.5937500000,148350.3750000000,119895.6953125000,152026.2656250000,133416.9375000000,144600.9375000000,,,
28.0639999546,219,146708.0000000000,194226.2968750000,172289.9531250000,147861.4375000000,119574.0781250000,151714.8281250000,133100.4531250000,144346.3125000000,,,
28.0679999546,219,146503.1562500000,195131.1406250000,170956.4062500000,147564.6718750000,119380.6093750000,151522.0625000000,132911.4218750000,144170.0937500000,,,
28.0719999545,219,146712.3750000000,195266.6875000000,171293.4218750000,147859.0781250000,119576.2734375000,151708.3906250000,133100.2343750000,144310.9687500000,,,
28.0759999547,219,147054.9218750000,194363.7343750000,172727.1250000000,148335.2500000000,119899.8828125000,152022.5312500000,133414.4062500000,144581.5156250000,,,
28.0799999547,219,147065.8125000000,193746.2031250000,173429.9687500000,148353.2500000000,119909.3203125000,152034.9843750000,133429.1562500000,144622.8593750000,,,
28.0839999546,219,146726.0781250000,194220.4687500000,172306.5000000000,147864.6562500000,119591.2109375000,151727.7812500000,133123.9531250000,144371.7656250000,,,
28.0879999546,219,146509.6250000000,195145.5312500000,170966.9531250000,147550.4531250000,119383.5312500000,151522.3593750000,132917.7656250000,144183.0000000000,,,
28.0919999545,219,146708.8125000000,195297.8281250000,171289.9687500000,147831.0625000000,119564.7421875000,151693.7812500000,133083.2031250000,144308.5312500000,,,
28.0959999545,219,147053.3906250000,194374.7187500000,172715.4062500000,148314.5312500000,119889.4453125000,152007.1562500000,133396.6562500000,144573.6562500000,,,
28.0999999547,219,147074.7187500000,193730.1562500000,173430.5625000000,148344.1562500000,119910.9609375000,152026.1250000000,133424.3125000000,144620.6562500000,,,
28.1039999546,219,146741.3750000000,194204.5468750000,172323.7656250000,147853.4375000000,119601.9687500000,151722.0156250000,133125.7187500000,144375.3906250000,,,
28.1079999546,219,146526.8437500000,195159.3593750000,170986.2812500000,147544.3750000000,119402.2500000000,151517.0468750000,132929.9218750000,144189.2500000000,,,
28.1119999546,219,146723.8593750000,195317.9218750000,171298.2343750000,147823.0468750000,119589.2031250000,151686.4531250000,133104.0312500000,144313.9218750000,,,
28.1159999545,219,147069.5625000000,194373.9218750000,172719.2656250000,148316.2812500000,119918.4687500000,152003.0312500000,133418.7500000000,144583.1093750000,,,
28.1199999547,219,147085.6875000000,193704.0156250000,173438.8750000000,148354.5312500000,119933.0625000000,152021.2500000000,133440.9687500000,144628.0625000000,,,
28.1239999547,219,146738.5312500000,194184.5312500000,172338.0937500000,147866.0468750000,119604.6796875000,151701.5468750000,133128.7343750000,144369.9687500000,,,
28.1279999546,219,146518.8593750000,195166.9687500000,170997.1562500000,147558.9062500000,119391.8437500000,151492.6093750000,132921.1250000000,144182.5468750000,,,
28.1319999546,219,146704.2187500000,195339.9218750000,171289.4062500000,147838.4531250000,119558.4921875000,151655.8437500000,133078.0937500000,144299.1093750000,,,
28.1359999545,219,147043.7031250000,194377.0000000000,172694.6093750000,148326.4218750000,119876.5234375000,151970.4687500000,133389.2031250000,144559.3125000000,,,
28.1399999545,219,147058.4531250000,193678.2656250000,173418.3750000000,148364.9687500000,119891.7578125000,151985.9531250000,133410.1718750000,144601.3750000000,,,
28.1439999547,219,146715.0781250000,194165.1093750000,172334.0468750000,147880.3750000000,119573.9375000000,151670.0156250000,133102.3906250000,144348.0312500000,,,
28.1479999546,219,146494.9218750000,195174.3750000000,170992.8593750000,147568.4218750000,119368.0000000000,151460.9062500000,132902.4062500000,144157.5937500000,,,
28.1519999546,219,146691.1875000000,195357.7500000000,171282.2968750000,147847.8906250000,119552.9375000000,151628.8906250000,133078.2968750000,144279.5781250000,,,
28.1559999546,219,147045.5625000000,194379.9218750000,172693.6250000000,148340.4531250000,119890.3046875000,151953.9531250000,133400.7343750000,144552.0156250000,,,
28.1599999545,220,147064.7968750000,193660.9062500000,173428.3125000000,148371.7187500000,119907.4218750000,151975.8125000000,133420.3125000000,144595.8750000000,,,
28.1639999545,220,146723.3437500000,194149.3125000000,172353.2031250000,147884.5781250000,119586.1953125000,151662.7187500000,133112.6875000000,144343.7968750000,,,
28.1679999544,220,146504.0156250000,195182.7187500000,171009.6250000000,147567.5625000000,119377.1171875000,151454.8750000000,132908.4375000000,144157.1718750000,,,
28.1719999544,220,146701.1093750000,195384.1406250000,171288.6875000000,147838.3125000000,119558.8906250000,151628.5625000000,133079.2656250000,144282.7187500000,,,
28.1759999543,220,147057.5781250000,194386.8281250000,172690.5312500000,148327.2031250000,119893.8515625000,151953.2812500000,133400.5625000000,144555.1250000000,,,
28.1799999543,220,147083.2656250000,193639.9687500000,173431.2031250000,148366.2187500000,119916.2968750000,151976.0781250000,133425.0625000000,144604.5312500000,,,
28.1839999545,220,146732.7031250000,194127.4843750000,172366.3593750000,147871.4375000000,119592.0468750000,151661.2187500000,133118.2968750000,144349.7500000000,,,
28.1879999544,220,146508.6406250000,195196.5468750000,171025.0156250000,147547.5625000000,119383.0781250000,151452.6406250000,132916.4062500000,144163.9062500000,,,
28.1919999544,220,146707.0312500000,195420.3593750000,171295.3125000000,147818.4375000000,119567.5859375000,151622.9687500000,133082.9375000000,144290.0937500000,,,
28.1959999544,220,147067.1562500000,194413.3437500000,172695.9843750000,148314.6250000000,119909.4609375000,151952.1718750000,133407.8125000000,144566.8281250000,,,
28.1999999543,220,147100.0312500000,193640.5781250000,173450.1093750000,148370.3281250000,119941.8828125000,151985.8593750000,133444.8593750000,144627.8906250000,,,
28.2039999545,220,146739.0156250000,194129.9531250000,172394.6875000000,147873.3437500000,119603.4453125000,151657.6406250000,133119.6875000000,144364.6406250000,,,
28.2079999545,220,146507.2343750000,195218.2343750000,171045.6406250000,147553.8593750000,119383.0234375000,151441.6406250000,132903.6875000000,144168.5937500000,,,
28.2119999544,220,146699.0937500000,195458.9843750000,171301.9375000000,147830.1875000000,119559.9687500000,151611.7500000000,133069.6093750000,144285.4531250000,,,
28.2159999544,220,147050.9531250000,194424.9375000000,172683.5625000000,148321.8281250000,119892.1562500000,151940.2656250000,133392.8906250000,144550.9375000000,,,
28.2199999543,220,147077.4218750000,193621.1093750000,173435.4375000000,148380.0625000000,119913.2109375000,151967.1250000000,133422.3750000000,144602.7656250000,,,
28.2239999543,220,146725.7031250000,194107.0468750000,172394.2343750000,147890.4218750000,119579.3046875000,151648.0937500000,133104.7968750000,144346.1093750000,,,
28.2279999545,220,146488.8437500000,195216.1562500000,171040.8437500000,147561.7187500000,119354.7500000000,151429.2500000000,132885.4843750000,144144.8906250000,,,
28.2319999544,220,146691.0000000000,195463.4687500000,171289.5156250000,147843.2187500000,119544.7343750000,151604.1562500000,133058.0000000000,144268.6093750000,,,
28.2359999544,220,147056.0468750000,194416.2656250000,172674.5468750000,148346.3750000000,119893.5000000000,151937.0000000000,133388.3906250000,144542.1250000000,,,
28.2399999544,220,147089.6250000000,193590.3437500000,173438.4375000000,148400.9375000000,119928.8515625000,151971.9218750000,133426.9375000000,144601.2343750000,,,
28.2439999543,220,146737.6718750000,194076.3593750000,172408.0937500000,147913.5468750000,119601.0546875000,151654.3125000000,133113.7031250000,144351.3593750000,,,
28.2479999545,220,146492.4843750000,195215.2500000000,171055.0937500000,147571.5937500000,119368.2968750000,151422.7343750000,132887.0312500000,144147.9062500000,,,
28.2519999545,220,146681.7500000000,195487.1250000000,171289.5937500000,147831.3593750000,119542.7968750000,151588.2343750000,133046.8906250000,144264.6093750000,,,
28.2559999544,220,147048.9843750000,194429.9062500000,172665.0781250000,148336.9843750000,119890.8203125000,151930.6406250000,133382.5468750000,144546.0312500000,,,
28.2599999544,220,147082.5468750000,193564.8281250000,173425.7812500000,148388.7031250000,119922.8125000000,151970.3437500000,133425.4843750000,144605.6093750000,,,
28.2639999543,220,146732.5156250000,194054.8437500000,172412.3125000000,147897.3750000000,119595.0468750000,151654.4843750000,133113.3281250000,144356.0468750000,,,
28.2679999543,220,146488.0937500000,195232.7031250000,171064.0937500000,147553.7343750000,119364.6718750000,151427.6718750000,132891.3437500000,144156.1718750000,,,
28.2719999545,220,146683.3593750000,195527.0781250000,171290.6718750000,147818.3593750000,119548.7812500000,151601.1875000000,133062.2812500000,144278.8281250000,,,
28.2759999544,220,147057.2500000000,194446.6093750000,172656.4687500000,148318.4062500000,119905.8359375000,151946.7656250000,133401.2187500000,144561.9375000000,,,
28.2799999544,220,147103.2500000000,193551.2656250000,173426.7187500000,148376.5468750000,119951.8671875000,151992.5781250000,133447.1250000000,144628.5156250000,,,
28.2839999544,220,146754.9062500000,194046.1875000000,172426.7500000000,147886.3750000000,119625.1171875000,151673.4687500000,133127.2500000000,144378.4531250000,,,
28.2879999543,221,146505.3281250000,195255.9843750000,171075.1562500000,147536.8125000000,119386.2968750000,151435.5781250000,132891.9687500000,144171.4062500000,,,
28.2919999543,221,146692.4218750000,195566.1093750000,171286.0000000000,147797.1875000000,119556.9375000000,151599.4375000000,133055.3437500000,144284.2812500000,,,
28.2959999542,221,147055.4843750000,194458.8906250000,172639.2812500000,148297.7187500000,119899.6718750000,151936.9218750000,133383.8125000000,144556.7343750000,,,
28.2999999542,221,147089.5468750000,193515.8281250000,173403.3281250000,148361.0156250000,119929.6796875000,151973.0781250000,133418.5625000000,144612.4218750000,,,
28.3039999541,221,146738.6562500000,194006.5156250000,172415.3437500000,147886.3437500000,119597.2500000000,151651.2031250000,133103.2187500000,144361.4218750000,,,
28.3079999541,221,146493.5000000000,195262.5937500000,171078.0156250000,147546.9218750000,119362.7187500000,151420.7187500000,132876.4687500000,144159.2812500000,,,
28.3119999543,221,146680.8593750000,195605.7500000000,171289.6250000000,147814.2500000000,119538.3750000000,151586.3437500000,133041.0468750000,144271.4531250000,,,
28.3159999542,221,147051.4843750000,194470.5312500000,172631.4218750000,148327.3281250000,119893.6093750000,151933.2656250000,133382.8125000000,144547.1406250000,,,
28.3199999542,221,147093.5937500000,193493.3437500000,173402.4218750000,148401.7968750000,119935.6328125000,151975.0000000000,133427.9531250000,144609.7031250000,,,
28.3239999542,221,146733.8906250000,193988.4843750000,172423.6562500000,147914.9687500000,119597.3828125000,151647.2968750000,133104.0781250000,144355.7343750000,,,
28.3279999541,221,146477.0625000000,195282.2500000000,171079.5156250000,147566.6875000000,119352.4453125000,151411.9062500000,132861.8281250000,144151.0468750000,,,
28.3319999543,221,146656.1250000000,195643.5937500000,171267.8593750000,147816.5000000000,119517.9062500000,151568.2656250000,133007.3906250000,144256.5625000000,,,
28.3359999543,221,147036.5468750000,194475.9843750000,172599.3125000000,148332.6718750000,119883.0390625000,151919.7187500000,133365.9218750000,144537.5000000000,,,
28.3399999542,221,147085.3125000000,193450.5468750000,173374.1250000000,148405.1093750000,119934.0234375000,151975.1093750000,133438.6250000000,144607.4531250000,,,
28.3439999542,221,146731.8125000000,193946.5312500000,172411.9843750000,147917.3593750000,119600.6796875000,151655.1718750000,133124.7031250000,144363.0000000000,,,
28.3479999541,221,146469.3906250000,195286.5156250000,171076.5156250000,147556.3281250000,119349.6562500000,151409.2500000000,132879.3906250000,144151.4218750000,,,
28.3519999541,221,146660.2812500000,195678.0312500000,171265.0000000000,147810.0937500000,119529.3359375000,151579.5156250000,133047.1875000000,144266.2812500000,,,
28.3559999543,221,147052.8593750000,194491.2656250000,172594.1406250000,148327.7343750000,119904.7109375000,151938.0625000000,133403.7812500000,144556.7031250000,,,
28.3599999542,221,147107.1718750000,193431.6406250000,173379.1406250000,148407.7500000000,119956.1562500000,151984.9843750000,133455.0468750000,144625.4843750000,,,
28.3639999542,221,146749.2343750000,193933.6406250000,172435.4531250000,147908.1250000000,119619.9921875000,151659.2031250000,133136.1562500000,144376.7031250000,,,
28.3679999541,221,146480.2812500000,195313.2031250000,171101.3281250000,147538.7031250000,119364.6484375000,151410.4843750000,132887.4687500000,144161.0312500000,,,
28.3719999541,221,146670.7500000000,195728.4843750000,171280.8437500000,147796.6562500000,119541.5625000000,151579.2968750000,133051.0781250000,144274.4531250000,,,
28.3759999543,221,147062.9062500000,194515.2656250000,172596.0156250000,148310.1718750000,119911.5468750000,151940.9687500000,133405.1562500000,144562.0937500000,,,
28.3799999543,221,147121.8437500000,193418.8437500000,173386.4687500000,148390.6250000000,119963.6406250000,151997.0312500000,133462.9375000000,144636.0156250000,,,
28.3839999542,221,146759.8281250000,193912.7656250000,172454.9062500000,147898.7968750000,119619.5937500000,151666.9843750000,133138.4843750000,144382.0781250000,,,
28.3879999542,221,146489.4843750000,195315.4843750000,171119.7031250000,147532.5468750000,119362.6093750000,151416.0312500000,132891.1093750000,144162.2968750000,,,
28.3919999541,221,146676.9218750000,195746.2656250000,171285.5625000000,147786.1406250000,119540.1953125000,151583.6406250000,133051.2187500000,144270.9531250000,,,
28.3959999541,221,147071.9218750000,194524.0937500000,172595.8593750000,148313.4062500000,119918.5234375000,151945.6406250000,133405.2656250000,144559.8750000000,,,
28.3999999543,221,147130.6093750000,193399.3906250000,173387.7812500000,148407.0781250000,119975.5781250000,152002.3281250000,133467.7812500000,144634.7343750000,,,
28.4039999542,221,146766.3125000000,193890.9843750000,172465.7343750000,147927.0156250000,119631.2343750000,151671.0000000000,133145.6718750000,144384.2500000000,,,
28.4079999542,221,146476.2031250000,195320.4687500000,171120.3750000000,147549.8750000000,119350.1875000000,151399.5625000000,132875.0468750000,144152.3906250000,,,
28.4119999541,221,146654.5156250000,195769.2656250000,171266.7343750000,147795.4843750000,119513.2968750000,151558.9375000000,133027.6093750000,144256.8906250000,,,
28.4159999541,222,147047.4687500000,194535.3437500000,172565.8125000000,148324.4843750000,119884.6718750000,151924.5468750000,133382.0625000000,144544.5781250000,,,
28.4199999541,222,147107.0937500000,193377.4062500000,173359.0468750000,148422.0625000000,119940.4921875000,151985.8593750000,133442.1093750000,144619.1718750000,,,
28.4239999540,222,146742.0156250000,193860.0625000000,172448.2031250000,147934.8125000000,119597.0312500000,151657.1875000000,133117.6718750000,144366.5468750000,,,
28.4279999540,222,146453.4843750000,195318.0625000000,171107.3437500000,147550.7187500000,119324.5468750000,151388.5937500000,132852.6250000000,144135.7343750000,,,
28.4319999539,222,146632.3437500000,195793.7968750000,171248.6406250000,147788.4843750000,119494.5468750000,151545.0156250000,133008.2187500000,144236.5937500000,,,
28.4359999539,222,147036.3281250000,194542.4218750000,172546.0156250000,148317.9687500000,119882.2890625000,151919.6093750000,133379.0312500000,144531.6093750000,,,
28.4399999541,222,147105.9062500000,193343.9843750000,173347.4062500000,148417.2656250000,119949.8281250000,151984.5781250000,133447.5312500000,144614.5625000000,,,
28.4439999540,222,146740.4843750000,193824.3437500000,172448.3906250000,147920.7968750000,119606.0468750000,151648.6562500000,133121.7500000000,144363.5937500000,,,
28.4479999540,222,146449.8437500000,195334.4687500000,171114.6562500000,147528.1093750000,119327.4218750000,151376.3593750000,132852.8906250000,144133.7812500000,,,
28.4519999539,222,146635.6093750000,195846.2968750000,171254.4843750000,147764.6093750000,119501.4921875000,151540.5312500000,133011.6718750000,144241.2500000000,,,
28.4559999539,222,147043.7343750000,194562.3750000000,172538.3281250000,148293.7500000000,119892.1875000000,151919.0781250000,133381.3906250000,144538.0625000000,,,
28.4599999541,222,147114.9531250000,193313.6406250000,173339.5781250000,148401.7656250000,119959.5078125000,151990.2968750000,133450.9375000000,144623.2031250000,,,
28.4639999541,222,146750.4062500000,193795.3437500000,172455.1718750000,147914.1093750000,119614.6562500000,151658.2343750000,133126.9843750000,144374.5000000000,,,
28.4679999540,222,146464.5312500000,195354.8125000000,171133.2968750000,147526.6406250000,119342.3281250000,151390.0937500000,132866.9375000000,144150.0625000000,,,
28.4719999540,222,146642.1875000000,195901.2187500000,171266.7656250000,147760.5000000000,119511.6328125000,151549.6093750000,133024.6562500000,144254.6718750000,,,
28.4759999539,222,147053.4375000000,194584.9843750000,172539.9062500000,148299.1093750000,119906.8593750000,151932.2500000000,133398.2343750000,144553.4843750000,,,
28.4799999539,222,147130.3437500000,193273.0312500000,173341.9687500000,148413.8593750000,119978.2578125000,152009.2500000000,133471.9218750000,144642.1875000000,,,
28.4839999541,222,146759.2812500000,193750.6562500000,172472.4687500000,147931.5937500000,119621.8750000000,151671.1093750000,133134.7031250000,144387.4843750000,,,
28.4879999540,222,146460.8125000000,195375.4375000000,171154.4062500000,147544.5625000000,119332.4843750000,151388.8281250000,132856.4218750000,144148.3125000000,,,
28.4919999540,222,146632.3125000000,195962.8906250000,171272.2968750000,147766.8281250000,119493.2578125000,151540.7812500000,133005.7187500000,144239.4062500000,,,
28.4959999539,222,147043.8750000000,194604.9687500000,172523.6250000000,148305.5468750000,119887.6250000000,151921.6250000000,133379.2187500000,144531.0156250000,,,
28.4999999539,222,147117.5000000000,193224.4375000000,173316.6718750000,148422.0468750000,119955.3515625000,151990.5625000000,133446.9375000000,144613.1093750000,,,
28.5039999541,222,146742.1718750000,193705.2500000000,172460.0625000000,147938.4375000000,119598.3750000000,151645.9687500000,133112.4531250000,144357.5781250000,,,
28.5079999540,222,146433.8750000000,195399.4843750000,171153.6562500000,147539.9375000000,119302.5546875000,151357.9062500000,132831.0625000000,144118.0937500000,,,
28.5119999540,222,146607.5312500000,196035.4218750000,171266.6406250000,147770.9687500000,119465.5781250000,151514.8906250000,132982.8906250000,144215.5625000000,,,
28.5159999540,222,147024.0781250000,194649.1093750000,172508.7656250000,148311.1562500000,119867.2656250000,151908.7812500000,133362.8593750000,144515.5625000000,,,
28.5199999539,222,147115.4843750000,193198.0937500000,173309.1875000000,148439.2812500000,119955.0312500000,152000.2968750000,133451.2968750000,144615.1875000000,,,
28.5239999539,222,146741.6406250000,193663.2656250000,172473.5468750000,147957.2968750000,119599.3984375000,151658.3437500000,133113.7343750000,144363.9687500000,,,
28.5279999541,222,146428.8906250000,195414.5312500000,171177.5000000000,147539.8593750000,119300.3046875000,151365.5000000000,132828.4531250000,144123.2656250000,,,
28.5319999540,222,146597.5000000000,196089.8593750000,171283.9843750000,147759.2656250000,119459.4921875000,151514.5781250000,132975.9687500000,144213.2187500000,,,
28.5359999540,222,147026.4531250000,194660.1718750000,172513.7031250000,148307.6718750000,119873.1406250000,151913.3125000000,133367.7968750000,144514.7812500000,,,
28.5399999539,222,147122.2656250000,193141.8281250000,173312.7343750000,148428.0781250000,119964.2265625000,152004.0000000000,133459.4687500000,144614.5625000000,,,
28.5439999539,223,146748.0468750000,193612.8437500000,172494.1406250000,147936.5625000000,119606.4765625000,151657.3750000000,133123.9062500000,144364.8750000000,,,
28.5479999539,223,146436.3437500000,195429.4843750000,171212.2968750000,147524.9687500000,119309.8515625000,151366.1406250000,132842.8906250000,144126.8125000000,,,
28.5519999538,223,146619.2968750000,196151.9375000000,171322.4218750000,147758.9218750000,119485.2968750000,151524.3125000000,133004.1406250000,144229.0000000000,,,
28.5559999538,223,147063.0156250000,194695.9687500000,172549.3125000000,148313.8750000000,119913.3437500000,151931.3125000000,133405.2656250000,144542.8125000000,,,
28.5599999537,223,147167.7031250000,193115.2187500000,173351.0781250000,148450.5781250000,120013.5546875000,152028.3593750000,133503.2968750000,144651.2812500000,,,
28.5639999537,223,146792.4375000000,193566.8906250000,172545.9687500000,147964.3281250000,119653.7890625000,151682.2187500000,133167.6718750000,144406.0156250000,,,
28.5679999539,223,146466.0468750000,195432.8906250000,171266.0937500000,147541.3125000000,119339.4921875000,151377.0625000000,132869.5937500000,144160.5156250000,,,
28.5719999538,223,146635.1250000000,196205.0156250000,171368.1250000000,147763.6718750000,119499.2656250000,151532.2500000000,133012.5000000000,144252.5468750000,,,
28.5759999538,223,147068.0625000000,194730.2031250000,172573.2500000000,148318.5937500000,119917.1328125000,151940.2187500000,133402.7343750000,144554.2656250000,,,
28.5799999537,223,147172.7187500000,193088.0468750000,173367.7187500000,148459.7812500000,120020.0156250000,152045.3593750000,133507.0781250000,144661.5000000000,,,
28.5839999537,223,146783.9843750000,193529.3437500000,172566.0781250000,147965.7656250000,119649.0156250000,151691.3125000000,133161.0937500000,144404.5000000000,,,
28.5879999539,223,146445.2500000000,195448.3281250000,171286.5937500000,147534.1562500000,119319.8515625000,151371.9843750000,132849.7812500000,144144.6718750000,,,
28.5919999538,223,146608.1093750000,196262.3906250000,171371.7031250000,147751.9375000000,119471.3437500000,151519.4531250000,132990.4843750000,144228.6718750000,,,
28.5959999538,223,147045.0156250000,194750.2656250000,172554.7031250000,148308.7656250000,119893.2578125000,151932.8906250000,133388.7187500000,144530.6093750000,,,
28.5999999538,223,147156.4375000000,193046.8125000000,173344.3281250000,148461.0625000000,120001.1328125000,152042.7500000000,133500.0000000000,144642.1093750000,,,
28.6039999537,223,146772.0468750000,193477.2656250000,172558.1406250000,147975.2343750000,119632.3828125000,151686.0000000000,133156.0000000000,144388.1875000000,,,
28.6079999537,223,146435.1875000000,195438.0000000000,171287.9062500000,147546.2968750000,119307.8906250000,151367.2656250000,132845.1875000000,144132.1093750000,,,
28.6119999539,223,146598.3281250000,196289.2656250000,171368.1250000000,147758.0625000000,119463.2187500000,151512.7500000000,132986.6718750000,144218.3281250000,,,
28.6159999538,223,147043.4375000000,194764.5781250000,172544.7343750000,148316.9062500000,119893.3671875000,151932.4375000000,133391.4687500000,144527.2812500000,,,
28.6199999538,223,147155.9843750000,193016.5937500000,173333.1718750000,148465.5937500000,120001.4062500000,152043.6875000000,133494.8281250000,144639.3281250000,,,
28.6239999537,223,146772.3281250000,193435.8750000000,172556.1250000000,147976.9218750000,119632.3359375000,151691.0937500000,133147.9843750000,144387.6562500000,,,
28.6279999537,223,146433.3125000000,195434.8750000000,171288.6875000000,147541.8750000000,119302.5000000000,151370.9218750000,132833.8437500000,144130.7968750000,,,
28.6319999539,223,146599.2187500000,196325.2343750000,171363.6718750000,147752.6718750000,119457.0468750000,151511.3906250000,132969.6250000000,144215.5625000000,,,
28.6359999538,223,147048.4843750000,194792.0468750000,172535.3437500000,148314.4062500000,119892.4765625000,151928.3593750000,133380.6875000000,144525.2187500000,,,
28.6399999538,223,147166.5468750000,193001.4843750000,173328.8437500000,148473.3281250000,120012.1093750000,152044.5000000000,133509.0156250000,144644.6875000000,,,
28.6439999538,223,146785.3906250000,193406.0937500000,172568.9062500000,147988.3750000000,119649.3125000000,151690.1250000000,133173.0625000000,144397.9687500000,,,
28.6479999537,223,146438.0625000000,195445.0000000000,171309.5156250000,147540.1875000000,119314.8359375000,151359.0625000000,132851.6562500000,144137.4843750000,,,
28.6519999537,223,146602.0312500000,196363.5312500000,171374.5156250000,147748.4062500000,119470.4062500000,151505.0781250000,132990.8906250000,144224.4375000000,,,
28.6559999539,223,147054.1875000000,194812.2187500000,172535.7500000000,148307.9687500000,119909.0859375000,151930.6406250000,133404.1875000000,144538.3125000000,,,
28.6599999538,223,147180.9062500000,192979.7031250000,173332.7656250000,148469.5156250000,120031.3671875000,152052.9531250000,133525.4218750000,144660.6250000000,,,
28.6639999538,223,146800.6406250000,193377.5312500000,172588.2343750000,147981.4375000000,119666.0468750000,151699.3593750000,133179.0468750000,144414.2500000000,,,
28.6679999537,223,146452.6093750000,195453.1406250000,171333.6562500000,147537.6562500000,119328.3828125000,151369.5000000000,132854.9062500000,144154.5156250000,,,
28.6719999537,224,146615.0937500000,196402.1875000000,171390.7343750000,147747.1406250000,119482.5078125000,151517.4218750000,132996.3593750000,144237.7656250000,,,
28.6759999536,224,147064.2812500000,194832.3593750000,172539.3906250000,148308.8593750000,119918.8203125000,151941.0937500000,133407.4375000000,144546.0937500000,,,
28.6799999536,224,147186.4531250000,192955.0000000000,173330.1718750000,148466.1406250000,120036.6250000000,152060.2968750000,133523.3281250000,144662.5000000000,,,
28.6839999536,224,146805.3125000000,193342.0468750000,172595.9062500000,147984.5468750000,119671.1406250000,151708.2812500000,133182.4531250000,144416.1562500000,,,
28.6879999535,224,146445.7968750000,195448.1250000000,171337.6562500000,147531.9531250000,119324.4453125000,151371.8593750000,132851.4062500000,144148.4843750000,,,
28.6919999535,224,146599.1250000000,196427.6093750000,171381.6250000000,147727.1406250000,119469.4921875000,151514.4687500000,132983.8125000000,144228.4375000000,,,
28.6959999537,224,147048.7968750000,194841.5312500000,172510.3437500000,148292.4062500000,119905.0312500000,151940.9375000000,133395.6093750000,144539.7812500000,,,
28.6999999536,224,147177.4218750000,192921.0000000000,173299.7187500000,148463.4531250000,120027.9843750000,152067.0312500000,133518.1875000000,144662.4375000000,,,
28.7039999536,224,146792.9218750000,193298.6250000000,172577.0781250000,147984.7031250000,119656.9296875000,151712.9218750000,133172.7968750000,144413.3750000000,,,
28.7079999535,224,146429.9843750000,195447.1875000000,171328.4531250000,147533.1562500000,119307.9765625000,151371.4843750000,132844.0312500000,144142.1718750000,,,
28.7119999535,224,146572.2500000000,196457.1718750000,171357.5937500000,147719.5781250000,119443.7734375000,151499.7187500000,132970.0000000000,144207.4062500000,,,
28.7159999537,224,147021.5312500000,194851.2500000000,172471.2656250000,148275.9375000000,119880.4609375000,151925.0000000000,133382.0625000000,144512.0312500000,,,
28.7199999536,224,147158.3750000000,192880.1250000000,173258.7968750000,148450.0468750000,120012.1093750000,152056.7812500000,133512.3593750000,144641.2031250000,,,
28.7239999536,224,146777.9843750000,193245.2187500000,172550.0937500000,147970.5937500000,119644.2421875000,151703.6406250000,133168.7656250000,144398.2968750000,,,
28.7279999536,224,146411.4531250000,195436.0468750000,171308.1562500000,147512.8750000000,119289.0078125000,151357.8593750000,132831.7031250000,144127.6562500000,,,
28.7319999535,224,146561.5781250000,196490.8281250000,171336.7187500000,147703.8750000000,119431.7265625000,151490.4687500000,132959.9062500000,144201.0156250000,,,
28.7359999535,224,147027.9375000000,194872.0312500000,172447.6406250000,148276.1875000000,119882.7187500000,151922.5468750000,133375.9531250000,144514.5468750000,,,
28.7399999537,224,147171.9218750000,192853.8281250000,173243.4531250000,148464.0468750000,120019.7265625000,152054.9843750000,133507.5937500000,144644.9531250000,,,
28.7439999536,224,146789.7812500000,193208.4687500000,172556.7968750000,147993.4218750000,119649.7968750000,151698.4062500000,133164.5937500000,144403.9375000000,,,
28.7479999536,224,146419.0000000000,195448.9218750000,171328.7812500000,147531.8750000000,119290.6718750000,151345.4375000000,132824.4531250000,144133.1875000000,,,
28.7519999535,224,146566.9375000000,196547.8437500000,171353.1562500000,147714.5625000000,119431.9687500000,151476.3281250000,132951.8281250000,144203.5625000000,,,
28.7559999535,224,147040.5937500000,194910.1718750000,172455.7968750000,148291.2812500000,119892.3203125000,151919.7500000000,133384.7656250000,144522.6406250000,,,
28.7599999537,224,147188.0625000000,192836.0156250000,173250.3125000000,148483.6562500000,120034.7421875000,152060.4062500000,133527.4687500000,144657.6718750000,,,
28.7639999536,224,146802.5156250000,193180.8437500000,172574.5781250000,148009.9687500000,119661.0859375000,151704.8437500000,133182.6406250000,144413.4218750000,,,
28.7679999536,224,146429.5625000000,195467.8593750000,171356.7343750000,147548.8437500000,119298.0234375000,151353.5625000000,132837.7656250000,144139.4687500000,,,
28.7719999535,224,146583.4687500000,196606.1562500000,171376.9843750000,147737.0625000000,119443.8828125000,151489.5156250000,132965.1875000000,144214.6718750000,,,
28.7759999535,224,147053.9062500000,194947.1093750000,172463.9687500000,148305.1562500000,119901.8437500000,151932.7343750000,133388.5781250000,144531.6250000000,,,
28.7799999535,224,147205.2031250000,192814.6250000000,173253.5312500000,148493.5000000000,120048.7968750000,152078.1406250000,133537.7968750000,144670.4843750000,,,
28.7839999537,224,146814.7343750000,193141.9531250000,172588.2343750000,148005.7031250000,119673.6953125000,151714.2968750000,133188.6718750000,144425.7656250000,,,
28.7879999536,224,146432.4843750000,195467.2500000000,171373.9687500000,147531.5468750000,119305.7500000000,151357.0156250000,132839.8281250000,144149.4687500000,,,
28.7919999536,224,146579.5468750000,196644.1406250000,171388.0312500000,147711.2500000000,119446.1328125000,151489.1718750000,132966.0312500000,144218.5156250000,,,
28.7959999535,224,147059.8281250000,194969.0781250000,172463.6718750000,148285.3750000000,119911.2812500000,151939.7656250000,133400.1093750000,144539.9218750000,,,
28.7999999535,225,147216.2812500000,192782.3750000000,173247.9843750000,148485.4687500000,120061.2734375000,152091.4375000000,133546.8281250000,144681.1406250000,,,
28.8039999534,225,146826.7968750000,193090.6250000000,172594.7812500000,148014.7968750000,119684.2031250000,151734.6718750000,133194.7968750000,144437.6406250000,,,
28.8079999534,225,146433.4531250000,195467.7187500000,171389.5781250000,147539.1406250000,119302.9062500000,151365.2031250000,132835.4218750000,144151.2343750000,,,
28.8119999534,225,146573.1875000000,196691.7500000000,171394.5000000000,147709.8906250000,119435.8359375000,151489.5156250000,132956.1875000000,144211.5312500000,,,
28.8159999533,225,147054.2187500000,195007.3281250000,172457.2656250000,148289.3281250000,119902.5937500000,151941.2812500000,133390.7812500000,144532.4062500000,,,
28.8199999533,225,147209.8125000000,192778.2500000000,173240.5312500000,148490.1093750000,120051.6406250000,152084.7031250000,133537.3906250000,144671.4218750000,,,
28.8239999535,225,146822.6093750000,193073.0781250000,172600.4687500000,148021.8750000000,119676.6718750000,151718.4843750000,133190.2031250000,144429.2968750000,,,
28.8279999534,225,146420.7343750000,195481.0781250000,171397.2500000000,147534.6093750000,119286.0859375000,151348.2500000000,132820.4062500000,144139.5468750000,,,
28.8319999534,225,146550.6406250000,196735.1562500000,171386.6093750000,147701.9218750000,119409.9218750000,151479.4062500000,132931.0000000000,144196.7343750000,,,
28.8359999533,225,147030.3437500000,195036.8281250000,172437.9843750000,148283.6875000000,119876.9765625000,151933.0468750000,133363.5468750000,144516.6406250000,,,
28.8399999533,225,147197.3437500000,192759.7343750000,173228.0000000000,148500.5000000000,120040.9375000000,152089.4531250000,133519.2812500000,144666.1406250000,,,
28.8439999535,225,146805.9218750000,193034.8750000000,172600.7656250000,148030.0937500000,119664.2500000000,151718.7187500000,133169.9062500000,144421.7656250000,,,
28.8479999534,225,146406.6250000000,195471.1875000000,171401.8906250000,147541.4687500000,119276.3515625000,151339.6093750000,132805.1250000000,144132.8437500000,,,
28.8519999534,225,146547.2812500000,196766.0468750000,171390.7656250000,147709.7812500000,119409.4140625000,151464.6250000000,132925.4687500000,144195.9062500000,,,
28.8559999533,225,147039.1406250000,195057.7812500000,172439.8593750000,148296.8593750000,119888.8281250000,151926.3281250000,133370.0156250000,144521.1406250000,,,
28.8599999533,225,147209.7031250000,192737.5625000000,173232.4843750000,148509.1562500000,120057.8671875000,152085.6718750000,133528.7500000000,144668.6718750000,,,
28.8639999533,225,146818.0781250000,192994.5625000000,172613.9062500000,148028.9375000000,119680.6406250000,151715.9843750000,133179.9531250000,144421.3593750000,,,
28.8679999535,225,146416.9531250000,195460.3281250000,171416.0625000000,147537.9062500000,119289.6015625000,151333.7187500000,132814.7187500000,144130.6093750000,,,
28.8719999534,225,146552.4843750000,196786.8437500000,171396.6875000000,147698.4375000000,119417.5390625000,151453.3437500000,132933.5156250000,144190.8281250000,,,
28.8759999534,225,147044.4375000000,195069.7187500000,172437.0937500000,148285.6718750000,119897.9218750000,151918.2812500000,133382.1718750000,144519.2187500000,,,
28.8799999533,225,147220.4687500000,192707.6562500000,173232.1250000000,148496.5781250000,120069.9609375000,152088.5468750000,133550.9531250000,144673.5781250000,,,
28.8839999533,225,146831.1406250000,192952.8125000000,172628.7187500000,148016.4843750000,119692.8125000000,151725.5781250000,133204.1250000000,144433.9687500000,,,
28.8879999535,225,146425.4531250000,195457.5312500000,171437.0000000000,147516.5312500000,119298.9843750000,151341.7656250000,132833.9218750000,144143.7343750000,,,
28.8919999534,225,146563.5937500000,196818.5937500000,171411.9843750000,147679.5781250000,119430.7656250000,151465.8906250000,132954.2031250000,144206.0156250000,,,
28.8959999534,225,147060.3437500000,195095.8125000000,172448.6875000000,148269.3125000000,119914.2343750000,151932.7812500000,133405.3437500000,144536.8906250000,,,
28.8999999533,225,147241.4375000000,192704.9687500000,173249.5625000000,148495.9843750000,120091.2343750000,152108.9218750000,133574.4531250000,144696.1562500000,,,
28.9039999533,225,146851.6562500000,192939.2031250000,172658.1093750000,148030.5781250000,119713.5781250000,151748.8593750000,133222.7656250000,144458.2968750000,,,
28.9079999533,225,146435.5937500000,195459.4375000000,171460.3906250000,147530.1562500000,119310.1484375000,151357.8281250000,132842.7500000000,144160.6875000000,,,
28.9119999534,225,146561.6406250000,196846.4843750000,171419.1718750000,147684.4062500000,119429.7421875000,151472.2500000000,132950.2187500000,144213.2031250000,,,
28.9159999534,225,147056.3906250000,195118.4218750000,172440.6875000000,148274.8437500000,119909.6718750000,151940.0312500000,133397.0312500000,144538.5781250000,,,
28.9199999534,225,147237.1718750000,192691.5625000000,173238.7812500000,148505.0625000000,120084.6562500000,152111.2656250000,133567.2968750000,144693.1562500000,,,
28.9239999533,225,146847.9062500000,192903.0000000000,172655.0312500000,148040.4218750000,119706.2812500000,151748.2500000000,133218.1250000000,144453.1718750000,,,
28.9279999533,226,146431.8437500000,195439.3750000000,171460.8593750000,147536.4062500000,119301.3750000000,151356.2187500000,132835.0781250000,144154.8593750000,,,
28.9319999532,226,146560.3125000000,196852.5781250000,171414.7500000000,147698.5625000000,119423.2578125000,151471.1562500000,132945.3125000000,144207.4531250000,,,
28.9359999532,226,147049.4687500000,195126.9218750000,172429.5781250000,148287.9375000000,119899.2656250000,151937.3437500000,133390.5156250000,144530.1875000000,,,
28.9399999531,226,147230.7656250000,192679.6250000000,173231.4531250000,148518.6562500000,120075.1406250000,152113.5625000000,133559.6718750000,144689.7187500000,,,
28.9439999531,226,146837.3593750000,192875.9531250000,172652.2968750000,148052.8125000000,119694.3750000000,151751.1406250000,133207.4843750000,144448.8281250000,,,
28.9479999531,226,146416.1718750000,195424.1093750000,171453.5625000000,147541.2031250000,119286.6250000000,151355.7812500000,132822.1562500000,144148.7187500000,,,
28.9519999532,226,146539.6406250000,196864.9375000000,171396.1562500000,147692.7187500000,119405.8750000000,151467.3750000000,132924.4218750000,144200.2968750000,,,
28.9559999532,226,147035.2812500000,195143.8437500000,172405.4687500000,148279.0000000000,119890.4921875000,151939.8906250000,133374.3593750000,144528.9218750000,,,
28.9599999532,226,147228.9375000000,192670.7656250000,173213.2812500000,148514.0156250000,120079.3515625000,152125.5000000000,133563.3750000000,144694.1718750000,,,
28.9639999531,226,146842.9687500000,192847.3437500000,172649.9843750000,148046.2656250000,119704.9375000000,151765.8750000000,133223.4843750000,144455.4218750000,,,
28.9679999531,226,146421.4843750000,195405.5000000000,171454.5156250000,147529.1406250000,119293.9140625000,151367.3750000000,132837.8437500000,144150.5937500000,,,
28.9719999533,226,146546.4218750000,196868.9062500000,171388.2968750000,147676.7968750000,119412.5781250000,151475.1718750000,132942.1562500000,144201.6406250000,,,
28.9759999532,226,147040.2968750000,195157.0156250000,172392.0625000000,148262.1562500000,119891.9453125000,151939.5468750000,133386.1875000000,144525.2812500000,,,
28.9799999532,226,147226.5468750000,192656.9062500000,173195.1093750000,148497.0156250000,120072.3750000000,152120.2187500000,133558.9843750000,144686.7968750000,,,
28.9839999531,226,146834.4687500000,192808.9062500000,172631.7656250000,148029.2343750000,119690.2109375000,151754.4218750000,133203.0781250000,144448.5156250000,,,
28.9879999531,226,146408.7968750000,195376.2968750000,171434.6406250000,147516.2343750000,119275.4609375000,151349.0312500000,132810.5625000000,144145.2343750000,,,
28.9919999531,226,146530.2500000000,196870.8125000000,171369.5156250000,147657.8750000000,119390.6406250000,151455.7500000000,132910.9062500000,144192.8750000000,,,
28.9959999532,226,147038.6093750000,195168.0625000000,172376.0000000000,148254.6718750000,119886.2812500000,151935.2812500000,133369.7968750000,144527.6562500000,,,
28.9999999532,226,147242.8125000000,192648.9062500000,173194.9062500000,148502.7968750000,120084.0468750000,152128.9843750000,133556.6718750000,144701.2812500000,,,
29.0039999532,226,146857.7031250000,192788.1406250000,172652.6875000000,148045.7812500000,119710.1953125000,151765.9218750000,133208.3906250000,144467.3906250000,,,
29.0079999531,226,146426.5312500000,195373.3125000000,171462.0625000000,147527.7187500000,119296.1171875000,151359.5156250000,132824.9375000000,144158.1093750000,,,
29.0119999531,226,146542.4843750000,196901.5468750000,171388.3281250000,147672.0937500000,119410.2421875000,151461.8906250000,132929.4687500000,144202.3593750000,,,
29.0159999533,226,147046.2812500000,195207.7968750000,172385.4062500000,148276.1875000000,119899.4765625000,151933.9687500000,133381.3906250000,144532.5625000000,,,
29.0199999532,226,147246.2968750000,192664.6875000000,173201.7968750000,148524.3125000000,120093.8593750000,152128.9375000000,133569.8437500000,144701.6093750000,,,
29.0239999532,226,146860.5625000000,192780.4218750000,172662.9062500000,148065.8437500000,119720.3125000000,151773.0937500000,133226.5156250000,144468.9218750000,,,
29.0279999531,226,146421.0625000000,195374.3593750000,171466.9687500000,147540.4062500000,119294.5078125000,151364.3437500000,132831.7812500000,144159.1718750000,,,
29.0319999531,226,146528.0781250000,196923.9531250000,171377.8593750000,147672.6875000000,119398.1250000000,151461.8906250000,132923.4843750000,144198.1718750000,,,
29.0359999530,226,147027.2656250000,195228.6875000000,172368.1562500000,148269.0781250000,119887.5468750000,151929.6406250000,133376.2968750000,144524.2500000000,,,
29.0399999532,226,147229.0468750000,192658.3750000000,173188.5937500000,148523.6093750000,120082.6250000000,152123.1406250000,133564.6718750000,144692.2656250000,,,
29.0439999532,226,146847.1250000000,192753.7031250000,172662.5312500000,148068.7968750000,119712.2343750000,151767.6718750000,133224.0781250000,144456.5000000000,,,
29.0479999532,226,146411.6250000000,195352.6250000000,171467.7968750000,147548.7656250000,119290.2734375000,151356.4062500000,132831.0312500000,144144.7812500000,,,
29.0519999531,226,146513.3593750000,196920.0156250000,171370.4687500000,147674.5625000000,119386.6171875000,151446.5781250000,132917.4687500000,144176.3750000000,,,
29.0559999531,227,147017.6406250000,195232.2343750000,172356.3125000000,148262.2343750000,119878.4218750000,151918.7031250000,133372.0000000000,144504.4375000000,,,
29.0599999530,227,147232.0468750000,192646.3906250000,173183.9375000000,148514.7656250000,120086.3750000000,152119.1718750000,133568.2656250000,144683.3125000000,,,
29.0639999530,227,146856.4843750000,192721.5937500000,172670.3906250000,148060.3125000000,119722.1328125000,151767.2968750000,133230.1718750000,144458.0312500000,,,
29.0679999529,227,146425.1875000000,195317.9531250000,171480.8281250000,147533.8281250000,119304.8359375000,151356.5937500000,132835.6093750000,144154.3750000000,,,
29.0719999529,227,146531.0625000000,196906.8125000000,171380.2812500000,147657.3906250000,119407.0546875000,151449.1562500000,132925.3906250000,144192.8437500000,,,
29.0759999529,227,147031.9062500000,195236.1093750000,172361.7187500000,148247.2656250000,119894.6796875000,151921.1718750000,133377.7656250000,144519.2187500000,,,
29.0799999530,227,147247.9531250000,192649.9531250000,173193.7187500000,148505.7031250000,120103.8906250000,152128.7812500000,133578.8281250000,144701.3281250000,,,
29.0839999530,227,146868.3125000000,192712.9375000000,172687.5937500000,148055.2968750000,119736.2656250000,151778.8750000000,133241.6250000000,144474.2031250000,,,
29.0879999530,227,146428.7343750000,195304.7500000000,171488.7187500000,147521.3281250000,119309.1250000000,151368.9843750000,132837.5937500000,144162.0781250000,,,
29.0919999529,227,146533.4218750000,196910.0312500000,171378.8593750000,147646.4531250000,119406.6796875000,151457.9843750000,132919.4375000000,144195.9531250000,,,
29.0959999529,227,147034.9843750000,195261.7812500000,172357.4062500000,148244.5000000000,119895.0781250000,151926.5937500000,133373.1250000000,144522.3281250000,,,
29.0999999531,227,147256.4843750000,192669.1406250000,173195.3906250000,148517.8750000000,120110.1171875000,152138.1093750000,133581.5156250000,144709.7031250000,,,
29.1039999530,227,146885.5625000000,192711.6718750000,172700.6562500000,148070.9062500000,119751.7187500000,151793.0468750000,133249.4843750000,144491.5312500000,,,
29.1079999530,227,146441.0625000000,195295.8437500000,171501.6718750000,147536.5625000000,119322.4843750000,151372.9531250000,132844.0625000000,144180.0000000000,,,
29.1119999529,227,146531.7812500000,196922.2812500000,171379.1562500000,147649.9687500000,119409.9218750000,151455.0000000000,132921.1562500000,144206.9687500000,,,
29.1159999529,227,147024.5625000000,195294.1562500000,172351.0468750000,148239.3593750000,119891.6484375000,151922.3750000000,133368.3750000000,144527.0781250000,,,
29.1199999528,227,147237.5000000000,192696.2500000000,173190.0781250000,148514.5000000000,120101.2656250000,152130.2031250000,133570.7031250000,144704.3593750000,,,
29.1239999530,227,146863.4375000000,192714.8593750000,172697.5156250000,148074.2656250000,119740.1015625000,151783.8125000000,133237.2187500000,144476.1562500000,,,
29.1279999530,227,146420.8437500000,195289.9531250000,171493.7656250000,147541.7187500000,119308.9687500000,151362.5781250000,132830.0156250000,144159.8750000000,,,
29.1319999530,227,146510.0625000000,196924.9218750000,171358.1562500000,147652.0312500000,119388.2265625000,151436.8906250000,132899.7812500000,144182.1875000000,,,
29.1359999529,227,147014.2031250000,195309.5312500000,172329.7812500000,148245.7343750000,119876.0937500000,151912.0000000000,133358.2656250000,144510.5468750000,,,
29.1399999529,227,147237.7656250000,192698.8750000000,173178.0312500000,148525.1718750000,120091.0703125000,152124.2656250000,133567.4531250000,144696.7968750000,,,
29.1439999531,227,146865.3906250000,192693.9218750000,172696.2187500000,148087.6718750000,119730.9296875000,151779.2343750000,133236.1562500000,144476.8906250000,,,
29.1479999530,227,146418.5937500000,195268.2968750000,171492.9843750000,147544.7656250000,119300.0625000000,151359.9218750000,132832.8281250000,144162.6718750000,,,
29.1519999530,227,146506.4687500000,196922.7500000000,171352.7031250000,147649.8593750000,119382.6953125000,151436.3125000000,132904.2500000000,144184.4218750000,,,
29.1559999529,227,147000.1562500000,195316.2343750000,172317.0156250000,148234.6875000000,119862.0078125000,151901.7812500000,133347.2812500000,144501.2343750000,,,
29.1599999529,227,147230.2812500000,192688.2031250000,173169.0156250000,148519.5156250000,120084.5546875000,152121.3437500000,133562.1718750000,144687.2500000000,,,
29.1639999528,227,146860.1093750000,192664.4687500000,172697.5937500000,148077.0781250000,119726.0781250000,151775.7968750000,133229.3906250000,144462.7812500000,,,
29.1679999530,227,146409.5000000000,195242.4218750000,171489.3593750000,147525.1718750000,119287.0000000000,151349.7031250000,132815.0937500000,144143.5937500000,,,
29.1719999530,227,146493.1093750000,196917.5937500000,171333.9375000000,147629.9843750000,119364.8125000000,151423.1875000000,132881.4531250000,144164.8437500000,,,
29.1759999529,227,146993.4687500000,195327.3125000000,172297.5156250000,148221.3281250000,119853.1562500000,151895.3750000000,133331.9062500000,144490.7343750000,,,
29.1799999529,227,147223.6875000000,192695.6875000000,173160.5156250000,148507.8437500000,120076.5625000000,152116.2187500000,133546.5625000000,144681.8281250000,,,
29.1839999529,228,146852.8906250000,192657.1718750000,172701.8281250000,148067.3750000000,119716.2578125000,151769.7656250000,133220.1875000000,144460.2343750000,,,
29.1879999528,228,146399.1406250000,195238.7968750000,171492.2343750000,147520.5781250000,119275.7578125000,151341.3281250000,132804.8437500000,144140.5625000000,,,
29.1919999528,228,146480.8125000000,196939.8906250000,171334.3281250000,147620.4843750000,119353.2500000000,151412.5781250000,132871.3750000000,144163.7656250000,,,
29.1959999527,228,146977.5312500000,195357.4531250000,172294.7031250000,148209.7968750000,119837.1718750000,151877.3437500000,133320.1093750000,144481.0781250000,,,
29.1999999527,228,147216.3906250000,192697.4375000000,173160.2500000000,148505.2656250000,120068.1093750000,152103.7031250000,133539.9062500000,144671.4843750000,,,
29.2039999526,228,146848.9062500000,192632.3281250000,172710.3125000000,148072.0625000000,119711.9921875000,151760.8281250000,133210.0312500000,144447.6562500000,,,
29.2079999528,228,146393.8593750000,195219.5937500000,171507.7968750000,147524.7812500000,119270.7187500000,151330.1406250000,132794.2500000000,144125.4687500000,,,
29.2119999528,228,146476.6406250000,196944.1718750000,171348.8750000000,147625.3906250000,119348.4765625000,151401.2812500000,132860.4531250000,144150.3593750000,,,
29.2159999528,228,146980.6718750000,195370.4375000000,172308.7500000000,148223.4531250000,119839.4765625000,151875.6250000000,133314.6562500000,144478.4218750000,,,
29.2199999527,228,147222.3906250000,192686.3281250000,173180.2812500000,148520.9843750000,120074.0078125000,152102.4062500000,133536.8750000000,144673.5468750000,,,
29.2239999527,228,146866.2031250000,192598.8593750000,172744.5000000000,148099.4218750000,119727.1250000000,151768.2656250000,133216.7812500000,144461.2031250000,,,
29.2279999529,228,146410.3281250000,195191.2968750000,171541.8593750000,147550.1093750000,119284.2656250000,151343.8750000000,132803.3437500000,144144.1093750000,,,
29.2319999528,228,146481.7812500000,196949.5625000000,171373.2968750000,147635.9375000000,119352.0703125000,151406.7500000000,132863.8593750000,144160.0312500000,,,
29.2359999528,228,146986.0468750000,195396.1718750000,172331.0625000000,148227.1718750000,119843.5859375000,151878.0625000000,133319.2656250000,144484.1875000000,,,
29.2399999527,228,147230.3906250000,192693.1875000000,173201.0937500000,148521.0156250000,120082.1640625000,152109.2500000000,133547.5000000000,144677.9375000000,,,
29.2439999527,228,146871.7031250000,192568.3125000000,172765.7812500000,148092.6406250000,119736.9687500000,151775.6562500000,133231.0781250000,144464.7031250000,,,
29.2479999526,228,146407.4843750000,195153.2656250000,171562.6093750000,147538.7031250000,119287.0234375000,151342.0000000000,132807.1250000000,144138.9531250000,,,
29.2519999528,228,146471.5312500000,196932.5000000000,171385.0781250000,147620.4687500000,119348.2890625000,151399.0781250000,132859.8593750000,144146.7031250000,,,
29.2559999528,228,146967.3750000000,195396.6718750000,172331.4375000000,148208.8281250000,119831.3281250000,151865.7343750000,133308.1875000000,144463.6562500000,,,
29.2599999527,228,147218.2343750000,192682.6562500000,173202.0156250000,148516.5625000000,120073.0156250000,152107.8281250000,133539.4843750000,144668.2968750000,,,
29.2639999527,228,146864.3750000000,192542.2187500000,172775.2968750000,148098.9218750000,119727.2265625000,151779.4375000000,133222.0156250000,144461.3593750000,,,
29.2679999527,228,146405.5781250000,195136.1562500000,171574.7187500000,147544.6562500000,119280.8828125000,151346.2968750000,132802.5937500000,144139.8593750000,,,
29.2719999528,228,146468.8281250000,196953.9843750000,171391.1875000000,147617.3750000000,119338.5234375000,151396.3906250000,132850.0468750000,144147.1562500000,,,
29.2759999528,228,146967.1250000000,195441.9687500000,172331.7187500000,148199.8437500000,119824.2968750000,151865.2968750000,133301.0312500000,144468.8437500000,,,
29.2799999528,228,147214.6406250000,192711.6250000000,173203.2187500000,148502.1562500000,120066.7187500000,152102.3593750000,133534.1093750000,144667.9687500000,,,
29.2839999527,228,146861.9062500000,192535.4062500000,172782.2656250000,148088.6093750000,119726.4218750000,151776.9687500000,133222.9062500000,144460.5000000000,,,
29.2879999527,228,146397.2343750000,195122.7343750000,171580.1093750000,147528.8593750000,119278.3906250000,151342.0000000000,132804.5625000000,144136.7500000000,,,
29.2919999526,228,146459.8750000000,196961.0156250000,171391.4843750000,147606.4843750000,119338.5781250000,151396.7187500000,132855.5937500000,144147.8125000000,,,
29.2959999528,228,146966.8593750000,195470.1406250000,172334.4218750000,148199.3437500000,119832.5078125000,151873.7812500000,133312.5937500000,144478.9218750000,,,
29.2999999528,228,147223.1718750000,192734.1250000000,173214.3125000000,148512.6718750000,120079.5078125000,152115.2343750000,133545.0937500000,144684.1406250000,,,
29.3039999527,228,146875.3437500000,192537.7031250000,172801.9062500000,148102.3281250000,119738.7343750000,151787.8125000000,133223.5625000000,144479.9687500000,,,
29.3079999527,228,146409.3906250000,195116.9687500000,171595.1250000000,147545.3125000000,119283.9687500000,151342.1093750000,132790.2656250000,144151.0312500000,,,
29.3119999527,229,146468.2968750000,196967.3437500000,171397.7656250000,147618.1250000000,119340.4296875000,151391.3750000000,132846.9062500000,144154.1562500000,,,
29.3159999526,229,146967.0000000000,195485.4843750000,172332.1875000000,148208.2187500000,119829.2031250000,151858.2656250000,133312.5312500000,144471.0625000000,,,
29.3199999526,229,147238.7343750000,192734.5000000000,173218.5000000000,148536.0312500000,120091.5000000000,152106.3281250000,133559.3593750000,144682.8281250000,,,
29.3239999525,229,146896.3750000000,192517.5625000000,172821.2656250000,148131.3125000000,119758.8515625000,151791.5468750000,133252.6406250000,144481.8437500000,,,
29.3279999525,229,146428.2187500000,195091.6250000000,171615.4062500000,147562.0781250000,119305.0468750000,151356.8906250000,132829.7968750000,144156.0468750000,,,
29.3319999524,229,146485.8125000000,196970.3750000000,171409.5468750000,147629.4531250000,119358.5312500000,151402.1875000000,132871.0468750000,144161.5937500000,,,
29.3359999526,229,146984.9375000000,195506.8125000000,172340.0312500000,148219.3125000000,119844.0390625000,151866.9062500000,133317.5781250000,144481.7343750000,,,
29.3399999526,229,147242.1093750000,192742.7031250000,173226.5781250000,148534.1093750000,120095.2265625000,152118.2656250000,133562.3281250000,144688.2656250000,,,
29.3439999525,229,146895.0937500000,192500.9375000000,172832.7968750000,148121.5468750000,119758.4531250000,151795.5625000000,133255.0937500000,144486.9687500000,,,
29.3479999525,229,146425.5625000000,195078.1875000000,171623.2343750000,147548.9843750000,119301.0234375000,151348.0312500000,132826.3906250000,144158.5625000000,,,
29.3519999525,229,146479.3906250000,196972.3593750000,171403.7500000000,147612.4218750000,119349.1718750000,151389.6875000000,132865.8906250000,144157.7812500000,,,
29.3559999526,229,146975.9218750000,195518.1562500000,172326.8593750000,148198.6718750000,119834.5156250000,151854.1718750000,133316.4218750000,144475.6562500000,,,
29.3599999526,229,147243.7500000000,192744.3125000000,173218.7656250000,148524.9843750000,120095.6875000000,152107.5000000000,133566.0937500000,144686.6406250000,,,
29.3639999526,229,146905.0312500000,192487.2500000000,172839.7968750000,148125.8437500000,119764.8046875000,151792.0156250000,133260.1562500000,144489.0937500000,,,
29.3679999525,229,146427.7968750000,195079.1562500000,171636.4062500000,147555.0468750000,119301.6953125000,151346.7812500000,132825.3750000000,144159.1718750000,,,
29.3719999525,229,146476.2656250000,197006.9843750000,171412.3593750000,147608.9843750000,119347.3437500000,151388.8593750000,132862.9531250000,144159.6093750000,,,
29.3759999524,229,146977.9375000000,195565.6250000000,172329.1875000000,148195.7187500000,119838.7031250000,151862.5625000000,133317.6406250000,144483.8593750000,,,
29.3799999526,229,147250.0781250000,192760.4062500000,173214.6093750000,148531.5312500000,120104.6406250000,152122.2031250000,133571.2968750000,144699.2656250000,,,
29.3839999526,229,146915.7187500000,192473.9531250000,172839.1875000000,148133.0000000000,119776.6093750000,151810.0000000000,133270.2343750000,144507.7812500000,,,
29.3879999525,229,146433.2343750000,195071.3437500000,171636.3437500000,147553.2812500000,119305.1562500000,151356.6718750000,132828.2343750000,144173.4531250000,,,
29.3919999525,229,146477.3906250000,197011.9843750000,171400.4687500000,147604.3125000000,119347.7265625000,151392.5937500000,132865.4687500000,144169.7968750000,,,
29.3959999525,229,146973.3593750000,195572.7812500000,172305.7812500000,148184.8593750000,119832.8281250000,151859.9687500000,133313.7968750000,144482.1093750000,,,
29.3999999526,229,147249.4375000000,192748.5781250000,173197.0000000000,148521.9218750000,120102.7890625000,152121.3125000000,133569.7031250000,144695.3750000000,,,
29.4039999526,229,146909.2968750000,192444.6093750000,172832.2187500000,148126.3750000000,119772.5859375000,151805.2187500000,133265.8437500000,144495.8281250000,,,
29.4079999526,229,146429.7187500000,195038.8906250000,171628.7812500000,147547.8593750000,119306.9765625000,151351.7968750000,132825.8593750000,144161.0781250000,,,
29.4119999525,229,146471.8593750000,197009.6250000000,171386.6406250000,147602.4375000000,119344.3203125000,151380.2187500000,132852.2968750000,144153.7656250000,,,
29.4159999525,229,146971.3437500000,195584.4843750000,172287.8906250000,148188.8750000000,119830.5468750000,151847.5937500000,133302.0468750000,144470.6406250000,,,
29.4199999524,229,147253.8593750000,192742.1718750000,173183.5312500000,148524.6562500000,120104.7500000000,152111.3125000000,133562.0625000000,144690.1718750000,,,
29.4239999526,229,146918.8437500000,192417.2187500000,172833.6406250000,148133.0000000000,119780.5000000000,151800.3125000000,133265.7343750000,144498.1875000000,,,
29.4279999526,229,146434.2500000000,195029.9687500000,171641.3906250000,147557.2187500000,119311.2187500000,151349.6250000000,132831.7812500000,144166.3125000000,,,
29.4319999525,229,146467.8906250000,197033.1093750000,171388.1875000000,147599.2500000000,119342.4687500000,151374.5312500000,132856.5937500000,144155.5000000000,,,
29.4359999525,229,146970.5625000000,195619.7187500000,172285.1718750000,148185.7968750000,119833.9296875000,151848.9375000000,133308.3281250000,144475.7656250000,,,
29.4399999524,230,147251.9218750000,192741.0781250000,173178.4531250000,148525.8125000000,120109.2812500000,152118.6562500000,133568.6875000000,144694.0937500000,,,
29.4439999524,230,146913.4375000000,192388.6250000000,172838.8437500000,148135.1562500000,119780.8203125000,151804.6250000000,133269.1718750000,144498.4843750000,,,
29.4479999524,230,146421.5468750000,195016.6250000000,171649.2500000000,147550.1406250000,119301.1093750000,151340.4687500000,132820.4375000000,144156.5781250000,,,
29.4519999523,230,146460.0625000000,197060.2812500000,171395.8593750000,147592.9375000000,119334.2812500000,151369.5000000000,132840.9218750000,144147.2187500000,,,
29.4559999523,230,146969.3281250000,195653.5000000000,172283.3281250000,148184.8593750000,119829.5781250000,151849.5312500000,133296.7656250000,144471.0625000000,,,
29.4599999522,230,147253.9687500000,192748.1562500000,173174.6718750000,148528.6250000000,120106.4921875000,152122.3593750000,133562.2812500000,144692.8281250000,,,
29.4639999524,230,146921.9062500000,192364.4687500000,172843.6875000000,148136.8750000000,119784.0937500000,151812.6250000000,133270.4062500000,144505.5625000000,,,
29.4679999524,230,146426.9843750000,194994.3125000000,171658.2031250000,147548.3593750000,119303.2812500000,151344.8125000000,132820.7500000000,144162.9687500000,,,
29.4719999523,230,146459.6875000000,197061.7656250000,171399.8125000000,147591.8125000000,119333.5859375000,151364.8750000000,132844.9687500000,144148.6875000000,,,
29.4759999523,230,146964.6406250000,195668.8593750000,172281.8750000000,148185.8437500000,119827.1953125000,151837.1718750000,133304.4375000000,144467.2343750000,,,
29.4799999523,230,147249.2500000000,192745.2500000000,173170.9218750000,148534.2656250000,120105.6875000000,152111.2031250000,133570.3281250000,144685.2343750000,,,
29.4839999524,230,146918.0937500000,192337.3437500000,172848.5156250000,148151.1093750000,119783.5312500000,151804.8125000000,133276.5781250000,144495.2656250000,,,
29.4879999524,230,146426.2968750000,194974.2500000000,171669.9062500000,147566.1250000000,119304.8906250000,151348.4687500000,132831.5312500000,144159.7968750000,,,
29.4919999524,230,146445.1250000000,197070.5312500000,171402.9375000000,147593.7968750000,119321.9765625000,151366.4375000000,132844.2031250000,144138.5781250000,,,
29.4959999523,230,146943.6875000000,195697.2656250000,172277.3906250000,148176.2187500000,119811.0234375000,151840.8593750000,133297.7343750000,144451.3281250000,,,
29.4999999523,230,147234.4687500000,192762.8593750000,173169.2812500000,148525.7031250000,120093.9375000000,152118.3906250000,133565.9062500000,144672.5000000000,,,
29.5039999522,230,146911.2812500000,192329.4375000000,172854.2812500000,148150.3281250000,119778.3515625000,151813.2656250000,133274.4843750000,144488.0156250000,,,
29.5079999524,230,146427.3593750000,194957.4687500000,171682.4843750000,147573.3125000000,119308.6718750000,151353.5156250000,132832.4843750000,144158.7187500000,,,
29.5119999524,230,146449.0937500000,197069.8125000000,171411.3437500000,147596.2968750000,119328.8437500000,151369.8437500000,132844.0312500000,144141.2031250000,,,
29.5159999523,230,146952.5156250000,195719.7500000000,172280.8281250000,148177.0468750000,119819.6328125000,151839.2500000000,133298.8281250000,144459.6875000000,,,
29.5199999523,230,147256.0000000000,192788.3281250000,173181.4843750000,148541.6406250000,120111.3984375000,152116.2187500000,133569.3125000000,144691.7031250000,,,
29.5239999522,230,146943.1250000000,192340.1875000000,172882.9062500000,148172.6718750000,119802.4921875000,151815.9218750000,133275.8750000000,144516.9531250000,,,
29.5279999524,230,146441.5312500000,194955.0000000000,171705.7343750000,147578.6406250000,119316.5859375000,151361.9843750000,132833.3593750000,144173.7500000000,,,
29.5319999524,230,146448.1718750000,197073.7031250000,171420.2500000000,147592.9687500000,119324.4453125000,151378.2656250000,132853.0156250000,144143.0781250000,,,
29.5359999523,230,146946.3437500000,195741.4375000000,172283.0000000000,148171.9218750000,119810.0859375000,151846.5000000000,133301.8593750000,144455.2343750000,,,
29.5399999523,230,147245.0000000000,192802.7656250000,173179.3906250000,148523.1406250000,120098.1484375000,152121.8593750000,133567.4062500000,144680.4062500000,,,
29.5439999523,230,146925.1875000000,192325.7031250000,172881.6250000000,148151.5156250000,119784.9531250000,151824.0781250000,133279.7968750000,144499.7187500000,,,
29.5479999522,230,146427.4687500000,194920.5625000000,171703.0000000000,147565.3906250000,119302.6640625000,151355.0937500000,132833.9531250000,144160.1406250000,,,
29.5519999524,230,146440.0468750000,197053.4218750000,171411.0625000000,147582.6718750000,119313.2265625000,151356.8281250000,132839.9375000000,144133.1093750000,,,
29.5559999524,230,146939.1250000000,195745.7343750000,172270.8281250000,148161.5156250000,119799.9687500000,151827.1406250000,133289.0156250000,144446.2343750000,,,
29.5599999523,230,147239.3750000000,192803.0781250000,173173.3281250000,148525.8437500000,120093.1328125000,152113.0312500000,133571.5625000000,144671.8281250000,,,
29.5639999523,230,146921.1093750000,192302.5312500000,172884.8593750000,148163.0937500000,119785.0546875000,151810.9375000000,133288.4218750000,144489.0312500000,,,
29.5679999522,231,146418.9687500000,194880.3281250000,171704.6875000000,147573.8437500000,119296.7343750000,151332.2187500000,132828.6718750000,144140.2656250000,,,
29.5719999522,231,146428.5156250000,197023.5937500000,171403.0781250000,147582.2968750000,119302.3125000000,151335.1562500000,132825.6718750000,144106.9218750000,,,
29.5759999522,231,146922.0156250000,195737.2031250000,172259.3437500000,148157.5468750000,119782.1093750000,151800.2031250000,133268.6093750000,144415.7656250000,,,
29.5799999521,231,147222.9531250000,192803.8125000000,173164.7500000000,148522.2500000000,120075.7031250000,152089.5625000000,133554.3906250000,144646.7500000000,,,
29.5839999521,231,146914.0781250000,192288.8281250000,172885.4531250000,148163.9062500000,119774.5468750000,151803.0781250000,133283.3906250000,144475.5937500000,,,
29.5879999520,231,146423.6093750000,194857.6250000000,171707.1093750000,147575.8593750000,119297.0546875000,151336.7968750000,132837.8437500000,144139.9531250000,,,
29.5919999522,231,146427.0156250000,197004.2031250000,171394.5000000000,147580.6093750000,119298.9062500000,151340.2343750000,132838.8593750000,144109.2343750000,,,
29.5959999522,231,146917.2656250000,195736.6250000000,172240.2500000000,148152.1562500000,119775.9609375000,151804.4375000000,133280.1093750000,144417.6406250000,,,
29.5999999521,231,147229.3906250000,192806.2187500000,173149.9218750000,148523.4062500000,120078.0625000000,152100.7500000000,133565.2031250000,144654.7656250000,,,
29.6039999521,231,146924.1562500000,192276.4062500000,172880.7812500000,148168.8437500000,119780.9296875000,151816.7500000000,133294.8906250000,144484.8750000000,,,
29.6079999520,231,146431.5000000000,194832.8750000000,171708.2343750000,147581.2812500000,119303.0078125000,151350.9843750000,132846.6093750000,144147.5312500000,,,
29.6119999522,231,146435.3281250000,197000.1250000000,171395.8906250000,147583.0000000000,119306.0156250000,151349.2187500000,132845.4843750000,144118.7812500000,,,
29.6159999522,231,146921.1875000000,195765.9375000000,172241.4531250000,148149.9375000000,119782.3984375000,151807.9843750000,133286.2500000000,144424.1875000000,,,
29.6199999521,231,147231.3281250000,192838.8437500000,173155.0156250000,148520.4218750000,120084.2343750000,152101.5468750000,133571.1562500000,144657.8281250000,,,
29.6239999521,231,146930.7343750000,192288.9531250000,172897.6093750000,148171.7031250000,119789.7265625000,151818.7343750000,133300.5468750000,144487.5625000000,,,
29.6279999521,231,146439.2187500000,194832.3593750000,171720.5937500000,147579.6718750000,119310.6796875000,151355.8125000000,132855.0625000000,144150.9375000000,,,
29.6319999520,231,146442.2968750000,197009.5156250000,171393.4687500000,147578.2500000000,119312.0234375000,151353.8906250000,132853.0468750000,144121.7656250000,,,
29.6359999522,231,146935.8593750000,195794.1562500000,172235.0156250000,148149.2812500000,119793.6171875000,151818.9062500000,133301.8125000000,144436.1406250000,,,
29.6399999522,231,147249.4843750000,192866.5000000000,173154.5312500000,148519.9218750000,120098.9062500000,152117.1875000000,133592.3750000000,144674.5156250000,,,
29.6439999521,231,146949.4843750000,192293.2500000000,172903.9687500000,148173.4062500000,119805.7109375000,151838.0156250000,133321.5781250000,144506.1562500000,,,
29.6479999521,231,146450.3437500000,194821.4531250000,171725.5937500000,147582.5937500000,119323.2578125000,151370.5156250000,132867.9687500000,144166.3125000000,,,
29.6519999520,231,146441.6250000000,197011.5312500000,171392.9375000000,147572.9375000000,119314.0078125000,151358.4375000000,132851.5468750000,144125.7812500000,,,
29.6559999522,231,146932.0000000000,195812.6250000000,172231.7187500000,148140.4062500000,119792.1640625000,151817.0468750000,133292.4531250000,144432.5000000000,,,
29.6599999522,231,147250.7500000000,192882.5312500000,173157.0312500000,148528.1718750000,120102.7109375000,152121.1250000000,133590.1406250000,144675.1250000000,,,
29.6639999521,231,146946.1875000000,192290.4062500000,172914.4687500000,148187.6093750000,119807.0781250000,151843.5781250000,133325.6875000000,144505.5625000000,,,
29.6679999521,231,146445.4375000000,194810.0468750000,171733.2812500000,147600.9375000000,119320.3359375000,151373.8125000000,132872.0468750000,144160.6250000000,,,
29.6719999521,231,146441.0156250000,197013.1875000000,171390.4218750000,147592.4375000000,119312.4218750000,151361.4531250000,132859.2187500000,144120.2343750000,,,
29.6759999520,231,146925.3437500000,195838.5468750000,172225.3125000000,148161.6250000000,119783.2578125000,151816.8593750000,133296.2656250000,144421.5000000000,,,
29.6799999522,231,147235.5625000000,192908.0468750000,173149.0000000000,148537.5625000000,120085.3046875000,152114.9531250000,133583.5781250000,144654.6875000000,,,
29.6839999522,231,146935.0312500000,192288.1875000000,172908.7031250000,148192.8125000000,119792.2421875000,151838.2343750000,133315.8125000000,144485.4375000000,,,
29.6879999521,231,146427.2031250000,194792.5312500000,171721.9843750000,147595.1093750000,119299.4687500000,151362.3593750000,132854.9531250000,144138.5000000000,,,
29.6919999521,231,146410.7812500000,197007.4531250000,171364.6406250000,147586.6093750000,119282.1406250000,151341.2812500000,132836.6562500000,144092.6562500000,,,
29.6959999520,232,146886.5312500000,195848.2031250000,172189.9062500000,148150.6875000000,119746.1093750000,151790.4062500000,133269.0937500000,144387.5625000000,,,
29.6999999520,232,147202.8125000000,192910.3125000000,173118.4843750000,148533.1875000000,120053.7109375000,152091.7031250000,133562.0625000000,144622.5000000000,,,
29.7039999519,232,146912.3281250000,192264.5468750000,172888.5937500000,148196.8906250000,119769.0468750000,151820.5625000000,133303.5312500000,144461.8906250000,,,
29.7079999519,232,146415.0312500000,194762.6250000000,171708.4531250000,147601.7968750000,119286.6796875000,151354.1562500000,132854.3125000000,144125.7812500000,,,
29.7119999519,232,146398.9062500000,196997.2500000000,171349.8281250000,147582.1562500000,119271.3593750000,151339.9375000000,132836.4218750000,144085.0937500000,,,
29.7159999518,232,146885.2500000000,195861.7968750000,172176.4375000000,148140.9687500000,119745.7890625000,151799.0000000000,133276.0000000000,144392.0781250000,,,
29.7199999520,232,147221.3281250000,192922.7656250000,173117.8750000000,148532.6875000000,120073.3671875000,152119.8750000000,133584.5156250000,144646.8906250000,,,
29.7239999520,232,146938.7500000000,192260.5312500000,172907.5312500000,148198.8593750000,119798.9765625000,151859.0000000000,133334.7187500000,144492.9843750000,,,
29.7279999519,232,146440.3437500000,194750.1250000000,171726.1562500000,147598.9843750000,119315.6953125000,151390.8750000000,132887.1718750000,144153.4062500000,,,
29.7319999519,232,146425.3437500000,197003.7968750000,171361.1875000000,147575.7187500000,119299.6015625000,151371.5937500000,132867.1562500000,144111.0625000000,,,
29.7359999518,232,146904.8281250000,195891.6250000000,172187.4843750000,148134.0000000000,119769.2890625000,151819.8125000000,133298.6250000000,144410.6406250000,,,
29.7399999520,232,147233.5312500000,192944.4375000000,173130.9531250000,148525.7656250000,120090.6953125000,152128.8593750000,133601.0625000000,144656.7500000000,,,
29.7439999520,232,146945.6250000000,192252.8281250000,172924.0000000000,148193.7031250000,119811.0468750000,151860.7656250000,133344.9062500000,144498.2031250000,,,
29.7479999519,232,146438.7812500000,194733.0625000000,171742.3437500000,147593.6406250000,119319.6953125000,151383.5156250000,132885.3750000000,144151.9687500000,,,
29.7519999519,232,146418.7500000000,197007.8281250000,171365.7968750000,147573.1718750000,119298.4218750000,151359.2968750000,132862.8125000000,144104.1406250000,,,
29.7559999519,232,146895.9687500000,195912.3281250000,172182.7656250000,148132.6875000000,119763.8984375000,151810.9843750000,133296.2343750000,144401.1875000000,,,
29.7599999518,232,147225.7500000000,192960.6093750000,173128.5625000000,148534.1562500000,120082.8593750000,152125.2656250000,133601.8906250000,144647.3906250000,,,
29.7639999520,232,146940.4375000000,192247.0312500000,172928.4218750000,148204.9218750000,119802.9453125000,151862.5312500000,133348.2968750000,144489.6875000000,,,
29.7679999520,232,146430.1562500000,194717.3750000000,171741.3906250000,147596.7500000000,119305.8515625000,151386.3437500000,132883.3906250000,144143.2812500000,,,
29.7719999519,232,146408.2343750000,197000.9843750000,171354.7968750000,147566.6562500000,119279.2968750000,151357.1875000000,132853.1250000000,144096.7031250000,,,
29.7759999519,232,146900.6093750000,195922.1406250000,172170.6406250000,148135.0468750000,119758.8750000000,151819.9218750000,133293.9531250000,144407.7968750000,,,
29.7799999518,232,147236.9375000000,192968.1718750000,173123.7343750000,148538.9531250000,120089.1640625000,152141.3750000000,133607.3125000000,144659.7031250000,,,
29.7839999520,232,146956.8593750000,192239.9062500000,172939.8750000000,148212.5625000000,119819.0156250000,151882.2187500000,133361.5468750000,144507.2187500000,,,
29.7879999520,232,146451.0156250000,194686.2656250000,171757.0781250000,147612.0156250000,119328.5703125000,151405.5625000000,132903.9062500000,144162.3750000000,,,
29.7919999519,232,146419.9531250000,196974.0000000000,171359.6250000000,147571.9218750000,119295.3906250000,151366.9531250000,132869.8906250000,144104.7812500000,,,
29.7959999519,232,146905.3906250000,195922.6093750000,172175.3906250000,148133.1406250000,119770.9218750000,151808.3281250000,133308.0625000000,144404.7343750000,,,
29.7999999519,232,147239.2968750000,192981.7968750000,173135.2968750000,148538.0468750000,120097.7734375000,152118.2656250000,133612.8125000000,144651.5000000000,,,
29.8039999518,232,146959.8125000000,192228.8437500000,172950.6875000000,148214.0156250000,119823.4687500000,151877.6718750000,133360.3125000000,144501.2656250000,,,
29.8079999520,232,146444.9062500000,194654.9375000000,171759.7812500000,147601.9218750000,119320.8437500000,151409.3593750000,132895.9843750000,144153.0312500000,,,
29.8119999520,232,146406.7031250000,196946.8906250000,171348.3906250000,147560.2968750000,119278.4453125000,151368.9843750000,132852.1718750000,144095.5625000000,,,
29.8159999519,232,146887.1250000000,195920.3281250000,172154.5468750000,148120.6875000000,119745.3046875000,151816.4375000000,133276.4062500000,144396.0468750000,,,
29.8199999519,232,147232.0781250000,193001.4843750000,173120.2812500000,148528.7968750000,120082.2421875000,152144.4062500000,133594.8125000000,144653.0000000000,,,
29.8239999518,233,146967.3125000000,192238.4218750000,172949.2031250000,148216.1562500000,119825.1328125000,151901.6250000000,133364.7656250000,144510.9218750000,,,
29.8279999518,233,146460.1875000000,194646.0000000000,171764.6875000000,147612.3125000000,119331.9531250000,151426.1093750000,132901.9687500000,144167.6562500000,,,
29.8319999517,233,146422.7968750000,196955.7031250000,171353.1562500000,147569.5312500000,119292.5468750000,151381.5937500000,132859.0625000000,144109.7187500000,,,
29.8359999517,233,146895.2500000000,195963.5781250000,172156.9062500000,148125.9843750000,119754.1875000000,151826.7500000000,133286.4218750000,144405.2187500000,,,
29.8399999517,233,147241.9531250000,193037.5625000000,173123.0156250000,148541.2656250000,120092.6562500000,152158.6562500000,133609.4062500000,144664.7812500000,,,
29.8439999516,233,146976.1718750000,192251.6718750000,172963.2187500000,148232.2968750000,119832.7734375000,151912.7968750000,133374.5781250000,144521.9687500000,,,
29.8479999518,233,146458.6093750000,194651.8437500000,171774.0000000000,147618.5781250000,119329.1640625000,151422.6250000000,132901.4062500000,144167.4375000000,,,
29.8519999518,233,146409.0937500000,196963.7343750000,171344.9843750000,147560.6562500000,119278.6015625000,151369.9531250000,132850.4218750000,144101.4375000000,,,
29.8559999517,233,146881.5156250000,195976.7343750000,172142.7500000000,148116.8125000000,119741.2265625000,151816.7500000000,133279.5156250000,144398.0625000000,,,
29.8599999517,233,147228.6718750000,193039.7656250000,173114.7031250000,148534.6093750000,120081.6796875000,152147.6250000000,133600.6875000000,144656.3750000000,,,
29.8639999516,233,146960.1093750000,192235.1250000000,172964.3906250000,148227.7968750000,119821.2656250000,151898.7187500000,133363.9531250000,144508.6718750000,,,
29.8679999518,233,146446.8125000000,194619.2656250000,171781.8125000000,147614.5625000000,119325.2500000000,151416.1875000000,132904.3125000000,144157.7812500000,,,
29.8719999518,233,146399.0156250000,196951.2343750000,171350.4062500000,147560.6562500000,119277.8515625000,151367.0312500000,132856.4843750000,144093.7656250000,,,
29.8759999517,233,146873.4375000000,195986.4062500000,172144.3593750000,148117.0000000000,119739.9687500000,151817.4531250000,133281.2968750000,144393.9531250000,,,
29.8799999517,233,147229.7187500000,193043.1718750000,173118.8125000000,148539.0468750000,120084.0703125000,152153.4843750000,133604.6093750000,144659.7656250000,,,
29.8839999516,233,146971.6875000000,192213.0312500000,172978.5781250000,148232.5156250000,119830.4687500000,151911.8437500000,133375.1406250000,144521.2812500000,,,
29.8879999516,233,146455.7656250000,194597.9062500000,171796.3437500000,147616.8906250000,119329.8593750000,151424.9375000000,132909.7187500000,144169.1875000000,,,
29.8919999518,233,146400.6406250000,196950.7187500000,171353.6718750000,147550.4531250000,119276.8828125000,151368.2031250000,132857.9375000000,144096.6875000000,,,
29.8959999518,233,146874.8281250000,196002.5625000000,172141.7500000000,148108.2500000000,119739.8359375000,151810.5312500000,133284.4843750000,144389.0937500000,,,
29.8999999517,233,147230.2031250000,193053.0625000000,173121.6250000000,148532.0156250000,120085.1718750000,152149.0000000000,133609.9218750000,144651.7187500000,,,
29.9039999517,233,146975.1718750000,192203.0937500000,172992.9531250000,148234.6562500000,119835.8281250000,151913.1718750000,133383.6406250000,144517.3281250000,,,
29.9079999516,233,146459.8750000000,194585.1718750000,171813.3750000000,147620.4375000000,119334.7109375000,151429.5156250000,132914.9843750000,144170.0625000000,,,
29.9119999518,233,146400.9375000000,196959.5781250000,171365.0468750000,147557.0312500000,119273.4765625000,151369.5000000000,132853.0000000000,144098.0468750000,,,
29.9159999518,233,146869.0625000000,196032.9687500000,172148.9218750000,148109.7031250000,119727.9531250000,151808.9218750000,133272.8437500000,144386.8437500000,,,
29.9199999517,233,147224.0000000000,193067.4687500000,173127.0937500000,148541.5312500000,120072.7265625000,152147.4687500000,133599.3437500000,144645.2031250000,,,
29.9239999517,233,146962.0937500000,192195.7031250000,173003.9843750000,148247.3750000000,119816.0937500000,151903.8125000000,133368.6562500000,144498.8750000000,,,
29.9279999516,233,146446.6250000000,194573.0000000000,171827.4843750000,147636.2031250000,119315.6171875000,151419.4062500000,132900.0156250000,144147.1406250000,,,
29.9319999516,233,146387.7187500000,196960.7812500000,171371.7187500000,147576.7656250000,119256.9062500000,151361.1562500000,132838.0781250000,144073.6093750000,,,
29.9359999518,233,146857.0312500000,196053.9218750000,172152.5937500000,148124.2968750000,119713.0703125000,151805.2187500000,133261.6250000000,144367.6406250000,,,
29.9399999517,233,147219.0468750000,193084.4531250000,173135.5156250000,148549.2812500000,120066.2031250000,152150.8437500000,133598.5156250000,144638.2812500000,,,
29.9439999517,233,146962.4375000000,192180.1093750000,173019.8281250000,148256.2343750000,119818.0234375000,151914.8750000000,133376.1562500000,144501.8906250000,,,
29.9479999517,233,146440.1875000000,194535.7343750000,171841.6250000000,147633.3125000000,119312.0781250000,151424.8750000000,132904.8750000000,144147.3750000000,,,
29.9519999516,234,146382.1406250000,196935.3437500000,171380.6562500000,147560.6250000000,119253.4453125000,151362.2812500000,132845.6250000000,144076.0312500000,,,
29.9559999516,234,146852.8750000000,196054.3281250000,172161.6093750000,148106.1562500000,119713.0703125000,151803.5312500000,133269.2968750000,144368.3906250000,,,
29.9599999515,234,147223.3906250000,193086.5625000000,173148.5468750000,148542.3125000000,120074.9765625000,152156.2968750000,133610.6718750000,144643.2656250000,,,
29.9639999515,234,146980.2187500000,192159.7343750000,173043.0000000000,148265.3125000000,119838.5156250000,151931.0625000000,133396.7656250000,144518.7500000000,,,
29.9679999514,234,146460.3750000000,194502.1875000000,171869.9218750000,147642.9062500000,119333.2890625000,151442.3906250000,132923.6718750000,144167.3125000000,,,
29.9719999514,234,146393.4062500000,196918.9062500000,171401.3125000000,147554.9375000000,119267.3359375000,151374.2656250000,132857.0468750000,144090.2968750000,,,
29.9759999516,234,146861.3906250000,196060.8750000000,172171.9375000000,148092.5625000000,119725.8906250000,151813.9687500000,133281.0781250000,144381.9062500000,,,
29.9799999516,234,147227.0312500000,193105.6406250000,173160.5156250000,148528.5468750000,120082.9453125000,152163.5156250000,133618.9218750000,144652.6562500000,,,
29.9839999515,234,146985.3125000000,192161.6093750000,173061.1875000000,148249.5781250000,119849.0000000000,151942.7031250000,133407.9218750000,144528.9687500000,,,
29.9879999515,234,146464.5312500000,194487.2656250000,171884.5000000000,147630.8906250000,119344.1250000000,151452.6406250000,132934.2187500000,144177.7968750000,,,
29.9919999514,234,146394.7500000000,196918.6406250000,171405.7343750000,147550.9375000000,119274.4453125000,151381.2968750000,132863.7500000000,144100.9218750000,,,
29.9959999516,234,146853.0625000000,196092.2031250000,172171.9062500000,148091.1875000000,119722.6406250000,151816.5937500000,133279.0312500000,144386.0468750000,,,
29.9999999516,234,147218.2343750000,193132.1875000000,173162.0468750000,148530.0000000000,120080.1250000000,152169.2500000000,133620.0000000000,144654.6875000000,,,
30.0039999515,234,146976.6562500000,192159.7500000000,173069.7187500000,148255.5000000000,119844.0390625000,151943.0312500000,133409.4687500000,144525.2500000000,,,
30.0079999515,234,146451.5312500000,194463.2343750000,171889.8750000000,147633.1562500000,119332.7812500000,151449.8281250000,132932.2031250000,144166.0937500000,,,
30.0119999514,234,146377.3125000000,196903.8906250000,171400.3750000000,147548.2343750000,119258.6171875000,151375.3125000000,132857.6406250000,144083.9687500000,,,
30.0159999514,234,146842.1875000000,196099.5156250000,172161.3906250000,148090.7343750000,119709.7968750000,151810.9062500000,133275.9843750000,144372.0156250000,,,
30.0199999516,234,147212.5468750000,193141.8750000000,173151.2812500000,148533.3281250000,120068.8359375000,152163.0312500000,133613.7968750000,144640.9062500000,,,
30.0239999515,234,146975.0625000000,192148.6250000000,173066.0468750000,148260.2187500000,119834.1171875000,151938.0937500000,133397.0781250000,144516.1562500000,,,
30.0279999515,234,146453.5468750000,194446.4687500000,171893.0937500000,147638.4062500000,119325.7812500000,151445.8906250000,132921.5468750000,144165.3750000000,,,
30.0319999515,234,146382.3750000000,196897.0000000000,171399.4218750000,147555.8750000000,119254.4609375000,151374.2187500000,132849.3281250000,144089.2500000000,,,
30.0359999514,234,146846.5625000000,196108.0000000000,172156.9687500000,148097.0156250000,119706.9765625000,151810.2031250000,133266.3437500000,144379.7343750000,,,
30.0399999516,234,147223.0625000000,193154.9687500000,173154.9687500000,148545.3906250000,120072.5390625000,152165.1250000000,133611.9531250000,144656.3593750000,,,
30.0439999516,234,146989.4687500000,192148.8593750000,173080.7187500000,148275.3437500000,119844.4921875000,151946.1093750000,133407.7031250000,144534.4531250000,,,
30.0479999515,234,146473.3906250000,194429.1718750000,171911.2968750000,147652.2968750000,119345.0703125000,151460.9843750000,132943.0625000000,144186.2968750000,,,
30.0519999515,234,146392.3125000000,196889.2656250000,171407.2343750000,147557.6250000000,119265.5390625000,151378.8750000000,132862.4843750000,144099.6562500000,,,
30.0559999514,234,146850.8281250000,196123.5312500000,172158.8125000000,148093.0625000000,119714.0859375000,151810.0781250000,133276.2812500000,144384.3281250000,,,
30.0599999514,234,147226.3593750000,193164.8906250000,173155.7343750000,148541.5625000000,120080.7968750000,152165.9687500000,133623.0000000000,144659.0156250000,,,
30.0639999516,234,146998.5625000000,192137.2031250000,173091.2656250000,148277.3437500000,119860.1875000000,151953.8906250000,133423.5625000000,144542.7031250000,,,
30.0679999515,234,146481.0312500000,194412.4843750000,171927.0000000000,147655.5781250000,119358.5625000000,151462.5625000000,132955.5156250000,144194.6093750000,,,
30.0719999515,234,146387.0781250000,196890.0781250000,171414.0000000000,147549.6718750000,119265.9453125000,151367.2187500000,132863.6406250000,144095.9062500000,,,
30.0759999515,234,146840.7968750000,196136.7812500000,172149.5156250000,148079.1718750000,119710.5156250000,151797.3906250000,133276.1718750000,144376.1406250000,,,
30.0799999514,235,147222.3750000000,193172.1875000000,173145.4062500000,148530.8125000000,120083.7187500000,152160.9531250000,133628.0781250000,144654.6562500000,,,
30.0839999514,235,146994.3593750000,192127.8125000000,173087.8281250000,148268.7812500000,119861.7109375000,151949.3906250000,133427.3593750000,144537.5625000000,,,
30.0879999513,235,146467.8125000000,194402.0625000000,171919.8593750000,147647.1562500000,119350.8359375000,151458.1718750000,132952.5000000000,144182.2968750000,,,
30.0919999513,235,146376.9062500000,196902.4062500000,171396.6406250000,147544.7500000000,119261.8359375000,151371.1875000000,132863.5312500000,144088.3125000000,,,
30.0959999512,235,146834.5000000000,196176.6093750000,172129.9062500000,148080.4687500000,119708.2421875000,151804.5156250000,133274.8750000000,144370.5625000000,,,
30.0999999512,235,147219.9218750000,193203.0781250000,173125.4843750000,148541.6718750000,120084.3125000000,152170.9843750000,133630.8125000000,144651.7968750000,,,
30.1039999514,235,146994.2500000000,192125.6718750000,173073.8750000000,148284.0937500000,119863.8359375000,151960.8750000000,133433.7500000000,144535.1718750000,,,
30.1079999513,235,146465.3125000000,194392.2656250000,171910.9531250000,147648.1093750000,119348.6328125000,151462.5156250000,132953.8750000000,144178.2968750000,,,
30.1119999513,235,146369.3125000000,196905.5000000000,171379.9843750000,147534.5312500000,119253.0703125000,151362.8906250000,132856.8906250000,144081.3750000000,,,
30.1159999513,235,146830.1562500000,196184.1718750000,172108.8750000000,148074.5312500000,119703.2734375000,151793.1562500000,133270.3437500000,144365.7343750000,,,
30.1199999512,235,147213.6718750000,193197.5781250000,173105.6875000000,148531.1250000000,120079.2421875000,152159.4843750000,133626.0625000000,144643.9375000000,,,
30.1239999514,235,146994.2187500000,192105.0937500000,173068.0781250000,148281.2812500000,119864.5859375000,151956.3593750000,133433.6875000000,144535.5000000000,,,
30.1279999514,235,146471.8906250000,194370.1718750000,171914.8906250000,147656.6718750000,119356.7109375000,151465.5468750000,132961.1093750000,144184.7187500000,,,
30.1319999513,235,146376.9843750000,196911.4531250000,171382.8281250000,147542.5468750000,119264.9531250000,151370.7031250000,132868.8281250000,144088.5781250000,,,
30.1359999513,235,146838.7656250000,196216.4843750000,172108.3906250000,148074.8906250000,119715.9921875000,151802.9062500000,133281.4843750000,144374.9375000000,,,
30.1399999512,235,147232.8906250000,193225.1875000000,173109.8750000000,148542.2656250000,120097.1093750000,152175.3906250000,133638.6093750000,144661.6718750000,,,
30.1439999512,235,147015.1406250000,192106.2812500000,173081.0625000000,148295.8906250000,119883.7656250000,151973.6093750000,133447.2656250000,144553.8906250000,,,
30.1479999514,235,146486.1250000000,194364.0468750000,171931.8750000000,147668.5625000000,119369.7421875000,151477.1093750000,132967.8750000000,144198.7656250000,,,
30.1519999513,235,146387.5781250000,196922.7500000000,171394.5937500000,147547.7500000000,119270.9843750000,151376.2500000000,132868.2500000000,144098.5000000000,,,
30.1559999513,235,146843.4843750000,196247.3125000000,172114.4062500000,148069.9687500000,119714.8671875000,151800.7968750000,133273.5625000000,144376.2968750000,,,
30.1599999513,235,147238.7812500000,193247.5312500000,173116.3437500000,148540.0312500000,120099.7578125000,152178.3437500000,133634.2968750000,144663.4375000000,,,
30.1639999512,235,147024.2812500000,192103.0781250000,173097.5625000000,148298.2812500000,119890.9765625000,151980.1875000000,133446.2500000000,144559.0625000000,,,
30.1679999514,235,146491.5000000000,194344.4218750000,171947.0781250000,147671.7500000000,119374.3046875000,151479.1406250000,132962.7812500000,144198.6562500000,,,
30.1719999514,235,146382.8125000000,196901.2031250000,171398.7656250000,147547.0468750000,119267.8750000000,151368.4687500000,132854.5468750000,144089.8906250000,,,
30.1759999513,235,146830.8281250000,196237.9218750000,172110.8281250000,148070.2500000000,119706.3359375000,151787.8437500000,133256.8906250000,144360.6406250000,,,
30.1799999513,235,147228.5937500000,193239.2968750000,173115.5000000000,148542.6562500000,120094.2109375000,152165.4375000000,133620.3750000000,144646.4531250000,,,
30.1839999512,235,147019.7812500000,192083.0156250000,173102.5781250000,148303.4062500000,119888.3515625000,151973.2812500000,133431.9843750000,144543.7343750000,,,
30.1879999512,235,146497.9375000000,194300.0000000000,171959.5781250000,147671.3437500000,119379.0781250000,151482.9843750000,132954.2812500000,144197.4218750000,,,
30.1919999514,235,146390.4843750000,196859.8437500000,171408.9843750000,147542.7656250000,119273.1015625000,151377.1875000000,132847.3437500000,144097.5156250000,,,
30.1959999513,235,146837.0156250000,196233.7343750000,172117.2187500000,148067.0468750000,119709.7109375000,151798.8125000000,133246.4687500000,144374.0000000000,,,
30.1999999513,235,147235.2500000000,193266.8437500000,173121.9687500000,148536.0625000000,120095.6875000000,152179.5781250000,133609.0781250000,144663.2968750000,,,
30.2039999512,235,147029.3593750000,192102.3906250000,173118.4531250000,148302.1406250000,119891.0312500000,151985.9531250000,133423.8281250000,144562.0156250000,,,
30.2079999512,236,146504.5000000000,194296.8593750000,171979.6250000000,147676.1250000000,119379.5859375000,151491.3437500000,132946.1718750000,144210.5625000000,,,
30.2119999512,236,146393.6718750000,196860.7343750000,171421.0468750000,147545.5468750000,119269.9687500000,151378.2968750000,132837.9218750000,144104.5625000000,,,
30.2159999511,236,146834.1406250000,196260.4062500000,172120.8125000000,148060.0000000000,119700.9140625000,151790.5000000000,133234.5156250000,144371.0781250000,,,
30.2199999511,236,147229.7656250000,193308.4687500000,173126.6718750000,148529.4687500000,120087.5312500000,152165.9218750000,133597.4218750000,144653.3281250000,,,
30.2239999510,236,147033.4687500000,192125.8593750000,173132.5156250000,148306.3593750000,119895.9375000000,151979.9687500000,133424.5781250000,144558.4843750000,,,
30.2279999510,236,146507.5625000000,194285.6250000000,171991.2656250000,147680.4843750000,119386.3984375000,151484.6406250000,132947.5156250000,144206.4062500000,,,
30.2319999512,236,146386.2187500000,196838.5000000000,171417.9062500000,147547.6093750000,119266.2656250000,151364.6875000000,132831.1406250000,144094.7031250000,,,
30.2359999511,236,146829.2187500000,196257.9062500000,172114.8593750000,148066.2968750000,119695.3671875000,151777.5937500000,133226.8437500000,144366.5468750000,,,
30.2399999511,236,147227.3593750000,193328.9375000000,173130.0781250000,148534.4843750000,120080.9843750000,152156.0468750000,133591.2187500000,144656.4375000000,,,
30.2439999511,236,147030.3750000000,192136.9531250000,173145.0937500000,148306.6562500000,119887.6015625000,151972.7968750000,133416.8750000000,144564.0625000000,,,
30.2479999510,236,146504.7187500000,194271.8593750000,171999.1718750000,147677.1875000000,119379.2109375000,151479.5468750000,132940.7031250000,144211.2343750000,,,
30.2519999512,236,146387.0468750000,196816.0468750000,171415.8125000000,147538.7656250000,119263.6875000000,151367.8906250000,132828.8906250000,144099.6406250000,,,
30.2559999512,236,146819.8281250000,196255.2812500000,172105.0156250000,148048.9531250000,119685.9218750000,151777.4062500000,133218.3593750000,144359.8125000000,,,
30.2599999511,236,147215.5000000000,193342.1093750000,173121.3750000000,148522.1718750000,120072.3750000000,152154.0937500000,133583.7968750000,144643.7187500000,,,
30.2639999511,236,147020.8281250000,192137.7968750000,173143.5937500000,148301.3125000000,119881.6953125000,151971.4375000000,133412.5625000000,144547.5156250000,,,
30.2679999510,236,146507.0312500000,194239.8906250000,172000.5625000000,147688.4062500000,119379.9062500000,151485.8437500000,132943.7812500000,144200.2500000000,,,
30.2719999510,236,146386.2968750000,196771.5781250000,171408.8906250000,147543.0781250000,119258.9921875000,151368.0937500000,132825.2343750000,144087.0000000000,,,
30.2759999512,236,146819.2031250000,196230.0156250000,172096.5312500000,148051.5937500000,119681.9765625000,151772.6562500000,133214.0468750000,144352.8125000000,,,
30.2799999511,236,147220.1093750000,193352.4843750000,173126.7968750000,148527.5625000000,120074.6250000000,152152.1093750000,133585.0000000000,144645.5937500000,,,
30.2839999511,236,147027.6406250000,192155.7656250000,173161.6406250000,148307.6718750000,119885.5859375000,151973.9375000000,133413.2500000000,144555.2343750000,,,
30.2879999510,236,146508.3125000000,194227.3593750000,172011.7187500000,147685.4843750000,119380.0937500000,151482.7968750000,132938.8593750000,144206.5156250000,,,
30.2919999510,236,146386.6250000000,196734.3437500000,171404.7343750000,147538.9843750000,119260.8203125000,151361.9843750000,132824.4062500000,144092.9218750000,,,
30.2959999512,236,146810.1718750000,196220.2187500000,172086.0156250000,148041.4375000000,119674.6562500000,151760.4531250000,133207.9375000000,144350.4687500000,,,
30.2999999512,236,147200.2187500000,193382.9531250000,173118.4531250000,148515.0000000000,120054.8593750000,152133.6562500000,133565.4218750000,144630.4375000000,,,
30.3039999511,236,147012.4843750000,192182.2656250000,173162.4218750000,148301.8437500000,119871.0468750000,151961.1875000000,133398.9062500000,144539.7500000000,,,
30.3079999511,236,146499.1093750000,194206.1250000000,172008.9843750000,147680.2500000000,119373.7109375000,151480.4062500000,132931.3437500000,144194.5625000000,,,
30.3119999510,236,146370.7968750000,196675.6562500000,171384.1406250000,147532.3750000000,119247.4062500000,151356.3281250000,132809.3906250000,144077.1562500000,,,
30.3159999510,236,146784.8281250000,196190.8437500000,172062.5000000000,148024.2656250000,119651.4296875000,151748.3281250000,133184.1875000000,144330.1093750000,,,
30.3199999512,236,147182.5156250000,193403.6875000000,173106.6562500000,148498.0781250000,120038.8750000000,152124.3437500000,133548.9218750000,144618.5312500000,,,
30.3239999511,236,147010.9375000000,192212.1718750000,173165.6406250000,148298.3125000000,119871.7968750000,151964.7343750000,133397.3281250000,144541.0156250000,,,
30.3279999511,236,146498.0156250000,194193.9218750000,172012.1562500000,147680.3906250000,119375.4609375000,151484.6406250000,132932.8750000000,144196.1718750000,,,
30.3319999510,236,146369.4218750000,196632.4531250000,171375.4843750000,147524.7656250000,119248.5859375000,151357.4218750000,132808.2812500000,144076.7343750000,,,
30.3359999510,237,146787.7968750000,196170.9218750000,172053.1875000000,148016.2812500000,119654.2421875000,151748.0937500000,133180.6562500000,144330.5156250000,,,
30.3399999510,237,147191.6093750000,193437.9843750000,173113.5000000000,148497.9531250000,120045.0468750000,152128.8281250000,133549.2500000000,144622.7500000000,,,
30.3439999509,237,147025.7968750000,192256.9843750000,173189.2187500000,148303.2187500000,119881.7265625000,151974.6250000000,133404.8125000000,144549.4375000000,,,
30.3479999509,237,146513.6562500000,194183.3281250000,172025.8125000000,147685.4843750000,119384.4687500000,151495.3750000000,132938.6406250000,144203.8593750000,,,
30.3519999508,237,146382.0312500000,196588.2500000000,171371.0781250000,147532.8125000000,119252.3437500000,151364.5000000000,132808.2031250000,144083.2656250000,,,
30.3559999508,237,146795.4218750000,196153.2968750000,172045.2812500000,148022.8437500000,119653.5468750000,151747.8125000000,133178.5937500000,144335.9687500000,,,
30.3599999510,237,147197.8281250000,193463.8125000000,173117.2812500000,148506.7187500000,120046.5156250000,152127.3593750000,133548.9531250000,144628.7812500000,,,
30.3639999509,237,147032.2812500000,192283.4531250000,173196.7500000000,148311.3437500000,119888.1640625000,151975.2968750000,133406.4375000000,144555.3437500000,,,
30.3679999509,237,146526.0625000000,194171.0937500000,172029.8593750000,147693.6406250000,119400.2109375000,151502.6718750000,132950.0937500000,144212.6875000000,,,
30.3719999508,237,146394.1875000000,196540.8281250000,171363.4843750000,147534.5781250000,119270.7187500000,151376.2812500000,132826.8125000000,144095.8593750000,,,
30.3759999508,237,146801.3437500000,196128.6250000000,172035.4843750000,148019.7031250000,119665.5625000000,151757.1250000000,133194.2500000000,144348.1718750000,,,
30.3799999510,237,147196.4062500000,193497.6093750000,173120.6875000000,148501.1406250000,120050.5390625000,152129.3125000000,133555.9218750000,144635.5468750000,,,
30.3839999510,237,147030.1562500000,192333.6250000000,173214.3750000000,148309.2500000000,119889.9609375000,151976.5781250000,133411.9687500000,144559.5000000000,,,
30.3879999509,237,146528.0468750000,194165.0000000000,172035.4062500000,147694.1093750000,119405.6875000000,151509.5625000000,132962.5156250000,144218.8906250000,,,
30.3919999509,237,146395.4687500000,196485.4062500000,171350.0781250000,147536.2343750000,119273.9921875000,151379.8437500000,132837.7343750000,144098.9062500000,,,
30.3959999508,237,146792.9687500000,196102.4687500000,172022.6718750000,148012.4218750000,119659.3437500000,151753.5312500000,133194.5781250000,144345.2656250000,,,
30.3999999508,237,147186.7187500000,193521.8125000000,173115.9687500000,148490.6250000000,120044.1015625000,152128.3750000000,133557.3437500000,144635.2187500000,,,
30.4039999510,237,147020.2656250000,192365.6718750000,173216.4375000000,148302.3906250000,119883.0078125000,151977.0625000000,133412.6406250000,144557.7500000000,,,
30.4079999509,237,146520.1406250000,194152.9062500000,172033.8281250000,147691.4687500000,119399.6484375000,151513.7656250000,132960.6406250000,144217.2500000000,,,
30.4119999509,237,146378.2500000000,196432.0312500000,171325.3125000000,147526.1250000000,119258.0312500000,151373.4375000000,132821.2343750000,144088.8281250000,,,
30.4159999508,237,146771.4843750000,196066.6875000000,171990.2656250000,147998.9218750000,119637.5625000000,151736.2031250000,133170.7343750000,144329.4218750000,,,
30.4199999508,237,147162.2343750000,193543.9375000000,173096.3593750000,148479.3906250000,120017.0156250000,152105.8906250000,133528.7031250000,144612.0937500000,,,
30.4239999510,237,147009.7500000000,192402.9218750000,173209.2031250000,148307.7500000000,119868.9843750000,151965.9687500000,133395.3437500000,144544.1093750000,,,
30.4279999509,237,146530.3281250000,194144.8281250000,172025.8593750000,147713.9843750000,119404.1562500000,151515.2656250000,132958.7500000000,144218.9375000000,,,
30.4319999509,237,146399.0625000000,196386.8593750000,171313.7812500000,147547.0781250000,119272.3281250000,151384.0000000000,132831.6406250000,144099.5781250000,,,
30.4359999509,237,146788.4687500000,196053.2812500000,171983.7500000000,148016.9531250000,119647.8125000000,151745.8906250000,133177.6562500000,144340.3593750000,,,
30.4399999508,237,147184.8125000000,193593.9843750000,173111.1406250000,148496.5781250000,120031.3125000000,152120.6250000000,133538.5937500000,144631.5468750000,,,
30.4439999508,237,147037.1875000000,192462.9062500000,173240.7656250000,148323.2812500000,119887.5703125000,151987.0156250000,133410.3593750000,144566.8437500000,,,
30.4479999510,237,146556.0000000000,194151.8281250000,172046.7343750000,147729.5156250000,119420.8125000000,151539.8437500000,132974.1718750000,144238.8750000000,,,
30.4519999509,237,146404.0468750000,196346.7343750000,171307.5156250000,147549.3906250000,119269.5625000000,151392.8281250000,132830.4062500000,144103.8125000000,,,
30.4559999509,237,146782.3593750000,196031.7343750000,171971.8593750000,148014.2968750000,119636.4921875000,151748.2968750000,133171.5625000000,144337.9687500000,,,
30.4599999508,237,147173.4687500000,193634.4843750000,173112.9062500000,148494.4843750000,120017.3359375000,152121.2656250000,133532.7968750000,144625.9687500000,,,
30.4639999508,238,147031.6406250000,192522.7187500000,173253.6875000000,148324.1875000000,119881.3203125000,151991.4218750000,133412.7187500000,144564.6562500000,,,
30.4679999507,238,146550.4531250000,194158.5156250000,172050.2187500000,147712.6562500000,119418.5078125000,151537.5156250000,132976.6406250000,144233.3125000000,,,
30.4719999507,238,146404.3437500000,196311.5000000000,171296.0312500000,147529.9843750000,119275.3593750000,151391.6718750000,132836.7656250000,144104.4062500000,,,
30.4759999507,238,146783.1875000000,196022.4531250000,171961.7031250000,147994.2500000000,119641.0781250000,151742.7968750000,133178.1406250000,144343.7968750000,,,
30.4799999506,238,147176.6875000000,193677.7187500000,173114.5156250000,148481.7187500000,120021.6015625000,152113.4531250000,133541.5937500000,144636.3906250000,,,
30.4839999506,238,147041.7500000000,192574.4062500000,173266.1718750000,148319.5781250000,119889.6640625000,151987.8437500000,133421.2968750000,144579.4062500000,,,
30.4879999508,238,146564.0000000000,194158.5468750000,172057.2656250000,147721.4687500000,119431.8125000000,151539.2812500000,132988.6093750000,144247.8281250000,,,
30.4919999507,238,146419.0937500000,196255.8125000000,171289.3437500000,147543.2968750000,119293.2187500000,151403.0781250000,132854.6093750000,144116.4843750000,,,
30.4959999507,238,146791.1718750000,195986.1406250000,171956.5312500000,148010.5937500000,119652.1796875000,151749.6093750000,133187.0156250000,144348.3281250000,,,
30.4999999506,238,147174.4062500000,193706.4531250000,173126.0468750000,148474.4531250000,120023.2656250000,152109.2500000000,133538.9218750000,144629.9062500000,,,
30.5039999506,238,147038.9531250000,192624.0156250000,173290.7031250000,148309.6250000000,119892.4296875000,151984.2812500000,133422.8593750000,144568.2187500000,,,
30.5079999508,238,146570.3750000000,194151.7500000000,172072.6875000000,147717.2343750000,119441.8984375000,151542.8437500000,132998.4531250000,144242.3750000000,,,
30.5119999507,238,146421.3750000000,196196.3437500000,171283.5625000000,147541.7343750000,119297.0546875000,151398.2187500000,132856.1406250000,144110.7968750000,,,
30.5159999507,238,146796.1406250000,195948.5625000000,171947.8593750000,148004.0781250000,119658.8828125000,151745.9375000000,133192.7812500000,144349.9062500000,,,
30.5199999507,238,147182.5156250000,193738.6718750000,173130.6875000000,148481.1250000000,120030.8515625000,152107.1093750000,133545.5156250000,144637.2343750000,,,
30.5239999506,238,147051.0312500000,192684.8593750000,173306.8750000000,148324.9375000000,119901.4375000000,151987.1562500000,133429.5625000000,144578.8125000000,,,
30.5279999506,238,146579.9062500000,194156.0781250000,172075.3125000000,147729.7656250000,119448.6796875000,151550.0625000000,133003.3281250000,144250.9062500000,,,
30.5319999508,238,146428.6250000000,196136.1875000000,171262.9843750000,147540.6718750000,119301.8046875000,151406.3750000000,132861.0468750000,144117.0625000000,,,
30.5359999507,238,146788.6562500000,195908.8906250000,171924.1250000000,147990.6562500000,119647.0859375000,151743.4687500000,133182.0781250000,144345.8906250000,,,
30.5399999507,238,147170.2500000000,193772.1718750000,173126.4843750000,148470.6718750000,120016.2890625000,152103.8906250000,133531.7343750000,144630.3906250000,,,
30.5439999506,238,147041.9687500000,192737.2343750000,173317.0156250000,148322.0468750000,119893.3671875000,151988.1250000000,133420.1718750000,144573.4531250000,,,
30.5479999506,238,146580.4375000000,194151.9375000000,172080.3125000000,147739.7343750000,119451.2578125000,151560.3593750000,133005.7187500000,144249.5937500000,,,
30.5519999508,238,146431.8125000000,196076.8750000000,171251.0000000000,147552.1718750000,119306.5234375000,151413.7031250000,132867.1875000000,144116.8281250000,,,
30.5559999507,238,146786.1093750000,195872.0625000000,171912.7187500000,147996.9375000000,119648.2890625000,151736.3906250000,133184.1875000000,144341.8906250000,,,
30.5599999507,238,147163.7656250000,193802.5625000000,173132.3437500000,148474.4218750000,120012.0781250000,152090.3906250000,133531.8125000000,144626.2343750000,,,
30.5639999507,238,147033.9375000000,192795.9531250000,173335.6093750000,148323.5781250000,119887.0625000000,151975.7500000000,133420.4218750000,144568.7500000000,,,
30.5679999506,238,146573.8906250000,194169.2656250000,172087.7187500000,147744.7500000000,119447.1796875000,151553.1250000000,133005.0000000000,144247.7187500000,,,
30.5719999506,238,146414.1718750000,196061.5625000000,171235.8906250000,147541.5312500000,119292.6328125000,151401.8437500000,132855.4375000000,144109.3906250000,,,
30.5759999508,238,146761.8906250000,195869.5000000000,171888.6875000000,147980.6093750000,119628.7890625000,151725.6406250000,133167.4843750000,144333.0937500000,,,
30.5799999507,238,147138.6250000000,193838.2812500000,173116.9531250000,148460.7500000000,119993.3281250000,152082.8281250000,133514.8906250000,144615.7500000000,,,
30.5839999507,238,147020.6093750000,192836.7500000000,173336.2812500000,148320.0312500000,119881.1875000000,151979.1875000000,133416.9531250000,144564.9218750000,,,
30.5879999506,238,146562.2031250000,194170.4687500000,172088.0937500000,147735.3750000000,119442.7500000000,151554.5468750000,133004.5625000000,144239.3281250000,,,
30.5919999506,239,146410.4843750000,196021.4687500000,171225.1406250000,147543.6718750000,119296.0625000000,151404.1718750000,132861.2343750000,144104.8125000000,,,
30.5959999505,239,146755.5000000000,195842.1093750000,171877.8750000000,147971.1093750000,119627.7187500000,151721.4062500000,133165.8437500000,144325.0000000000,,,
30.5999999505,239,147136.0781250000,193841.0156250000,173120.6875000000,148450.2812500000,119992.6093750000,152077.7812500000,133512.7343750000,144611.3437500000,,,
30.6039999505,239,147018.1406250000,192845.8593750000,173351.4375000000,148308.1875000000,119878.1562500000,151968.5625000000,133411.7812500000,144560.4687500000,,,
30.6079999504,239,146575.3593750000,194161.4062500000,172110.6406250000,147732.5312500000,119454.6093750000,151557.5937500000,133012.6718750000,144248.9531250000,,,
30.6119999504,239,146428.3750000000,196000.9218750000,171238.3593750000,147539.5468750000,119309.9843750000,151413.9687500000,132871.2812500000,144117.8750000000,,,
30.6159999506,239,146765.9062500000,195835.4375000000,171880.2968750000,147965.0468750000,119629.5703125000,151720.7031250000,133166.7031250000,144329.3437500000,,,
30.6199999505,239,147142.3593750000,193861.4531250000,173124.9218750000,148439.9062500000,119989.6562500000,152071.2343750000,133508.8750000000,144609.5468750000,,,
30.6239999505,239,147038.9062500000,192868.6718750000,173371.6562500000,148312.7656250000,119887.5468750000,151975.4375000000,133417.5937500000,144570.5468750000,,,
30.6279999504,239,146596.9375000000,194159.4531250000,172131.3750000000,147744.7812500000,119461.8203125000,151563.9062500000,133014.6718750000,144259.7812500000,,,
30.6319999504,239,146444.1875000000,195980.8906250000,171246.8125000000,147549.8750000000,119313.0703125000,151413.9687500000,132869.5468750000,144124.3906250000,,,
30.6359999506,239,146780.7187500000,195834.2500000000,171889.0156250000,147985.5625000000,119637.6406250000,151724.6406250000,133172.3437500000,144339.0156250000,,,
30.6399999505,239,147152.7968750000,193893.5312500000,173145.9843750000,148458.3906250000,120000.1406250000,152076.6093750000,133520.5781250000,144620.0625000000,,,
30.6439999505,239,147039.4687500000,192909.0000000000,173405.0000000000,148325.9375000000,119891.9453125000,151976.1093750000,133422.7812500000,144575.3281250000,,,
30.6479999505,239,146589.5312500000,194163.8437500000,172157.6562500000,147748.5937500000,119461.1250000000,151558.4843750000,133012.9375000000,144254.0468750000,,,
30.6519999504,239,146430.6093750000,195947.6875000000,171253.1093750000,147547.0781250000,119304.5937500000,151404.0625000000,132860.4062500000,144113.6406250000,,,
30.6559999504,239,146760.9531250000,195813.2500000000,171889.4218750000,147970.4375000000,119619.1875000000,151708.2812500000,133153.9375000000,144325.7656250000,,,
30.6599999506,239,147136.1875000000,193915.2031250000,173157.1562500000,148456.3437500000,119979.8671875000,152060.2187500000,133497.7968750000,144608.2031250000,,,
30.6639999505,239,147032.7656250000,192933.8437500000,173423.2343750000,148331.0937500000,119880.8359375000,151967.8437500000,133411.8281250000,144567.9531250000,,,
30.6679999505,239,146589.6093750000,194140.8125000000,172169.6562500000,147754.2812500000,119458.9843750000,151560.5000000000,133012.7500000000,144252.6562500000,,,
30.6719999504,239,146430.2031250000,195888.1093750000,171254.2187500000,147547.0312500000,119305.5859375000,151408.0625000000,132863.4062500000,144113.2031250000,,,
30.6759999504,239,146759.3437500000,195777.3593750000,171886.7343750000,147962.6093750000,119620.9609375000,151709.8906250000,133156.6250000000,144325.8750000000,,,
30.6799999506,239,147132.0937500000,193942.8437500000,173166.0937500000,148440.9843750000,119979.8671875000,152058.9062500000,133494.3906250000,144607.8125000000,,,
30.6839999505,239,147035.6562500000,192984.4062500000,173447.1093750000,148324.4687500000,119889.0703125000,151971.5937500000,133414.0625000000,144571.8437500000,,,
30.6879999505,239,146601.4062500000,194148.0000000000,172191.9687500000,147756.8593750000,119476.1484375000,151569.7968750000,133024.3281250000,144263.1406250000,,,
30.6919999504,239,146444.9531250000,195843.8750000000,171261.0312500000,147552.1718750000,119323.5546875000,151416.4531250000,132875.1562500000,144126.1406250000,,,
30.6959999504,239,146774.2187500000,195754.2343750000,171898.3281250000,147966.3281250000,119635.6328125000,151711.9531250000,133163.1718750000,144338.2968750000,,,
30.6999999504,239,147141.2031250000,193973.1406250000,173187.0625000000,148437.1093750000,119989.1484375000,152055.6250000000,133499.3750000000,144615.2343750000,,,
30.7039999506,239,147045.4218750000,193036.2968750000,173477.6875000000,148322.5312500000,119900.0703125000,151972.9375000000,133416.9531250000,144581.1250000000,,,
30.7079999505,239,146614.2812500000,194150.8906250000,172214.5000000000,147756.9531250000,119490.3125000000,151577.5781250000,133029.1875000000,144274.7343750000,,,
30.7119999505,239,146448.4218750000,195796.0312500000,171260.7656250000,147541.7968750000,119328.7578125000,151421.3906250000,132874.6718750000,144131.4687500000,,,
30.7159999504,239,146763.4687500000,195714.9375000000,171884.3750000000,147955.1250000000,119627.5859375000,151712.0468750000,133155.9843750000,144336.0156250000,,,
30.7199999504,240,147130.5312500000,193986.7968750000,173184.9687500000,148432.7500000000,119980.0781250000,152058.0468750000,133493.5312500000,144616.0468750000,,,
30.7239999503,240,147041.8281250000,193074.9843750000,173491.9062500000,148323.5000000000,119897.2578125000,151982.7343750000,133420.0937500000,144586.9687500000,,,
30.7279999503,240,146616.6250000000,194152.6093750000,172229.3281250000,147766.4531250000,119492.1093750000,151589.4375000000,133033.6718750000,144281.2187500000,,,
30.7319999503,240,146449.0937500000,195750.4375000000,171260.5781250000,147550.9687500000,119326.9375000000,151423.4062500000,132873.0000000000,144129.9375000000,,,
30.7359999502,240,146755.8281250000,195678.0937500000,171877.7812500000,147953.7031250000,119618.8125000000,151703.6406250000,133145.7812500000,144326.4375000000,,,
30.7399999502,240,147116.9843750000,194005.8750000000,173190.9843750000,148427.3750000000,119968.1484375000,152044.1250000000,133481.8437500000,144602.5781250000,,,
30.7439999504,240,147033.7031250000,193119.1093750000,173511.7812500000,148324.8593750000,119891.9687500000,151972.9375000000,133415.4218750000,144577.4218750000,,,
30.7479999503,240,146611.3906250000,194165.4843750000,172243.8750000000,147769.4062500000,119491.1171875000,151591.5000000000,133034.6875000000,144276.9531250000,,,
30.7519999503,240,146444.4531250000,195731.0937500000,171254.7500000000,147555.4218750000,119326.6953125000,151433.9687500000,132875.4531250000,144131.0156250000,,,
30.7559999502,240,146750.7343750000,195672.1875000000,171866.9687500000,147956.9531250000,119616.4296875000,151713.0312500000,133146.4531250000,144329.5312500000,,,
30.7599999502,240,147108.7500000000,194034.4062500000,173185.8593750000,148427.6718750000,119958.8906250000,152044.8750000000,133473.7968750000,144600.1406250000,,,
30.7639999504,240,147027.2968750000,193156.3281250000,173517.1093750000,148327.5937500000,119881.5937500000,151972.9375000000,133407.0937500000,144573.5000000000,,,
30.7679999503,240,146610.8750000000,194181.6562500000,172245.7500000000,147773.6093750000,119486.1015625000,151592.7656250000,133035.5156250000,144271.3281250000,,,
30.7719999503,240,146444.2656250000,195713.1718750000,171237.5000000000,147556.3906250000,119323.9296875000,151433.7656250000,132881.2343750000,144122.9687500000,,,
30.7759999502,240,146743.6562500000,195653.6250000000,171841.3437500000,147950.8906250000,119607.8437500000,151711.3125000000,133147.9843750000,144318.1875000000,,,
30.7799999502,240,147107.0625000000,194043.3906250000,173176.2343750000,148431.3437500000,119955.4296875000,152054.6875000000,133478.9375000000,144597.2343750000,,,
30.7839999502,240,147031.0156250000,193175.1406250000,173526.6875000000,148336.0468750000,119882.2890625000,151980.5781250000,133410.6562500000,144575.5156250000,,,
30.7879999503,240,146615.4375000000,194175.0312500000,172256.7500000000,147779.7031250000,119489.1328125000,151596.9687500000,133036.9375000000,144276.4375000000,,,
30.7919999503,240,146446.2968750000,195685.3593750000,171235.6875000000,147554.1250000000,119328.1171875000,151439.6562500000,132883.3125000000,144127.2343750000,,,
30.7959999503,240,146750.0937500000,195635.7968750000,171830.7343750000,147951.0781250000,119616.0781250000,151712.2812500000,133152.4062500000,144322.6093750000,,,
30.7999999502,240,147119.1562500000,194053.7656250000,173174.1406250000,148433.3281250000,119969.1406250000,152051.7187500000,133487.2656250000,144603.6250000000,,,
30.8039999502,240,147038.0156250000,193198.5781250000,173537.6406250000,148333.0468750000,119892.2890625000,151977.6250000000,133418.4375000000,144575.8593750000,,,
30.8079999504,240,146621.5312500000,194176.5156250000,172266.0000000000,147777.0781250000,119497.2578125000,151593.1093750000,133042.0937500000,144275.4531250000,,,
30.8119999503,240,146448.8125000000,195649.7656250000,171220.8281250000,147551.0468750000,119330.2109375000,151427.0468750000,132879.5468750000,144123.4531250000,,,
30.8159999503,240,146748.0468750000,195608.2968750000,171806.7968750000,147945.6250000000,119613.3125000000,151698.1718750000,133143.6875000000,144319.1406250000,,,
30.8199999502,240,147111.9687500000,194068.9218750000,173160.8125000000,148426.8125000000,119960.1250000000,152034.0625000000,133475.0468750000,144597.7812500000,,,
30.8239999502,240,147035.6562500000,193231.5937500000,173539.0468750000,148332.0312500000,119889.5312500000,151967.2187500000,133411.9687500000,144575.6406250000,,,
30.8279999502,240,146619.1093750000,194179.8125000000,172266.6875000000,147777.0468750000,119496.0781250000,151587.0468750000,133038.2031250000,144270.8125000000,,,
30.8319999503,240,146448.4375000000,195622.1718750000,171210.6562500000,147549.2500000000,119332.7265625000,151427.5312500000,132880.2500000000,144120.9062500000,,,
30.8359999503,240,146741.8281250000,195591.4531250000,171790.5000000000,147940.0156250000,119612.2187500000,151693.5000000000,133142.0000000000,144312.8906250000,,,
30.8399999503,240,147100.5156250000,194081.2187500000,173145.1406250000,148417.0468750000,119956.0781250000,152028.5468750000,133473.7968750000,144587.6406250000,,,
30.8439999502,240,147026.0000000000,193252.3281250000,173534.0625000000,148327.3125000000,119886.4140625000,151963.8125000000,133416.6093750000,144566.3437500000,,,
30.8479999502,241,146618.1718750000,194170.0781250000,172265.3750000000,147780.0000000000,119500.1015625000,151587.2968750000,133051.4843750000,144268.9062500000,,,
30.8519999501,241,146450.4531250000,195580.2656250000,171200.7656250000,147552.8125000000,119338.5000000000,151425.2812500000,132893.2343750000,144121.2187500000,,,
30.8559999501,241,146739.3906250000,195550.7968750000,171767.9843750000,147937.2656250000,119611.1171875000,151683.0468750000,133146.0468750000,144308.1562500000,,,
30.8599999500,241,147098.5625000000,194085.7187500000,173132.5312500000,148415.1718750000,119953.6093750000,152015.2031250000,133472.8281250000,144583.9375000000,,,
30.8639999500,241,147028.7343750000,193281.8593750000,173541.1718750000,148338.5937500000,119887.2187500000,151956.0937500000,133414.6562500000,144563.8906250000,,,
30.8679999500,241,146624.4531250000,194165.4375000000,172271.0156250000,147791.5000000000,119506.2109375000,151586.7812500000,133053.1093750000,144269.1562500000,,,
30.8719999501,241,146453.2656250000,195537.6562500000,171187.4218750000,147557.6250000000,119342.8125000000,151424.5625000000,132892.7187500000,144119.5156250000,,,
30.8759999501,241,146737.9843750000,195529.4687500000,171756.1093750000,147933.4218750000,119612.9375000000,151684.6562500000,133143.1250000000,144307.9062500000,,,
30.8799999501,241,147104.2187500000,194111.6875000000,173136.0312500000,148416.1406250000,119962.7812500000,152024.5781250000,133474.8593750000,144594.0937500000,,,
30.8839999500,241,147043.0312500000,193326.4687500000,173559.4375000000,148341.9218750000,119905.5937500000,151969.5781250000,133425.3281250000,144582.9687500000,,,
30.8879999500,241,146645.7812500000,194181.3437500000,172292.8437500000,147802.6875000000,119529.8203125000,151605.1562500000,133069.1093750000,144291.5937500000,,,
30.8919999502,241,146472.2656250000,195514.5781250000,171193.0937500000,147561.7031250000,119361.7500000000,151436.8437500000,132907.7968750000,144139.0156250000,,,
30.8959999501,241,146756.7656250000,195505.7812500000,171754.9843750000,147939.1562500000,119628.6015625000,151690.5781250000,133156.9375000000,144326.3125000000,,,
30.8999999501,241,147103.9218750000,194134.4218750000,173142.0312500000,148405.8125000000,119958.3515625000,152009.1718750000,133474.8125000000,144592.8125000000,,,
30.9039999500,241,147048.7187500000,193373.4375000000,173579.3437500000,148340.2343750000,119906.7500000000,151959.6093750000,133433.9375000000,144582.8281250000,,,
30.9079999500,241,146656.0937500000,194194.0781250000,172314.0312500000,147800.5937500000,119536.4453125000,151601.2343750000,133080.0781250000,144294.3281250000,,,
30.9119999500,241,146482.7968750000,195476.5468750000,171202.3906250000,147565.0000000000,119371.3281250000,151436.0468750000,132915.4375000000,144142.2812500000,,,
30.9159999501,241,146752.0937500000,195475.5781250000,171753.3750000000,147930.5781250000,119626.2187500000,151675.6718750000,133152.2500000000,144318.0937500000,,,
30.9199999501,241,147103.8125000000,194157.3593750000,173148.9843750000,148406.6406250000,119960.2578125000,152001.5000000000,133471.0625000000,144591.6875000000,,,
30.9239999501,241,147046.9843750000,193420.5000000000,173595.6562500000,148337.9062500000,119905.6796875000,151954.0312500000,133427.6250000000,144582.1875000000,,,
30.9279999500,241,146659.1250000000,194210.2812500000,172328.9531250000,147804.9218750000,119542.0234375000,151605.0781250000,133085.5468750000,144299.1875000000,,,
30.9319999500,241,146486.7500000000,195447.3750000000,171202.6875000000,147569.5000000000,119377.7890625000,151443.7968750000,132927.5937500000,144148.3125000000,,,
30.9359999502,241,146751.8593750000,195456.3281250000,171747.8750000000,147932.3750000000,119626.1328125000,151679.7187500000,133161.1875000000,144322.3906250000,,,
30.9399999501,241,147101.7812500000,194185.3593750000,173151.3437500000,148407.7656250000,119959.1562500000,152004.0000000000,133484.1250000000,144595.0625000000,,,
30.9439999501,241,147044.5625000000,193478.5937500000,173613.4843750000,148333.3125000000,119904.3593750000,151956.3906250000,133436.5156250000,144583.3437500000,,,
30.9479999500,241,146663.7187500000,194230.8750000000,172343.6406250000,147804.8125000000,119543.2031250000,151610.9218750000,133088.9218750000,144302.3593750000,,,
30.9519999500,241,146492.7343750000,195418.2968750000,171200.4843750000,147570.3593750000,119377.4687500000,151453.2656250000,132925.3125000000,144155.0000000000,,,
30.9559999499,241,146753.0312500000,195428.9687500000,171739.4062500000,147932.1875000000,119621.6562500000,151688.9531250000,133153.3281250000,144328.0468750000,,,
30.9599999501,241,147094.6093750000,194205.2031250000,173148.7968750000,148406.5156250000,119946.2578125000,152006.3281250000,133463.0937500000,144594.4531250000,,,
30.9639999501,241,147039.0156250000,193520.7343750000,173624.7500000000,148342.9687500000,119894.6015625000,151960.3281250000,133417.5000000000,144583.2031250000,,,
30.9679999501,241,146659.2656250000,194244.7656250000,172360.4843750000,147811.2500000000,119538.4843750000,151614.1875000000,133078.0312500000,144300.0156250000,,,
30.9719999500,241,146486.0781250000,195390.1562500000,171203.0625000000,147573.5312500000,119372.0000000000,151448.3437500000,132914.7343750000,144145.4531250000,,,
30.9759999500,242,146743.2500000000,195403.2656250000,171734.0156250000,147930.5000000000,119609.9921875000,151675.5000000000,133135.0781250000,144312.5937500000,,,
30.9799999499,242,147078.1250000000,194219.8750000000,173149.5156250000,148391.7343750000,119924.3750000000,151983.8750000000,133437.5625000000,144573.4218750000,,,
30.9839999499,242,147034.2656250000,193558.4531250000,173638.5312500000,148339.2656250000,119880.8359375000,151947.7500000000,133400.8437500000,144573.2656250000,,,
30.9879999498,242,146657.7968750000,194256.0937500000,172368.5937500000,147815.1718750000,119525.7109375000,151607.2500000000,133062.5625000000,144291.8906250000,,,
30.9919999498,242,146479.8281250000,195362.9843750000,171187.2187500000,147574.0312500000,119352.4140625000,151435.6718750000,132895.0312500000,144130.6406250000,,,
30.9959999498,242,146732.0312500000,195373.5000000000,171702.7656250000,147926.4218750000,119587.9921875000,151661.5000000000,133120.4375000000,144298.0156250000,,,
30.9999999499,242,147073.6093750000,194221.4687500000,173128.9375000000,148401.0468750000,119913.7500000000,151973.2656250000,133433.3437500000,144565.8593750000,,,
31.0039999499,242,147033.6562500000,193579.7656250000,173639.2031250000,148350.2187500000,119876.4921875000,151931.3906250000,133394.0000000000,144565.3125000000,,,
31.0079999499,242,146662.5625000000,194245.9062500000,172375.7500000000,147828.3281250000,119530.0859375000,151592.5156250000,133058.7500000000,144286.5781250000,,,
31.0119999498,242,146486.9375000000,195311.3281250000,171187.7968750000,147583.5781250000,119366.7421875000,151437.0000000000,132908.8437500000,144133.8593750000,,,
31.0159999498,242,146739.2187500000,195323.9375000000,171699.7031250000,147926.7500000000,119604.4375000000,151660.2656250000,133135.6250000000,144304.2031250000,,,
31.0199999500,242,147085.0625000000,194216.0781250000,173142.6250000000,148401.9218750000,119933.1171875000,151978.2500000000,133453.1718750000,144579.6406250000,,,
31.0239999499,242,147046.8750000000,193603.3437500000,173667.9062500000,148347.8437500000,119895.2656250000,151949.4687500000,133422.7187500000,144583.3750000000,,,
31.0279999499,242,146677.3750000000,194251.5781250000,172402.7031250000,147821.4375000000,119548.0859375000,151615.4218750000,133085.4062500000,144306.6718750000,,,
31.0319999498,242,146502.9687500000,195278.5000000000,171191.6406250000,147577.2500000000,119385.1093750000,151456.4218750000,132927.5937500000,144153.6875000000,,,
31.0359999498,242,146751.5625000000,195303.4062500000,171696.5625000000,147924.6718750000,119618.7343750000,151681.9687500000,133152.4062500000,144323.2031250000,,,
31.0399999497,242,147091.4531250000,194241.9531250000,173148.7656250000,148400.9375000000,119939.3906250000,151995.1250000000,133462.8437500000,144594.3750000000,,,
31.0439999499,242,147050.6250000000,193651.9218750000,173689.4531250000,148356.5468750000,119900.7421875000,151968.5937500000,133438.1250000000,144593.8593750000,,,
31.0479999499,242,146688.4531250000,194277.9218750000,172423.5000000000,147838.2812500000,119561.7890625000,151641.5312500000,133113.1718750000,144320.5625000000,,,
31.0519999499,242,146511.4843750000,195279.5937500000,171195.7500000000,147583.9531250000,119392.8906250000,151472.5781250000,132943.6875000000,144163.9531250000,,,
31.0559999498,242,146752.8750000000,195307.5781250000,171688.0312500000,147923.1562500000,119620.3437500000,151691.8906250000,133160.9375000000,144328.1875000000,,,
31.0599999498,242,147084.1875000000,194280.0156250000,173142.8906250000,148392.5625000000,119933.6796875000,151998.3125000000,133464.8125000000,144592.4375000000,,,
31.0639999500,242,147049.6093750000,193699.1250000000,173693.3281250000,148354.5312500000,119901.6250000000,151970.9843750000,133436.5625000000,144598.7343750000,,,
31.0679999499,242,146683.1406250000,194290.8750000000,172422.2968750000,147835.1406250000,119558.7890625000,151637.3125000000,133103.1718750000,144321.8593750000,,,
31.0719999499,242,146508.9218750000,195249.2656250000,171176.6250000000,147582.5625000000,119391.6875000000,151469.4062500000,132937.3437500000,144165.0312500000,,,
31.0759999498,242,146749.3906250000,195278.6562500000,171663.7812500000,147915.6093750000,119613.7734375000,151678.6250000000,133146.5312500000,144325.8281250000,,,
31.0799999498,242,147082.2031250000,194282.0000000000,173126.9531250000,148383.5468750000,119927.1093750000,151981.5000000000,133449.9687500000,144590.4843750000,,,
31.0839999497,242,147053.2343750000,193716.4531250000,173694.3281250000,148352.9531250000,119900.5546875000,151957.4687500000,133429.5312500000,144596.5937500000,,,
31.0879999499,242,146692.7343750000,194295.0625000000,172432.6718750000,147841.3906250000,119565.6250000000,151631.5000000000,133105.7968750000,144321.5625000000,,,
31.0919999499,242,146521.8906250000,195232.5468750000,171179.1406250000,147588.6562500000,119405.7421875000,151470.4843750000,132942.4531250000,144169.3750000000,,,
31.0959999498,242,146750.7343750000,195268.6718750000,171653.5625000000,147913.2500000000,119618.9765625000,151670.7031250000,133140.5312500000,144322.8750000000,,,
31.0999999498,242,147075.9531250000,194297.5781250000,173120.8750000000,148380.1718750000,119925.8984375000,151968.6250000000,133438.6093750000,144579.9843750000,,,
31.1039999498,243,147041.6093750000,193741.1093750000,173698.5937500000,148351.2031250000,119892.4531250000,151939.9687500000,133414.0937500000,144583.8593750000,,,
31.1079999497,243,146672.7656250000,194294.6406250000,172431.0937500000,147831.1562500000,119546.3671875000,151608.6718750000,133083.3437500000,144302.4375000000,,,
31.1119999497,243,146493.8593750000,195205.1875000000,171158.8281250000,147576.3125000000,119377.0625000000,151435.4218750000,132917.0468750000,144140.0000000000,,,
31.1159999496,243,146733.8906250000,195248.9687500000,171630.7968750000,147912.9531250000,119599.5312500000,151641.8750000000,133126.3125000000,144301.2812500000,,,
31.1199999496,243,147071.0468750000,194303.2968750000,173110.0937500000,148386.9531250000,119917.2656250000,151950.3593750000,133434.1718750000,144569.1562500000,,,
31.1239999495,243,147048.4531250000,193765.6562500000,173706.5312500000,148359.1406250000,119895.6484375000,151931.0468750000,133415.6093750000,144581.4375000000,,,
31.1279999497,243,146706.6875000000,194312.0937500000,172456.8437500000,147855.9375000000,119577.5312500000,151620.1406250000,133107.1562500000,144322.9062500000,,,
31.1319999497,243,146529.1718750000,195217.1250000000,171182.7812500000,147597.5000000000,119408.2890625000,151453.6093750000,132940.7812500000,144164.7343750000,,,
31.1359999496,243,146756.9531250000,195265.7343750000,171643.1406250000,147926.5000000000,119618.8437500000,151659.2343750000,133140.2812500000,144319.8125000000,,,
31.1399999496,243,147085.3906250000,194325.0312500000,173117.1406250000,148400.9062500000,119926.4921875000,151962.4218750000,133440.8750000000,144582.5156250000,,,
31.1439999496,243,147057.9843750000,193781.5781250000,173718.9843750000,148374.7343750000,119900.1484375000,151946.9218750000,133424.9843750000,144592.8906250000,,,
31.1479999498,243,146710.3906250000,194317.2968750000,172472.9062500000,147874.6250000000,119576.6484375000,151638.3593750000,133114.7500000000,144330.8125000000,,,
31.1519999497,243,146519.5156250000,195212.7812500000,171180.8281250000,147604.6406250000,119396.4062500000,151462.9687500000,132938.3437500000,144162.2031250000,,,
31.1559999497,243,146745.3593750000,195259.2343750000,171623.2812500000,147921.4843750000,119606.5859375000,151663.8125000000,133137.8750000000,144314.4843750000,,,
31.1599999496,243,147076.9687500000,194329.2343750000,173101.2968750000,148396.4218750000,119918.3125000000,151963.8750000000,133437.5781250000,144577.2812500000,,,
31.1639999496,243,147057.9843750000,193789.1406250000,173719.0000000000,148377.9687500000,119900.7109375000,151948.4218750000,133424.2812500000,144593.7187500000,,,
31.1679999495,243,146707.0312500000,194315.0937500000,172477.7343750000,147873.2031250000,119573.4062500000,151633.3906250000,133111.1093750000,144328.3437500000,,,
31.1719999497,243,146521.0468750000,195202.7812500000,171179.1875000000,147607.6093750000,119399.5156250000,151463.1875000000,132942.7187500000,144164.9687500000,,,
31.1759999497,243,146742.8125000000,195261.4687500000,171616.5781250000,147922.6406250000,119604.7031250000,151661.3125000000,133140.1562500000,144313.5625000000,,,
31.1799999496,243,147072.6562500000,194342.8906250000,173092.0156250000,148393.3125000000,119913.4843750000,151961.8593750000,133441.0781250000,144575.5625000000,,,
31.1839999496,243,147059.2656250000,193796.8125000000,173717.4687500000,148375.1093750000,119900.7421875000,151954.1406250000,133433.6406250000,144595.0625000000,,,
31.1879999496,243,146717.7343750000,194314.3437500000,172484.2968750000,147875.4062500000,119584.1093750000,151645.3281250000,133125.5937500000,144337.1406250000,,,
31.1919999497,243,146528.1406250000,195196.0156250000,171181.8750000000,147603.4843750000,119407.2421875000,151462.0781250000,132949.8281250000,144166.8281250000,,,
31.1959999497,243,146744.0468750000,195263.7656250000,171610.8125000000,147913.2187500000,119609.6640625000,151655.3125000000,133142.0312500000,144312.2500000000,,,
31.1999999497,243,147073.5312500000,194352.0937500000,173087.8593750000,148381.0000000000,119922.4921875000,151970.0625000000,133447.7031250000,144578.3593750000,,,
31.2039999496,243,147060.1718750000,193808.3437500000,173727.6718750000,148367.3437500000,119909.7500000000,151959.6562500000,133434.9531250000,144600.2187500000,,,
31.2079999496,243,146716.8750000000,194321.1875000000,172503.0468750000,147869.1093750000,119589.7656250000,151648.7343750000,133125.3437500000,144340.1718750000,,,
31.2119999495,243,146533.5000000000,195203.1250000000,171190.8906250000,147604.2656250000,119416.5468750000,151481.1875000000,132958.9218750000,144179.3281250000,,,
31.2159999497,243,146753.0937500000,195279.2968750000,171610.8750000000,147918.4218750000,119618.4375000000,151672.3125000000,133153.1875000000,144327.5468750000,,,
31.2199999497,243,147090.8281250000,194367.0312500000,173090.0000000000,148396.0312500000,119935.7421875000,151982.7812500000,133464.5156250000,144597.7500000000,,,
31.2239999496,243,147075.9531250000,193813.3125000000,173738.7187500000,148384.4062500000,119922.3359375000,151975.3750000000,133456.6250000000,144616.6875000000,,,
31.2279999496,243,146727.9062500000,194325.8750000000,172522.2031250000,147875.0781250000,119597.2187500000,151658.2656250000,133139.4843750000,144350.9531250000,,,
31.2319999496,244,146533.6875000000,195217.0781250000,171200.7656250000,147593.5625000000,119411.0000000000,151472.5468750000,132955.7187500000,144178.1718750000,,,
31.2359999495,244,146754.0625000000,195300.1875000000,171610.3125000000,147906.9218750000,119613.3125000000,151669.5312500000,133148.1250000000,144327.6718750000,,,
31.2399999495,244,147087.7968750000,194387.9531250000,173084.0937500000,148379.5781250000,119927.1093750000,151980.6562500000,133452.9531250000,144595.2031250000,,,
31.2439999494,244,147076.2968750000,193825.7343750000,173739.8750000000,148374.2968750000,119916.8359375000,151973.2812500000,133449.5000000000,144616.7656250000,,,
31.2479999494,244,146729.3593750000,194334.5156250000,172529.9218750000,147878.2031250000,119593.7890625000,151658.2656250000,133141.2187500000,144352.4062500000,,,
31.2519999493,244,146530.5937500000,195234.8281250000,171204.2187500000,147598.7968750000,119405.5546875000,151469.8593750000,132957.2031250000,144172.9687500000,,,
31.2559999495,244,146744.5625000000,195321.2500000000,171598.1875000000,147903.6250000000,119605.3750000000,151657.5156250000,133147.1562500000,144313.5625000000,,,
31.2599999495,244,147080.7187500000,194391.6250000000,173065.6250000000,148381.6406250000,119922.8125000000,151965.6093750000,133452.3906250000,144579.4218750000,,,
31.2639999494,244,147075.2187500000,193812.0468750000,173735.3125000000,148382.8281250000,119919.6484375000,151962.7656250000,133449.9218750000,144604.6406250000,,,
31.2679999494,244,146727.6875000000,194326.9531250000,172541.5625000000,147882.5625000000,119596.8750000000,151647.4843750000,133140.2343750000,144340.5156250000,,,
31.2719999494,244,146529.0937500000,195245.4843750000,171211.7500000000,147596.2500000000,119410.8593750000,151466.4843750000,132960.2031250000,144170.2343750000,,,
31.2759999495,244,146738.9218750000,195332.9375000000,171592.3593750000,147896.6250000000,119603.8203125000,151654.8281250000,133142.4062500000,144309.4062500000,,,
31.2799999495,244,147070.0937500000,194383.7656250000,173049.6875000000,148370.2812500000,119913.3437500000,151958.9062500000,133441.4687500000,144568.8125000000,,,
31.2839999495,244,147066.0000000000,193781.6562500000,173722.3906250000,148376.6875000000,119911.2031250000,151960.2031250000,133444.9062500000,144595.6250000000,,,
31.2879999494,244,146722.4531250000,194303.4375000000,172543.9531250000,147884.5781250000,119592.1796875000,151650.0000000000,133137.3906250000,144335.8906250000,,,
31.2919999494,244,146517.2656250000,195242.1250000000,171212.4843750000,147601.0937500000,119397.3437500000,151458.7343750000,132945.7500000000,144156.3593750000,,,
31.2959999493,244,146729.4843750000,195339.8593750000,171583.7968750000,147903.3593750000,119592.6093750000,151646.1718750000,133130.8750000000,144296.8593750000,,,
31.2999999495,244,147068.9687500000,194376.4375000000,173042.0937500000,148380.0937500000,119912.7031250000,151956.2500000000,133442.4375000000,144565.6093750000,,,
31.3039999495,244,147063.1562500000,193762.5312500000,173724.3906250000,148380.6250000000,119909.3515625000,151953.2187500000,133446.3750000000,144592.8437500000,,,
31.3079999494,244,146709.0781250000,194291.3125000000,172551.1718750000,147874.0625000000,119579.9218750000,151634.4687500000,133129.6093750000,144326.8125000000,,,
31.3119999494,244,146501.5000000000,195256.7968750000,171213.9531250000,147577.9843750000,119382.4296875000,151440.8437500000,132934.9375000000,144144.6875000000,,,
31.3159999494,244,146720.4218750000,195367.7031250000,171576.2343750000,147887.3125000000,119584.7265625000,151632.5156250000,133125.2968750000,144287.9218750000,,,
31.3199999495,244,147065.9375000000,194394.8437500000,173034.5781250000,148372.2812500000,119909.4062500000,151946.8906250000,133438.6093750000,144557.8125000000,,,
31.3239999495,244,147065.7500000000,193760.9843750000,173727.6718750000,148379.1250000000,119909.4296875000,151951.3437500000,133443.8906250000,144589.1406250000,,,
31.3279999495,244,146719.7500000000,194289.4062500000,172570.0468750000,147880.1875000000,119586.8437500000,151635.4687500000,133132.0781250000,144329.3437500000,,,
31.3319999494,244,146517.0000000000,195270.0000000000,171238.4375000000,147589.7500000000,119394.6875000000,151443.1250000000,132941.7500000000,144152.8281250000,,,
31.3359999494,244,146732.0625000000,195391.3906250000,171596.1093750000,147890.8281250000,119592.6093750000,151633.5000000000,133127.2187500000,144294.9843750000,,,
31.3399999493,244,147083.5312500000,194400.9062500000,173053.1718750000,148383.4218750000,119923.8046875000,151956.7343750000,133446.4062500000,144573.2656250000,,,
31.3439999495,244,147078.8125000000,193740.3593750000,173751.6406250000,148393.1875000000,119919.5156250000,151957.6562500000,133452.2812500000,144602.0156250000,,,
31.3479999495,244,146724.8437500000,194272.1562500000,172599.1875000000,147895.1406250000,119586.9531250000,151639.1406250000,133135.7812500000,144336.8281250000,,,
31.3519999494,244,146513.3593750000,195274.2031250000,171258.1093750000,147595.7343750000,119385.2500000000,151442.6093750000,132939.9062500000,144149.4687500000,,,
31.3559999494,244,146723.1250000000,195405.0156250000,171603.6562500000,147894.0156250000,119579.4140625000,151630.6406250000,133123.9843750000,144283.7187500000,,,
31.3599999493,245,147071.9218750000,194405.6562500000,173057.0625000000,148378.0468750000,119911.5468750000,151954.9375000000,133444.3750000000,144557.5937500000,,,
31.3639999493,245,147077.9062500000,193723.6250000000,173766.3125000000,148388.3593750000,119918.9296875000,151968.0000000000,133456.2187500000,144595.2500000000,,,
31.3679999493,245,146725.7656250000,194246.6562500000,172624.6875000000,147885.3281250000,119591.0234375000,151648.1718750000,133139.1875000000,144334.8593750000,,,
31.3719999492,245,146515.9062500000,195263.6093750000,171282.9687500000,147583.5000000000,119394.0156250000,151450.3593750000,132948.1562500000,144156.0468750000,,,
31.3759999492,245,146724.3437500000,195412.7343750000,171619.0000000000,147881.2812500000,119589.3359375000,151637.5312500000,133133.9843750000,144293.6406250000,,,
31.3799999491,245,147071.8906250000,194395.5156250000,173058.2656250000,148374.5468750000,119918.3906250000,151960.2500000000,133452.0937500000,144569.9843750000,,,
31.3839999493,245,147072.2656250000,193692.5000000000,173769.8906250000,148389.7500000000,119919.2500000000,151969.0781250000,133460.2812500000,144604.2656250000,,,
31.3879999493,245,146722.3593750000,194218.3593750000,172641.8593750000,147894.1093750000,119592.1015625000,151651.9062500000,133145.7343750000,144340.2031250000,,,
31.3919999492,245,146511.0468750000,195266.6718750000,171300.5937500000,147595.1093750000,119391.1250000000,151448.6250000000,132948.7500000000,144150.8125000000,,,
31.3959999492,245,146716.0000000000,195436.8593750000,171626.8593750000,147887.4843750000,119581.5312500000,151629.7500000000,133129.7500000000,144281.3593750000,,,
31.3999999491,245,147069.2187500000,194413.1875000000,173063.2812500000,148375.5312500000,119916.2421875000,151954.8593750000,133452.4218750000,144556.5000000000,,,
31.4039999493,245,147088.0156250000,193683.7656250000,173783.0781250000,148406.3281250000,119933.8906250000,151973.8281250000,133474.4062500000,144603.1718750000,,,
31.4079999493,245,146736.7343750000,194215.1093750000,172664.0937500000,147908.9843750000,119602.2656250000,151651.3906250000,133155.3906250000,144341.5156250000,,,
31.4119999493,245,146512.2812500000,195292.7656250000,171317.0312500000,147597.1875000000,119387.6328125000,151441.5937500000,132946.8437500000,144150.4843750000,,,
31.4159999492,245,146714.8750000000,195480.3593750000,171631.1250000000,147881.3906250000,119578.1250000000,151626.7968750000,133126.1562500000,144283.7343750000,,,
31.4199999492,245,147070.0156250000,194433.1093750000,173057.7656250000,148373.6250000000,119916.1640625000,151956.6250000000,133453.2500000000,144562.7187500000,,,
31.4239999491,245,147082.0312500000,193673.1875000000,173777.2343750000,148398.0312500000,119927.3750000000,151969.9375000000,133470.1250000000,144604.1093750000,,,
31.4279999493,245,146729.0781250000,194202.6406250000,172669.4218750000,147899.1250000000,119594.9687500000,151649.8593750000,133152.2031250000,144342.9375000000,,,
31.4319999493,245,146505.6093750000,195312.7500000000,171323.7968750000,147592.0781250000,119380.3359375000,151440.0156250000,132942.8437500000,144148.5000000000,,,
31.4359999492,245,146714.8750000000,195509.9687500000,171626.0156250000,147883.1093750000,119572.7578125000,151626.1250000000,133123.6093750000,144280.6250000000,,,
31.4399999492,245,147069.9062500000,194435.4531250000,173042.5312500000,148369.9062500000,119907.0468750000,151954.1406250000,133445.8125000000,144554.7187500000,,,
31.4439999491,245,147087.9062500000,193643.7500000000,173768.9687500000,148400.3906250000,119925.0937500000,151971.8593750000,133463.4375000000,144601.2031250000,,,
31.4479999493,245,146735.7968750000,194182.8437500000,172674.7968750000,147904.9687500000,119597.1406250000,151654.3750000000,133146.8281250000,144347.0937500000,,,
31.4519999493,245,146504.5312500000,195330.5781250000,171329.8593750000,147584.5156250000,119378.8671875000,151440.4375000000,132940.2500000000,144151.9375000000,,,
31.4559999492,245,146710.8125000000,195547.6875000000,171622.8593750000,147872.1562500000,119571.0468750000,151624.2968750000,133125.4843750000,144285.0000000000,,,
31.4599999492,245,147073.5937500000,194446.8437500000,173030.4062500000,148374.5937500000,119913.6953125000,151961.1875000000,133456.2187500000,144565.3437500000,,,
31.4639999492,245,147094.6093750000,193620.1718750000,173761.7656250000,148414.3125000000,119932.4453125000,151984.6562500000,133480.7187500000,144614.4375000000,,,
31.4679999491,245,146737.0781250000,194170.6875000000,172684.5781250000,147917.0937500000,119595.3984375000,151658.1875000000,133157.3750000000,144352.8281250000,,,
31.4719999493,245,146502.6562500000,195356.1250000000,171343.0156250000,147587.7968750000,119372.7500000000,151437.0312500000,132938.7968750000,144151.7812500000,,,
31.4759999493,245,146706.2031250000,195587.9375000000,171624.1406250000,147868.0625000000,119565.7578125000,151618.1406250000,133119.3437500000,144277.2812500000,,,
31.4799999492,245,147075.7812500000,194452.8906250000,173021.8906250000,148375.2968750000,119919.1406250000,151959.8750000000,133457.7343750000,144559.5781250000,,,
31.4839999492,245,147096.5937500000,193583.6406250000,173755.6718750000,148412.4062500000,119937.6250000000,151983.6875000000,133481.9218750000,144607.8906250000,,,
31.4879999491,246,146736.8906250000,194142.9062500000,172691.2812500000,147913.5156250000,119600.0625000000,151658.0000000000,133158.1718750000,144348.9687500000,,,
31.4919999491,246,146508.7343750000,195370.0156250000,171354.6406250000,147593.2187500000,119384.1171875000,151444.0937500000,132947.0000000000,144162.2968750000,,,
31.4959999491,246,146711.2187500000,195624.2343750000,171622.8593750000,147874.9218750000,119572.6562500000,151627.6093750000,133124.7500000000,144293.6406250000,,,
31.4999999490,246,147075.5156250000,194463.3437500000,173004.5781250000,148376.3906250000,119916.8359375000,151966.7187500000,133457.3750000000,144572.7968750000,,,
31.5039999490,246,147101.8281250000,193558.3750000000,173739.7968750000,148418.8281250000,119938.6406250000,151993.0468750000,133483.2031250000,144623.2031250000,,,
31.5079999489,246,146736.1875000000,194116.6718750000,172683.4843750000,147915.9843750000,119593.9765625000,151660.5468750000,133151.7968750000,144356.7031250000,,,
31.5119999491,246,146492.3593750000,195375.6406250000,171341.5937500000,147581.1406250000,119364.4609375000,151435.5000000000,132931.5781250000,144152.2812500000,,,
31.5159999491,246,146696.1718750000,195645.0468750000,171599.4375000000,147856.0625000000,119556.2656250000,151617.8593750000,133115.0468750000,144280.0468750000,,,
31.5199999490,246,147069.0468750000,194459.0000000000,172976.4375000000,148360.8593750000,119912.1640625000,151961.0000000000,133458.9062500000,144560.4375000000,,,
31.5239999490,246,147092.7968750000,193524.2500000000,173714.6250000000,148401.1718750000,119933.9765625000,151983.0781250000,133483.6562500000,144604.7187500000,,,
31.5279999489,246,146734.5000000000,194079.7343750000,172672.0000000000,147906.0156250000,119595.1328125000,151656.2968750000,133158.2343750000,144346.9375000000,,,
31.5319999491,246,146496.6250000000,195371.6718750000,171336.6718750000,147574.5781250000,119365.8515625000,151432.3437500000,132932.5000000000,144148.3906250000,,,
31.5359999491,246,146702.1562500000,195671.3593750000,171593.2500000000,147855.5000000000,119555.0546875000,151612.2656250000,133109.0156250000,144278.2187500000,,,
31.5399999490,246,147079.0312500000,194472.8906250000,172962.5156250000,148365.0156250000,119910.5078125000,151960.2812500000,133451.2968750000,144564.7812500000,,,
31.5439999490,246,147108.4843750000,193504.5312500000,173707.3437500000,148412.9531250000,119938.0234375000,151993.2187500000,133485.5468750000,144621.9062500000,,,
31.5479999490,246,146740.2187500000,194063.9687500000,172674.9531250000,147917.7031250000,119594.3281250000,151659.0625000000,133161.7187500000,144358.8125000000,,,
31.5519999489,246,146490.6406250000,195391.2812500000,171336.4843750000,147576.6562500000,119362.9296875000,151427.7031250000,132939.2343750000,144152.5000000000,,,
31.5559999491,246,146695.2812500000,195708.6406250000,171582.6718750000,147851.1093750000,119557.6328125000,151608.4843750000,133117.4062500000,144278.8281250000,,,
31.5599999491,246,147076.5156250000,194481.6406250000,172946.5781250000,148364.9687500000,119922.4140625000,151959.1562500000,133462.6406250000,144564.7812500000,,,
31.5639999490,246,147113.5000000000,193468.8593750000,173700.0156250000,148423.5156250000,119957.6875000000,151995.6562500000,133500.2968750000,144624.0625000000,,,
31.5679999490,246,146746.7031250000,194031.9375000000,172687.3437500000,147920.6875000000,119609.8515625000,151662.3906250000,133168.8750000000,144362.0000000000,,,
31.5719999489,246,146497.9531250000,195405.9062500000,171356.3281250000,147577.1250000000,119371.5390625000,151430.8593750000,132938.7187500000,144157.5625000000,,,
31.5759999491,246,146703.4218750000,195751.4218750000,171594.4062500000,147856.8125000000,119561.7343750000,151614.8125000000,133116.0156250000,144286.0781250000,,,
31.5799999491,246,147082.1406250000,194497.1718750000,172942.6875000000,148367.8593750000,119920.3515625000,151967.1406250000,133461.0468750000,144572.2968750000,,,
31.5839999490,246,147118.0000000000,193440.7500000000,173691.8593750000,148422.5781250000,119953.5000000000,152006.2500000000,133501.6406250000,144631.7031250000,,,
31.5879999490,246,146744.5937500000,194004.1562500000,172688.8437500000,147916.6250000000,119602.3437500000,151665.3750000000,133167.1093750000,144363.7031250000,,,
31.5919999490,246,146486.4218750000,195411.8593750000,171357.2656250000,147562.8750000000,119357.9921875000,151423.0000000000,132930.0000000000,144150.1875000000,,,
31.5959999489,246,146682.4062500000,195776.9062500000,171582.2187500000,147830.1250000000,119544.0859375000,151594.8281250000,133099.2968750000,144267.0781250000,,,
31.5999999491,246,147068.2968750000,194498.8281250000,172924.1093750000,148348.5468750000,119912.7578125000,151951.6093750000,133446.2500000000,144554.7031250000,,,
31.6039999491,246,147109.3750000000,193407.4062500000,173683.7656250000,148416.8906250000,119951.7265625000,151997.2656250000,133488.4062500000,144618.9687500000,,,
31.6079999490,246,146736.1093750000,193973.2500000000,172694.5625000000,147923.2031250000,119597.8671875000,151657.2968750000,133151.4687500000,144353.8750000000,,,
31.6119999490,246,146469.4218750000,195417.8906250000,171361.2812500000,147561.5312500000,119341.7187500000,151408.7343750000,132905.3750000000,144133.1562500000,,,
31.6159999489,247,146662.9687500000,195799.1718750000,171574.7187500000,147826.8125000000,119522.0937500000,151583.4062500000,133073.1250000000,144244.6875000000,,,
31.6199999489,247,147053.6250000000,194500.5000000000,172913.1562500000,148347.3437500000,119894.8906250000,151945.3125000000,133426.4843750000,144529.9375000000,,,
31.6239999488,247,147101.6406250000,193375.6875000000,173679.6250000000,148418.2812500000,119941.0546875000,151986.7812500000,133472.9375000000,144594.7968750000,,,
31.6279999488,247,146726.5625000000,193936.7812500000,172701.6718750000,147918.0781250000,119585.6640625000,151641.5312500000,133136.5000000000,144331.0000000000,,,
31.6319999488,247,146462.2812500000,195423.3906250000,171380.0156250000,147563.1250000000,119334.2343750000,151393.8437500000,132895.8281250000,144119.0000000000,,,
31.6359999487,247,146662.5625000000,195836.9062500000,171590.5625000000,147829.7343750000,119521.9843750000,151572.7500000000,133074.3593750000,144242.5468750000,,,
31.6399999489,247,147052.1093750000,194509.6406250000,172912.0625000000,148346.2343750000,119892.1875000000,151936.1093750000,133428.7656250000,144534.0156250000,,,
31.6439999489,247,147102.7968750000,193342.0000000000,173676.0156250000,148423.6718750000,119939.4218750000,151988.2812500000,133478.2968750000,144606.9531250000,,,
31.6479999488,247,146741.8593750000,193908.5312500000,172717.5937500000,147936.6406250000,119596.2031250000,151658.9062500000,133150.6875000000,144357.6406250000,,,
31.6519999488,247,146470.2031250000,195441.8437500000,171402.0000000000,147569.7187500000,119339.5703125000,151405.1093750000,132902.2968750000,144139.7343750000,,,
31.6559999487,247,146669.8906250000,195876.9843750000,171606.2500000000,147830.0468750000,119531.8828125000,151584.5000000000,133076.6093750000,144260.8281250000,,,
31.6599999489,247,147068.9687500000,194525.9218750000,172925.8437500000,148348.9218750000,119915.7890625000,151955.6875000000,133438.4687500000,144555.6406250000,,,
31.6639999489,247,147125.8593750000,193319.6718750000,173696.2656250000,148429.6093750000,119970.6093750000,152013.6250000000,133499.6250000000,144632.7812500000,,,
31.6679999488,247,146754.5156250000,193885.7656250000,172745.7343750000,147930.4687500000,119617.1484375000,151672.1875000000,133166.7343750000,144374.9687500000,,,
31.6719999488,247,146481.4687500000,195466.1718750000,171430.5468750000,147563.0156250000,119354.0781250000,151414.8281250000,132915.5156250000,144154.2500000000,,,
31.6759999488,247,146677.9843750000,195938.2968750000,171623.9531250000,147825.6250000000,119537.2734375000,151590.7812500000,133086.5156250000,144272.9531250000,,,
31.6799999487,247,147083.0625000000,194561.5468750000,172930.0625000000,148360.0781250000,119924.5078125000,151969.5312500000,133454.5156250000,144571.5468750000,,,
31.6839999489,247,147138.6875000000,193302.1093750000,173695.9687500000,148446.7656250000,119978.2265625000,152026.1250000000,133509.5937500000,144646.2656250000,,,
31.6879999489,247,146760.3281250000,193868.4062500000,172754.3281250000,147943.0000000000,119619.9687500000,151680.3593750000,133167.8906250000,144382.8750000000,,,
31.6919999488,247,146476.0781250000,195491.1718750000,171443.7656250000,147567.8437500000,119349.4921875000,151412.4062500000,132905.9687500000,144153.0312500000,,,
31.6959999488,247,146678.0625000000,195984.6875000000,171630.9375000000,147826.7187500000,119540.5703125000,151590.3281250000,133081.4062500000,144269.6250000000,,,
31.6999999487,247,147088.8750000000,194573.7968750000,172928.0156250000,148360.7500000000,119933.1406250000,151971.5937500000,133453.8906250000,144568.4375000000,,,
31.7039999489,247,147148.2812500000,193271.2343750000,173697.9531250000,148449.2187500000,119986.6250000000,152030.5468750000,133510.8906250000,144643.7968750000,,,
31.7079999489,247,146765.1875000000,193839.0937500000,172769.6562500000,147943.9375000000,119620.6953125000,151678.0312500000,133164.2343750000,144375.9843750000,,,
31.7119999488,247,146477.5000000000,195505.0937500000,171458.0312500000,147563.2031250000,119342.9218750000,151406.3281250000,132895.0312500000,144145.3125000000,,,
31.7159999488,247,146673.3437500000,196023.0312500000,171632.8125000000,147823.9687500000,119528.3984375000,151582.4687500000,133064.7031250000,144262.2031250000,,,
31.7199999487,247,147080.5937500000,194584.6093750000,172914.9062500000,148358.5781250000,119920.4531250000,151962.0156250000,133437.8750000000,144560.8125000000,,,
31.7239999487,247,147137.1250000000,193232.4218750000,173683.7031250000,148448.4687500000,119976.2734375000,152020.7343750000,133497.0156250000,144636.6875000000,,,
31.7279999489,247,146754.9375000000,193802.3437500000,172769.1875000000,147940.7656250000,119613.3984375000,151674.3593750000,133152.0156250000,144372.7343750000,,,
31.7319999489,247,146466.7968750000,195503.1562500000,171459.4375000000,147558.8281250000,119335.5703125000,151405.1093750000,132884.1093750000,144141.5000000000,,,
31.7359999488,247,146658.6562500000,196051.5312500000,171625.7343750000,147810.0156250000,119515.8984375000,151576.8281250000,133051.2187500000,144251.8750000000,,,
31.7399999488,247,147076.7031250000,194593.1718750000,172903.6875000000,148347.7968750000,119916.6484375000,151965.8906250000,133431.1250000000,144557.0000000000,,,
31.7439999487,248,147142.5937500000,193204.3906250000,173680.0000000000,148443.3437500000,119979.0859375000,152028.4062500000,133492.8437500000,144639.4062500000,,,
31.7479999487,248,146769.0468750000,193768.7031250000,172779.3125000000,147949.8906250000,119624.2343750000,151682.7812500000,133156.9218750000,144384.9687500000,,,
31.7519999486,248,146483.7656250000,195515.5781250000,171480.7500000000,147564.5937500000,119354.4296875000,151417.0468750000,132896.1562500000,144164.6562500000,,,
31.7559999486,248,146676.1406250000,196093.5937500000,171638.2812500000,147817.1250000000,119537.0312500000,151591.3906250000,133061.6718750000,144277.9687500000,,,
31.7599999486,248,147089.3593750000,194616.7968750000,172902.6406250000,148357.5312500000,119933.8906250000,151977.3125000000,133438.7968750000,144573.7343750000,,,
31.7639999485,248,147155.1562500000,193184.8125000000,173678.8281250000,148452.2187500000,119998.0546875000,152044.2343750000,133509.5937500000,144654.7500000000,,,
31.7679999487,248,146763.9531250000,193747.7812500000,172784.6093750000,147947.7656250000,119624.3906250000,151686.0468750000,133156.8906250000,144385.6875000000,,,
31.7719999487,248,146454.1093750000,195532.6093750000,171471.7968750000,147551.2812500000,119325.3515625000,151394.0937500000,132870.1562500000,144139.0156250000,,,
31.7759999486,248,146637.9375000000,196132.2656250000,171609.8437500000,147801.5937500000,119495.2734375000,151556.6875000000,133025.5156250000,144239.0312500000,,,
31.7799999486,248,147056.4531250000,194625.5156250000,172861.8750000000,148346.1093750000,119895.0312500000,151946.8125000000,133402.9218750000,144536.3750000000,,,
31.7839999485,248,147129.2500000000,193137.1250000000,173637.1718750000,148451.7031250000,119964.2578125000,152017.5625000000,133474.0312500000,144620.0625000000,,,
31.7879999487,248,146752.5000000000,193692.7500000000,172764.5625000000,147959.5781250000,119606.6640625000,151669.1250000000,133138.7812500000,144363.1875000000,,,
31.7919999487,248,146453.6406250000,195529.1250000000,171475.3281250000,147567.5625000000,119322.4296875000,151387.5468750000,132868.6406250000,144126.5156250000,,,
31.7959999486,248,146639.9531250000,196172.7500000000,171620.7656250000,147808.6250000000,119502.6484375000,151554.8281250000,133033.1093750000,144231.0156250000,,,
31.7999999486,248,147073.2187500000,194642.8125000000,172873.6718750000,148361.7968750000,119922.0937500000,151959.4687500000,133428.4843750000,144544.3906250000,,,
31.8039999485,248,147154.0312500000,193107.6562500000,173655.5156250000,148470.5625000000,119998.4531250000,152036.8750000000,133507.1562500000,144639.6093750000,,,
31.8079999485,248,146765.4843750000,193665.0156250000,172789.5312500000,147965.7968750000,119625.0937500000,151680.9062500000,133158.2656250000,144378.7968750000,,,
31.8119999487,248,146458.7656250000,195554.7656250000,171497.7031250000,147567.5625000000,119326.4765625000,151394.0156250000,132873.8593750000,144141.7187500000,,,
31.8159999487,248,146647.6250000000,196233.0156250000,171630.3906250000,147807.5781250000,119499.5625000000,151564.1718750000,133032.5625000000,144247.7187500000,,,
31.8199999486,248,147079.5625000000,194675.7968750000,172865.1250000000,148350.7812500000,119911.8203125000,151966.4531250000,133419.0468750000,144556.0156250000,,,
31.8239999486,248,147163.1406250000,193090.1562500000,173643.0468750000,148462.3750000000,119992.8515625000,152048.0937500000,133496.9062500000,144653.1875000000,,,
31.8279999485,248,146782.2500000000,193643.0781250000,172792.1406250000,147966.8125000000,119633.6484375000,151700.1250000000,133162.2500000000,144402.2187500000,,,
31.8319999487,248,146466.6250000000,195577.6718750000,171507.3906250000,147559.3906250000,119335.4375000000,151408.0156250000,132882.0468750000,144157.8593750000,,,
31.8359999487,248,146651.3593750000,196281.4843750000,171633.9375000000,147795.6093750000,119513.4531250000,151571.9218750000,133046.0312500000,144260.4062500000,,,
31.8399999486,248,147087.1093750000,194697.6562500000,172861.3906250000,148347.9375000000,119932.8203125000,151977.4218750000,133443.4062500000,144572.2187500000,,,
31.8439999486,248,147172.5312500000,193064.3281250000,173644.7343750000,148469.1093750000,120016.4765625000,152065.5312500000,133534.1718750000,144671.1093750000,,,
31.8479999485,248,146773.2812500000,193604.8281250000,172799.5625000000,147964.1406250000,119636.8906250000,151703.9687500000,133180.5468750000,144403.5781250000,,,
31.8519999485,248,146443.0312500000,195574.0156250000,171507.5000000000,147544.3750000000,119319.9921875000,151394.2500000000,132879.7031250000,144145.1718750000,,,
31.8559999487,248,146624.0156250000,196302.6718750000,171619.3125000000,147779.6562500000,119491.9687500000,151560.6093750000,133040.7500000000,144242.9218750000,,,
31.8599999486,248,147059.0781250000,194696.0468750000,172838.3750000000,148337.9843750000,119910.9843750000,151969.3906250000,133437.5312500000,144548.8437500000,,,
31.8639999486,248,147143.0000000000,193016.2656250000,173619.5781250000,148461.7187500000,119992.8984375000,152049.3593750000,133521.1406250000,144639.4218750000,,,
31.8679999486,248,146759.4531250000,193548.5781250000,172789.6718750000,147969.4687500000,119628.6015625000,151694.7968750000,133179.1718750000,144381.9687500000,,,
31.8719999485,249,146439.1718750000,195546.6875000000,171506.9531250000,147551.9531250000,119320.2265625000,151391.5156250000,132883.5000000000,144132.4062500000,,,
31.8759999485,249,146625.7968750000,196310.1250000000,171617.8125000000,147782.8906250000,119496.1562500000,151554.9218750000,133042.5000000000,144232.6406250000,,,
31.8799999484,249,147075.2968750000,194698.1406250000,172833.9843750000,148346.7500000000,119927.7265625000,151971.2500000000,133448.3125000000,144549.3125000000,,,
31.8839999484,249,147169.7187500000,192994.3750000000,173628.0468750000,148478.3125000000,120016.1562500000,152062.1406250000,133538.1718750000,144652.5156250000,,,
31.8879999483,249,146773.1875000000,193525.4843750000,172808.8750000000,147978.7187500000,119634.9375000000,151696.1562500000,133181.6406250000,144390.4062500000,,,
31.8919999483,249,146437.7500000000,195553.9375000000,171522.6718750000,147556.9218750000,119312.5078125000,151382.1250000000,132872.6875000000,144132.4062500000,,,
31.8959999485,249,146615.4375000000,196338.9062500000,171619.3750000000,147780.2500000000,119480.7343750000,151542.6250000000,133028.0156250000,144226.4531250000,,,
31.8999999485,249,147063.6562500000,194711.1875000000,172818.4062500000,148341.9531250000,119911.9218750000,151961.4375000000,133437.3906250000,144540.2968750000,,,
31.9039999484,249,147161.5625000000,192968.9843750000,173606.5937500000,148472.5156250000,120005.7734375000,152056.4375000000,133534.2968750000,144642.3593750000,,,
31.9079999484,249,146777.0468750000,193490.7187500000,172804.6718750000,147980.4375000000,119637.1640625000,151699.7031250000,133188.7500000000,144388.8906250000,,,
31.9119999483,249,146447.2187500000,195556.7500000000,171532.4687500000,147558.7500000000,119320.4453125000,151388.5312500000,132885.0468750000,144138.4218750000,,,
31.9159999485,249,146620.6718750000,196369.8281250000,171622.1406250000,147780.4531250000,119487.5234375000,151544.7500000000,133034.6406250000,144231.5468750000,,,
31.9199999485,249,147064.6250000000,194724.1875000000,172811.0156250000,148334.8437500000,119917.5078125000,151960.5468750000,133437.7656250000,144542.8125000000,,,
31.9239999484,249,147162.1562500000,192936.0937500000,173597.1718750000,148468.9531250000,120010.2578125000,152053.0625000000,133530.0625000000,144644.6562500000,,,
31.9279999484,249,146765.9687500000,193446.3281250000,172803.4531250000,147976.0937500000,119630.3437500000,151689.6718750000,133174.3437500000,144384.1562500000,,,
31.9319999483,249,146425.6406250000,195549.9375000000,171532.6250000000,147545.1406250000,119301.5390625000,151372.8125000000,132864.3437500000,144127.3906250000,,,
31.9359999483,249,146605.0000000000,196396.0312500000,171619.3125000000,147768.7656250000,119471.2421875000,151537.4218750000,133022.7187500000,144225.5312500000,,,
31.9399999485,249,147051.2656250000,194729.0156250000,172793.3125000000,148323.1406250000,119902.3750000000,151955.0937500000,133427.6250000000,144537.1875000000,,,
31.9439999484,249,147154.0312500000,192892.0000000000,173575.5625000000,148455.9687500000,120001.2187500000,152051.7187500000,133526.2812500000,144643.6406250000,,,
31.9479999484,249,146763.3593750000,193387.9062500000,172794.7187500000,147964.5156250000,119627.6406250000,151688.2500000000,133177.2812500000,144387.4687500000,,,
31.9519999484,249,146424.5156250000,195533.8750000000,171537.9062500000,147537.2812500000,119302.4765625000,151367.4062500000,132867.0468750000,144127.2812500000,,,
31.9559999483,249,146597.4218750000,196421.0625000000,171618.7500000000,147754.8125000000,119465.4218750000,151520.4218750000,133014.2812500000,144214.2968750000,,,
31.9599999485,249,147048.4843750000,194742.3281250000,172781.7031250000,148315.9843750000,119901.0390625000,151941.3125000000,133422.4218750000,144524.6562500000,,,
31.9639999485,249,147153.5937500000,192857.6406250000,173561.7656250000,148463.8906250000,120001.8593750000,152042.9375000000,133523.9843750000,144630.5312500000,,,
31.9679999484,249,146762.4218750000,193357.7187500000,172798.6250000000,147976.3125000000,119625.2500000000,151682.5625000000,133175.0468750000,144375.6562500000,,,
31.9719999484,249,146422.5156250000,195554.8906250000,171552.0781250000,147546.0000000000,119296.0625000000,151363.2656250000,132863.2187500000,144119.1875000000,,,
31.9759999483,249,146591.7500000000,196482.4843750000,171623.6875000000,147761.6562500000,119453.8593750000,151512.2187500000,133003.6093750000,144206.3281250000,,,
31.9799999483,249,147041.6718750000,194778.6406250000,172770.2031250000,148319.9843750000,119886.4687500000,151930.8750000000,133408.8593750000,144517.5156250000,,,
31.9839999485,249,147149.7656250000,192839.7968750000,173550.2656250000,148470.9375000000,119990.1953125000,152034.0156250000,133513.1718750000,144626.4218750000,,,
31.9879999484,249,146753.6875000000,193321.9375000000,172798.0625000000,147979.0781250000,119610.2031250000,151667.4375000000,133159.7031250000,144365.8750000000,,,
31.9919999484,249,146405.5625000000,195570.7812500000,171555.8750000000,147541.3906250000,119272.0859375000,151340.0156250000,132836.7656250000,144103.2500000000,,,
31.9959999484,249,146582.5312500000,196544.0156250000,171628.2187500000,147754.6250000000,119439.2656250000,151496.6562500000,132985.7968750000,144196.6718750000,,,
31.9999999483,250,147042.9218750000,194808.2500000000,172769.1250000000,148318.3437500000,119886.5546875000,151925.2812500000,133403.1406250000,144513.2500000000,,,
32.0039999483,250,147156.1250000000,192803.7812500000,173553.1875000000,148470.4062500000,119998.2890625000,152037.3593750000,133513.4375000000,144625.0781250000,,,
32.0079999482,250,146763.8750000000,193270.7812500000,172813.7031250000,147987.0468750000,119623.4843750000,151677.1093750000,133165.7343750000,144375.4531250000,,,
32.0119999482,250,146408.8593750000,195568.9062500000,171577.5625000000,147542.8906250000,119281.1484375000,151342.6406250000,132842.9843750000,144112.9062500000,,,
32.0159999481,250,146582.6875000000,196586.6562500000,171643.6406250000,147750.9218750000,119444.7656250000,151496.3593750000,132989.7031250000,144204.3281250000,,,
32.0199999481,250,147046.2812500000,194839.8281250000,172780.3125000000,148307.7500000000,119891.5390625000,151929.2656250000,133404.5625000000,144522.3750000000,,,
32.0239999483,250,147169.3125000000,192775.7812500000,173564.8593750000,148465.0937500000,120010.6562500000,152049.1093750000,133518.5937500000,144643.0156250000,,,
32.0279999482,250,146777.6250000000,193228.4531250000,172840.9531250000,147978.4531250000,119633.8359375000,151685.6718750000,133168.2968750000,144390.6875000000,,,
32.0319999482,250,146424.8750000000,195571.6406250000,171617.8750000000,147537.8437500000,119294.4296875000,151354.4218750000,132848.8437500000,144130.4843750000,,,
32.0359999482,250,146591.7343750000,196631.1093750000,171680.9218750000,147739.8281250000,119455.9765625000,151507.9218750000,132997.3281250000,144216.7343750000,,,
32.0399999481,250,147058.6406250000,194863.3750000000,172805.1718750000,148313.3281250000,119909.2734375000,151946.2031250000,133421.6562500000,144534.6562500000,,,
32.0439999483,250,147188.6250000000,192744.6718750000,173585.9687500000,148486.5000000000,120034.0468750000,152072.3750000000,133544.1718750000,144658.7343750000,,,
32.0479999483,250,146783.9687500000,193176.6093750000,172861.7656250000,147986.4218750000,119644.2656250000,151701.7968750000,133182.5625000000,144399.7500000000,,,
32.0519999482,250,146412.8750000000,195557.4531250000,171634.0468750000,147532.4843750000,119285.5234375000,151353.2656250000,132845.5625000000,144123.1875000000,,,
32.0559999482,250,146576.5468750000,196662.1093750000,171690.5781250000,147737.1406250000,119440.1015625000,151497.5937500000,132986.4062500000,144200.2187500000,,,
32.0599999481,250,147050.7031250000,194888.1875000000,172808.0468750000,148313.7812500000,119896.6093750000,151937.5937500000,133413.1718750000,144517.7343750000,,,
32.0639999481,250,147192.5625000000,192723.2968750000,173590.0625000000,148495.6093750000,120030.3984375000,152068.3437500000,133542.5156250000,144648.7656250000,,,
32.0679999483,250,146800.3437500000,193142.9687500000,172883.8125000000,148011.3125000000,119653.4140625000,151705.9218750000,133190.4218750000,144400.1718750000,,,
32.0719999482,250,146431.2500000000,195564.8437500000,171665.3437500000,147553.1093750000,119297.7500000000,151358.3906250000,132853.2031250000,144130.2343750000,,,
32.0759999482,250,146590.8906250000,196714.2031250000,171717.4062500000,147749.0781250000,119450.2890625000,151502.2656250000,132990.3593750000,144209.3593750000,,,
32.0799999482,250,147062.2187500000,194927.8437500000,172825.4531250000,148324.8125000000,119908.3828125000,151946.7343750000,133418.5468750000,144528.9687500000,,,
32.0839999481,250,147195.5156250000,192719.3750000000,173602.9375000000,148499.5625000000,120038.3671875000,152077.3593750000,133546.5312500000,144654.8437500000,,,
32.0879999483,250,146794.2656250000,193119.5625000000,172897.9218750000,148005.7343750000,119652.0468750000,151707.4218750000,133189.1562500000,144400.6875000000,,,
32.0919999483,250,146418.5312500000,195576.8906250000,171676.2343750000,147542.2031250000,119286.7265625000,151352.6718750000,132847.1562500000,144126.0468750000,,,
32.0959999482,250,146585.0000000000,196754.4375000000,171716.8125000000,147748.6718750000,119443.3984375000,151500.9531250000,132990.5156250000,144211.3281250000,,,
32.0999999482,250,147063.1250000000,194944.2968750000,172811.7500000000,148328.8281250000,119905.5703125000,151949.6093750000,133423.3437500000,144533.7031250000,,,
32.1039999481,250,147197.7812500000,192681.6562500000,173585.8593750000,148503.7656250000,120035.7343750000,152081.7812500000,133552.3750000000,144659.3593750000,,,
32.1079999481,250,146791.5781250000,193063.3125000000,172889.0468750000,148011.2031250000,119646.8437500000,151709.7812500000,133191.1718750000,144403.1250000000,,,
32.1119999483,250,146407.5468750000,195541.9218750000,171670.3593750000,147540.2656250000,119277.1562500000,151348.2031250000,132842.7968750000,144121.8125000000,,,
32.1159999482,250,146565.3593750000,196742.3125000000,171702.5000000000,147732.2343750000,119430.0390625000,151492.6875000000,132984.0468750000,144199.6250000000,,,
32.1199999482,250,147040.8906250000,194934.0937500000,172788.6875000000,148310.9687500000,119894.8437500000,151941.8750000000,133419.8750000000,144518.5468750000,,,
32.1239999481,250,147189.3437500000,192655.7500000000,173570.7656250000,148501.7031250000,120038.9531250000,152084.1406250000,133563.3750000000,144654.8281250000,,,
32.1279999481,251,146786.5625000000,193029.9218750000,172887.1093750000,148011.8437500000,119649.2031250000,151707.9375000000,133201.2500000000,144397.8125000000,,,
32.1319999481,251,146409.4531250000,195529.8750000000,171672.3750000000,147546.3281250000,119282.7890625000,151353.4062500000,132855.4843750000,144122.4375000000,,,
32.1359999480,251,146560.8281250000,196768.0625000000,171696.8281250000,147735.3750000000,119425.2656250000,151490.7031250000,132985.3125000000,144195.0156250000,,,
32.1399999480,251,147035.9218750000,194963.8750000000,172775.9687500000,148310.2968750000,119885.6953125000,151936.5156250000,133417.0312500000,144513.5312500000,,,
32.1439999479,251,147187.6562500000,192648.7500000000,173556.4843750000,148495.8281250000,120033.5078125000,152082.2343750000,133561.6406250000,144655.2343750000,,,
32.1479999479,251,146796.0937500000,193006.9843750000,172891.4375000000,148016.0156250000,119656.2343750000,151719.2812500000,133205.8906250000,144413.0781250000,,,
32.1519999481,251,146413.6875000000,195528.8281250000,171685.7500000000,147547.8593750000,119286.0859375000,151361.1250000000,132854.0625000000,144134.7187500000,,,
32.1559999480,251,146569.8437500000,196785.2343750000,171707.6718750000,147740.1093750000,119434.8437500000,151501.4843750000,132990.5625000000,144209.5000000000,,,
32.1599999480,251,147051.7812500000,194975.6718750000,172780.3593750000,148325.6093750000,119902.5625000000,151954.7812500000,133432.4062500000,144532.2812500000,,,
32.1639999480,251,147200.3750000000,192636.8437500000,173560.0625000000,148515.5156250000,120043.5390625000,152097.3437500000,133573.0156250000,144666.5468750000,,,
32.1679999479,251,146802.3906250000,192978.5312500000,172899.0468750000,148031.6718750000,119659.1015625000,151726.9218750000,133213.7812500000,144415.2812500000,,,
32.1719999481,251,146417.4687500000,195518.8281250000,171695.5468750000,147556.8437500000,119288.0156250000,151361.8437500000,132860.8750000000,144137.3125000000,,,
32.1759999481,251,146571.6406250000,196807.8125000000,171705.3281250000,147738.1093750000,119434.4687500000,151496.3125000000,132992.7656250000,144210.8593750000,,,
32.1799999480,251,147057.7343750000,194992.3281250000,172762.9843750000,148317.8906250000,119906.0546875000,151952.7656250000,133430.9062500000,144536.8281250000,,,
32.1839999480,251,147214.0312500000,192619.3593750000,173542.7812500000,148514.4687500000,120057.9218750000,152104.1562500000,133579.2500000000,144677.9375000000,,,
32.1879999479,251,146817.0000000000,192949.3750000000,172896.5781250000,148034.1718750000,119677.0156250000,151737.5781250000,133227.7343750000,144429.8125000000,,,
32.1919999479,251,146423.0937500000,195516.5156250000,171698.5156250000,147557.7187500000,119297.1093750000,151366.5156250000,132869.1718750000,144143.9375000000,,,
32.1959999481,251,146559.8906250000,196840.7500000000,171702.1093750000,147724.6406250000,119426.9531250000,151488.7656250000,132984.9062500000,144201.1875000000,,,
32.1999999480,251,147043.0937500000,195020.7343750000,172747.2343750000,148299.7656250000,119896.1250000000,151946.4375000000,133423.3750000000,144523.2812500000,,,
32.2039999480,251,147201.8750000000,192606.1875000000,173523.3906250000,148501.5625000000,120048.7734375000,152099.6718750000,133573.8906250000,144666.8437500000,,,
32.2079999479,251,146803.7500000000,192917.3437500000,172887.6875000000,148025.8593750000,119662.6718750000,151728.5937500000,133217.9687500000,144418.5781250000,,,
32.2119999479,251,146405.8281250000,195521.5000000000,171694.8437500000,147543.9375000000,119275.8671875000,151350.6718750000,132854.5781250000,144130.5000000000,,,
32.2159999481,251,146552.6718750000,196882.7031250000,171693.7187500000,147721.7187500000,119415.3984375000,151476.6562500000,132979.8125000000,144197.4218750000,,,
32.2199999481,251,147045.3750000000,195053.8281250000,172736.8125000000,148301.3437500000,119892.9062500000,151934.5781250000,133422.7812500000,144522.9062500000,,,
32.2239999480,251,147207.8593750000,192595.9375000000,173515.3906250000,148503.0468750000,120050.5390625000,152089.8281250000,133576.5781250000,144665.3437500000,,,
32.2279999480,251,146807.3281250000,192890.2500000000,172887.9687500000,148028.4218750000,119662.0546875000,151718.7500000000,133215.9218750000,144416.1406250000,,,
32.2319999479,251,146407.7031250000,195521.6875000000,171698.8437500000,147540.7500000000,119272.1640625000,151341.5937500000,132846.1562500000,144128.8750000000,,,
32.2359999479,251,146555.4062500000,196917.8906250000,171694.5468750000,147717.5625000000,119412.5234375000,151473.2187500000,132972.0937500000,144196.6562500000,,,
32.2399999481,251,147053.1718750000,195086.9843750000,172730.9375000000,148308.3750000000,119896.9062500000,151943.1406250000,133424.1718750000,144528.1093750000,,,
32.2439999480,251,147219.9843750000,192592.1093750000,173511.9687500000,148516.9843750000,120057.9687500000,152102.8437500000,133582.1875000000,144674.1875000000,,,
32.2479999480,251,146822.4531250000,192872.4687500000,172899.4062500000,148039.1250000000,119671.5468750000,151730.9531250000,133224.5625000000,144427.8593750000,,,
32.2519999479,251,146418.1406250000,195528.2343750000,171717.8281250000,147551.8593750000,119277.0234375000,151345.3593750000,132851.4062500000,144135.6250000000,,,
32.2559999479,252,146563.5156250000,196947.6875000000,171705.4687500000,147720.6718750000,119417.1406250000,151476.5156250000,132978.4218750000,144201.2031250000,,,
32.2599999479,252,147061.8125000000,195110.9687500000,172736.1875000000,148314.2656250000,119905.1640625000,151947.7187500000,133436.8593750000,144531.1406250000,,,
32.2639999478,252,147231.2812500000,192582.7343750000,173521.7500000000,148526.1406250000,120072.2421875000,152110.2187500000,133599.4531250000,144680.0625000000,,,
32.2679999478,252,146827.0937500000,192846.4531250000,172921.2656250000,148040.6250000000,119680.8515625000,151734.4843750000,133235.1875000000,144429.4375000000,,,
32.2719999477,252,146426.1093750000,195521.3125000000,171743.4687500000,147555.0156250000,119291.6953125000,151359.1718750000,132868.7656250000,144144.6406250000,,,
32.2759999477,252,146560.5000000000,196974.2500000000,171724.4062500000,147720.5625000000,119421.1093750000,151480.6250000000,132986.6718750000,144202.7187500000,,,
32.2799999479,252,147055.2343750000,195135.5937500000,172741.0937500000,148305.3593750000,119905.3281250000,151946.5937500000,133438.1406250000,144527.9218750000,,,
32.2839999478,252,147232.1562500000,192577.2500000000,173523.2343750000,148523.7968750000,120078.3828125000,152116.4843750000,133607.7500000000,144681.0781250000,,,
32.2879999478,252,146829.9375000000,192823.2500000000,172931.6406250000,148046.7656250000,119689.8671875000,151741.5937500000,133249.3750000000,144432.2343750000,,,
32.2919999477,252,146417.0625000000,195511.0468750000,171753.3750000000,147548.7968750000,119289.4687500000,151351.0468750000,132874.6093750000,144136.3750000000,,,
32.2959999477,252,146554.4218750000,196989.7656250000,171726.7656250000,147712.6562500000,119420.4375000000,151473.4062500000,132992.3593750000,144196.7812500000,,,
32.2999999479,252,147050.2500000000,195154.7968750000,172737.5312500000,148296.1093750000,119901.3828125000,151939.9531250000,133440.6406250000,144521.2968750000,,,
32.3039999478,252,147231.4843750000,192568.2812500000,173520.7812500000,148520.2031250000,120076.0234375000,152112.7656250000,133609.1093750000,144676.8437500000,,,
32.3079999478,252,146833.0781250000,192788.3125000000,172937.3593750000,148044.5000000000,119689.0078125000,151742.5156250000,133252.1093750000,144434.1875000000,,,
32.3119999478,252,146411.8281250000,195488.5625000000,171760.2656250000,147540.4062500000,119278.7656250000,151345.2500000000,132863.4531250000,144134.8437500000,,,
32.3159999477,252,146547.0156250000,196994.9687500000,171727.5937500000,147705.7500000000,119406.6250000000,151460.9062500000,132973.8906250000,144190.4531250000,,,
32.3199999477,252,147047.7812500000,195170.0000000000,172735.4375000000,148293.6718750000,119894.5156250000,151927.5000000000,133428.4843750000,144518.3750000000,,,
32.3239999479,252,147235.8906250000,192568.4687500000,173524.9218750000,148525.8125000000,120076.8515625000,152112.7343750000,133608.5937500000,144684.2500000000,,,
32.3279999478,252,146846.1875000000,192774.4062500000,172953.3125000000,148058.7343750000,119698.3671875000,151756.2656250000,133257.5312500000,144450.8750000000,,,
32.3319999478,252,146425.2656250000,195490.1562500000,171777.6718750000,147552.8437500000,119287.8281250000,151356.8125000000,132868.3593750000,144151.2187500000,,,
32.3359999477,252,146558.2812500000,197030.5156250000,171738.0781250000,147713.4062500000,119414.1875000000,151475.0468750000,132982.8906250000,144208.1093750000,,,
32.3399999477,252,147048.0312500000,195209.2343750000,172729.6250000000,148291.6093750000,119891.7031250000,151942.8437500000,133429.5312500000,144526.5625000000,,,
32.3439999479,252,147227.9687500000,192574.3437500000,173514.5156250000,148522.1875000000,120068.1875000000,152118.9375000000,133604.5468750000,144680.0937500000,,,
32.3479999478,252,146831.3593750000,192754.3750000000,172948.2187500000,148055.9687500000,119684.0468750000,151746.0781250000,133252.2656250000,144435.7656250000,,,
32.3519999478,252,146408.4843750000,195478.9687500000,171771.1875000000,147549.5937500000,119274.3906250000,151345.5937500000,132868.1562500000,144130.1875000000,,,
32.3559999478,252,146533.2343750000,197033.0625000000,171719.5781250000,147697.9843750000,119394.9531250000,151459.1406250000,132977.4843750000,144177.3125000000,,,
32.3599999477,252,147030.1875000000,195207.0625000000,172709.6562500000,148287.1562500000,119881.1328125000,151928.7031250000,133431.8437500000,144500.8906250000,,,
32.3639999477,252,147220.7343750000,192556.0468750000,173503.5468750000,148522.6718750000,120066.7968750000,152113.1562500000,133612.7656250000,144664.8906250000,,,
32.3679999479,252,146830.7343750000,192720.1718750000,172947.7031250000,148062.1406250000,119686.8359375000,151748.1718750000,133259.7500000000,144430.7031250000,,,
32.3719999478,252,146407.3593750000,195452.2812500000,171773.8125000000,147552.4375000000,119273.6406250000,151348.8906250000,132869.9687500000,144133.1562500000,,,
32.3759999478,252,146531.7031250000,197031.8281250000,171715.8750000000,147695.9062500000,119391.9296875000,151458.1718750000,132972.8437500000,144182.3750000000,,,
32.3799999477,252,147033.3750000000,195227.2343750000,172705.8593750000,148282.9687500000,119881.3750000000,151926.3750000000,133427.3906250000,144507.5156250000,,,
32.3839999477,253,147226.7343750000,192558.5937500000,173506.7812500000,148524.7500000000,120069.6406250000,152109.2500000000,133611.8750000000,144669.3906250000,,,
32.3879999476,253,146830.9218750000,192708.2343750000,172960.1250000000,148067.8750000000,119685.0625000000,151741.5156250000,133260.8750000000,144424.9843750000,,,
32.3919999476,253,146405.3437500000,195442.4531250000,171784.0781250000,147557.4843750000,119270.0156250000,151339.3750000000,132870.7812500000,144122.0625000000,,,
32.3959999476,253,146526.3125000000,197041.1406250000,171719.6250000000,147695.9687500000,119385.5937500000,151443.3125000000,132971.6250000000,144167.7656250000,,,
32.3999999475,253,147033.6562500000,195250.1718750000,172709.3437500000,148286.8906250000,119881.5625000000,151917.7343750000,133432.2187500000,144499.7187500000,,,
32.4039999475,253,147235.0781250000,192580.6718750000,173518.6406250000,148531.6093750000,120075.1953125000,152108.7343750000,133617.0468750000,144672.5781250000,,,
32.4079999477,253,146851.4218750000,192712.4843750000,172981.2343750000,148073.4843750000,119701.4765625000,151751.6093750000,133272.8437500000,144442.5468750000,,,
32.4119999476,253,146419.9062500000,195436.8750000000,171799.7812500000,147553.4843750000,119281.7109375000,151347.2031250000,132879.1250000000,144138.6093750000,,,
32.4159999476,253,146534.0000000000,197052.2343750000,171722.9843750000,147696.2031250000,119389.0000000000,151449.5625000000,132974.7656250000,144181.5156250000,,,
32.4199999475,253,147035.6562500000,195271.2500000000,172700.1718750000,148284.4218750000,119877.4609375000,151921.2031250000,133430.8750000000,144505.6875000000,,,
32.4239999475,253,147242.7812500000,192584.8906250000,173506.2500000000,148539.5156250000,120078.4375000000,152116.9531250000,133627.0781250000,144677.0625000000,,,
32.4279999477,253,146858.0156250000,192697.1875000000,172977.0000000000,148081.5312500000,119704.2187500000,151758.2343750000,133281.2656250000,144444.1562500000,,,
32.4319999476,253,146416.9218750000,195427.2187500000,171796.5625000000,147557.5625000000,119277.6093750000,151341.8437500000,132878.0781250000,144129.9687500000,,,
32.4359999476,253,146530.2187500000,197058.7812500000,171712.5312500000,147696.0156250000,119387.8515625000,151443.9062500000,132977.0781250000,144172.8125000000,,,
32.4399999476,253,147026.8593750000,195292.1718750000,172686.0312500000,148275.7343750000,119873.8671875000,151913.8437500000,133429.4062500000,144497.6406250000,,,
32.4439999475,253,147222.0781250000,192594.9687500000,173492.6718750000,148520.4843750000,120063.2031250000,152100.7968750000,133607.1250000000,144661.6406250000,,,
32.4479999475,253,146836.9843750000,192678.4687500000,172966.0781250000,148070.2968750000,119689.4062500000,151740.7343750000,133258.6875000000,144427.5000000000,,,
32.4519999477,253,146400.5156250000,195401.5312500000,171782.0000000000,147550.1093750000,119264.6015625000,151331.2656250000,132857.6406250000,144119.9062500000,,,
32.4559999476,253,146503.7031250000,197055.7812500000,171688.0312500000,147678.7187500000,119362.2890625000,151424.6875000000,132943.5156250000,144155.0468750000,,,
32.4599999476,253,147010.2031250000,195305.6093750000,172662.7187500000,148269.0781250000,119855.6562500000,151900.3281250000,133406.3593750000,144482.2500000000,,,
32.4639999475,253,147230.5781250000,192600.2500000000,173487.2031250000,148539.0937500000,120068.6718750000,152106.8125000000,133611.6250000000,144665.0468750000,,,
32.4679999475,253,146851.9218750000,192666.0468750000,172979.7031250000,148087.8437500000,119702.0156250000,151753.2187500000,133272.7656250000,144436.8906250000,,,
32.4719999477,253,146416.6562500000,195395.2500000000,171802.1562500000,147562.2031250000,119278.5781250000,151342.0000000000,132874.5312500000,144128.7031250000,,,
32.4759999476,253,146530.6250000000,197073.5937500000,171705.3281250000,147693.3906250000,119385.6484375000,151439.1562500000,132968.8125000000,144173.2812500000,,,
32.4799999476,253,147032.5000000000,195336.0312500000,172675.3281250000,148276.7968750000,119874.3203125000,151906.2812500000,133423.6875000000,144500.5156250000,,,
32.4839999476,253,147241.5937500000,192609.0781250000,173495.5781250000,148533.1406250000,120078.3046875000,152106.4843750000,133620.5156250000,144675.6875000000,,,
32.4879999475,253,146864.2187500000,192649.0156250000,172988.9062500000,148087.7031250000,119712.6093750000,151756.2968750000,133282.2031250000,144448.8281250000,,,
32.4919999475,253,146432.2500000000,195368.0625000000,171808.0312500000,147569.0781250000,119293.7265625000,151346.4062500000,132886.9843750000,144144.4531250000,,,
32.4959999477,253,146533.5312500000,197066.5312500000,171703.2187500000,147686.2812500000,119393.2968750000,151436.7343750000,132977.3125000000,144179.2968750000,,,
32.4999999476,253,147035.9531250000,195346.7812500000,172672.7500000000,148270.5468750000,119884.9140625000,151911.8437500000,133434.5000000000,144507.8125000000,,,
32.5039999476,253,147246.4062500000,192619.4375000000,173502.6250000000,148532.3593750000,120086.2968750000,152111.2031250000,133626.2031250000,144680.2500000000,,,
32.5079999475,253,146871.6718750000,192649.2812500000,173006.7500000000,148096.6562500000,119721.7578125000,151764.6093750000,133290.7812500000,144453.6875000000,,,
32.5119999475,254,146429.6718750000,195370.7343750000,171819.3281250000,147572.4531250000,119292.8984375000,151349.1875000000,132890.0312500000,144140.0625000000,,,
32.5159999474,254,146525.8281250000,197084.5625000000,171702.0156250000,147688.0312500000,119388.0625000000,151431.7812500000,132974.5312500000,144168.7031250000,,,
32.5199999474,254,147029.3593750000,195367.4687500000,172666.2656250000,148277.0156250000,119881.3750000000,151903.7656250000,133433.5312500000,144494.4062500000,,,
32.5239999474,254,147253.1406250000,192620.4843750000,173502.9843750000,148552.1093750000,120097.6953125000,152116.6562500000,133641.5937500000,144678.5156250000,,,
32.5279999473,254,146879.5781250000,192627.6718750000,173020.0000000000,148112.5625000000,119735.8671875000,151770.6250000000,133307.6875000000,144456.7656250000,,,
32.5319999473,254,146436.9375000000,195345.1250000000,171831.7968750000,147583.0156250000,119306.3906250000,151354.3906250000,132903.4687500000,144148.7500000000,,,
32.5359999475,254,146534.7656250000,197072.4687500000,171706.4375000000,147697.2500000000,119397.8828125000,151440.4375000000,132980.2656250000,144182.4843750000,,,
32.5399999474,254,147032.9531250000,195377.5781250000,172668.6562500000,148278.2500000000,119882.6640625000,151910.4218750000,133431.8437500000,144506.8437500000,,,
32.5439999474,254,147247.3437500000,192629.2968750000,173505.5000000000,148544.5625000000,120090.8281250000,152115.9843750000,133634.8125000000,144683.4375000000,,,
32.5479999473,254,146872.7187500000,192624.8593750000,173023.8593750000,148101.8906250000,119726.9843750000,151766.6562500000,133300.6875000000,144457.4062500000,,,
32.5519999473,254,146426.2968750000,195329.1875000000,171826.0625000000,147566.2812500000,119294.7187500000,151346.5625000000,132895.2968750000,144143.3750000000,,,
32.5559999475,254,146518.1250000000,197064.3125000000,171687.4687500000,147677.1718750000,119382.1328125000,151425.9843750000,132971.4687500000,144170.6250000000,,,
32.5599999474,254,147018.5000000000,195387.2656250000,172644.1093750000,148262.6875000000,119868.7187500000,151895.4218750000,133422.5937500000,144494.5937500000,,,
32.5639999474,254,147239.7187500000,192635.3593750000,173483.7500000000,148529.2187500000,120081.5468750000,152108.6875000000,133626.9687500000,144676.8125000000,,,
32.5679999474,254,146868.8750000000,192602.0312500000,173011.2812500000,148086.3593750000,119720.9531250000,151766.6562500000,133294.9375000000,144455.5312500000,,,
32.5719999473,254,146425.9218750000,195289.5000000000,171816.7812500000,147551.6406250000,119289.1953125000,151347.9531250000,132887.7031250000,144142.4375000000,,,
32.5759999473,254,146512.8437500000,197042.6093750000,171670.9531250000,147654.8437500000,119367.9218750000,151423.4375000000,132956.4218750000,144165.7968750000,,,
32.5799999475,254,147010.1562500000,195401.4531250000,172625.6875000000,148236.4375000000,119850.8281250000,151893.0312500000,133402.9843750000,144488.5468750000,,,
32.5839999474,254,147243.5000000000,192653.1250000000,173472.1875000000,148519.8906250000,120075.3515625000,152110.9375000000,133614.9843750000,144679.0156250000,,,
32.5879999474,254,146882.6718750000,192603.0468750000,173010.9843750000,148094.1875000000,119724.3828125000,151772.2500000000,133291.3281250000,144462.8906250000,,,
32.5919999473,254,146434.3906250000,195284.7187500000,171810.2968750000,147558.5000000000,119289.4687500000,151349.3750000000,132882.9062500000,144144.7968750000,,,
32.5959999473,254,146516.3906250000,197065.9218750000,171658.2656250000,147659.7500000000,119367.8125000000,151420.1093750000,132951.7031250000,144163.6250000000,,,
32.5999999475,254,147007.5781250000,195444.0468750000,172612.8593750000,148244.3437500000,119849.5390625000,151882.8906250000,133397.9062500000,144479.7500000000,,,
32.6039999474,254,147236.5000000000,192689.8750000000,173472.6718750000,148527.6093750000,120075.4843750000,152100.1562500000,133615.8906250000,144667.5156250000,,,
32.6079999474,254,146867.7031250000,192608.4687500000,173014.7968750000,148097.5937500000,119719.6953125000,151756.7187500000,133291.1093750000,144445.4531250000,,,
32.6119999473,254,146412.7500000000,195277.6406250000,171803.9843750000,147555.3906250000,119278.4687500000,151331.6718750000,132880.5468750000,144125.5937500000,,,
32.6159999473,254,146496.0781250000,197065.4843750000,171640.8750000000,147658.6562500000,119357.5703125000,151404.0156250000,132949.0156250000,144150.1406250000,,,
32.6199999473,254,146986.9843750000,195462.5781250000,172598.3281250000,148239.8906250000,119836.2578125000,151867.8437500000,133394.4062500000,144467.8281250000,,,
32.6239999474,254,147217.7812500000,192706.3437500000,173465.0312500000,148524.4218750000,120061.2421875000,152092.2968750000,133610.3437500000,144655.8125000000,,,
32.6279999474,254,146853.6718750000,192611.6093750000,173014.9531250000,148094.8125000000,119708.2890625000,151754.5312500000,133286.1718750000,144437.1562500000,,,
32.6319999474,254,146399.4062500000,195284.3906250000,171799.8281250000,147546.4843750000,119266.8828125000,151330.5000000000,132871.8593750000,144117.8437500000,,,
32.6359999473,254,146480.3437500000,197096.8750000000,171626.3750000000,147644.2500000000,119342.5156250000,151403.5000000000,132937.5625000000,144142.6875000000,,,
32.6399999473,255,146980.4375000000,195497.8125000000,172585.0468750000,148231.2031250000,119830.6015625000,151878.0468750000,133393.1875000000,144469.7812500000,,,
32.6439999472,255,147218.6406250000,192721.7812500000,173463.9218750000,148528.1250000000,120061.9453125000,152103.4062500000,133617.7812500000,144662.9218750000,,,
32.6479999472,255,146859.2031250000,192600.5000000000,173023.2656250000,148100.5000000000,119711.2968750000,151767.2968750000,133295.6875000000,144447.0937500000,,,
32.6519999471,255,146398.4687500000,195266.5000000000,171804.4375000000,147543.2187500000,119263.2031250000,151332.7187500000,132869.4375000000,144121.5000000000,,,
32.6559999471,255,146467.7812500000,197101.9375000000,171625.1406250000,147627.8125000000,119328.9218750000,151388.2187500000,132921.5468750000,144130.9062500000,,,
32.6599999471,255,146969.5468750000,195515.6250000000,172583.4843750000,148221.6562500000,119818.5546875000,151858.8906250000,133378.3281250000,144455.3750000000,,,
32.6639999473,255,147211.0000000000,192718.9687500000,173467.8125000000,148513.0781250000,120053.2265625000,152088.8906250000,133605.1093750000,144651.5312500000,,,
32.6679999472,255,146858.9375000000,192570.9687500000,173036.3750000000,148088.9843750000,119711.0546875000,151759.4843750000,133289.9531250000,144443.3125000000,,,
32.6719999472,255,146400.5625000000,195248.5625000000,171821.6093750000,147539.4531250000,119267.3906250000,151325.2656250000,132875.5468750000,144118.9687500000,,,
32.6759999471,255,146469.3125000000,197108.4375000000,171636.2656250000,147624.7812500000,119334.2031250000,151382.3125000000,132937.8125000000,144129.3593750000,,,
32.6799999471,255,146967.3125000000,195527.9218750000,172588.0468750000,148213.5781250000,119817.9375000000,151850.1718750000,133388.3437500000,144448.1406250000,,,
32.6839999473,255,147220.3281250000,192703.0937500000,173479.2968750000,148524.5312500000,120059.3437500000,152089.5000000000,133619.6250000000,144648.8437500000,,,
32.6879999472,255,146872.2343750000,192532.5625000000,173061.7031250000,148117.5312500000,119719.9609375000,151761.7968750000,133303.7968750000,144442.6093750000,,,
32.6919999472,255,146410.0312500000,195224.9531250000,171848.7812500000,147557.1562500000,119270.4453125000,151324.6406250000,132880.0312500000,144116.9062500000,,,
32.6959999471,255,146477.1718750000,197119.1093750000,171656.7343750000,147640.2500000000,119333.5859375000,151382.6562500000,132934.5625000000,144128.1250000000,,,
32.6999999471,255,146976.2968750000,195549.5625000000,172607.9531250000,148233.7500000000,119821.0781250000,151854.2500000000,133385.9531250000,144451.0781250000,,,
32.7039999471,255,147231.3750000000,192693.7031250000,173500.2656250000,148545.9062500000,120071.7343750000,152099.3437500000,133625.9531250000,144657.7500000000,,,
32.7079999472,255,146873.2500000000,192493.0156250000,173087.0156250000,148126.4687500000,119727.1484375000,151767.6093750000,133307.5156250000,144446.6093750000,,,
32.7119999472,255,146399.7656250000,195186.9843750000,171871.3125000000,147554.3125000000,119269.7812500000,151322.8281250000,132875.4218750000,144115.1406250000,,,
32.7159999472,255,146466.1406250000,197100.4375000000,171670.2187500000,147632.2968750000,119332.9140625000,151379.5000000000,132929.7031250000,144126.1093750000,,,
32.7199999471,255,146973.9375000000,195540.5468750000,172616.1562500000,148226.9687500000,119826.2812500000,151857.7031250000,133389.7656250000,144453.9531250000,,,
32.7239999471,255,147234.9531250000,192669.4375000000,173510.4843750000,148544.7187500000,120077.1796875000,152107.6718750000,133631.1250000000,144663.2968750000,,,
32.7279999473,255,146885.2187500000,192453.4843750000,173107.8906250000,148126.8437500000,119735.0859375000,151785.9843750000,133319.4062500000,144460.8750000000,,,
32.7319999472,255,146423.1718750000,195147.3125000000,171897.4062500000,147566.9531250000,119282.7031250000,151350.6875000000,132896.0781250000,144141.1875000000,,,
32.7359999472,255,146476.0781250000,197090.8906250000,171687.1562500000,147632.1093750000,119329.5078125000,151391.1093750000,132931.2031250000,144140.2500000000,,,
32.7399999471,255,146987.7343750000,195556.9062500000,172629.8437500000,148229.2968750000,119832.0468750000,151873.1562500000,133393.6250000000,144473.6093750000,,,
32.7439999471,255,147251.5781250000,192690.9218750000,173531.7343750000,148549.7656250000,120090.2421875000,152123.3593750000,133637.3750000000,144684.3750000000,,,
32.7479999471,255,146903.5625000000,192452.3593750000,173138.1250000000,148141.0000000000,119753.1953125000,151797.6562500000,133327.5625000000,144476.9687500000,,,
32.7519999472,255,146428.0000000000,195139.0000000000,171923.4218750000,147572.1875000000,119291.7734375000,151347.9843750000,132895.5156250000,144140.2968750000,,,
32.7559999472,255,146482.1875000000,197101.1093750000,171707.5625000000,147635.4843750000,119340.9375000000,151392.6406250000,132935.8437500000,144138.9843750000,,,
32.7599999472,255,146982.6562500000,195587.2656250000,172644.8125000000,148222.7187500000,119827.5937500000,151863.9843750000,133388.1562500000,144457.7031250000,,,
32.7639999471,255,147255.7656250000,192708.5312500000,173548.5156250000,148557.0625000000,120088.5468750000,152124.1093750000,133637.5468750000,144673.4687500000,,,
32.7679999471,256,146906.9375000000,192442.9375000000,173155.2500000000,148145.5625000000,119746.4296875000,151797.2812500000,133322.7812500000,144467.1250000000,,,
32.7719999470,256,146431.8437500000,195107.3437500000,171930.5937500000,147570.9687500000,119285.0703125000,151346.2187500000,132890.2031250000,144132.9218750000,,,
32.7759999470,256,146492.0781250000,197075.5781250000,171709.4062500000,147643.9843750000,119344.1015625000,151395.6718750000,132940.5937500000,144144.0312500000,,,
32.7799999469,256,146994.4375000000,195591.5156250000,172647.3750000000,148231.6562500000,119835.8046875000,151869.3437500000,133395.8750000000,144472.0781250000,,,
32.7839999469,256,147261.9843750000,192724.1406250000,173554.2031250000,148550.3593750000,120098.0468750000,152123.6250000000,133642.6718750000,144685.5625000000,,,
32.7879999469,256,146920.8593750000,192444.0468750000,173172.7187500000,148145.7812500000,119768.6718750000,151805.2500000000,133336.5937500000,144482.6250000000,,,
32.7919999470,256,146447.5937500000,195100.5000000000,171948.4218750000,147578.7500000000,119308.6718750000,151359.7031250000,132904.8750000000,144151.8593750000,,,
32.7959999470,256,146493.2343750000,197089.6250000000,171713.0000000000,147639.2187500000,119348.1484375000,151400.8281250000,132939.8437500000,144151.9375000000,,,
32.7999999470,256,146991.9375000000,195620.3906250000,172641.8281250000,148225.8437500000,119832.1328125000,151872.6562500000,133392.5468750000,144472.7500000000,,,
32.8039999469,256,147258.0156250000,192737.6406250000,173546.0312500000,148547.5156250000,120089.3828125000,152124.5312500000,133640.7343750000,144680.4062500000,,,
32.8079999469,256,146919.5000000000,192430.9218750000,173166.5000000000,148147.9218750000,119760.5390625000,151810.1875000000,133338.4687500000,144482.7031250000,,,
32.8119999471,256,146441.7187500000,195095.3593750000,171943.8906250000,147572.9843750000,119297.8046875000,151359.6562500000,132902.2968750000,144150.2187500000,,,
32.8159999470,256,146483.2031250000,197107.3593750000,171701.0468750000,147626.9531250000,119338.5781250000,151392.7031250000,132933.6562500000,144143.9687500000,,,
32.8199999470,256,146985.3750000000,195641.7968750000,172625.5781250000,148223.0781250000,119830.5234375000,151865.6562500000,133386.9375000000,144467.5468750000,,,
32.8239999469,256,147263.8125000000,192735.2500000000,173538.5781250000,148557.4062500000,120102.2812500000,152126.6562500000,133638.9687500000,144685.0781250000,,,
32.8279999469,256,146922.4375000000,192410.5156250000,173173.3281250000,148154.0156250000,119771.8046875000,151805.7031250000,133332.0312500000,144481.1718750000,,,
32.8319999469,256,146440.6093750000,195075.9843750000,171953.2812500000,147581.1093750000,119302.6328125000,151351.0156250000,132896.6875000000,144143.2500000000,,,
32.8359999470,256,146486.6718750000,197109.4843750000,171705.4687500000,147640.5000000000,119342.4375000000,151386.9531250000,132931.5312500000,144141.7656250000,,,
32.8399999470,256,146989.2031250000,195661.7812500000,172623.4062500000,148228.8437500000,119828.4296875000,151857.6562500000,133383.7500000000,144464.0625000000,,,
32.8439999470,256,147269.3906250000,192739.8593750000,173534.7343750000,148568.8593750000,120097.2968750000,152125.3750000000,133643.3125000000,144684.0312500000,,,
32.8479999469,256,146931.2656250000,192394.1250000000,173176.2656250000,148172.3281250000,119769.0156250000,151810.7187500000,133344.1875000000,144487.8281250000,,,
32.8519999469,256,146437.8750000000,195066.4375000000,171950.5156250000,147584.1406250000,119292.0937500000,151347.2656250000,132898.2500000000,144143.6562500000,,,
32.8559999471,256,146472.7500000000,197120.1250000000,171686.0312500000,147624.6718750000,119325.4843750000,151377.8125000000,132926.0312500000,144133.0000000000,,,
32.8599999470,256,146971.1250000000,195678.2812500000,172591.7812500000,148206.5312500000,119813.8125000000,151851.7500000000,133377.6875000000,144450.9843750000,,,
32.8639999470,256,147248.3593750000,192740.7031250000,173498.8281250000,148540.7031250000,120084.3359375000,152116.3281250000,133633.3593750000,144666.2968750000,,,
32.8679999469,256,146919.0156250000,192369.4218750000,173149.3906250000,148152.6406250000,119766.2265625000,151810.7500000000,133341.7187500000,144476.3437500000,,,
32.8719999469,256,146432.0312500000,195041.8125000000,171935.5781250000,147572.5625000000,119295.1484375000,151357.6718750000,132903.5781250000,144141.3437500000,,,
32.8759999468,256,146463.7656250000,197117.7968750000,171669.8281250000,147607.2187500000,119322.2656250000,151383.6875000000,132924.7968750000,144128.8125000000,,,
32.8799999470,256,146969.8593750000,195689.7812500000,172574.6875000000,148191.2968750000,119812.5781250000,151856.3906250000,133375.5781250000,144452.9375000000,,,
32.8839999470,256,147264.2656250000,192743.7343750000,173495.7656250000,148541.0468750000,120098.8203125000,152134.5937500000,133643.6250000000,144683.7343750000,,,
32.8879999470,256,146930.4843750000,192361.0625000000,173161.5625000000,148154.5468750000,119776.8203125000,151822.8750000000,133348.2656250000,144491.7656250000,,,
32.8919999469,256,146445.6562500000,195040.6875000000,171950.1406250000,147573.5000000000,119309.7421875000,151366.8125000000,132912.7031250000,144159.8437500000,,,
32.8959999469,257,146474.9687500000,197144.7812500000,171678.5468750000,147609.1250000000,119338.3593750000,151387.7656250000,132936.8437500000,144145.7656250000,,,
32.8999999468,257,146971.5625000000,195725.9687500000,172574.4218750000,148192.5468750000,119823.8437500000,151855.2500000000,133387.3437500000,144461.1406250000,,,
32.9039999468,257,147259.8906250000,192754.5937500000,173494.0468750000,148543.3906250000,120104.9921875000,152132.4218750000,133655.2500000000,144684.8593750000,,,
32.9079999467,257,146928.0781250000,192337.8281250000,173162.7968750000,148159.0781250000,119782.3984375000,151826.3281250000,133361.6718750000,144494.2656250000,,,
32.9119999467,257,146440.1562500000,195022.4531250000,171953.0937500000,147575.1093750000,119308.0000000000,151365.3593750000,132918.3281250000,144158.4062500000,,,
32.9159999467,257,146464.8125000000,197159.0156250000,171677.0625000000,147608.0468750000,119326.3437500000,151381.2500000000,132929.3593750000,144137.7968750000,,,
32.9199999468,257,146966.7500000000,195751.2656250000,172569.5156250000,148201.4843750000,119813.6250000000,151852.6875000000,133380.0468750000,144455.5156250000,,,
32.9239999468,257,147257.5000000000,192744.0781250000,173485.6562500000,148560.7187500000,120094.6640625000,152129.4375000000,133645.8906250000,144679.7968750000,,,
32.9279999468,257,146924.8281250000,192299.6562500000,173166.9531250000,148178.7968750000,119771.0000000000,151821.0468750000,133346.2500000000,144487.6093750000,,,
32.9319999467,257,146430.5781250000,194991.7187500000,171961.8281250000,147584.0937500000,119290.4296875000,151357.5781250000,132892.2031250000,144144.1093750000,,,
32.9359999467,257,146460.6562500000,197156.3437500000,171683.5000000000,147619.1718750000,119316.7421875000,151374.6406250000,132908.8906250000,144127.3906250000,,,
32.9399999469,257,146966.7343750000,195760.1406250000,172572.1250000000,148207.3281250000,119810.4296875000,151845.0156250000,133367.6875000000,144447.8593750000,,,
32.9439999468,257,147271.6718750000,192726.8593750000,173490.3750000000,148572.9218750000,120105.9531250000,152132.9375000000,133650.0625000000,144684.1406250000,,,
32.9479999468,257,146944.0156250000,192256.2031250000,173183.7968750000,148185.4687500000,119785.2187500000,151824.8593750000,133354.2968750000,144494.7500000000,,,
32.9519999467,257,146448.3906250000,194956.7656250000,171988.5781250000,147590.8437500000,119302.5312500000,151357.6093750000,132903.0156250000,144153.0625000000,,,
32.9559999467,257,146467.5468750000,197150.2968750000,171704.0781250000,147619.6250000000,119320.1796875000,151372.5312500000,132917.0937500000,144132.7656250000,,,
32.9599999466,257,146967.0000000000,195777.5937500000,172581.3437500000,148199.9218750000,119806.8671875000,151843.8437500000,133368.1093750000,144447.7031250000,,,
32.9639999468,257,147269.6250000000,192732.1406250000,173495.8125000000,148559.9531250000,120100.2968750000,152130.0312500000,133646.0156250000,144679.1562500000,,,
32.9679999468,257,146951.4687500000,192235.9531250000,173198.0156250000,148185.5312500000,119790.3437500000,151830.4375000000,133359.1562500000,144499.7343750000,,,
32.9719999467,257,146458.3437500000,194921.9843750000,172007.6406250000,147596.7187500000,119311.7265625000,151362.9218750000,132910.9531250000,144160.8750000000,,,
32.9759999467,257,146479.2343750000,197124.4218750000,171719.3125000000,147623.0156250000,119331.1718750000,151374.3750000000,132925.9843750000,144141.3125000000,,,
32.9799999467,257,146976.5937500000,195778.2968750000,172595.1093750000,148197.0625000000,119817.0859375000,151841.5625000000,133374.4687500000,144456.3750000000,,,
32.9839999469,257,147269.6875000000,192750.5156250000,173510.4843750000,148551.9687500000,120103.6484375000,152123.5937500000,133647.1718750000,144681.5625000000,,,
32.9879999468,257,146950.7656250000,192231.6406250000,173218.2343750000,148180.4218750000,119795.6484375000,151831.3437500000,133369.1875000000,144501.7812500000,,,
32.9919999468,257,146459.8125000000,194886.6250000000,172028.8125000000,147596.4531250000,119319.5859375000,151370.2187500000,132924.0937500000,144165.1562500000,,,
32.9959999467,257,146474.2187500000,197087.2500000000,171730.7656250000,147618.2031250000,119332.6796875000,151379.5781250000,132930.8281250000,144142.9843750000,,,
32.9999999467,257,146966.1875000000,195769.8437500000,172596.4531250000,148190.9687500000,119812.9218750000,151844.5468750000,133375.3281250000,144454.1093750000,,,
33.0039999466,257,147269.3593750000,192763.7031250000,173512.2656250000,148550.4375000000,120106.2265625000,152129.2500000000,133651.4375000000,144683.6875000000,,,
33.0079999468,257,146960.3750000000,192235.5312500000,173226.2031250000,148191.1093750000,119803.2656250000,151838.4531250000,133372.0781250000,144508.8906250000,,,
33.0119999468,257,146470.2187500000,194878.9531250000,172030.3125000000,147614.4218750000,119324.6796875000,151375.6562500000,132924.6406250000,144171.2187500000,,,
33.0159999467,257,146475.9843750000,197105.7031250000,171723.1718750000,147624.2656250000,119328.1718750000,151371.2187500000,132923.4843750000,144138.9218750000,,,
33.0199999467,257,146965.6562500000,195812.3125000000,172584.0468750000,148188.9843750000,119807.2109375000,151828.7656250000,133370.2031250000,144445.9375000000,,,
33.0239999467,258,147272.9531250000,192798.3593750000,173505.5000000000,148556.2812500000,120106.0078125000,152120.2500000000,133654.5468750000,144681.0312500000,,,
33.0279999466,258,146961.8125000000,192249.1250000000,173229.9062500000,148196.9843750000,119802.6015625000,151831.3750000000,133375.0937500000,144507.2812500000,,,
33.0319999466,258,146466.9843750000,194897.3593750000,172040.4843750000,147610.3281250000,119321.1171875000,151366.0000000000,132920.5937500000,144168.8593750000,,,
33.0359999465,258,146477.2812500000,197141.6718750000,171726.2812500000,147624.8593750000,119329.3750000000,151368.2812500000,132919.6250000000,144146.0312500000,,,
33.0399999465,258,146968.6875000000,195870.5625000000,172581.6875000000,148189.2187500000,119808.4218750000,151836.6250000000,133362.2968750000,144460.1250000000,,,
33.0439999464,258,147277.2812500000,192854.0000000000,173507.5156250000,148554.8906250000,120106.9453125000,152132.2031250000,133646.0468750000,144697.0937500000,,,
33.0479999466,258,146966.1406250000,192279.4375000000,173237.9218750000,148199.8750000000,119802.8437500000,151843.3125000000,133367.3437500000,144520.6406250000,,,
33.0519999466,258,146470.2500000000,194906.6875000000,172042.5625000000,147606.5468750000,119320.6875000000,151377.0000000000,132915.5937500000,144180.1250000000,,,
33.0559999465,258,146474.1875000000,197159.9843750000,171718.8750000000,147610.7343750000,119323.4453125000,151371.7187500000,132916.1875000000,144148.7968750000,,,
33.0599999465,258,146971.4218750000,195898.1875000000,172574.7187500000,148188.1250000000,119809.5468750000,151834.5312500000,133369.2968750000,144462.4843750000,,,
33.0639999465,258,147281.4062500000,192871.7031250000,173507.9375000000,148564.6562500000,120113.3359375000,152127.5156250000,133657.6093750000,144697.5000000000,,,
33.0679999467,258,146973.4531250000,192280.6718750000,173253.2656250000,148209.0781250000,119815.7421875000,151841.3750000000,133386.8593750000,144523.6875000000,,,
33.0719999466,258,146477.0937500000,194897.3593750000,172060.6250000000,147614.9375000000,119334.7109375000,151375.4687500000,132935.1250000000,144184.3906250000,,,
33.0759999466,258,146478.4062500000,197157.3906250000,171723.2187500000,147608.6875000000,119333.0781250000,151369.2500000000,132924.6093750000,144149.0937500000,,,
33.0799999465,258,146963.7812500000,195919.7343750000,172570.2656250000,148171.3281250000,119806.6796875000,151828.1562500000,133363.1562500000,144454.4375000000,,,
33.0839999465,258,147277.7031250000,192898.0156250000,173508.0468750000,148550.1406250000,120112.9296875000,152132.0000000000,133656.0781250000,144692.4531250000,,,
33.0879999464,258,146975.1562500000,192287.3281250000,173259.8125000000,148204.7500000000,119817.1640625000,151850.4687500000,133387.9062500000,144520.1562500000,,,
33.0919999466,258,146474.2968750000,194893.7812500000,172057.6406250000,147609.4687500000,119327.4453125000,151378.1250000000,132927.6406250000,144174.3281250000,,,
33.0959999466,258,146468.9062500000,197171.2812500000,171707.7500000000,147600.5937500000,119317.7109375000,151364.2968750000,132910.4218750000,144133.0468750000,,,
33.0999999465,258,146962.2500000000,195955.4062500000,172558.6875000000,148177.6875000000,119798.4453125000,151822.8437500000,133358.4062500000,144441.0312500000,,,
33.1039999465,258,147279.9531250000,192937.5937500000,173508.3125000000,148560.0625000000,120107.1093750000,152122.0468750000,133653.9843750000,144681.7500000000,,,
33.1079999465,258,146974.9062500000,192303.1250000000,173265.0156250000,148210.5000000000,119808.8203125000,151838.7500000000,133379.8593750000,144506.5468750000,,,
33.1119999466,258,146466.7031250000,194889.2812500000,172053.5156250000,147612.2812500000,119314.9453125000,151362.7812500000,132917.9062500000,144156.8750000000,,,
33.1159999466,258,146447.9062500000,197175.2812500000,171691.6562500000,147601.6093750000,119294.2421875000,151340.4531250000,132894.1093750000,144109.7187500000,,,
33.1199999466,258,146932.0781250000,195979.3593750000,172537.1718750000,148167.7656250000,119765.6953125000,151797.0156250000,133328.1718750000,144412.8281250000,,,
33.1239999465,258,147251.5312500000,192946.4218750000,173484.8750000000,148555.6718750000,120076.0234375000,152099.9687500000,133619.2812500000,144652.9687500000,,,
33.1279999465,258,146956.5312500000,192282.6093750000,173249.5156250000,148215.5625000000,119788.7578125000,151824.8281250000,133358.4843750000,144489.9687500000,,,
33.1319999464,258,146455.5781250000,194855.1562500000,172042.5937500000,147609.1250000000,119305.4218750000,151357.9531250000,132908.8125000000,144150.7500000000,,,
33.1359999466,258,146445.4062500000,197148.5781250000,171674.1718750000,147599.8906250000,119297.4062500000,151342.5156250000,132899.4843750000,144113.3906250000,,,
33.1399999466,258,146933.3125000000,195971.3125000000,172520.6250000000,148167.4218750000,119776.2890625000,151800.9531250000,133347.2968750000,144423.1406250000,,,
33.1439999465,258,147263.7343750000,192941.8906250000,173484.8750000000,148560.7343750000,120098.9531250000,152116.8906250000,133655.4843750000,144677.6562500000,,,
33.1479999465,258,146970.6718750000,192264.3437500000,173265.3281250000,148217.7968750000,119813.9140625000,151845.0156250000,133394.7968750000,144515.8281250000,,,
33.1519999465,259,146464.9375000000,194827.7968750000,172057.4062500000,147614.2656250000,119322.5937500000,151373.2968750000,132936.9218750000,144169.3750000000,,,
33.1559999464,259,146449.0625000000,197133.1875000000,171680.9843750000,147589.9687500000,119302.5546875000,151351.6875000000,132911.4687500000,144122.9687500000,,,
33.1599999464,259,146939.1562500000,195982.8906250000,172525.3750000000,148158.8593750000,119777.6250000000,151811.6562500000,133347.1875000000,144428.6562500000,,,
33.1639999463,259,147277.5468750000,192959.1093750000,173495.3906250000,148553.1250000000,120105.9062500000,152136.7343750000,133658.8906250000,144684.0937500000,,,
33.1679999463,259,146997.4375000000,192256.9375000000,173284.4375000000,148223.0156250000,119830.0937500000,151874.0781250000,133405.3437500000,144531.4687500000,,,
33.1719999462,259,146490.6406250000,194799.8281250000,172076.5000000000,147621.1093750000,119336.6953125000,151402.0625000000,132946.7968750000,144183.6093750000,,,
33.1759999464,259,146470.3281250000,197112.2968750000,171691.1250000000,147601.1562500000,119315.8828125000,151382.7656250000,132930.5937500000,144137.6718750000,,,
33.1799999464,259,146954.0468750000,195975.1250000000,172525.2656250000,148161.1718750000,119789.2421875000,151835.8750000000,133370.6875000000,144440.5937500000,,,
33.1839999463,259,147284.5156250000,192960.0468750000,173496.3750000000,148553.9843750000,120112.3906250000,152154.5000000000,133678.2656250000,144691.2031250000,,,
33.1879999463,259,146996.1718750000,192238.7968750000,173294.5156250000,148225.5156250000,119833.8437500000,151894.7500000000,133429.3750000000,144533.0781250000,,,
33.1919999463,259,146485.8906250000,194741.1093750000,172081.5156250000,147617.9218750000,119339.6484375000,151420.2187500000,132968.8750000000,144183.4843750000,,,
33.1959999464,259,146464.0312500000,197038.4843750000,171688.0312500000,147592.5937500000,119317.8984375000,151399.0312500000,132943.0625000000,144140.2968750000,,,
33.1999999464,259,146946.0781250000,195930.5156250000,172524.0000000000,148158.7500000000,119788.3828125000,151858.5468750000,133383.5937500000,144450.8750000000,,,
33.2039999464,259,147280.6875000000,192953.9843750000,173502.5781250000,148557.3281250000,120115.5312500000,152179.7343750000,133694.5625000000,144708.3125000000,,,
33.2079999463,259,147002.7812500000,192227.4843750000,173308.1406250000,148231.5000000000,119845.8906250000,151923.5000000000,133448.6406250000,144556.4687500000,,,
33.2119999463,259,146500.2187500000,194682.7812500000,172094.6562500000,147628.1562500000,119359.8203125000,151459.4218750000,132995.8437500000,144214.0781250000,,,
33.2159999462,259,146471.6718750000,196967.6250000000,171692.7031250000,147596.2500000000,119332.9687500000,151433.0625000000,132968.7656250000,144166.2343750000,,,
33.2199999464,259,146944.1718750000,195909.8125000000,172520.9687500000,148151.6718750000,119792.4062500000,151876.1875000000,133394.1093750000,144466.3437500000,,,
33.2239999464,259,147278.2343750000,192991.5937500000,173502.5156250000,148547.9375000000,120114.4062500000,152192.3906250000,133698.1562500000,144718.7968750000,,,
33.2279999463,259,147010.7968750000,192277.3437500000,173321.4218750000,148229.8906250000,119853.0546875000,151941.1562500000,133457.0000000000,144574.8437500000,,,
33.2319999463,259,146517.6718750000,194700.3125000000,172106.2968750000,147635.5312500000,119373.1796875000,151478.8281250000,133005.9062500000,144238.4843750000,,,
33.2359999462,259,146488.9687500000,196953.6718750000,171687.8437500000,147600.9687500000,119342.8671875000,151445.9375000000,132974.0781250000,144185.0625000000,,,
33.2399999464,259,146959.8281250000,195918.6875000000,172517.2656250000,148150.8906250000,119802.0859375000,151883.4843750000,133402.5468750000,144478.2500000000,,,
33.2439999464,259,147293.2656250000,193031.8437500000,173513.2812500000,148548.1093750000,120130.8203125000,152199.4531250000,133720.0156250000,144729.9843750000,,,
33.2479999464,259,147021.7343750000,192308.6406250000,173340.6562500000,148236.2968750000,119870.4296875000,151950.5156250000,133481.4062500000,144579.6093750000,,,
33.2519999463,259,146524.2500000000,194683.7187500000,172117.0468750000,147643.6718750000,119388.3046875000,151484.1562500000,133026.3437500000,144237.0937500000,,,
33.2559999463,259,146488.1875000000,196929.4687500000,171686.1875000000,147604.6875000000,119351.5078125000,151441.1406250000,132985.8437500000,144178.6562500000,,,
33.2599999462,259,146949.2187500000,195936.3125000000,172512.3281250000,148147.5781250000,119800.6953125000,151873.6406250000,133403.9218750000,144469.1406250000,,,
33.2639999464,259,147274.7187500000,193091.8750000000,173513.7343750000,148546.4218750000,120118.9921875000,152186.4375000000,133707.5000000000,144715.4218750000,,,
33.2679999464,259,147011.0937500000,192359.0781250000,173345.5625000000,148237.8281250000,119862.3281250000,151940.1562500000,133472.6093750000,144569.7187500000,,,
33.2719999463,259,146520.2187500000,194692.4531250000,172114.0781250000,147645.7812500000,119386.9921875000,151478.4687500000,133028.9687500000,144229.6093750000,,,
33.2759999463,259,146485.6718750000,196894.1250000000,171665.5000000000,147609.7812500000,119350.3750000000,151437.4062500000,132995.3125000000,144171.1093750000,,,
33.2799999462,260,146946.5312500000,195909.9687500000,172491.6250000000,148153.8750000000,119796.2968750000,151867.1718750000,133408.6093750000,144462.8906250000,,,
33.2839999462,260,147267.2187500000,193122.1093750000,173511.4062500000,148547.4843750000,120107.9453125000,152174.2656250000,133703.7343750000,144707.3750000000,,,
33.2879999462,260,147003.8437500000,192391.7343750000,173350.0625000000,148242.5937500000,119854.9296875000,151936.1093750000,133472.7500000000,144564.0312500000,,,
33.2919999461,260,146515.9843750000,194571.8437500000,172063.0625000000,147646.5312500000,119382.2968750000,151481.2343750000,133022.8593750000,144223.0156250000,,,
33.2959999461,260,146483.0468750000,196598.0156250000,171551.6406250000,147601.2656250000,119346.9218750000,151442.1250000000,132976.9375000000,144168.0625000000,,,
33.2999999460,260,146926.0625000000,195636.0312500000,172396.6718750000,148135.2343750000,119778.5625000000,151854.3281250000,133376.2656250000,144451.0781250000,,,
33.3039999462,260,147247.8750000000,193058.1562500000,173508.1562500000,148539.1718750000,120089.5703125000,152156.3281250000,133671.1250000000,144699.1875000000,,,
33.3079999462,260,146994.2500000000,192443.1250000000,173389.5156250000,148239.0937500000,119842.8828125000,151919.9062500000,133446.0312500000,144555.2812500000,,,
33.3119999461,260,146526.9062500000,194467.4531250000,172041.5781250000,147653.7500000000,119392.7578125000,151487.4375000000,133025.3281250000,144221.4062500000,,,
33.3159999461,260,146483.5000000000,196342.0156250000,171476.1406250000,147598.2500000000,119345.6015625000,151439.2812500000,132980.4531250000,144155.2968750000,,,
33.3199999460,260,146909.1406250000,195528.7500000000,172378.1875000000,148124.9062500000,119751.3671875000,151828.0937500000,133356.2343750000,144434.0000000000,,,
33.3239999462,260,147214.3750000000,193321.0781250000,173616.2968750000,148523.0000000000,120041.2343750000,152115.2812500000,133632.0937500000,144680.8437500000,,,
33.3279999462,260,146979.6875000000,192858.9218750000,173532.1875000000,148230.3750000000,119816.6015625000,151901.4375000000,133423.7656250000,144546.5156250000,,,
33.3319999462,260,146546.8281250000,194593.3750000000,172065.1562500000,147655.2812500000,119404.7500000000,151496.3437500000,133028.1718750000,144222.4843750000,,,
33.3359999461,260,146507.2187500000,196152.9218750000,171405.4843750000,147602.4062500000,119366.2031250000,151449.5781250000,132984.8593750000,144161.5156250000,,,
33.3399999461,260,146903.8906250000,195438.6718750000,172370.9843750000,148118.6250000000,119746.6484375000,151818.2343750000,133343.6562500000,144438.2968750000,,,
33.3439999460,260,147193.6093750000,193620.6562500000,173750.0156250000,148516.5937500000,120025.3593750000,152092.7031250000,133614.1875000000,144684.8125000000,,,
33.3479999462,260,146969.4062500000,193276.0312500000,173678.1562500000,148236.0000000000,119817.3750000000,151893.2031250000,133424.6875000000,144545.0156250000,,,
33.3519999462,260,146559.8593750000,194640.2656250000,172068.1093750000,147672.5000000000,119433.7968750000,151512.2656250000,133063.5468750000,144219.0781250000,,,
33.3559999461,260,146519.2031250000,195857.1875000000,171309.9843750000,147623.3906250000,119391.0937500000,151462.3281250000,133021.3593750000,144154.7031250000,,,
33.3599999461,260,146874.0625000000,195269.9375000000,172336.5625000000,148120.2187500000,119722.5859375000,151792.6093750000,133337.0000000000,144409.2343750000,,,
33.3639999460,260,147137.2968750000,193847.4531250000,173835.7031250000,148500.6093750000,119969.5703125000,152045.5781250000,133580.6718750000,144640.4218750000,,,
33.3679999462,260,146950.5781250000,193612.6250000000,173782.3906250000,148237.8281250000,119795.4609375000,151881.7500000000,133417.3593750000,144522.9687500000,,,
33.3719999462,260,146581.0312500000,194639.5468750000,172053.1718750000,147689.9843750000,119451.6015625000,151547.3750000000,133079.7187500000,144220.7343750000,,,
33.3759999461,260,146541.1093750000,195544.1406250000,171212.0781250000,147628.0312500000,119410.7265625000,151504.6718750000,133033.1562500000,144165.9687500000,,,
33.3799999461,260,146878.8281250000,195088.8437500000,172309.2812500000,148111.0937500000,119727.0156250000,151808.1718750000,133336.8906250000,144426.1875000000,,,
33.3839999461,260,147131.7343750000,194045.4062500000,173929.2343750000,148487.4375000000,119963.7734375000,152042.2656250000,133571.8593750000,144659.7031250000,,,
33.3879999460,260,146959.8281250000,193912.9531250000,173888.5156250000,148234.9375000000,119806.0078125000,151891.5937500000,133423.3750000000,144545.4375000000,,,
33.3919999462,260,146615.7656250000,194632.0000000000,172053.5156250000,147699.9062500000,119488.0859375000,151579.0625000000,133110.6562500000,144250.0468750000,,,
33.3959999462,260,146575.6406250000,195276.4531250000,171147.5468750000,147647.2656250000,119446.7734375000,151532.1093750000,133069.3750000000,144196.2812500000,,,
33.3999999461,260,146878.1406250000,194962.5000000000,172298.2343750000,148113.6093750000,119724.0078125000,151804.8125000000,133340.2968750000,144439.3281250000,,,
33.4039999461,260,147111.6718750000,194258.7968750000,174012.4062500000,148482.6562500000,119940.2500000000,152022.3750000000,133557.0781250000,144660.3750000000,,,
33.4079999460,261,146953.4218750000,194205.3906250000,173976.2500000000,148235.1406250000,119796.5625000000,151886.6562500000,133415.9375000000,144545.6875000000,,,
33.4119999460,261,146636.0937500000,194644.9531250000,172051.0781250000,147715.4062500000,119510.0234375000,151606.2187500000,133129.4218750000,144259.3281250000,,,
33.4159999460,261,146590.0625000000,195041.7343750000,171074.7500000000,147651.5000000000,119464.4531250000,151563.9062500000,133085.7812500000,144200.5312500000,,,
33.4199999459,261,146870.2031250000,194824.3906250000,172263.1250000000,148101.9687500000,119719.1015625000,151811.8125000000,133334.1562500000,144436.0625000000,,,
33.4239999459,261,147101.2187500000,194398.2500000000,174066.3437500000,148469.3593750000,119929.6250000000,152016.3437500000,133543.7187500000,144660.4375000000,,,
33.4279999458,261,146967.7500000000,194413.5312500000,174050.7187500000,148234.4218750000,119812.2578125000,151903.3906250000,133430.5625000000,144561.2187500000,,,
33.4319999460,261,146670.0468750000,194627.1250000000,172050.1562500000,147719.2500000000,119547.6796875000,151640.5312500000,133164.4062500000,144283.7968750000,,,
33.4359999460,261,146618.8750000000,194829.8906250000,171015.6875000000,147653.5312500000,119495.5390625000,151585.0937500000,133109.8437500000,144221.8125000000,,,
33.4399999459,261,146883.0937500000,194705.3906250000,172243.3906250000,148099.8281250000,119731.1953125000,151812.1875000000,133345.1562500000,144451.5937500000,,,
33.4439999459,261,147097.4375000000,194509.6875000000,174118.7343750000,148463.4843750000,119927.0000000000,151996.0312500000,133545.0625000000,144664.6718750000,,,
33.4479999458,261,146967.9843750000,194596.5937500000,174118.5937500000,148233.7187500000,119813.3281250000,151890.8125000000,133433.1093750000,144557.8281250000,,,
33.4519999460,261,146692.2812500000,194643.2968750000,172059.0625000000,147728.0781250000,119566.6171875000,151655.9531250000,133181.8281250000,144286.5312500000,,,
33.4559999460,261,146643.5000000000,194693.7968750000,170973.4218750000,147654.5000000000,119514.3437500000,151603.3906250000,133126.4687500000,144225.6406250000,,,
33.4599999459,261,146885.3750000000,194631.1250000000,172223.2656250000,148084.1406250000,119727.3906250000,151811.3906250000,133339.8750000000,144444.7812500000,,,
33.4639999459,261,147094.1875000000,194618.4531250000,174162.8906250000,148453.5312500000,119914.1796875000,151996.6718750000,133530.0156250000,144660.3281250000,,,
33.4679999459,261,146988.0468750000,194760.6093750000,174184.2031250000,148242.0937500000,119824.4062500000,151912.4843750000,133441.6562500000,144574.8125000000,,,
33.4719999458,261,146719.9843750000,194664.1093750000,172067.5156250000,147740.6718750000,119589.3906250000,151683.1718750000,133202.7500000000,144305.1250000000,,,
33.4759999460,261,146662.7812500000,194576.7812500000,170929.0000000000,147666.5156250000,119532.3671875000,151625.8125000000,133146.6406250000,144240.0937500000,,,
33.4799999460,261,146891.5156250000,194555.7187500000,172197.3281250000,148085.8750000000,119734.1250000000,151823.8906250000,133352.0156250000,144458.1093750000,,,
33.4839999459,261,147088.8437500000,194701.5781250000,174194.0000000000,148446.0468750000,119912.0859375000,151995.9531250000,133533.1718750000,144669.8750000000,,,
33.4879999459,261,146987.4687500000,194897.2968750000,174238.1250000000,148238.2343750000,119829.9609375000,151915.2187500000,133446.8437500000,144583.2031250000,,,
33.4919999458,261,146734.7500000000,194661.9687500000,172071.2187500000,147744.6718750000,119611.3828125000,151703.4843750000,133218.8437500000,144320.3593750000,,,
33.4959999460,261,146679.7812500000,194433.9687500000,170884.6406250000,147669.3906250000,119555.9453125000,151648.0625000000,133159.9218750000,144257.4843750000,,,
33.4999999460,261,146888.9218750000,194458.3906250000,172174.5000000000,148084.9218750000,119734.5546875000,151824.8750000000,133344.4843750000,144463.3750000000,,,
33.5039999459,261,147068.8593750000,194753.1875000000,174225.4843750000,148439.6093750000,119892.9921875000,151982.2500000000,133512.1562500000,144661.8593750000,,,
33.5079999459,261,146973.1718750000,194990.5312500000,174277.3281250000,148236.8125000000,119815.5546875000,151903.3125000000,133433.7500000000,144572.4843750000,,,
33.5119999459,261,146732.1093750000,194632.9687500000,172061.7500000000,147744.4062500000,119609.4531250000,151705.4375000000,133215.1250000000,144314.0156250000,,,
33.5159999458,261,146666.2968750000,194295.5156250000,170826.9687500000,147653.5156250000,119541.1406250000,151645.3906250000,133146.0312500000,144240.0468750000,,,
33.5199999460,261,146865.9843750000,194364.3750000000,172126.3125000000,148066.2500000000,119708.2656250000,151811.4687500000,133319.5156250000,144443.7656250000,,,
33.5239999460,261,147051.9687500000,194788.1562500000,174222.9843750000,148423.3750000000,119873.0312500000,151976.9843750000,133490.0000000000,144654.0937500000,,,
33.5279999459,261,146965.7031250000,195073.1406250000,174299.4687500000,148223.6718750000,119805.1484375000,151914.2187500000,133420.6250000000,144572.6718750000,,,
33.5319999459,261,146735.1250000000,194630.0937500000,172057.5156250000,147738.5937500000,119610.9531250000,151718.5625000000,133218.6093750000,144315.3593750000,,,
33.5359999458,262,146677.4531250000,194208.9687500000,170792.9531250000,147657.9843750000,119553.2109375000,151650.9687500000,133161.8750000000,144247.3906250000,,,
33.5399999458,262,146870.5156250000,194303.8906250000,172098.0625000000,148066.0312500000,119715.9062500000,151806.0000000000,133333.8593750000,144447.3593750000,,,
33.5439999457,262,147050.1250000000,194811.5156250000,174220.0468750000,148417.4062500000,119871.6640625000,151962.5312500000,133498.0625000000,144651.1250000000,,,
33.5479999457,262,146967.3437500000,195118.6093750000,174309.0312500000,148225.0937500000,119805.7343750000,151904.6250000000,133426.0468750000,144568.2656250000,,,
33.5519999457,262,146742.6875000000,194614.4687500000,172051.4218750000,147742.6093750000,119614.6015625000,151718.4531250000,133220.0625000000,144312.2812500000,,,
33.5559999456,262,146679.9531250000,194149.5468750000,170763.9375000000,147649.2187500000,119549.7187500000,151648.6093750000,133152.4843750000,144241.8437500000,,,
33.5599999458,262,146876.2500000000,194262.0468750000,172068.6406250000,148060.5937500000,119714.5156250000,151804.9218750000,133323.3437500000,144450.1250000000,,,
33.5639999458,262,147055.0468750000,194798.1718750000,174203.0937500000,148424.9687500000,119868.8515625000,151962.5312500000,133488.0937500000,144655.4375000000,,,
33.5679999457,262,146978.6562500000,195115.6562500000,174317.4062500000,148247.7500000000,119811.0468750000,151917.3281250000,133429.5625000000,144581.0312500000,,,
33.5719999457,262,146746.8125000000,194618.0000000000,172071.2656250000,147751.5468750000,119616.5859375000,151733.0625000000,133225.3593750000,144323.3593750000,,,
33.5759999456,262,146681.8750000000,194155.9843750000,170776.4843750000,147663.1562500000,119550.7421875000,151666.6562500000,133157.1250000000,144253.8125000000,,,
33.5799999458,262,146865.0781250000,194261.1093750000,172058.5312500000,148064.7656250000,119702.5000000000,151812.3593750000,133314.2343750000,144448.6718750000,,,
33.5839999458,262,147037.6250000000,194771.5625000000,174177.9531250000,148421.3437500000,119854.3906250000,151964.1875000000,133475.5312500000,144645.4375000000,,,
33.5879999457,262,146954.9531250000,195074.3593750000,174295.2968750000,148236.1875000000,119791.4921875000,151909.2656250000,133411.3437500000,144564.8125000000,,,
33.5919999457,262,146726.0781250000,194620.3906250000,172073.4687500000,147748.4062500000,119599.5312500000,151725.3437500000,133207.6093750000,144309.6562500000,,,
33.5959999457,262,146660.0468750000,194207.2812500000,170782.3906250000,147647.8437500000,119533.1171875000,151652.1718750000,133138.6718750000,144233.0468750000,,,
33.5999999456,262,146856.4375000000,194289.4062500000,172042.2500000000,148039.9531250000,119698.5859375000,151809.8125000000,133311.2500000000,144432.9531250000,,,
33.6039999458,262,147046.0468750000,194705.5468750000,174139.5781250000,148400.8593750000,119866.1640625000,151980.2656250000,133489.8125000000,144644.4375000000,,,
33.6079999458,262,146964.9843750000,194980.2812500000,174279.6718750000,148221.7656250000,119803.1328125000,151920.7187500000,133424.4062500000,144570.6250000000,,,
33.6119999457,262,146728.7031250000,194633.4531250000,172114.8593750000,147734.1875000000,119603.0937500000,151716.7343750000,133211.2812500000,144315.4218750000,,,
33.6159999457,262,146667.5312500000,194337.7343750000,170852.0468750000,147635.7187500000,119540.4140625000,151652.8906250000,133147.6875000000,144246.7812500000,,,
33.6199999456,262,146874.6718750000,194369.2812500000,172067.9375000000,148036.9843750000,119715.0781250000,151829.5156250000,133327.4531250000,144449.7656250000,,,
33.6239999458,262,147071.3593750000,194600.7343750000,174093.5156250000,148396.2968750000,119889.8515625000,152005.4687500000,133508.6093750000,144657.4531250000,,,
33.6279999458,262,146986.3593750000,194802.6250000000,174238.8750000000,148216.6875000000,119822.4765625000,151937.3125000000,133434.8281250000,144583.3437500000,,,
33.6319999457,262,146729.8906250000,194642.1406250000,172167.8750000000,147719.7343750000,119598.2109375000,151712.0625000000,133197.9062500000,144321.7968750000,,,
33.6359999457,262,146654.2187500000,194563.9218750000,170957.0312500000,147613.9218750000,119521.5000000000,151630.9062500000,133121.2187500000,144240.9375000000,,,
33.6399999456,262,146873.7656250000,194529.0000000000,172099.7812500000,148024.4062500000,119712.2109375000,151817.0937500000,133316.7031250000,144440.8906250000,,,
33.6439999456,262,147090.3281250000,194434.8125000000,173995.1718750000,148407.9062500000,119909.0859375000,152018.4531250000,133521.7031250000,144657.0312500000,,,
33.6479999458,262,146983.4375000000,194473.8906250000,174116.8281250000,148220.5312500000,119817.0312500000,151933.8281250000,133434.4531250000,144574.0625000000,,,
33.6519999458,262,146683.4531250000,194647.8281250000,172204.2500000000,147711.3125000000,119547.0078125000,151667.8125000000,133163.2812500000,144296.7968750000,,,
33.6559999457,262,146602.6406250000,195025.4843750000,171140.2500000000,147613.6562500000,119463.7578125000,151580.3750000000,133081.3906250000,144212.8281250000,,,
33.6599999457,262,146860.7031250000,194937.7812500000,172200.2343750000,148036.8437500000,119697.2968750000,151810.0156250000,133312.0000000000,144420.8593750000,,,
33.6639999456,263,147114.5156250000,194273.8750000000,173856.4062500000,148424.4218750000,119934.0546875000,152049.8437500000,133546.1562500000,144644.4218750000,,,
33.6679999456,263,146992.5312500000,194040.0937500000,173945.1875000000,148228.7343750000,119822.7187500000,151948.5312500000,133437.6562500000,144567.2187500000,,,
33.6719999455,263,146626.5468750000,194862.8906250000,172351.2656250000,147696.1250000000,119481.0859375000,151617.5937500000,133105.1250000000,144280.1250000000,,,
33.6759999455,263,146536.8281250000,196033.6406250000,171543.1718750000,147589.0468750000,119393.9375000000,151527.0468750000,133019.4843750000,144200.3750000000,,,
33.6799999455,263,146859.7656250000,195837.0937500000,172449.1718750000,148029.0781250000,119702.1484375000,151819.5937500000,133316.5937500000,144426.4843750000,,,
33.6839999454,263,147171.8437500000,194301.6406250000,173737.1875000000,148432.0000000000,120007.1406250000,152112.0625000000,133615.9218750000,144668.5000000000,,,
33.6879999456,263,147027.9062500000,193664.4687500000,173763.1562500000,148238.1250000000,119877.2187500000,151985.8906250000,133498.2031250000,144593.9375000000,,,
33.6919999456,263,146615.0156250000,194882.5156250000,172394.5625000000,147693.2656250000,119486.9531250000,151610.5781250000,133124.7500000000,144296.9062500000,,,
33.6959999455,263,146526.0937500000,196280.4843750000,171634.7187500000,147568.7500000000,119399.6484375000,151526.5312500000,133036.6250000000,144207.4375000000,,,
33.6999999455,263,146875.4218750000,195832.2187500000,172407.3281250000,148012.2812500000,119731.0078125000,151849.7656250000,133347.6718750000,144438.6718750000,,,
33.7039999454,263,147182.6718750000,194119.2187500000,173658.3125000000,148414.9531250000,120022.3828125000,152138.5312500000,133626.7031250000,144682.1875000000,,,
33.7079999456,263,147027.4843750000,193543.6718750000,173740.6718750000,148217.5000000000,119870.9687500000,151996.8125000000,133485.5468750000,144601.8750000000,,,
33.7119999456,263,146623.5937500000,194764.7656250000,172366.3593750000,147672.2031250000,119484.9453125000,151623.7968750000,133116.0625000000,144302.1406250000,,,
33.7159999455,263,146540.4375000000,196072.7187500000,171556.3437500000,147556.6875000000,119401.9062500000,151541.8750000000,133032.5937500000,144211.7031250000,,,
33.7199999455,263,146887.7343750000,195635.9531250000,172340.6406250000,148015.4687500000,119732.1875000000,151861.5156250000,133344.3281250000,144448.3437500000,,,
33.7239999454,263,147193.7812500000,194065.0312500000,173659.3593750000,148425.0156250000,120025.3828125000,152144.4687500000,133626.9218750000,144698.4375000000,,,
33.7279999454,263,147046.2031250000,193570.5781250000,173782.5156250000,148240.2187500000,119885.8046875000,152009.8125000000,133497.2656250000,144620.8125000000,,,
33.7319999456,263,146645.1875000000,194670.8750000000,172360.0937500000,147696.8750000000,119507.4765625000,151646.2500000000,133137.8125000000,144317.7812500000,,,
33.7359999456,263,146554.9843750000,195810.7031250000,171491.5312500000,147580.2031250000,119420.4375000000,151555.2343750000,133050.6250000000,144222.1093750000,,,
33.7399999455,263,146882.2968750000,195406.6718750000,172291.9062500000,148030.0937500000,119729.9921875000,151852.2656250000,133342.8281250000,144447.8593750000,,,
33.7439999455,263,147162.3125000000,194041.1718750000,173671.9843750000,148432.3750000000,119997.0625000000,152116.0312500000,133606.1562500000,144678.5937500000,,,
33.7479999454,263,147017.6406250000,193632.2656250000,173808.7500000000,148247.8593750000,119862.5156250000,151994.2343750000,133487.2343750000,144599.6562500000,,,
33.7519999456,263,146642.5000000000,194540.8906250000,172323.9531250000,147720.4062500000,119511.5546875000,151657.4218750000,133151.2031250000,144310.4062500000,,,
33.7559999456,263,146557.8593750000,195486.1562500000,171406.3437500000,147599.4843750000,119428.6718750000,151568.1875000000,133064.6250000000,144219.0000000000,,,
33.7599999455,263,146866.5000000000,195155.9687500000,172234.2968750000,148021.7812500000,119717.4921875000,151847.4843750000,133337.7500000000,144439.3281250000,,,
33.7639999455,263,147148.5312500000,194037.8593750000,173676.4843750000,148417.6718750000,119983.2968750000,152109.8906250000,133596.5312500000,144679.0156250000,,,
33.7679999454,263,147020.8593750000,193720.7031250000,173828.2031250000,148230.6875000000,119865.5781250000,151995.6093750000,133485.7343750000,144611.5312500000,,,
33.7719999454,263,146665.1718750000,194471.4531250000,172309.9062500000,147709.9218750000,119534.7031250000,151671.9062500000,133162.8125000000,144328.5312500000,,,
33.7759999456,263,146582.3125000000,195254.4687500000,171365.7656250000,147588.7031250000,119457.6406250000,151594.8281250000,133085.0000000000,144239.8125000000,,,
33.7799999455,263,146873.6093750000,194999.6875000000,172218.7968750000,148006.8125000000,119733.1015625000,151863.0156250000,133351.6406250000,144453.0156250000,,,
33.7839999455,263,147143.0781250000,194092.6875000000,173710.3125000000,148399.5312500000,119987.1640625000,152111.9531250000,133599.1093750000,144684.9687500000,,,
33.7879999455,263,147013.8593750000,193853.2812500000,173876.0937500000,148223.3906250000,119865.6328125000,151995.1406250000,133484.1718750000,144607.2343750000,,,
33.7919999454,264,146668.7343750000,194441.2968750000,172308.1875000000,147701.5156250000,119544.5703125000,151680.4375000000,133171.2968750000,144323.3281250000,,,
33.7959999454,264,146581.8906250000,195044.9843750000,171306.1718750000,147571.9375000000,119457.0468750000,151596.4843750000,133082.4062500000,144229.0781250000,,,
33.7999999453,264,146848.5781250000,194854.1718750000,172170.7812500000,147973.7031250000,119698.7187500000,151833.1093750000,133309.8593750000,144428.1562500000,,,
33.8039999453,264,147104.5937500000,194203.5156250000,173739.1406250000,148365.6406250000,119932.4687500000,152062.1718750000,133534.5468750000,144654.7500000000,,,
33.8079999452,264,146990.9218750000,194106.5000000000,173946.9375000000,148205.2656250000,119827.0078125000,151959.1718750000,133433.8281250000,144587.6875000000,,,
33.8119999452,264,146674.7187500000,194546.4062500000,172315.2968750000,147708.2812500000,119537.3281250000,151673.5468750000,133148.2500000000,144317.6718750000,,,
33.8159999454,264,146600.1250000000,194950.8593750000,171240.5937500000,147596.0625000000,119465.5000000000,151598.6875000000,133080.7968750000,144231.3281250000,,,
33.8199999453,264,146861.3125000000,194820.1093750000,172149.5625000000,148012.1250000000,119705.5546875000,151832.2031250000,133322.7812500000,144436.3906250000,,,
33.8239999453,264,147110.2187500000,194482.3906250000,173861.4218750000,148413.6406250000,119934.0781250000,152054.8750000000,133554.7656250000,144668.1875000000,,,
33.8279999453,264,147003.8281250000,194557.8906250000,174128.2031250000,148254.4062500000,119839.8828125000,151964.9218750000,133466.7656250000,144599.4062500000,,,
33.8319999452,264,146709.5625000000,194781.3437500000,172378.7500000000,147759.5312500000,119577.6953125000,151711.9062500000,133203.8593750000,144333.6093750000,,,
33.8359999454,264,146624.4531250000,194882.7343750000,171167.0625000000,147623.5937500000,119496.8281250000,151633.2031250000,133118.1093750000,144238.7031250000,,,
33.8399999454,264,146848.6562500000,194783.3281250000,172105.1250000000,148008.0468750000,119698.9843750000,151825.9843750000,133315.5625000000,144430.6718750000,,,
33.8439999453,264,147071.8437500000,194768.9531250000,173962.8750000000,148392.6406250000,119902.9687500000,152025.8906250000,133525.8593750000,144659.3281250000,,,
33.8479999453,264,146984.9687500000,195031.5937500000,174291.1406250000,148233.6718750000,119826.0390625000,151952.2031250000,133454.2187500000,144604.7187500000,,,
33.8519999452,264,146723.6718750000,194997.3750000000,172405.2812500000,147742.7500000000,119595.8281250000,151730.2812500000,133218.6875000000,144348.7812500000,,,
33.8559999452,264,146645.2343750000,194759.0312500000,171056.7812500000,147609.3906250000,119521.1796875000,151663.1406250000,133143.4843750000,144257.4843750000,,,
33.8599999454,264,146847.3750000000,194678.0781250000,172034.4218750000,147979.3906250000,119695.3359375000,151835.8437500000,133319.9375000000,144442.4687500000,,,
33.8639999453,264,147042.4218750000,194985.7812500000,174034.6406250000,148348.5156250000,119866.4921875000,152004.5937500000,133500.1562500000,144653.0781250000,,,
33.8679999453,264,146971.8750000000,195396.5156250000,174407.2812500000,148209.3437500000,119808.2031250000,151947.7812500000,133445.7656250000,144600.5156250000,,,
33.8719999453,264,146752.2656250000,195038.6718750000,172377.8750000000,147736.5468750000,119622.1640625000,151762.9531250000,133248.9218750000,144357.2812500000,,,
33.8759999452,264,146690.6406250000,194407.5000000000,170898.6093750000,147607.5312500000,119561.4921875000,151700.6406250000,133181.7031250000,144272.7968750000,,,
33.8799999454,264,146860.7812500000,194373.0312500000,171933.4843750000,147967.4062500000,119699.7343750000,151836.8750000000,133325.6250000000,144450.2187500000,,,
33.8839999454,264,147041.5156250000,195069.5312500000,174094.7812500000,148345.6562500000,119854.4218750000,151987.8750000000,133491.1250000000,144664.0468750000,,,
33.8879999453,264,146990.8125000000,195632.2812500000,174509.4218750000,148222.9375000000,119817.9375000000,151945.5468750000,133452.3281250000,144617.4687500000,,,
33.8919999453,264,146790.7187500000,194935.8125000000,172343.0312500000,147759.0312500000,119655.8515625000,151779.3125000000,133270.6406250000,144369.9531250000,,,
33.8959999452,264,146711.5156250000,193938.2812500000,170741.5156250000,147620.3281250000,119583.5937500000,151700.5625000000,133190.2812500000,144269.2343750000,,,
33.8999999452,264,146847.2656250000,194001.3906250000,171836.6562500000,147975.0781250000,119688.3906250000,151800.2031250000,133304.6250000000,144430.1562500000,,,
33.9039999454,264,147000.6562500000,195101.9843750000,174140.7031250000,148347.2812500000,119815.7187500000,151931.2343750000,133445.9531250000,144633.6093750000,,,
33.9079999453,264,146960.8750000000,195820.8593750000,174585.0312500000,148230.7187500000,119792.9140625000,151913.9218750000,133420.2812500000,144589.1875000000,,,
33.9119999453,264,146791.5468750000,194840.8125000000,172301.0000000000,147779.9687500000,119667.9531250000,151789.7500000000,133278.5312500000,144351.3593750000,,,
33.9159999453,264,146715.8281250000,193558.7656250000,170613.0937500000,147642.4531250000,119598.9375000000,151720.7031250000,133212.5156250000,144256.0937500000,,,
33.9199999452,265,146821.0000000000,193732.1250000000,171758.5000000000,147978.6718750000,119668.0625000000,151788.9843750000,133301.9375000000,144412.1875000000,,,
33.9239999452,265,146953.9062500000,195159.7812500000,174165.5937500000,148331.0312500000,119771.6718750000,151899.9218750000,133422.9375000000,144607.7187500000,,,
33.9279999451,265,146928.2187500000,195981.1562500000,174623.0625000000,148216.3750000000,119763.6796875000,151897.7343750000,133408.3750000000,144567.4843750000,,,
33.9319999451,265,146793.4531250000,194796.9062500000,172259.4531250000,147777.4218750000,119672.4609375000,151800.3125000000,133290.2031250000,144350.0156250000,,,
33.9359999450,265,146720.5625000000,193335.8281250000,170511.1093750000,147630.5000000000,119606.3671875000,151727.2968750000,133219.7812500000,144259.0312500000,,,
33.9399999450,265,146811.9062500000,193583.8750000000,171690.2656250000,147953.5156250000,119664.4921875000,151785.3750000000,133300.6562500000,144413.2343750000,,,
33.9439999452,265,146943.3125000000,195200.0156250000,174169.7812500000,148312.8437500000,119770.0078125000,151893.2031250000,133424.2812500000,144612.3593750000,,,
33.9479999451,265,146931.7812500000,196079.6250000000,174654.1875000000,148203.4218750000,119777.7578125000,151901.6250000000,133419.7968750000,144577.2500000000,,,
33.9519999451,265,146798.7968750000,194799.9375000000,172247.1718750000,147762.1875000000,119688.1250000000,151812.7343750000,133301.5468750000,144353.6718750000,,,
33.9559999451,265,146722.9687500000,193259.7343750000,170457.5781250000,147612.0468750000,119614.8203125000,151738.2187500000,133223.9687500000,144260.4375000000,,,
33.9599999450,265,146811.9375000000,193539.3437500000,171647.7968750000,147936.1562500000,119665.6484375000,151785.5000000000,133290.3593750000,144416.0312500000,,,
33.9639999452,265,146948.4843750000,195202.8593750000,174157.4843750000,148299.4375000000,119772.3984375000,151891.4531250000,133415.0468750000,144617.0312500000,,,
33.9679999452,265,146947.6250000000,196096.7031250000,174663.5156250000,148207.4375000000,119788.4921875000,151908.1093750000,133422.7031250000,144588.8750000000,,,
33.9719999451,265,146826.4218750000,194825.4218750000,172266.9843750000,147767.9843750000,119709.0156250000,151824.5000000000,133311.7343750000,144376.3906250000,,,
33.9759999451,265,146746.7656250000,193299.7500000000,170469.0468750000,147615.7656250000,119631.6640625000,151736.6093750000,133226.3125000000,144277.8125000000,,,
33.9799999450,265,146829.6718750000,193563.0625000000,171640.5312500000,147941.7968750000,119674.6562500000,151780.5156250000,133290.5156250000,144424.3437500000,,,
33.9839999450,265,146956.9843750000,195172.8125000000,174134.8281250000,148308.0468750000,119770.5468750000,151883.2187500000,133408.0781250000,144616.5156250000,,,
33.9879999452,265,146946.0156250000,196045.3906250000,174648.9218750000,148214.3906250000,119775.2968750000,151885.2343750000,133402.3125000000,144579.9687500000,,,
33.9919999451,265,146814.5625000000,194838.7968750000,172284.0468750000,147785.9062500000,119687.3203125000,151788.2656250000,133279.5156250000,144361.0625000000,,,
33.9959999451,265,146723.5312500000,193382.3906250000,170489.5468750000,147622.8437500000,119601.5703125000,151703.6406250000,133190.6875000000,144254.6406250000,,,
33.9999999451,265,146809.4218750000,193602.7031250000,171630.3906250000,147946.6718750000,119654.2421875000,151759.5625000000,133268.9531250000,144403.2656250000,,,
34.0039999450,265,146940.3593750000,195097.0937500000,174093.1406250000,148309.5156250000,119758.1796875000,151865.2500000000,133393.9375000000,144596.9687500000,,,
34.0079999452,265,146925.6406250000,195931.0000000000,174621.1875000000,148209.7968750000,119761.1015625000,151865.7812500000,133389.3593750000,144562.0156250000,,,
34.0119999452,265,146788.8437500000,194815.9531250000,172304.7500000000,147772.2031250000,119670.6328125000,151765.4218750000,133276.3281250000,144343.6875000000,,,
34.0159999451,265,146707.7656250000,193444.4062500000,170535.8906250000,147621.9843750000,119600.6015625000,151681.8437500000,133201.7968750000,144245.4687500000,,,
34.0199999451,265,146799.0312500000,193629.5468750000,171648.5000000000,147934.7656250000,119659.3125000000,151735.1562500000,133279.6875000000,144390.4062500000,,,
34.0239999450,265,146944.2812500000,195002.5000000000,174068.5156250000,148298.3125000000,119772.3984375000,151854.3906250000,133407.5625000000,144590.0468750000,,,
34.0279999450,265,146923.5937500000,195787.3125000000,174600.4062500000,148196.6093750000,119762.6875000000,151850.9218750000,133387.2968750000,144550.8125000000,,,
34.0319999452,265,146767.9687500000,194773.7031250000,172336.8906250000,147749.8750000000,119647.5390625000,151734.7812500000,133248.2187500000,144321.8750000000,,,
34.0359999451,265,146682.9531250000,193515.2656250000,170597.8750000000,147585.1093750000,119570.5859375000,151650.1875000000,133167.5312500000,144222.9062500000,,,
34.0399999451,265,146792.8125000000,193668.3593750000,171672.1562500000,147909.2500000000,119646.7656250000,151727.5625000000,133260.5312500000,144379.2500000000,,,
34.0439999450,265,146958.8906250000,194873.2656250000,174018.2343750000,148290.8593750000,119783.5859375000,151867.6562500000,133412.4843750000,144595.6562500000,,,
34.0479999450,266,146950.7343750000,195557.5312500000,174541.4531250000,148197.7500000000,119787.4140625000,151869.1406250000,133406.7343750000,144574.8437500000,,,
34.0519999450,266,146786.1093750000,194692.4375000000,172377.3593750000,147754.8125000000,119658.3515625000,151732.1093750000,133252.7187500000,144349.0312500000,,,
34.0559999449,266,146700.9687500000,193670.8281250000,170731.1875000000,147596.0000000000,119575.1171875000,151641.3437500000,133160.4843750000,144248.5781250000,,,
34.0599999449,266,146826.2656250000,193833.4843750000,171766.1718750000,147925.5312500000,119667.4687500000,151728.8281250000,133262.5156250000,144404.0156250000,,,
34.0639999448,266,147006.1250000000,194750.0156250000,173961.7500000000,148306.4375000000,119819.0156250000,151877.3750000000,133423.4218750000,144610.0000000000,,,
34.0679999448,266,146981.1562500000,195218.6093750000,174422.4687500000,148209.8750000000,119805.5234375000,151863.0156250000,133402.3906250000,144575.2656250000,,,
34.0719999450,266,146773.0781250000,194662.1718750000,172446.4531250000,147762.2968750000,119630.0546875000,151688.1406250000,133214.9062500000,144338.8593750000,,,
34.0759999449,266,146662.2500000000,194204.9375000000,171024.0781250000,147603.8906250000,119520.0781250000,151578.7343750000,133106.5937500000,144227.1718750000,,,
34.0799999449,266,146817.9531250000,194355.8750000000,171957.6250000000,147945.2187500000,119648.5625000000,151706.7812500000,133243.5468750000,144378.7187500000,,,
34.0839999449,266,147040.5468750000,194516.6718750000,173770.4687500000,148332.3437500000,119852.1406250000,151913.2031250000,133449.4687500000,144590.7500000000,,,
34.0879999448,266,146980.2500000000,194484.2968750000,174077.5312500000,148222.6406250000,119805.0390625000,151870.9375000000,133401.4531250000,144547.2656250000,,,
34.0919999450,266,146692.0156250000,194456.2656250000,172409.0937500000,147745.9062500000,119546.4218750000,151615.6875000000,133143.3437500000,144291.8437500000,,,
34.0959999450,266,146573.3281250000,194683.9062500000,171236.3437500000,147581.9218750000,119431.6484375000,151500.2500000000,133032.6562500000,144182.6406250000,,,
34.0999999449,266,146780.6406250000,194746.9375000000,172041.4375000000,147932.7812500000,119617.5234375000,151681.3750000000,133215.9218750000,144350.8750000000,,,
34.1039999449,266,147040.8906250000,194443.4375000000,173662.9531250000,148331.8125000000,119861.3125000000,151921.2812500000,133460.1875000000,144583.5000000000,,,
34.1079999448,266,146981.6875000000,194348.9218750000,174026.5156250000,148230.1093750000,119812.6328125000,151873.3281250000,133415.7187500000,144556.2187500000,,,
34.1119999448,266,146687.4218750000,194581.6562500000,172485.3437500000,147749.4843750000,119546.8515625000,151607.6250000000,133147.7968750000,144304.4218750000,,,
34.1159999450,266,146579.7343750000,194880.5937500000,171294.5781250000,147585.5156250000,119444.3906250000,151499.5781250000,133040.7187500000,144193.7187500000,,,
34.1199999449,266,146796.4062500000,194840.4062500000,172050.2656250000,147935.4687500000,119636.8906250000,151697.0156250000,133227.3593750000,144361.5781250000,,,
34.1239999449,266,147054.2968750000,194517.5468750000,173701.7031250000,148335.2187500000,119872.8437500000,151938.4218750000,133461.7187500000,144593.6093750000,,,
34.1279999448,266,146981.8750000000,194512.5625000000,174120.5312500000,148225.4843750000,119809.0937500000,151877.5312500000,133400.0937500000,144557.7812500000,,,
34.1319999448,266,146689.7031250000,194760.1250000000,172559.5625000000,147737.5468750000,119546.3671875000,151617.4843750000,133138.9531250000,144304.8437500000,,,
34.1359999450,266,146587.6250000000,194965.6718750000,171303.4843750000,147566.5468750000,119450.3437500000,151516.5625000000,133038.2343750000,144196.7812500000,,,
34.1399999449,266,146812.4218750000,194894.3281250000,172057.8906250000,147922.5000000000,119652.3984375000,151708.0468750000,133231.0000000000,144377.0625000000,,,
34.1439999449,266,147068.0156250000,194716.5000000000,173797.8593750000,148330.7968750000,119883.4687500000,151933.1093750000,133455.9062500000,144614.5625000000,,,
34.1479999449,266,147009.5625000000,194826.5156250000,174272.0468750000,148233.2187500000,119830.4140625000,151880.9843750000,133405.0156250000,144588.1406250000,,,
34.1519999448,266,146736.0000000000,194902.0937500000,172626.7031250000,147753.6875000000,119586.1484375000,151639.3437500000,133160.4062500000,144336.7656250000,,,
34.1559999448,266,146638.6875000000,194812.3750000000,171248.3125000000,147586.7812500000,119493.6875000000,151542.0468750000,133064.2187500000,144223.7187500000,,,
34.1599999450,266,146839.1406250000,194693.8593750000,172003.7031250000,147943.5156250000,119670.0703125000,151710.5625000000,133238.1562500000,144389.9062500000,,,
34.1639999449,266,147059.9062500000,194732.6093750000,173836.3750000000,148342.2656250000,119866.8906250000,151905.8593750000,133440.4218750000,144607.3437500000,,,
34.1679999449,266,146996.6093750000,194972.8281250000,174342.2500000000,148243.9375000000,119810.9687500000,151855.1093750000,133392.0468750000,144570.8437500000,,,
34.1719999448,266,146740.9687500000,194836.3281250000,172601.6718750000,147778.9843750000,119584.4531250000,151637.0156250000,133159.2500000000,144320.5468750000,,,
34.1759999448,267,146633.6562500000,194473.4062500000,171126.1406250000,147601.6875000000,119481.2187500000,151535.4218750000,133050.1718750000,144198.4531250000,,,
34.1799999448,267,146805.7343750000,194419.5156250000,171910.9531250000,147940.9531250000,119628.3125000000,151672.8593750000,133202.8125000000,144353.3125000000,,,
34.1839999447,267,147005.0312500000,194816.6250000000,173863.2031250000,148334.7812500000,119805.6328125000,151848.7031250000,133389.2500000000,144567.5468750000,,,
34.1879999447,267,146958.7656250000,195267.8437500000,174429.8437500000,148250.1875000000,119771.0000000000,151817.4218750000,133355.7500000000,144543.3750000000,,,
34.1919999446,267,146737.5937500000,194929.5156250000,172602.5625000000,147794.7500000000,119585.8750000000,151634.6562500000,133161.3906250000,144307.9687500000,,,
34.1959999446,267,146636.2500000000,194283.2656250000,171027.3593750000,147616.3906250000,119493.3437500000,151544.1406250000,133068.2500000000,144192.6250000000,,,
34.1999999448,267,146776.0000000000,194306.1718750000,171859.5156250000,147930.9843750000,119607.6015625000,151658.5312500000,133195.7500000000,144341.7500000000,,,
34.2039999447,267,146946.3750000000,195093.8593750000,173959.8125000000,148301.7500000000,119752.0625000000,151807.8437500000,133354.8593750000,144546.5781250000,,,
34.2079999447,267,146914.9375000000,195756.5468750000,174577.6093750000,148221.0625000000,119727.9296875000,151790.6875000000,133328.5000000000,144523.2343750000,,,
34.2119999446,267,146734.9062500000,195174.9062500000,172625.9843750000,147779.3593750000,119584.0000000000,151649.2500000000,133164.4062500000,144302.3750000000,,,
34.2159999446,267,146650.2500000000,194191.2968750000,170913.4062500000,147602.5156250000,119508.8203125000,151570.9843750000,133081.4687500000,144196.4062500000,,,
34.2199999448,267,146779.0000000000,194235.6250000000,171774.3437500000,147915.6406250000,119608.1093750000,151667.5156250000,133191.6718750000,144353.1093750000,,,
34.2239999447,267,146947.9843750000,195318.1875000000,174014.5625000000,148290.9375000000,119748.5546875000,151809.1562500000,133346.5000000000,144568.6250000000,,,
34.2279999447,267,146934.7500000000,196125.0625000000,174694.6875000000,148218.7343750000,119748.3359375000,151807.4687500000,133340.1875000000,144556.3281250000,,,
34.2319999447,267,146782.0000000000,195350.7812500000,172650.4062500000,147787.9375000000,119640.4296875000,151692.6718750000,133207.1250000000,144343.0468750000,,,
34.2359999446,267,146694.8125000000,194127.7812500000,170837.4062500000,147605.6875000000,119566.2968750000,151611.6250000000,133125.1875000000,144230.5312500000,,,
34.2399999446,267,146794.4531250000,194162.0781250000,171711.1562500000,147906.7812500000,119635.8750000000,151679.1875000000,133205.5937500000,144364.6562500000,,,
34.2439999448,267,146942.2656250000,195397.3750000000,174037.7343750000,148285.7031250000,119753.1406250000,151799.1250000000,133340.1093750000,144565.4531250000,,,
34.2479999447,267,146935.0468750000,196287.2187500000,174760.8750000000,148226.7500000000,119755.7109375000,151806.8281250000,133343.1093750000,144555.4687500000,,,
34.2519999447,267,146792.0625000000,195401.6093750000,172653.7656250000,147804.1406250000,119651.6171875000,151701.9843750000,133216.2968750000,144342.0468750000,,,
34.2559999446,267,146710.0468750000,194011.3437500000,170762.1406250000,147621.2656250000,119575.8203125000,151621.7500000000,133133.6875000000,144231.0312500000,,,
34.2599999446,267,146803.7343750000,194022.0156250000,171643.7812500000,147922.1562500000,119635.0156250000,151680.9062500000,133209.7031250000,144367.8750000000,,,
34.2639999448,267,146950.9843750000,195368.2656250000,174041.8906250000,148312.5000000000,119750.2187500000,151798.4062500000,133340.9687500000,144576.8281250000,,,
34.2679999447,267,146947.0625000000,196334.5937500000,174806.0468750000,148256.1250000000,119755.4687500000,151805.5156250000,133348.8281250000,144566.3593750000,,,
34.2719999447,267,146811.4218750000,195347.1406250000,172644.5312500000,147822.1718750000,119662.3750000000,151708.5312500000,133226.3906250000,144349.2968750000,,,
34.2759999447,267,146722.9687500000,193799.4218750000,170675.7656250000,147625.6406250000,119584.2421875000,151626.1875000000,133130.6250000000,144229.8750000000,,,
34.2799999446,267,146791.6562500000,193801.2656250000,171554.0000000000,147905.0781250000,119622.3828125000,151665.3750000000,133188.8906250000,144353.5312500000,,,
34.2839999446,267,146909.3750000000,195281.1562500000,174007.9531250000,148274.8437500000,119710.8906250000,151757.2656250000,133301.6250000000,144540.4531250000,,,
34.2879999448,267,146906.6406250000,196327.7968750000,174804.7968750000,148218.8437500000,119721.4375000000,151769.9531250000,133305.3281250000,144527.2812500000,,,
34.2919999447,267,146792.7031250000,195243.9218750000,172607.9062500000,147811.9531250000,119652.0703125000,151700.9375000000,133208.3281250000,144326.3906250000,,,
34.2959999447,267,146715.2968750000,193568.9062500000,170591.1250000000,147620.1406250000,119584.2109375000,151638.3593750000,133136.3906250000,144224.7812500000,,,
34.2999999446,267,146779.2343750000,193586.0156250000,171481.3906250000,147903.4062500000,119610.1484375000,151669.7968750000,133182.6718750000,144352.9375000000,,,
34.3039999446,268,146899.7500000000,195209.2343750000,173999.0781250000,148276.3125000000,119693.6718750000,151764.3906250000,133291.3281250000,144546.8593750000,,,
34.3079999445,268,146908.1562500000,196339.7187500000,174831.1250000000,148229.6406250000,119712.4531250000,151782.8281250000,133303.3437500000,144539.9218750000,,,
34.3119999445,268,146802.6093750000,195185.5312500000,172600.9843750000,147806.2031250000,119652.0468750000,151710.7031250000,133206.1562500000,144334.0937500000,,,
34.3159999445,268,146721.3593750000,193408.4531250000,170538.3281250000,147614.4062500000,119583.5703125000,151634.1718750000,133128.4843750000,144220.8125000000,,,
34.3199999444,268,146778.1718750000,193454.6718750000,171440.5468750000,147899.1406250000,119608.2734375000,151660.0625000000,133178.0312500000,144344.4062500000,,,
34.3239999444,268,146894.6875000000,195183.0312500000,174001.7656250000,148268.9062500000,119691.6875000000,151749.1093750000,133285.5000000000,144539.8906250000,,,
34.3279999446,268,146908.9531250000,196358.0625000000,174859.7500000000,148229.7031250000,119718.9921875000,151774.5312500000,133303.0781250000,144536.6406250000,,,
34.3319999445,268,146815.0468750000,195162.7812500000,172619.4375000000,147820.1562500000,119669.9062500000,151717.1093750000,133219.0937500000,144337.4687500000,,,
34.3359999445,268,146734.7500000000,193333.2968750000,170525.8281250000,147621.4062500000,119598.2656250000,151639.3281250000,133130.9843750000,144223.6093750000,,,
34.3399999444,268,146786.3437500000,193388.8593750000,171421.9843750000,147897.9062500000,119614.7343750000,151654.6093750000,133165.6406250000,144348.2187500000,,,
34.3439999444,268,146895.0625000000,195156.7812500000,173998.5937500000,148262.3125000000,119693.4062500000,151742.4218750000,133284.4062500000,144539.2812500000,,,
34.3479999446,268,146915.8437500000,196344.8593750000,174872.7031250000,148231.7187500000,119726.9375000000,151774.5625000000,133321.9843750000,144538.3906250000,,,
34.3519999445,268,146824.9687500000,195152.0000000000,172637.2968750000,147827.3125000000,119678.3828125000,151713.5156250000,133236.3593750000,144340.2812500000,,,
34.3559999445,268,146744.1093750000,193346.7343750000,170542.5937500000,147632.1875000000,119606.0468750000,151641.0156250000,133154.4687500000,144228.0625000000,,,
34.3599999445,268,146787.6406250000,193394.7187500000,171418.1562500000,147899.2187500000,119616.5859375000,151660.7343750000,133192.2968750000,144345.3750000000,,,
34.3639999444,268,146903.8281250000,195103.7187500000,173972.3437500000,148271.7500000000,119700.4062500000,151748.4687500000,133301.3593750000,144539.7812500000,,,
34.3679999444,268,146919.4687500000,196257.0937500000,174848.7031250000,148239.9218750000,119726.4218750000,151773.9218750000,133318.7812500000,144538.8437500000,,,
34.3719999446,268,146814.8593750000,195124.1406250000,172643.5468750000,147826.2187500000,119663.8515625000,151710.1562500000,133225.1718750000,144336.3437500000,,,
34.3759999445,268,146727.4687500000,193394.5156250000,170556.5781250000,147623.0312500000,119586.0625000000,151632.5156250000,133137.0156250000,144219.1250000000,,,
34.3799999445,268,146784.0156250000,193418.1718750000,171405.8593750000,147898.4531250000,119610.4687500000,151656.5781250000,133180.6562500000,144340.6562500000,,,
34.3839999444,268,146910.0312500000,194986.1406250000,173912.7343750000,148281.8906250000,119704.5937500000,151755.1093750000,133298.4062500000,144538.5781250000,,,
34.3879999444,268,146924.8281250000,196063.7187500000,174790.8750000000,148245.7343750000,119728.7578125000,151782.5312500000,133317.4687500000,144537.6406250000,,,
34.3919999446,268,146802.1250000000,195046.4843750000,172647.2968750000,147822.2187500000,119647.2734375000,151698.7031250000,133206.0000000000,144327.5156250000,,,
34.3959999445,268,146700.9687500000,193489.5937500000,170606.7343750000,147607.8281250000,119558.1171875000,151607.4375000000,133111.5625000000,144202.3906250000,,,
34.3999999445,268,146775.2187500000,193490.7500000000,171419.4062500000,147887.6406250000,119603.4218750000,151653.0312500000,133175.6875000000,144331.3750000000,,,
34.4039999445,268,146918.2031250000,194833.0312500000,173840.9062500000,148269.8281250000,119718.9687500000,151770.6250000000,133310.6562500000,144533.9687500000,,,
34.4079999444,268,146922.9218750000,195774.0937500000,174700.5781250000,148234.3437500000,119737.2343750000,151789.7500000000,133323.9375000000,144533.2968750000,,,
34.4119999444,268,146778.3906250000,194926.4531250000,172653.6250000000,147798.2968750000,119636.4375000000,151689.0781250000,133199.5937500000,144321.3437500000,,,
34.4159999446,268,146673.7500000000,193641.0625000000,170705.2812500000,147583.5781250000,119544.9765625000,151597.3437500000,133102.8437500000,144196.8125000000,,,
34.4199999445,268,146770.0625000000,193632.5000000000,171474.6093750000,147870.0468750000,119613.3984375000,151663.1406250000,133184.5156250000,144327.6250000000,,,
34.4239999445,268,146944.8750000000,194646.8125000000,173754.1406250000,148269.2968750000,119759.7343750000,151810.9375000000,133343.7656250000,144542.2187500000,,,
34.4279999444,268,146948.7031250000,195374.1718750000,174573.3750000000,148234.9062500000,119774.6484375000,151830.1562500000,133357.9218750000,144550.2656250000,,,
34.4319999444,269,146769.8281250000,194795.3281250000,172684.7968750000,147791.3437500000,119633.4062500000,151688.5625000000,133200.8750000000,144329.3125000000,,,
34.4359999443,269,146651.7031250000,193956.8437500000,170898.5312500000,147571.6406250000,119523.7265625000,151575.1093750000,133089.5625000000,144197.2656250000,,,
34.4399999443,269,146778.0156250000,193963.6250000000,171605.8281250000,147870.4375000000,119621.3906250000,151670.7812500000,133199.0312500000,144335.0312500000,,,
34.4439999443,269,147000.2500000000,194404.0156250000,173612.2187500000,148285.9218750000,119817.2421875000,151867.2343750000,133403.7343750000,144562.4687500000,,,
34.4479999442,269,147003.2656250000,194574.2500000000,174246.6250000000,148255.6562500000,119826.1250000000,151878.4687500000,133410.0312500000,144565.4062500000,,,
34.4519999442,269,146751.2187500000,194341.3125000000,172591.6250000000,147796.8125000000,119600.8125000000,151658.5000000000,133178.0312500000,144322.1250000000,,,
34.4559999444,269,146595.3750000000,194352.8125000000,171157.4375000000,147573.4375000000,119449.1875000000,151513.8281250000,133030.2343750000,144182.4531250000,,,
34.4599999443,269,146766.2812500000,194444.4687500000,171787.2812500000,147888.4687500000,119597.4921875000,151662.2031250000,133180.6250000000,144323.4375000000,,,
34.4639999443,269,147040.3281250000,194098.1875000000,173408.1875000000,148315.7968750000,119850.8515625000,151909.1875000000,133433.0781250000,144555.6093750000,,,
34.4679999442,269,147019.4843750000,193889.8593750000,173975.4531250000,148268.4843750000,119834.4375000000,151896.8906250000,133423.5000000000,144558.8281250000,,,
34.4719999442,269,146718.2812500000,194228.4687500000,172642.6562500000,147795.8593750000,119560.8281250000,151636.9687500000,133157.7968750000,144319.3593750000,,,
34.4759999444,269,146567.8281250000,194789.7656250000,171384.0312500000,147565.9062500000,119420.8906250000,151502.3906250000,133021.2968750000,144184.9531250000,,,
34.4799999443,269,146772.5312500000,194869.0625000000,171939.5156250000,147883.0781250000,119612.1640625000,151685.0625000000,133208.3906250000,144337.0937500000,,,
34.4839999443,269,147070.8750000000,194330.1718750000,173494.2343750000,148313.7031250000,119897.1484375000,151965.8906250000,133492.1093750000,144591.4375000000,,,
34.4879999442,269,147038.6875000000,194062.7812500000,174064.2031250000,148266.9218750000,119871.1796875000,151950.8906250000,133472.0781250000,144595.8750000000,,,
34.4919999442,269,146721.0156250000,194438.7187500000,172725.0625000000,147783.0312500000,119578.1484375000,151674.6562500000,133187.4062500000,144345.1562500000,,,
34.4959999442,269,146558.8750000000,195007.1875000000,171422.5468750000,147547.1562500000,119424.1406250000,151526.9687500000,133038.9531250000,144196.8906250000,,,
34.4999999444,269,146764.0312500000,195062.2812500000,171954.7343750000,147861.3593750000,119613.4218750000,151710.2187500000,133226.5937500000,144346.9375000000,,,
34.5039999443,269,147054.3281250000,194550.7812500000,173542.1406250000,148297.5937500000,119885.3750000000,151981.4687500000,133500.2968750000,144595.4687500000,,,
34.5079999443,269,147020.3437500000,194366.2500000000,174165.6718750000,148254.1093750000,119855.7578125000,151953.4843750000,133475.0312500000,144594.3125000000,,,
34.5119999442,269,146717.0625000000,194720.5468750000,172806.9531250000,147775.6875000000,119579.7343750000,151686.1562500000,133200.6093750000,144345.5937500000,,,
34.5159999442,269,146563.3281250000,195143.4531250000,171424.7968750000,147539.9375000000,119435.9375000000,151544.7812500000,133055.9531250000,144195.7968750000,,,
34.5199999444,269,146769.3750000000,195099.2656250000,171926.0781250000,147851.7500000000,119622.5156250000,151721.5000000000,133239.7500000000,144346.1093750000,,,
34.5239999443,269,147065.3281250000,194608.5312500000,173549.7343750000,148299.1093750000,119895.1640625000,151987.4531250000,133502.8906250000,144600.8125000000,,,
34.5279999443,269,147041.6406250000,194434.6250000000,174193.7343750000,148256.7968750000,119876.3828125000,151969.7187500000,133486.4843750000,144609.8906250000,,,
34.5319999442,269,146744.4843750000,194648.9843750000,172789.2968750000,147781.0937500000,119608.8593750000,151706.7812500000,133225.9843750000,144362.2500000000,,,
34.5359999442,269,146601.0937500000,194891.9062500000,171353.9062500000,147546.3281250000,119475.2109375000,151570.0468750000,133094.0781250000,144219.6562500000,,,
34.5399999442,269,146800.5937500000,194818.5312500000,171858.5156250000,147863.7187500000,119654.9687500000,151736.8437500000,133269.8437500000,144370.9375000000,,,
34.5439999443,269,147073.0781250000,194461.9531250000,173520.5468750000,148293.9375000000,119906.1015625000,151981.0156250000,133518.4531250000,144614.0312500000,,,
34.5479999443,269,147047.5156250000,194378.0468750000,174184.6562500000,148261.5937500000,119883.7890625000,151962.7656250000,133497.6875000000,144619.4531250000,,,
34.5519999443,269,146762.9375000000,194509.4218750000,172761.7187500000,147794.1093750000,119625.8125000000,151711.3750000000,133238.1406250000,144372.8906250000,,,
34.5559999442,269,146610.0000000000,194630.2343750000,171296.6250000000,147549.1718750000,119479.7109375000,151566.5625000000,133086.4062500000,144218.3437500000,,,
34.5599999442,270,146784.3906250000,194623.3593750000,171815.3125000000,147846.1718750000,119633.0312500000,151717.5156250000,133235.9062500000,144358.1718750000,,,
34.5639999441,270,147048.2187500000,194510.9062500000,173545.2812500000,148282.5625000000,119873.2734375000,151954.0312500000,133475.8125000000,144600.5156250000,,,
34.5679999441,270,147027.1250000000,194608.9843750000,174268.4843750000,148255.3906250000,119857.3671875000,151938.4375000000,133460.6718750000,144605.1718750000,,,
34.5719999440,270,146757.0625000000,194674.2812500000,172820.5937500000,147799.4218750000,119621.9218750000,151703.1562500000,133222.7656250000,144363.9687500000,,,
34.5759999440,270,146614.1718750000,194626.9062500000,171295.7812500000,147565.1250000000,119494.4687500000,151575.0000000000,133095.6093750000,144222.3750000000,,,
34.5799999440,270,146761.8593750000,194673.7343750000,171836.6250000000,147850.1406250000,119620.8828125000,151698.6250000000,133223.1093750000,144348.8125000000,,,
34.5839999442,270,146988.7812500000,194886.6718750000,173680.7500000000,148262.8281250000,119823.2500000000,151898.5937500000,133431.5781250000,144571.7812500000,,,
34.5879999441,270,146986.7968750000,195227.3437500000,174478.0156250000,148252.0937500000,119826.6328125000,151900.5468750000,133436.8593750000,144590.8281250000,,,
34.5919999441,270,146750.0937500000,195158.1250000000,172944.4687500000,147803.7656250000,119622.6250000000,151699.3281250000,133224.9062500000,144360.7812500000,,,
34.5959999440,270,146613.0781250000,194833.3593750000,171277.9531250000,147565.1562500000,119493.9062500000,151571.4843750000,133092.4062500000,144212.0468750000,,,
34.5999999440,270,146747.2656250000,194859.4062500000,171817.7812500000,147842.9531250000,119603.8437500000,151675.7031250000,133202.3750000000,144334.7500000000,,,
34.6039999442,270,146970.2968750000,195300.3750000000,173789.3593750000,148263.5781250000,119800.5078125000,151871.1250000000,133405.1093750000,144566.4218750000,,,
34.6079999441,270,146969.7656250000,195801.7187500000,174659.2187500000,148251.8750000000,119801.6875000000,151875.8437500000,133411.0312500000,144581.4687500000,,,
34.6119999441,270,146758.6093750000,195574.1093750000,173017.4687500000,147804.3281250000,119621.6562500000,151697.6875000000,133217.8281250000,144353.5000000000,,,
34.6159999440,270,146624.1250000000,194966.1562500000,171196.9531250000,147552.6562500000,119499.3750000000,151573.2812500000,133085.9687500000,144203.1718750000,,,
34.6199999440,270,146747.5156250000,194889.6875000000,171715.1562500000,147827.1250000000,119597.1406250000,151666.4218750000,133189.9843750000,144328.3125000000,,,
34.6239999440,270,146957.6093750000,195449.4843750000,173790.0781250000,148244.9375000000,119775.4531250000,151843.9218750000,133377.5000000000,144558.8281250000,,,
34.6279999441,270,146968.0937500000,196061.1718750000,174733.0468750000,148248.5312500000,119787.1484375000,151857.4218750000,133389.2187500000,144580.7187500000,,,
34.6319999441,270,146774.8125000000,195723.3906250000,173027.4218750000,147811.6718750000,119629.9218750000,151702.3593750000,133219.5468750000,144357.7500000000,,,
34.6359999441,270,146655.2187500000,194881.3125000000,171096.5468750000,147563.2187500000,119526.2500000000,151596.2812500000,133106.7812500000,144214.0312500000,,,
34.6399999440,270,146770.5468750000,194710.2187500000,171604.6406250000,147830.9687500000,119617.5234375000,151685.7500000000,133201.9843750000,144339.2968750000,,,
34.6439999440,270,146965.3125000000,195388.6562500000,173777.2343750000,148256.0156250000,119783.2578125000,151853.5000000000,133383.2187500000,144570.0468750000,,,
34.6479999442,270,146973.0000000000,196125.4531250000,174792.4218750000,148259.9531250000,119795.9765625000,151864.6562500000,133398.1562500000,144591.6562500000,,,
34.6519999441,270,146795.4687500000,195649.0156250000,173016.8593750000,147819.4531250000,119658.1640625000,151724.8125000000,133241.0000000000,144369.2500000000,,,
34.6559999441,270,146679.2812500000,194530.0468750000,170969.3437500000,147566.6562500000,119558.4140625000,151624.5156250000,133135.0625000000,144223.8281250000,,,
34.6599999440,270,146772.5156250000,194304.0468750000,171474.7500000000,147818.7343750000,119624.7109375000,151693.8593750000,133214.8593750000,144340.5000000000,,,
34.6639999440,270,146943.1250000000,195200.8437500000,173747.6562500000,148227.0156250000,119761.4296875000,151834.7968750000,133367.9843750000,144560.0625000000,,,
34.6679999440,270,146956.0468750000,196114.6406250000,174830.4531250000,148238.9531250000,119777.6015625000,151854.8906250000,133386.2187500000,144582.4375000000,,,
34.6719999441,270,146803.4375000000,195494.7343750000,172993.3906250000,147815.4843750000,119666.2109375000,151746.3437500000,133256.2968750000,144370.2343750000,,,
34.6759999441,270,146694.3437500000,194114.0468750000,170851.7812500000,147565.2031250000,119574.8281250000,151652.6093750000,133154.3125000000,144226.5312500000,,,
34.6799999441,270,146765.9687500000,193882.7812500000,171370.5468750000,147813.7656250000,119622.4062500000,151699.5156250000,133217.0781250000,144335.0781250000,,,
34.6839999440,270,146926.7656250000,195039.0781250000,173748.0468750000,148225.7812500000,119750.5625000000,151834.0000000000,133364.6875000000,144556.5781250000,,,
34.6879999440,271,146943.3906250000,196120.7656250000,174880.3437500000,148234.7187500000,119769.6093750000,151862.8281250000,133380.8593750000,144579.9843750000,,,
34.6919999439,271,146822.8593750000,195380.1562500000,172988.0781250000,147825.8906250000,119689.1953125000,151780.9687500000,133277.7812500000,144381.1093750000,,,
34.6959999439,271,146719.8906250000,193813.5468750000,170773.7031250000,147577.3906250000,119602.6406250000,151690.7187500000,133182.5000000000,144236.3750000000,,,
34.6999999438,271,146779.8906250000,193621.7968750000,171310.5468750000,147820.6562500000,119633.1406250000,151722.8437500000,133229.1562500000,144344.2031250000,,,
34.7039999438,271,146925.3125000000,194979.1562500000,173756.5781250000,148230.1093750000,119743.9921875000,151842.3906250000,133364.7812500000,144561.1875000000,,,
34.7079999438,271,146957.8437500000,196166.8125000000,174924.0625000000,148252.2343750000,119779.5078125000,151883.0312500000,133403.4062500000,144594.1875000000,,,
34.7119999439,271,146845.1718750000,195359.2031250000,173003.3437500000,147840.2500000000,119708.5859375000,151805.7812500000,133307.3125000000,144396.5781250000,,,
34.7159999439,271,146740.7500000000,193700.3906250000,170748.9375000000,147587.9218750000,119619.6953125000,151711.0156250000,133208.4687500000,144254.0781250000,,,
34.7199999439,271,146794.2812500000,193523.9062500000,171284.5468750000,147825.7031250000,119644.3750000000,151737.5781250000,133249.6406250000,144360.9062500000,,,
34.7239999438,271,146938.2187500000,194956.0625000000,173761.1406250000,148227.9531250000,119754.7734375000,151856.5000000000,133382.6718750000,144579.0468750000,,,
34.7279999438,271,146973.7812500000,196167.8437500000,174949.7656250000,148254.5937500000,119793.6640625000,151897.4062500000,133422.0781250000,144611.5937500000,,,
34.7319999440,271,146850.1093750000,195346.0000000000,173025.7343750000,147842.9218750000,119713.4687500000,151812.7812500000,133314.3125000000,144399.9062500000,,,
34.7359999439,271,146739.5781250000,193691.4062500000,170758.5937500000,147590.2031250000,119622.0859375000,151717.0000000000,133210.6406250000,144250.0468750000,,,
34.7399999439,271,146782.2500000000,193536.7187500000,171286.1406250000,147819.8281250000,119636.9687500000,151731.6250000000,133244.3906250000,144347.4375000000,,,
34.7439999438,271,146920.7500000000,194939.7031250000,173745.6875000000,148218.2968750000,119739.7578125000,151836.9218750000,133367.8437500000,144557.5156250000,,,
34.7479999438,271,146948.5468750000,196112.9062500000,174928.8750000000,148241.8281250000,119773.2031250000,151873.0781250000,133400.7031250000,144584.7187500000,,,
34.7519999437,271,146828.2656250000,195342.6875000000,173034.8750000000,147833.9375000000,119697.8593750000,151793.5781250000,133300.3906250000,144381.0000000000,,,
34.7559999439,271,146715.6718750000,193793.2031250000,170788.0781250000,147571.9375000000,119602.0234375000,151693.9062500000,133193.5312500000,144232.9687500000,,,
34.7599999439,271,146767.6250000000,193634.6718750000,171288.5937500000,147806.3906250000,119623.3437500000,151712.9843750000,133231.1875000000,144332.8593750000,,,
34.7639999439,271,146926.3125000000,194884.9687500000,173700.1250000000,148221.4062500000,119746.3828125000,151837.8593750000,133373.6875000000,144555.3906250000,,,
34.7679999438,271,146957.5312500000,195949.8750000000,174880.5625000000,148248.4218750000,119782.2656250000,151872.9375000000,133406.3281250000,144588.3593750000,,,
34.7719999438,271,146820.6875000000,195269.7812500000,173038.9062500000,147833.7031250000,119689.2500000000,151777.1406250000,133286.7656250000,144380.8437500000,,,
34.7759999440,271,146707.5000000000,193898.0468750000,170838.3125000000,147574.0000000000,119592.1015625000,151674.0000000000,133176.3437500000,144234.4218750000,,,
34.7799999439,271,146766.6406250000,193749.0468750000,171313.0937500000,147804.7343750000,119621.6875000000,151698.2031250000,133217.8593750000,144331.5625000000,,,
34.7839999439,271,146935.3125000000,194793.4375000000,173650.2656250000,148219.6718750000,119758.1250000000,151840.8906250000,133368.2187500000,144552.3906250000,,,
34.7879999438,271,146965.7343750000,195707.6562500000,174809.5937500000,148252.2343750000,119791.7343750000,151874.6093750000,133402.0781250000,144585.7812500000,,,
34.7919999438,271,146823.6875000000,195145.9375000000,173038.7968750000,147838.5000000000,119687.4531250000,151765.2500000000,133277.2187500000,144383.3593750000,,,
34.7959999437,271,146695.1562500000,193986.3750000000,170895.2500000000,147566.3125000000,119572.6015625000,151645.9531250000,133152.9218750000,144227.2031250000,,,
34.7999999439,271,146762.4843750000,193840.1562500000,171334.4375000000,147795.0781250000,119610.2031250000,151679.6406250000,133202.1718750000,144321.4062500000,,,
34.8039999439,271,146945.3750000000,194649.1093750000,173578.8125000000,148215.4531250000,119758.7734375000,151830.5937500000,133367.7968750000,144543.1718750000,,,
34.8079999438,271,146974.6718750000,195372.8593750000,174700.1093750000,148249.5468750000,119790.0468750000,151864.4687500000,133398.8593750000,144576.6875000000,,,
34.8119999438,271,146803.6562500000,194922.4062500000,173008.0781250000,147825.4843750000,119658.5390625000,151729.8437500000,133248.5625000000,144363.0000000000,,,
34.8159999438,272,146661.0625000000,194023.2187500000,170952.2031250000,147546.3593750000,119533.6250000000,151599.4687500000,133112.9843750000,144199.6875000000,,,
34.8199999437,272,146751.5312500000,193907.2968750000,171367.4062500000,147787.7031250000,119602.7187500000,151663.5937500000,133184.7812500000,144305.1250000000,,,
34.8239999437,272,146964.4687500000,194427.9375000000,173486.3437500000,148226.2187500000,119787.6875000000,151844.2968750000,133377.0000000000,144538.6562500000,,,
34.8279999436,272,146998.5625000000,194865.2500000000,174530.9843750000,148259.6562500000,119822.6875000000,151881.5781250000,133408.7500000000,144581.3125000000,,,
34.8319999436,272,146786.9375000000,194542.2031250000,172929.8906250000,147809.8750000000,119644.5390625000,151705.1250000000,133218.7343750000,144352.2500000000,,,
34.8359999435,272,146626.6250000000,194043.7187500000,171027.6250000000,147525.5625000000,119497.3906250000,151557.0000000000,133070.0156250000,144185.9531250000,,,
34.8399999437,272,146747.2500000000,194005.4062500000,171415.8125000000,147780.7187500000,119592.5781250000,151649.3906250000,133170.2968750000,144300.0000000000,,,
34.8439999437,272,147015.8593750000,193908.3125000000,173245.9375000000,148232.7343750000,119833.6015625000,151885.0156250000,133409.2031250000,144546.0000000000,,,
34.8479999437,272,147058.0625000000,193597.5312500000,174045.1875000000,148267.7812500000,119876.8984375000,151927.5312500000,133448.3906250000,144587.7968750000,,,
34.8519999436,272,146778.2812500000,193561.7500000000,172695.4531250000,147808.8906250000,119624.0703125000,151680.5468750000,133195.5468750000,144353.9062500000,,,
34.8559999436,272,146554.3437500000,194237.4531250000,171292.2968750000,147502.5000000000,119409.7109375000,151469.0312500000,132986.2968750000,144171.0000000000,,,
34.8599999438,272,146722.4531250000,194696.6718750000,171756.5312500000,147769.7500000000,119560.5000000000,151609.9531250000,133134.0937500000,144296.5937500000,,,
34.8639999437,272,147062.7187500000,194017.3281250000,173268.2812500000,148248.7500000000,119882.9843750000,151922.1875000000,133444.1875000000,144563.6562500000,,,
34.8679999437,272,147085.1250000000,193330.0625000000,173979.3437500000,148278.5156250000,119906.5312500000,151948.4531250000,133469.5312500000,144600.2656250000,,,
34.8719999436,272,146742.3125000000,193790.5937500000,172872.6875000000,147798.1250000000,119586.2812500000,151638.5468750000,133163.7500000000,144341.5937500000,,,
34.8759999436,272,146515.3593750000,194933.1093750000,171558.6250000000,147492.1250000000,119368.0781250000,151426.2968750000,132953.6875000000,144153.2187500000,,,
34.8799999435,272,146701.4531250000,195297.6718750000,171892.7968750000,147766.9062500000,119537.0859375000,151591.2656250000,133113.3906250000,144275.0781250000,,,
34.8839999437,272,147052.7500000000,194297.9843750000,173294.4375000000,148257.2656250000,119869.8437500000,151919.4218750000,133431.9843750000,144543.8906250000,,,
34.8879999437,272,147079.8906250000,193421.1250000000,173986.7656250000,148299.2812500000,119896.0468750000,151950.1875000000,133461.6406250000,144591.5468750000,,,
34.8919999436,272,146719.4531250000,193940.2656250000,172902.7500000000,147802.8281250000,119556.1015625000,151621.9218750000,133137.6093750000,144326.8906250000,,,
34.8959999436,272,146474.0000000000,195256.1562500000,171607.0312500000,147478.1250000000,119322.5390625000,151395.1875000000,132911.8906250000,144124.2500000000,,,
34.8999999436,272,146676.1093750000,195669.0468750000,171932.9687500000,147764.5781250000,119513.9140625000,151576.1093750000,133095.4062500000,144255.8125000000,,,
34.9039999438,272,147051.5625000000,194620.1718750000,173349.7968750000,148270.7968750000,119875.4765625000,151922.5937500000,133448.0781250000,144545.2343750000,,,
34.9079999437,272,147076.5156250000,193758.1718750000,174091.1562500000,148307.1875000000,119901.8125000000,151950.2656250000,133475.4531250000,144595.1718750000,,,
34.9119999437,272,146712.1093750000,194327.5937500000,173024.4687500000,147798.6718750000,119560.3437500000,151617.2812500000,133141.7656250000,144327.5937500000,,,
34.9159999436,272,146478.8906250000,195603.0156250000,171679.1562500000,147473.3906250000,119339.4921875000,151397.4687500000,132925.8906250000,144132.9218750000,,,
34.9199999436,272,146676.7500000000,195943.0156250000,171972.7500000000,147752.8906250000,119523.9140625000,151573.7187500000,133100.5156250000,144260.4062500000,,,
34.9239999435,272,147033.2500000000,194928.1250000000,173422.5937500000,148251.5000000000,119861.4765625000,151902.3906250000,133420.1562500000,144537.4843750000,,,
34.9279999437,272,147058.9375000000,194164.3125000000,174215.4218750000,148296.9375000000,119885.7187500000,151928.5937500000,133448.6406250000,144590.7187500000,,,
34.9319999437,272,146729.8593750000,194626.5312500000,173105.7187500000,147818.3281250000,119578.5546875000,151633.6875000000,133158.9218750000,144346.8593750000,,,
34.9359999436,272,146504.5312500000,195613.1875000000,171649.0312500000,147486.9375000000,119363.7656250000,151424.9062500000,132953.0468750000,144151.5625000000,,,
34.9399999436,272,146684.2187500000,195876.5468750000,171926.9062500000,147752.4218750000,119527.3203125000,151581.4687500000,133109.1718750000,144272.9843750000,,,
34.9439999436,273,147023.9375000000,195180.5625000000,173510.8125000000,148251.7812500000,119844.8984375000,151891.1093750000,133415.0468750000,144551.9375000000,,,
34.9479999435,273,147054.6562500000,194757.0781250000,174418.4687500000,148303.1718750000,119874.9375000000,151920.4218750000,133448.7187500000,144606.9218750000,,,
34.9519999435,273,146747.8281250000,195080.5468750000,173230.2500000000,147829.9375000000,119595.7968750000,151645.5781250000,133172.2656250000,144356.8906250000,,,
34.9559999434,273,146544.1250000000,195605.1093750000,171606.8750000000,147508.2656250000,119406.6796875000,151457.9062500000,132985.1406250000,144167.3906250000,,,
34.9599999434,273,146703.3125000000,195737.6875000000,171873.4062500000,147765.5156250000,119546.0468750000,151593.0000000000,133123.5781250000,144286.2656250000,,,
34.9639999433,273,146992.6093750000,195439.5156250000,173617.4531250000,148240.0468750000,119809.0078125000,151853.3125000000,133383.1875000000,144545.2812500000,,,
34.9679999435,273,147023.8125000000,195380.8437500000,174633.5781250000,148298.9062500000,119836.0468750000,151886.1718750000,133407.8593750000,144597.0000000000,,,
34.9719999435,273,146774.0937500000,195446.4531250000,173313.2187500000,147846.6875000000,119614.5234375000,151671.1562500000,133184.5781250000,144369.2812500000,,,
34.9759999434,273,146587.9687500000,195396.2500000000,171478.2343750000,147528.1875000000,119446.8046875000,151501.7343750000,133018.5625000000,144179.8906250000,,,
34.9799999434,273,146708.5312500000,195371.8906250000,171718.9687500000,147765.8125000000,119548.5156250000,151596.9218750000,133122.4218750000,144278.4062500000,,,
34.9839999434,273,146961.0468750000,195434.8437500000,173616.5781250000,148226.3281250000,119772.4218750000,151816.9062500000,133351.1875000000,144522.5312500000,,,
34.9879999436,273,146999.7968750000,195690.0781250000,174738.0312500000,148287.3125000000,119810.1640625000,151855.8593750000,133392.8125000000,144578.4375000000,,,
34.9919999435,273,146784.5000000000,195585.3750000000,173329.6562500000,147852.9531250000,119628.7656250000,151677.9218750000,133202.2500000000,144361.3125000000,,,
34.9959999435,273,146618.0468750000,195149.1562500000,171347.8281250000,147543.1406250000,119483.3359375000,151528.9531250000,133051.6093750000,144183.6406250000,,,
34.9999999434,273,146725.3906250000,195047.9375000000,171590.0000000000,147773.2656250000,119571.2578125000,151609.8281250000,133143.7968750000,144287.2812500000,,,
35.0039999434,273,146960.1250000000,195390.5000000000,173623.3906250000,148231.3437500000,119775.1093750000,151813.1250000000,133352.4531250000,144535.8906250000,,,
35.0079999433,273,147003.2812500000,195895.9375000000,174840.3750000000,148301.8281250000,119817.2734375000,151859.0000000000,133399.0468750000,144597.2656250000,,,
35.0119999435,273,146807.8906250000,195660.7343750000,173354.9531250000,147863.9843750000,119656.5234375000,151701.6562500000,133225.0156250000,144379.8750000000,,,
35.0159999435,273,146635.1562500000,194901.4843750000,171223.2656250000,147528.5937500000,119501.0937500000,151548.8750000000,133063.5781250000,144183.4062500000,,,
35.0199999434,273,146715.0625000000,194701.5312500000,171432.3906250000,147741.0312500000,119557.7109375000,151604.8593750000,133132.0781250000,144269.8437500000,,,
35.0239999434,273,146929.5781250000,195233.5156250000,173559.8437500000,148194.5625000000,119740.4765625000,151785.3125000000,133328.1718750000,144509.9843750000,,,
35.0279999434,273,146984.2187500000,195924.9687500000,174860.6875000000,148282.5937500000,119795.1953125000,151835.2031250000,133386.1093750000,144578.2968750000,,,
35.0319999435,273,146820.8906250000,195591.8593750000,173334.9375000000,147871.9531250000,119669.7500000000,151711.3437500000,133241.8906250000,144378.9062500000,,,
35.0359999435,273,146672.0937500000,194579.8281250000,171111.4375000000,147558.9531250000,119542.0468750000,151583.6093750000,133103.7500000000,144201.8593750000,,,
35.0399999435,273,146737.3125000000,194306.1875000000,171313.7656250000,147765.7031250000,119584.3203125000,151620.3281250000,133155.4375000000,144285.8906250000,,,
35.0439999434,273,146925.6093750000,195023.5468750000,173528.4531250000,148205.5625000000,119739.3515625000,151772.6562500000,133325.7031250000,144516.4531250000,,,
35.0479999434,273,146970.2187500000,195891.1093750000,174892.2343750000,148278.5156250000,119785.0312500000,151821.7343750000,133376.1406250000,144578.2187500000,,,
35.0519999433,273,146821.8906250000,195466.1718750000,173321.3593750000,147867.8750000000,119675.3046875000,151711.9531250000,133249.6875000000,144376.5937500000,,,
35.0559999435,273,146691.7187500000,194218.9687500000,171014.3437500000,147556.0937500000,119566.3750000000,151600.9687500000,133126.2031250000,144208.3437500000,,,
35.0599999435,273,146746.5937500000,193905.5781250000,171218.7343750000,147765.0000000000,119596.7968750000,151631.2812500000,133166.3125000000,144288.3750000000,,,
35.0639999434,273,146915.8750000000,194816.2656250000,173508.7500000000,148197.4843750000,119729.4843750000,151771.5000000000,133319.5468750000,144510.4375000000,,,
35.0679999434,273,146960.3437500000,195839.4843750000,174920.7656250000,148271.0000000000,119771.7812500000,151819.6562500000,133366.7500000000,144569.2656250000,,,
35.0719999433,274,146825.5156250000,195351.9687500000,173320.2968750000,147865.6718750000,119675.9218750000,151725.0156250000,133248.9218750000,144372.0468750000,,,
35.0759999433,274,146695.0781250000,193961.1875000000,170959.1406250000,147555.3437500000,119568.2578125000,151614.0625000000,133129.1562500000,144203.7343750000,,,
35.0799999433,274,146737.6093750000,193649.2968750000,171157.3593750000,147749.2343750000,119586.2500000000,151628.7500000000,133159.0156250000,144282.8750000000,,,
35.0839999432,274,146904.7656250000,194702.3281250000,173490.0000000000,148182.9687500000,119718.5078125000,151761.8281250000,133310.0156250000,144511.3750000000,,,
35.0879999432,274,146959.4375000000,195819.0468750000,174933.7968750000,148267.7812500000,119776.3125000000,151817.8593750000,133370.8750000000,144578.8906250000,,,
35.0919999431,274,146841.1406250000,195307.6718750000,173332.9062500000,147879.0312500000,119698.6328125000,151734.6562500000,133269.1718750000,144390.6875000000,,,
35.0959999433,274,146713.6093750000,193885.7656250000,170957.2968750000,147572.0000000000,119591.0234375000,151624.8906250000,133148.5156250000,144220.0156250000,,,
35.0999999433,274,146749.3906250000,193605.5156250000,171149.0468750000,147751.6250000000,119600.9765625000,151636.5156250000,133171.5156250000,144295.9218750000,,,
35.1039999432,274,146900.0468750000,194699.3281250000,173480.3125000000,148173.1875000000,119716.5000000000,151756.5156250000,133303.8281250000,144511.5625000000,,,
35.1079999432,274,146947.3125000000,195808.0937500000,174920.4531250000,148256.0468750000,119762.8984375000,151807.9531250000,133347.3281250000,144568.2187500000,,,
35.1119999432,274,146827.2812500000,195301.7031250000,173322.3281250000,147867.5781250000,119679.7265625000,151726.6562500000,133240.3593750000,144377.9687500000,,,
35.1159999433,274,146688.1250000000,193921.4843750000,170941.6093750000,147550.6250000000,119558.5156250000,151604.2343750000,133108.9062500000,144200.0312500000,,,
35.1199999433,274,146716.0156250000,193658.2812500000,171114.6562500000,147731.9062500000,119560.5312500000,151604.9687500000,133128.9218750000,144265.6562500000,,,
35.1239999433,274,146886.9843750000,194681.1406250000,173423.9843750000,148173.1562500000,119697.0546875000,151741.7343750000,133285.9843750000,144492.0468750000,,,
35.1279999432,274,146951.3125000000,195706.7343750000,174867.6562500000,148265.1875000000,119763.8984375000,151808.3593750000,133353.8437500000,144565.6875000000,,,
35.1319999432,274,146831.7656250000,195228.0781250000,173313.4531250000,147875.3750000000,119685.4375000000,151725.1250000000,133252.9375000000,144382.0156250000,,,
35.1359999431,274,146692.1250000000,193953.9062500000,170970.9687500000,147557.3437500000,119567.3437500000,151603.1875000000,133121.2500000000,144206.3906250000,,,
35.1399999433,274,146734.2812500000,193722.0625000000,171140.6250000000,147744.9218750000,119583.3281250000,151620.1718750000,133148.3125000000,144281.4375000000,,,
35.1439999433,274,146911.4687500000,194621.5156250000,173399.8281250000,148179.9687500000,119723.7421875000,151769.6250000000,133308.8906250000,144509.7500000000,,,
35.1479999432,274,146972.5468750000,195517.6875000000,174815.7812500000,148277.7343750000,119781.6250000000,151833.2968750000,133369.7968750000,144580.9531250000,,,
35.1519999432,274,146826.8750000000,195092.9375000000,173296.3906250000,147875.4375000000,119671.3281250000,151725.8281250000,133242.1875000000,144383.3593750000,,,
35.1559999431,274,146674.8437500000,193993.4531250000,170999.3281250000,147547.6093750000,119541.7578125000,151597.0781250000,133104.2656250000,144205.3906250000,,,
35.1599999433,274,146721.6562500000,193814.0156250000,171151.1406250000,147732.6093750000,119567.5000000000,151620.9531250000,133142.1718750000,144278.5312500000,,,
35.1639999433,274,146918.1875000000,194539.2500000000,173335.2812500000,148174.3906250000,119730.5781250000,151784.1875000000,133319.8593750000,144509.7656250000,,,
35.1679999433,274,146982.7656250000,195252.0000000000,174714.5625000000,148274.2187500000,119794.1250000000,151847.9218750000,133385.0312500000,144581.8437500000,,,
35.1719999432,274,146822.8750000000,194888.7500000000,173256.4531250000,147869.4843750000,119671.9765625000,151723.3906250000,133247.9531250000,144382.8750000000,,,
35.1759999432,274,146650.2031250000,194021.9375000000,171041.5625000000,147530.5312500000,119519.8906250000,151569.2187500000,133090.7500000000,144192.1406250000,,,
35.1799999431,274,146711.2968750000,193893.5937500000,171179.7812500000,147717.5312500000,119558.3593750000,151604.7968750000,133137.0625000000,144268.7812500000,,,
35.1839999433,274,146935.7968750000,194365.3125000000,173254.9843750000,148174.6093750000,119750.9140625000,151795.2968750000,133339.6250000000,144509.5625000000,,,
35.1879999433,274,147002.4531250000,194787.2187500000,174552.9531250000,148276.1250000000,119814.9921875000,151861.7031250000,133404.1406250000,144581.4062500000,,,
35.1919999432,274,146815.1093750000,194507.4375000000,173178.7500000000,147863.2343750000,119659.7421875000,151709.1406250000,133237.2031250000,144375.5000000000,,,
35.1959999432,274,146623.6406250000,194022.2812500000,171117.1250000000,147517.3906250000,119486.2890625000,151536.4687500000,133060.2812500000,144179.3437500000,,,
35.1999999431,275,146702.4531250000,194004.8437500000,171244.6875000000,147711.0625000000,119546.6328125000,151593.1875000000,133124.9687500000,144258.5312500000,,,
35.2039999431,275,146967.3437500000,193975.1250000000,173075.2968750000,148174.7187500000,119787.8437500000,151828.6406250000,133367.4687500000,144506.5312500000,,,
35.2079999431,275,147045.5781250000,193699.6718750000,174134.1093750000,148276.2656250000,119868.9843750000,151905.8750000000,133446.8593750000,144578.7500000000,,,
35.2119999430,275,146794.5000000000,193513.4375000000,172906.5937500000,147842.0468750000,119648.9375000000,151690.3593750000,133226.4687500000,144355.3593750000,,,
35.2159999430,275,146554.2812500000,193922.4218750000,171236.6250000000,147488.8750000000,119424.0625000000,151466.7187500000,133005.0781250000,144148.9843750000,,,
35.2199999429,275,146663.7968750000,194336.3750000000,171441.0000000000,147690.3281250000,119514.8281250000,151552.7500000000,133095.8906250000,144232.0312500000,,,
35.2239999431,275,146998.3750000000,193736.1406250000,172971.5468750000,148175.8125000000,119824.5625000000,151861.1093750000,133397.1093750000,144497.9687500000,,,
35.2279999431,275,147089.2500000000,192848.3125000000,173846.1093750000,148287.3750000000,119911.9531250000,151951.6718750000,133484.8437500000,144583.9843750000,,,
35.2319999430,275,146784.8750000000,192973.4062500000,172831.5937500000,147845.3593750000,119627.5078125000,151675.7812500000,133212.5781250000,144357.2656250000,,,
35.2359999430,275,146503.0468750000,194220.8125000000,171463.7500000000,147467.9062500000,119357.5937500000,151411.3906250000,132952.3437500000,144141.3125000000,,,
35.2399999429,275,146642.0781250000,194981.5468750000,171702.5156250000,147674.8281250000,119484.5156250000,151530.2656250000,133073.6093750000,144232.9375000000,,,
35.2439999431,275,147017.2812500000,194083.6562500000,173079.4843750000,148180.8906250000,119843.3671875000,151877.5000000000,133416.9531250000,144508.9687500000,,,
35.2479999431,275,147109.1562500000,192962.0625000000,173917.0781250000,148298.3593750000,119933.1953125000,151964.7500000000,133503.5156250000,144601.4687500000,,,
35.2519999431,275,146771.8593750000,193370.6875000000,173032.2500000000,147842.6875000000,119616.0234375000,151654.5312500000,133199.5625000000,144364.7187500000,,,
35.2559999430,275,146476.7343750000,194948.0781250000,171698.0468750000,147454.2656250000,119333.7187500000,151379.3125000000,132925.9218750000,144134.0937500000,,,
35.2599999430,275,146636.2812500000,195692.8750000000,171855.7031250000,147676.8906250000,119481.2734375000,151524.2031250000,133063.4218750000,144232.4375000000,,,
35.2639999429,275,147031.0937500000,194548.0468750000,173158.0468750000,148199.3437500000,119857.1562500000,151892.2812500000,133424.5000000000,144520.0156250000,,,
35.2679999431,275,147118.6250000000,193260.4531250000,173989.2656250000,148324.1093750000,119941.5390625000,151978.1093750000,133511.9375000000,144614.1562500000,,,
35.2719999431,275,146765.4218750000,193723.9375000000,173132.4843750000,147858.2968750000,119606.1250000000,151656.6250000000,133193.8281250000,144370.9687500000,,,
35.2759999430,275,146459.1406250000,195411.6406250000,171794.9218750000,147452.7500000000,119311.8906250000,151365.8437500000,132910.9375000000,144128.1250000000,,,
35.2799999430,275,146624.0156250000,196140.5312500000,171915.3593750000,147675.8750000000,119468.2343750000,151512.8906250000,133054.5156250000,144223.6875000000,,,
35.2839999429,275,147030.4062500000,194897.8437500000,173206.7343750000,148209.1875000000,119859.6484375000,151895.0781250000,133428.1406250000,144521.2812500000,,,
35.2879999431,275,147117.3281250000,193533.1093750000,174044.7031250000,148332.0468750000,119944.8125000000,151976.4218750000,133517.2656250000,144612.9531250000,,,
35.2919999431,275,146761.3437500000,193904.3750000000,173162.4687500000,147858.3750000000,119608.1406250000,151651.6406250000,133199.5625000000,144362.2187500000,,,
35.2959999430,275,146460.9375000000,195436.1562500000,171767.7500000000,147459.6406250000,119321.2265625000,151373.6718750000,132925.5000000000,144121.0937500000,,,
35.2999999430,275,146620.0468750000,196061.8281250000,171859.7031250000,147675.0937500000,119469.8671875000,151515.0781250000,133063.5156250000,144213.0312500000,,,
35.3039999430,275,147019.7500000000,194880.7031250000,173184.7031250000,148200.7343750000,119852.2500000000,151886.5781250000,133428.3281250000,144510.4218750000,,,
35.3079999429,275,147113.8281250000,193646.1250000000,174078.0468750000,148331.3593750000,119943.6562500000,151975.9375000000,133520.7031250000,144612.2031250000,,,
35.3119999431,275,146773.0937500000,193987.7031250000,173192.3750000000,147861.1875000000,119622.7812500000,151666.2031250000,133216.4375000000,144372.1250000000,,,
35.3159999431,275,146481.2812500000,195348.0937500000,171747.6406250000,147459.5000000000,119343.2187500000,151392.7031250000,132947.2812500000,144137.7812500000,,,
35.3199999430,275,146623.0312500000,195944.6250000000,171838.2343750000,147665.6562500000,119473.2734375000,151515.1875000000,133066.0468750000,144224.7031250000,,,
35.3239999430,275,146993.7656250000,195059.4062500000,173264.1562500000,148183.8281250000,119825.7500000000,151857.5156250000,133401.8281250000,144511.2500000000,,,
35.3279999429,276,147083.8125000000,194170.3125000000,174264.4531250000,148317.3281250000,119910.1562500000,151944.9843750000,133489.6718750000,144612.9843750000,,,
35.3319999429,276,146777.2031250000,194501.3593750000,173356.9375000000,147870.7656250000,119624.1796875000,151673.6093750000,133219.0625000000,144388.4062500000,,,
35.3359999429,276,146510.1562500000,195549.1250000000,171792.5625000000,147483.6406250000,119373.4218750000,151429.6093750000,132973.0000000000,144163.6093750000,,,
35.3399999428,276,146632.1718750000,196087.1875000000,171872.2031250000,147676.1250000000,119481.9375000000,151529.7812500000,133071.9375000000,144242.6718750000,,,
35.3439999428,276,146965.7031250000,195576.6250000000,173435.2500000000,148177.1562500000,119793.1875000000,151832.7343750000,133373.1562500000,144514.5156250000,,,
35.3479999427,276,147049.5312500000,195079.1875000000,174549.8125000000,148308.5625000000,119873.1171875000,151913.2031250000,133453.1093750000,144608.6875000000,,,
35.3519999429,276,146783.0000000000,195280.9843750000,173552.3125000000,147877.5468750000,119629.8359375000,151677.2187500000,133215.2500000000,144393.3906250000,,,
35.3559999429,276,146540.3125000000,195842.4375000000,171787.2187500000,147494.5937500000,119404.5078125000,151454.7812500000,132994.3281250000,144174.7656250000,,,
35.3599999428,276,146642.9062500000,196161.3125000000,171806.5937500000,147678.1875000000,119492.8593750000,151538.6093750000,133080.6406250000,144245.5468750000,,,
35.3639999428,276,146954.3437500000,195867.9062500000,173487.2656250000,148177.8750000000,119776.2890625000,151817.6875000000,133363.6093750000,144515.1875000000,,,
35.3679999427,276,147037.8281250000,195625.2812500000,174707.0156250000,148310.6562500000,119852.1953125000,151893.5156250000,133443.6406250000,144610.2500000000,,,
35.3719999429,276,146795.9218750000,195717.0156250000,173645.4062500000,147888.7343750000,119639.5234375000,151686.8593750000,133230.3906250000,144398.3750000000,,,
35.3759999429,276,146562.4375000000,195965.9531250000,171736.2812500000,147500.8593750000,119428.8359375000,151478.2031250000,133020.9218750000,144178.1093750000,,,
35.3799999428,276,146657.8750000000,196145.2500000000,171716.8437500000,147679.2031250000,119510.4531250000,151554.2968750000,133101.9375000000,144253.7343750000,,,
35.3839999428,276,146949.0781250000,195949.6406250000,173471.4687500000,148172.5625000000,119771.9921875000,151814.2343750000,133359.9375000000,144518.9375000000,,,
35.3879999428,276,147042.2031250000,195835.9687500000,174773.0625000000,148316.8437500000,119858.0390625000,151901.4062500000,133446.1875000000,144623.8125000000,,,
35.3919999427,276,146818.3750000000,195852.7500000000,173675.9843750000,147908.5312500000,119662.3984375000,151711.1562500000,133245.9062500000,144417.9531250000,,,
35.3959999429,276,146596.9375000000,195853.2656250000,171652.0625000000,147527.9218750000,119461.2890625000,151514.3281250000,133042.5468750000,144196.4062500000,,,
35.3999999429,276,146677.0468750000,195892.1093750000,171587.7500000000,147692.3125000000,119525.0156250000,151574.7968750000,133108.0000000000,144258.0937500000,,,
35.4039999428,276,146945.8281250000,195787.7187500000,173409.4843750000,148168.0156250000,119763.6250000000,151808.7656250000,133346.6250000000,144510.7343750000,,,
35.4079999428,276,147027.1562500000,195828.1875000000,174785.6718750000,148307.9062500000,119835.0000000000,151883.4375000000,133421.7031250000,144608.0468750000,,,
35.4119999427,276,146817.7343750000,195752.7031250000,173640.8125000000,147891.6093750000,119652.9843750000,151707.0312500000,133237.9218750000,144403.5312500000,,,
35.4159999429,276,146611.7343750000,195441.6250000000,171494.7343750000,147508.8593750000,119469.8984375000,151523.3125000000,133050.3593750000,144190.1562500000,,,
35.4199999429,276,146690.1875000000,195318.7812500000,171396.5312500000,147681.5156250000,119534.6484375000,151582.0312500000,133117.5937500000,144260.0312500000,,,
35.4239999428,276,146942.7500000000,195385.2500000000,173314.3437500000,148159.5000000000,119759.2031250000,151800.1250000000,133347.8125000000,144513.4375000000,,,
35.4279999428,276,147020.9062500000,195669.8906250000,174786.5156250000,148301.8437500000,119830.2812500000,151872.6562500000,133420.6250000000,144609.0625000000,,,
35.4319999428,276,146836.9687500000,195522.7187500000,173611.1250000000,147902.7187500000,119677.2578125000,151723.1093750000,133255.9375000000,144409.4531250000,,,
35.4359999427,276,146647.9531250000,194891.4531250000,171355.8750000000,147524.5156250000,119512.7890625000,151557.8593750000,133083.6718750000,144199.3593750000,,,
35.4399999429,276,146702.0781250000,194653.5625000000,171235.2031250000,147683.3593750000,119549.2656250000,151592.9531250000,133125.2187500000,144257.7968750000,,,
35.4439999429,276,146920.8593750000,194974.3125000000,173247.6093750000,148139.3593750000,119735.8125000000,151776.3125000000,133322.6250000000,144497.1718750000,,,
35.4479999428,276,146999.5312500000,195521.6093750000,174800.6093750000,148286.6406250000,119807.6953125000,151851.9687500000,133399.8437500000,144593.4218750000,,,
35.4519999428,276,146836.0468750000,195312.3125000000,173593.2343750000,147903.0000000000,119678.1406250000,151726.8125000000,133258.2031250000,144400.2343750000,,,
35.4559999427,277,146658.5625000000,194432.6562500000,171256.3906250000,147532.8906250000,119524.9609375000,151574.2812500000,133090.1562500000,144190.6406250000,,,
35.4599999427,277,146701.4531250000,194145.1875000000,171125.3281250000,147680.5781250000,119549.3437500000,151595.3593750000,133119.8281250000,144244.1250000000,,,
35.4639999426,277,146906.6718750000,194683.2343750000,173207.2968750000,148137.0625000000,119721.6484375000,151768.9062500000,133306.7968750000,144484.9531250000,,,
35.4679999426,277,146987.1093750000,195425.1875000000,174813.6093750000,148287.3906250000,119796.5937500000,151846.9218750000,133386.1718750000,144585.2812500000,,,
35.4719999426,277,146843.6093750000,195196.8750000000,173590.7343750000,147905.3125000000,119689.0078125000,151738.8281250000,133262.7500000000,144402.6093750000,,,
35.4759999425,277,146676.3281250000,194222.6250000000,171218.5937500000,147539.1875000000,119549.3750000000,151595.4687500000,133112.1718750000,144204.7812500000,,,
35.4799999427,277,146701.1875000000,193960.0312500000,171085.0156250000,147674.2968750000,119555.0546875000,151599.4375000000,133127.2187500000,144252.1250000000,,,
35.4839999427,277,146894.0937500000,194595.9062500000,173189.3750000000,148123.5937500000,119713.2265625000,151759.2656250000,133303.3593750000,144483.4062500000,,,
35.4879999426,277,146975.1718750000,195374.7656250000,174803.2812500000,148272.0312500000,119787.6328125000,151839.6093750000,133385.0312500000,144582.1093750000,,,
35.4919999426,277,146829.5312500000,195148.5156250000,173584.0625000000,147893.1093750000,119674.7109375000,151729.2812500000,133256.6093750000,144397.0937500000,,,
35.4959999425,277,146653.2343750000,194217.0156250000,171210.0156250000,147524.6250000000,119522.2578125000,151577.8437500000,133092.5937500000,144192.9687500000,,,
35.4999999427,277,146682.1250000000,194002.6562500000,171070.9375000000,147662.1718750000,119532.5000000000,151587.9375000000,133111.0312500000,144242.4062500000,,,
35.5039999427,277,146888.5468750000,194589.9687500000,173149.1718750000,148117.4531250000,119706.5781250000,151760.1250000000,133295.2968750000,144481.1718750000,,,
35.5079999426,277,146981.4062500000,195263.6562500000,174750.0468750000,148276.9531250000,119794.9843750000,151849.4218750000,133384.3125000000,144586.3750000000,,,
35.5119999426,277,146832.3437500000,195055.6562500000,173571.2343750000,147903.3281250000,119682.6484375000,151735.9843750000,133256.6718750000,144404.9531250000,,,
35.5159999426,277,146647.1406250000,194286.7968750000,171255.1562500000,147524.8906250000,119522.5234375000,151574.8906250000,133089.8906250000,144198.5781250000,,,
35.5199999425,277,146679.1406250000,194147.2500000000,171113.1875000000,147658.4218750000,119534.9687500000,151585.5781250000,133113.0937500000,144245.3281250000,,,
35.5239999427,277,146899.4843750000,194562.3437500000,173121.2968750000,148118.9218750000,119720.5000000000,151771.3750000000,133313.3125000000,144481.5312500000,,,
35.5279999427,277,146998.9218750000,195010.0937500000,174673.8906250000,148283.0468750000,119812.3906250000,151860.5781250000,133407.7812500000,144586.5312500000,,,
35.5319999426,277,146830.5468750000,194834.0781250000,173539.2968750000,147901.8750000000,119677.4765625000,151728.2343750000,133261.2812500000,144400.4687500000,,,
35.5359999426,277,146625.3437500000,194319.5312500000,171297.2343750000,147511.2968750000,119495.4609375000,151549.6093750000,133073.8750000000,144185.4843750000,,,
35.5399999425,277,146668.0156250000,194275.7500000000,171143.4375000000,147646.3125000000,119519.6796875000,151570.9531250000,133103.8593750000,144233.4218750000,,,
35.5439999427,277,146919.0625000000,194433.1093750000,173044.6406250000,148120.6875000000,119741.1796875000,151789.2343750000,133330.1875000000,144484.7500000000,,,
35.5479999427,277,147025.0156250000,194570.7968750000,174523.8281250000,148290.4531250000,119840.9843750000,151890.5156250000,133431.0156250000,144596.9375000000,,,
35.5519999426,277,146836.3125000000,194447.4375000000,173461.0781250000,147898.6093750000,119682.7031250000,151733.3125000000,133262.3281250000,144404.2187500000,,,
35.5559999426,277,146609.8593750000,194270.7968750000,171341.7812500000,147500.0781250000,119479.0468750000,151525.0937500000,133051.9062500000,144176.9687500000,,,
35.5599999425,277,146667.1250000000,194353.7812500000,171190.6250000000,147643.9843750000,119519.4375000000,151559.2031250000,133096.5625000000,144226.7187500000,,,
35.5639999425,277,146952.0625000000,194175.4062500000,172948.7812500000,148127.0468750000,119776.1796875000,151811.4687500000,133358.0000000000,144486.4062500000,,,
35.5679999427,277,147065.1718750000,193848.2031250000,174291.8125000000,148299.3281250000,119883.3046875000,151919.2968750000,133468.3750000000,144598.7187500000,,,
35.5719999427,277,146843.9375000000,193673.1875000000,173266.2968750000,147897.4531250000,119687.6406250000,151731.2656250000,133273.3593750000,144395.8906250000,,,
35.5759999426,277,146585.9843750000,193880.2656250000,171301.0468750000,147484.8750000000,119449.4062500000,151497.0625000000,133035.8437500000,144161.4375000000,,,
35.5799999426,277,146655.4531250000,194134.9375000000,171168.7812500000,147627.5156250000,119505.1406250000,151550.3281250000,133090.7187500000,144214.3750000000,,,
35.5839999425,278,146992.2656250000,193430.6406250000,172692.8750000000,148134.0781250000,119818.1250000000,151855.6406250000,133392.8750000000,144487.4531250000,,,
35.5879999425,278,147128.9531250000,192351.7187500000,173814.8437500000,148323.7187500000,119949.8515625000,151986.5156250000,133519.6250000000,144613.7343750000,,,
35.5919999424,278,146829.4531250000,192398.0937500000,173001.6406250000,147891.9062500000,119670.6093750000,151718.9375000000,133254.0625000000,144393.0625000000,,,
35.5959999424,278,146504.5781250000,193741.7031250000,171492.0468750000,147453.3281250000,119359.7656250000,151415.1718750000,132958.2968750000,144138.8750000000,,,
35.5999999424,278,146603.9375000000,194685.3750000000,171509.7187500000,147612.9062500000,119449.4609375000,151499.1718750000,133043.0625000000,144200.5937500000,,,
35.6039999423,278,147011.0625000000,193664.9062500000,172815.3125000000,148148.8281250000,119839.2656250000,151879.5937500000,133410.5156250000,144496.8750000000,,,
35.6079999425,278,147165.1562500000,192018.4062500000,173730.9687500000,148343.8281250000,119986.0078125000,152027.8750000000,133552.7343750000,144629.6875000000,,,
35.6119999425,278,146823.7187500000,192143.4687500000,173008.0781250000,147897.5312500000,119658.8046875000,151711.6875000000,133244.3593750000,144397.3906250000,,,
35.6159999424,278,146455.5781250000,194148.7500000000,171735.0000000000,147438.0156250000,119303.2812500000,151365.3593750000,132907.8437500000,144126.4062500000,,,
35.6199999424,278,146568.9218750000,195448.2812500000,171795.2187500000,147597.7968750000,119409.0937500000,151465.6718750000,133006.2812500000,144186.7500000000,,,
35.6239999423,278,147008.7656250000,194245.2812500000,172975.1718750000,148152.1875000000,119833.6328125000,151880.2187500000,133407.2500000000,144489.7812500000,,,
35.6279999425,278,147167.9687500000,192432.0312500000,173853.8593750000,148356.1093750000,119988.9296875000,152035.5625000000,133560.9843750000,144633.6093750000,,,
35.6319999425,278,146807.6406250000,192708.4218750000,173201.7187500000,147902.6093750000,119644.5937500000,151703.8281250000,133240.6562500000,144398.6406250000,,,
35.6359999424,278,146437.8437500000,194851.4687500000,171924.9843750000,147440.0625000000,119289.0078125000,151356.1875000000,132904.3125000000,144124.0937500000,,,
35.6399999424,278,146561.7656250000,196117.8125000000,171925.4375000000,147597.9062500000,119406.8906250000,151466.5625000000,133009.9062500000,144187.6406250000,,,
35.6439999423,278,147008.7656250000,194804.4375000000,173077.0937500000,148153.0625000000,119839.1328125000,151884.6875000000,133412.5000000000,144494.6718750000,,,
35.6479999423,278,147173.1718750000,192883.7656250000,173954.6406250000,148365.2343750000,119997.9687500000,152040.3906250000,133566.7812500000,144640.2656250000,,,
35.6519999425,278,146820.1718750000,193124.2812500000,173310.1250000000,147916.9062500000,119659.7421875000,151714.4062500000,133250.1250000000,144414.3906250000,,,
35.6559999424,278,146443.4062500000,195267.3125000000,172014.1875000000,147439.8750000000,119296.7109375000,151357.1562500000,132900.5000000000,144133.1875000000,,,
35.6599999424,278,146564.5312500000,196514.5625000000,171985.5781250000,147590.4218750000,119410.6171875000,151457.1562500000,133003.4218750000,144190.9687500000,,,
35.6639999424,278,147018.5000000000,195195.9375000000,173144.2812500000,148156.1250000000,119848.5156250000,151882.9687500000,133418.8125000000,144509.0781250000,,,
35.6679999423,278,147184.9218750000,193293.3125000000,174048.7031250000,148374.8125000000,120009.9843750000,152045.5156250000,133579.6562500000,144660.2187500000,,,
35.6719999425,278,146835.5937500000,193462.6875000000,173384.5937500000,147930.6562500000,119676.4296875000,151727.6718750000,133270.7187500000,144432.0937500000,,,
35.6759999425,278,146460.2656250000,195435.1406250000,172018.8593750000,147453.6093750000,119312.6640625000,151375.7968750000,132927.3750000000,144148.3906250000,,,
35.6799999424,278,146567.7500000000,196570.8593750000,171948.6406250000,147602.3593750000,119410.5703125000,151470.4843750000,133016.2343750000,144199.0312500000,,,
35.6839999424,278,146998.8281250000,195331.6875000000,173142.4843750000,148152.4062500000,119825.9843750000,151873.3437500000,133407.5468750000,144503.3593750000,,,
35.6879999423,278,147167.5156250000,193606.0000000000,174119.7187500000,148371.9375000000,119988.7734375000,152034.8750000000,133564.9375000000,144658.3125000000,,,
35.6919999423,278,146831.3281250000,193792.5312500000,173464.0312500000,147933.6718750000,119670.1484375000,151728.4531250000,133264.3906250000,144435.2656250000,,,
35.6959999425,278,146472.1250000000,195583.6250000000,172037.8750000000,147459.9843750000,119327.8515625000,151393.8437500000,132936.4062500000,144160.5937500000,,,
35.6999999424,278,146578.7968750000,196666.1875000000,171962.0468750000,147608.9062500000,119427.1406250000,151485.2343750000,133025.7812500000,144218.8593750000,,,
35.7039999424,278,146988.9375000000,195717.0156250000,173265.7031250000,148158.6406250000,119821.1093750000,151865.8437500000,133400.9218750000,144522.4843750000,,,
35.7079999424,278,147145.5781250000,194385.2656250000,174365.8125000000,148376.0937500000,119970.5078125000,152011.9062500000,133552.5937500000,144670.9218750000,,,
35.7119999423,279,146834.4687500000,194595.5781250000,173684.8125000000,147943.2187500000,119679.4843750000,151732.0000000000,133281.6406250000,144452.3750000000,,,
35.7159999423,279,146501.4375000000,196010.7968750000,172106.0781250000,147481.2031250000,119364.5703125000,151426.7031250000,132982.1406250000,144183.5937500000,,,
35.7199999422,279,146583.0937500000,196864.2968750000,171957.1093750000,147615.6562500000,119435.7812500000,151495.3437500000,133047.1406250000,144223.4375000000,,,
35.7239999422,279,146952.7343750000,196158.7187500000,173364.5000000000,148146.2812500000,119782.2656250000,151832.9062500000,133377.3906250000,144506.5468750000,,,
35.7279999421,279,147103.3281250000,195208.6718750000,174592.3281250000,148362.0468750000,119925.5234375000,151974.3906250000,133520.2500000000,144652.2031250000,,,
35.7319999421,279,146834.6250000000,195343.1406250000,173853.5156250000,147950.0312500000,119678.4140625000,151736.0937500000,133282.5312500000,144448.9843750000,,,
35.7359999423,279,146537.3125000000,196259.9375000000,172077.9531250000,147499.5468750000,119401.1015625000,151462.7343750000,133010.7968750000,144194.7187500000,,,
35.7399999422,279,146608.6250000000,196804.9218750000,171839.3906250000,147620.6562500000,119461.7968750000,151515.2187500000,133064.4375000000,144231.7343750000,,,
35.7439999422,279,146955.9531250000,196251.5781250000,173336.4062500000,148141.0000000000,119783.0703125000,151825.6250000000,133374.7187500000,144514.4375000000,,,
35.7479999422,279,147099.8125000000,195580.1093750000,174677.6250000000,148361.7656250000,119915.6250000000,151960.5937500000,133507.2656250000,144659.5937500000,,,
35.7519999421,279,146857.7031250000,195634.9843750000,173896.4375000000,147964.7500000000,119695.1250000000,151752.0781250000,133291.0781250000,144464.8125000000,,,
35.7559999423,279,146578.2656250000,196152.8750000000,171972.2343750000,147519.5312500000,119436.3984375000,151497.8437500000,133037.2343750000,144212.7656250000,,,
35.7599999423,279,146640.2968750000,196486.9062500000,171686.9062500000,147640.2343750000,119487.4375000000,151545.9843750000,133090.0468750000,144250.6406250000,,,
35.7639999422,279,146951.1250000000,196133.3125000000,173291.1718750000,148143.6875000000,119772.2343750000,151827.7812500000,133371.5937500000,144519.1562500000,,,
35.7679999422,279,147081.5000000000,195761.0312500000,174746.2968750000,148354.8593750000,119893.7968750000,151948.6093750000,133496.0000000000,144656.9687500000,,,
35.7719999421,279,146867.5625000000,195756.1406250000,173925.6406250000,147966.7343750000,119707.7031250000,151765.9218750000,133306.1093750000,144470.4218750000,,,
35.7759999421,279,146606.5937500000,195871.3906250000,171836.2343750000,147519.5781250000,119472.7421875000,151534.3437500000,133069.1875000000,144220.5000000000,,,
35.7799999423,279,146648.7031250000,195963.1250000000,171473.9687500000,147624.3281250000,119502.5390625000,151559.3906250000,133101.1562500000,144245.1093750000,,,
35.7839999422,279,146926.4687500000,195761.7031250000,173157.9375000000,148113.3125000000,119750.0546875000,151804.0468750000,133347.9375000000,144500.8437500000,,,
35.7879999422,279,147040.7343750000,195664.1718750000,174719.0937500000,148323.4687500000,119854.2578125000,151912.4531250000,133452.6250000000,144631.7812500000,,,
35.7919999422,279,146848.0468750000,195602.4218750000,173866.4687500000,147955.7968750000,119689.1171875000,151752.7343750000,133281.1093750000,144449.7968750000,,,
35.7959999421,279,146617.8281250000,195334.6406250000,171645.1406250000,147525.2968750000,119484.4062500000,151550.4375000000,133068.4531250000,144211.0781250000,,,
35.7999999423,279,146661.4687500000,195211.3125000000,171246.0937500000,147634.1406250000,119515.7343750000,151577.2656250000,133100.7031250000,144243.4531250000,,,
35.8039999423,279,146919.0312500000,195226.3281250000,173048.2343750000,148119.5937500000,119743.9687500000,151798.0625000000,133336.6562500000,144497.9375000000,,,
35.8079999422,279,147038.7968750000,195459.7656250000,174738.1406250000,148339.7500000000,119852.4609375000,151903.8125000000,133451.7187500000,144633.5468750000,,,
35.8119999422,279,146872.7187500000,195385.5156250000,173869.3906250000,147979.0781250000,119716.8203125000,151769.5468750000,133308.7031250000,144457.7656250000,,,
35.8159999421,279,146658.0625000000,194810.2343750000,171540.5156250000,147547.4218750000,119531.4843750000,151581.6562500000,133114.5312500000,144221.0625000000,,,
35.8199999421,279,146683.9687500000,194550.5156250000,171109.5937500000,147642.9062500000,119544.0078125000,151587.4218750000,133129.8750000000,144246.6718750000,,,
35.8239999423,279,146908.7343750000,194786.9531250000,172989.2500000000,148109.4843750000,119736.0000000000,151774.2968750000,133332.2500000000,144486.4843750000,,,
35.8279999422,279,147017.3125000000,195291.3437500000,174753.0781250000,148317.0000000000,119833.1250000000,151873.2343750000,133437.8593750000,144616.6250000000,,,
35.8319999422,279,146871.4218750000,195217.5625000000,173873.3125000000,147962.8437500000,119717.8984375000,151760.1093750000,133310.2031250000,144451.0312500000,,,
35.8359999422,279,146672.6718750000,194469.2968750000,171482.3437500000,147541.8281250000,119547.3828125000,151593.1875000000,133128.2187500000,144225.1875000000,,,
35.8399999421,280,146690.6718750000,194181.3125000000,171039.0156250000,147632.6718750000,119550.2578125000,151596.4843750000,133137.1250000000,144250.6406250000,,,
35.8439999421,280,146902.0625000000,194588.7656250000,172960.6406250000,148094.8437500000,119725.7500000000,151772.4218750000,133324.8437500000,144486.4062500000,,,
35.8479999420,280,147014.7656250000,195246.5000000000,174766.9218750000,148311.8906250000,119826.0937500000,151877.6718750000,133430.2812500000,144622.6718750000,,,
35.8519999420,280,146874.8593750000,195178.3437500000,173887.2031250000,147961.9062500000,119716.5234375000,151769.2031250000,133303.7656250000,144456.3906250000,,,
35.8559999419,280,146682.4375000000,194375.0781250000,171472.5156250000,147541.3593750000,119552.0546875000,151603.9687500000,133125.5312500000,144233.9531250000,,,
35.8599999419,280,146694.4531250000,194087.4375000000,171013.9218750000,147626.2343750000,119549.1875000000,151597.9843750000,133128.1406250000,144259.8437500000,,,
35.8639999421,280,146898.2812500000,194530.5625000000,172940.5781250000,148077.9375000000,119720.3125000000,151768.6093750000,133311.8906250000,144493.3593750000,,,
35.8679999420,280,147018.4375000000,195184.9687500000,174753.8750000000,148299.8437500000,119828.2656250000,151874.2812500000,133425.7812500000,144630.4218750000,,,
35.8719999420,280,146885.7187500000,195126.2500000000,173893.9843750000,147961.5937500000,119725.9687500000,151770.9687500000,133311.8437500000,144469.5625000000,,,
35.8759999420,280,146684.2656250000,194385.4843750000,171494.7031250000,147540.5937500000,119554.3593750000,151600.5156250000,133132.2187500000,144238.5156250000,,,
35.8799999419,280,146691.8750000000,194158.4062500000,171030.6718750000,147619.9062500000,119544.4062500000,151589.5468750000,133128.9687500000,144251.2812500000,,,
35.8839999421,280,146907.1875000000,194559.0937500000,172929.7968750000,148080.2187500000,119723.3125000000,151764.9531250000,133318.5937500000,144482.3125000000,,,
35.8879999421,280,147028.9062500000,195124.7500000000,174730.4687500000,148311.4843750000,119835.5625000000,151875.0312500000,133435.1718750000,144621.1875000000,,,
35.8919999420,280,146886.1250000000,195058.6093750000,173888.6562500000,147971.5625000000,119728.1640625000,151769.2031250000,133317.9062500000,144460.1718750000,,,
35.8959999420,280,146662.7812500000,194410.9062500000,171506.3125000000,147532.0625000000,119535.1015625000,151579.5937500000,133114.0781250000,144218.1093750000,,,
35.8999999419,280,146662.7812500000,194235.3593750000,171030.1406250000,147601.4218750000,119521.9062500000,151566.1875000000,133107.0000000000,144229.5312500000,,,
35.9039999419,280,146886.8750000000,194553.2812500000,172894.5000000000,148065.8437500000,119713.8437500000,151759.5156250000,133311.9687500000,144469.2656250000,,,
35.9079999421,280,147014.8125000000,194998.3906250000,174677.1718750000,148304.2968750000,119831.2734375000,151877.9062500000,133437.3906250000,144611.4843750000,,,
35.9119999420,280,146872.1875000000,194937.0312500000,173867.3906250000,147971.8906250000,119719.8281250000,151767.2968750000,133315.2187500000,144453.1718750000,,,
35.9159999420,280,146651.2187500000,194407.3906250000,171529.1718750000,147534.8125000000,119529.3359375000,151575.4375000000,133113.2968750000,144213.9843750000,,,
35.9199999420,280,146657.4218750000,194297.3125000000,171054.0937500000,147607.8593750000,119521.7968750000,151566.1250000000,133109.2500000000,144222.3750000000,,,
35.9239999419,280,146895.8437500000,194545.3437500000,172881.5312500000,148076.8437500000,119726.7734375000,151768.6875000000,133324.7500000000,144466.9687500000,,,
35.9279999421,280,147032.4218750000,194872.4062500000,174640.3437500000,148317.1875000000,119849.0546875000,151893.9531250000,133450.6250000000,144614.7031250000,,,
35.9319999421,280,146873.8750000000,194802.1406250000,173849.6562500000,147974.2187500000,119716.8203125000,151770.7500000000,133309.8593750000,144447.5937500000,,,
35.9359999420,280,146637.4375000000,194377.1875000000,171544.0781250000,147525.6718750000,119508.0156250000,151564.6562500000,133093.7187500000,144202.7656250000,,,
35.9399999420,280,146648.0312500000,194316.7968750000,171058.7343750000,147594.1250000000,119502.4296875000,151559.6093750000,133090.7812500000,144219.6093750000,,,
35.9439999419,280,146897.4218750000,194452.2343750000,172828.2656250000,148067.6875000000,119716.5781250000,151774.7500000000,133310.6093750000,144470.9062500000,,,
35.9479999419,280,147040.5468750000,194607.8906250000,174537.4843750000,148304.9687500000,119847.6562500000,151901.7812500000,133442.1406250000,144621.6250000000,,,
35.9519999421,280,146883.6562500000,194519.8593750000,173780.9062500000,147961.1093750000,119720.5781250000,151772.3593750000,133305.7812500000,144459.4531250000,,,
35.9559999420,280,146649.7500000000,194250.4062500000,171552.9375000000,147518.5312500000,119515.2500000000,151565.5625000000,133093.2187500000,144219.0000000000,,,
35.9599999420,280,146662.3750000000,194290.6406250000,171085.5625000000,147585.5937500000,119514.2343750000,151555.3906250000,133093.3750000000,144225.2343750000,,,
35.9639999419,280,146925.6093750000,194281.6250000000,172776.0000000000,148064.7187500000,119746.5390625000,151783.9687500000,133331.3437500000,144469.8906250000,,,
35.9679999419,281,147075.1406250000,194159.1875000000,174396.8750000000,148313.6562500000,119886.2578125000,151928.1406250000,133477.8906250000,144622.8750000000,,,
35.9719999419,281,146887.4687500000,194038.8906250000,173674.5000000000,147960.9687500000,119725.0000000000,151768.7656250000,133315.3593750000,144447.6250000000,,,
35.9759999418,281,146620.4531250000,194095.5625000000,171582.4687500000,147509.6093750000,119483.2031250000,151528.8906250000,133072.7968750000,144195.7343750000,,,
35.9799999418,281,146634.5312500000,194365.8750000000,171152.3437500000,147580.4375000000,119486.2890625000,151528.6250000000,133078.4375000000,144201.4218750000,,,
35.9839999417,281,146942.1562500000,194029.9218750000,172671.2812500000,148077.3281250000,119769.1796875000,151802.8125000000,133354.2500000000,144461.8125000000,,,
35.9879999417,281,147119.5312500000,193167.3750000000,174030.8437500000,148321.8281250000,119938.8281250000,151966.6875000000,133517.7343750000,144620.0937500000,,,
35.9919999419,281,146904.8281250000,192761.0000000000,173300.2031250000,147956.6718750000,119748.9531250000,151781.6093750000,133330.1875000000,144445.0468750000,,,
35.9959999418,281,146568.7343750000,193418.3906250000,171498.0312500000,147477.9531250000,119433.1015625000,151471.9531250000,133022.5312500000,144168.2968750000,,,
35.9999999418,281,146588.7187500000,194269.1562500000,171238.3125000000,147547.4218750000,119442.6484375000,151477.4531250000,133029.3281250000,144174.7656250000,,,
36.0039999417,281,146971.5312500000,193522.7968750000,172533.8906250000,148072.1406250000,119805.2578125000,151830.5625000000,133372.5937500000,144454.9687500000,,,
36.0079999417,281,147192.1093750000,191792.7500000000,173622.1562500000,148352.3593750000,120016.8281250000,152040.7187500000,133575.6875000000,144635.1562500000,,,
36.0119999419,281,146896.9843750000,191528.9843750000,173075.3593750000,147966.0156250000,119737.2578125000,151771.2031250000,133314.1250000000,144438.0156250000,,,
36.0159999419,281,146485.1406250000,193412.6718750000,171746.6875000000,147455.4531250000,119340.3750000000,151385.2656250000,132941.7812500000,144144.4218750000,,,
36.0199999418,281,146527.7812500000,195091.6250000000,171661.6406250000,147534.3437500000,119373.7656250000,151417.9375000000,132973.3750000000,144161.7343750000,,,
36.0239999418,281,146974.9062500000,194168.8437500000,172793.1093750000,148085.6875000000,119806.8359375000,151834.9375000000,133379.9218750000,144467.1718750000,,,
36.0279999417,281,147210.0625000000,192058.2031250000,173764.5000000000,148372.4531250000,120035.2500000000,152057.6093750000,133597.7968750000,144654.3906250000,,,
36.0319999417,281,146889.4843750000,191965.7031250000,173316.4062500000,147978.4375000000,119724.7343750000,151759.7031250000,133307.2812500000,144455.0000000000,,,
36.0359999419,281,146449.1718750000,194261.8906250000,172065.7968750000,147444.7500000000,119297.5625000000,151347.3906250000,132903.9531250000,144139.5468750000,,,
36.0399999418,281,146502.5781250000,196026.2343750000,171909.4843750000,147516.0937500000,119346.1953125000,151391.4843750000,132947.5781250000,144148.7656250000,,,
36.0439999418,281,146967.0468750000,194883.0781250000,172937.1718750000,148074.9687500000,119798.5781250000,151828.9062500000,133370.2031250000,144455.5625000000,,,
36.0479999417,281,147212.1562500000,192567.7812500000,173874.5156250000,148377.5937500000,120036.3281250000,152064.6093750000,133600.1562500000,144652.9531250000,,,
36.0519999417,281,146879.0781250000,192475.1562500000,173449.8125000000,147973.7656250000,119713.8203125000,151756.2656250000,133306.1250000000,144450.9531250000,,,
36.0559999419,281,146439.4531250000,194865.2968750000,172200.3437500000,147431.2031250000,119289.2265625000,151343.6406250000,132905.7500000000,144141.1250000000,,,
36.0599999418,281,146496.2187500000,196647.8750000000,172015.9687500000,147506.3281250000,119342.8671875000,151389.8593750000,132950.5156250000,144153.9218750000,,,
36.0639999418,281,146964.6406250000,195448.0625000000,173028.9531250000,148073.5625000000,119800.2421875000,151831.9062500000,133377.5781250000,144465.2656250000,,,
36.0679999418,281,147215.6093750000,193107.9375000000,173991.5937500000,148381.8906250000,120045.4765625000,152070.5156250000,133614.0156250000,144667.3750000000,,,
36.0719999417,281,146895.7812500000,192936.9062500000,173558.0156250000,147989.2656250000,119738.0078125000,151777.3750000000,133329.3906250000,144472.4687500000,,,
36.0759999417,281,146456.4843750000,195103.2343750000,172229.1250000000,147445.5781250000,119315.4062500000,151371.1875000000,132929.4687500000,144155.3750000000,,,
36.0799999419,281,146501.0625000000,196681.2656250000,171981.4218750000,147515.2968750000,119356.6796875000,151408.3906250000,132964.2031250000,144156.3593750000,,,
36.0839999418,281,146953.7187500000,195536.7187500000,173026.2656250000,148080.1875000000,119792.8593750000,151834.1875000000,133373.0156250000,144462.5937500000,,,
36.0879999418,281,147194.0468750000,193412.8906250000,174053.8281250000,148384.7343750000,120021.7109375000,152059.8437500000,133594.6250000000,144663.6718750000,,,
36.0919999417,281,146891.3906250000,193243.5312500000,173608.5468750000,148001.7343750000,119731.5703125000,151779.7656250000,133327.2031250000,144475.4687500000,,,
36.0959999417,282,146474.9218750000,195089.6875000000,172183.8437500000,147470.1250000000,119332.9453125000,151393.7343750000,132951.2968750000,144167.0312500000,,,
36.0999999417,282,146515.5781250000,196463.4687500000,171893.0937500000,147530.0781250000,119367.1953125000,151423.7500000000,132979.1718750000,144169.5937500000,,,
36.1039999416,282,146939.9062500000,195583.8437500000,173041.6406250000,148078.9062500000,119773.7890625000,151816.9687500000,133361.0000000000,144471.6093750000,,,
36.1079999416,282,147156.5156250000,193937.6875000000,174210.4687500000,148371.4062500000,119983.1640625000,152025.4531250000,133563.4531250000,144663.0781250000,,,
36.1119999415,282,146885.5312500000,193860.4687500000,173776.4062500000,148005.8750000000,119727.3593750000,151781.2656250000,133323.7031250000,144485.5000000000,,,
36.1159999415,282,146513.0937500000,195326.2968750000,172231.1250000000,147493.7031250000,119371.1640625000,151434.3437500000,132980.0312500000,144192.4375000000,,,
36.1199999417,282,146544.8437500000,196469.1093750000,171894.8593750000,147548.9843750000,119395.7109375000,151450.7656250000,132998.5000000000,144192.7343750000,,,
36.1239999416,282,146921.2343750000,195935.6562500000,173170.9218750000,148066.8906250000,119752.4140625000,151794.9687500000,133338.2343750000,144475.0156250000,,,
36.1279999416,282,147124.7031250000,194851.3281250000,174504.8437500000,148356.3593750000,119944.3515625000,151983.4531250000,133525.9062500000,144659.7656250000,,,
36.1319999415,282,146891.6250000000,194842.6562500000,174044.9218750000,148006.9375000000,119726.8828125000,151777.7343750000,133319.5468750000,144494.7500000000,,,
36.1359999415,282,146557.0000000000,195825.5937500000,172300.5156250000,147509.5468750000,119411.9921875000,151470.9687500000,133012.8593750000,144214.6406250000,,,
36.1399999417,282,146571.5000000000,196627.5937500000,171850.7968750000,147550.1093750000,119419.8984375000,151476.2500000000,133017.6250000000,144205.8750000000,,,
36.1439999416,282,146908.3125000000,196298.8125000000,173224.3437500000,148056.5937500000,119733.1562500000,151779.2031250000,133322.3750000000,144475.0937500000,,,
36.1479999416,282,147101.5156250000,195607.6562500000,174703.8906250000,148348.6250000000,119915.2265625000,151958.3750000000,133503.0625000000,144659.3281250000,,,
36.1519999416,282,146895.5468750000,195616.8593750000,174224.5156250000,148015.6093750000,119732.1875000000,151779.4687500000,133324.5000000000,144501.0312500000,,,
36.1559999415,282,146587.7812500000,196216.9687500000,172311.1406250000,147532.1406250000,119450.9062500000,151502.5781250000,133048.0781250000,144230.2031250000,,,
36.1599999415,282,146592.0000000000,196748.4531250000,171765.6562500000,147561.0312500000,119446.2421875000,151497.5468750000,133044.3906250000,144215.5937500000,,,
36.1639999417,282,146895.1875000000,196474.8750000000,173182.7031250000,148048.2187500000,119721.2500000000,151767.4062500000,133314.3593750000,144464.3593750000,,,
36.1679999416,282,147078.0156250000,195940.5937500000,174744.5781250000,148341.4687500000,119889.3671875000,151936.4531250000,133484.3593750000,144641.6875000000,,,
36.1719999416,282,146894.0468750000,195888.9062500000,174245.3125000000,148024.1406250000,119724.8671875000,151776.9218750000,133321.4218750000,144491.7968750000,,,
36.1759999415,282,146607.2656250000,196180.3906250000,172203.0937500000,147544.1562500000,119464.2343750000,151519.2343750000,133061.5625000000,144226.9062500000,,,
36.1799999415,282,146606.7187500000,196463.7031250000,171577.6406250000,147575.5312500000,119454.5859375000,151508.3281250000,133050.3593750000,144212.2343750000,,,
36.1839999417,282,146899.4062500000,196194.9531250000,173045.3906250000,148067.6093750000,119721.0625000000,151768.8281250000,133313.0156250000,144466.5625000000,,,
36.1879999416,282,147078.5000000000,195834.6250000000,174713.5156250000,148358.6562500000,119888.6953125000,151934.0468750000,133483.7968750000,144649.8906250000,,,
36.1919999416,282,146898.4687500000,195798.6875000000,174219.0156250000,148035.7031250000,119732.7265625000,151781.1562500000,133326.7343750000,144495.0781250000,,,
36.1959999416,282,146621.5312500000,195828.1562500000,172070.1406250000,147540.8593750000,119485.4531250000,151536.0937500000,133077.3906250000,144227.5156250000,,,
36.1999999415,282,146626.1718750000,195876.0625000000,171382.3437500000,147570.1406250000,119480.7031250000,151527.3125000000,133072.2656250000,144214.9687500000,,,
36.2039999415,282,146906.3281250000,195694.9687500000,172921.4531250000,148062.9531250000,119729.8281250000,151772.7031250000,133322.2500000000,144468.2031250000,,,
36.2079999417,282,147069.1406250000,195600.1406250000,174696.6406250000,148356.9687500000,119878.2109375000,151921.8750000000,133475.2343750000,144641.6562500000,,,
36.2119999416,282,146907.4531250000,195561.0468750000,174192.2031250000,148037.4375000000,119739.6171875000,151785.9375000000,133333.8906250000,144490.5937500000,,,
36.2159999416,282,146658.7500000000,195221.7968750000,171920.3750000000,147557.8281250000,119520.1328125000,151569.5937500000,133106.4687500000,144230.0937500000,,,
36.2199999415,282,146653.3906250000,195006.6250000000,171169.1562500000,147584.1250000000,119506.2968750000,151556.2500000000,133094.8437500000,144216.7187500000,,,
36.2239999415,283,146890.9843750000,195028.3281250000,172788.6562500000,148045.8281250000,119712.6093750000,151757.6562500000,133306.1093750000,144452.2343750000,,,
36.2279999414,283,147037.3437500000,195315.7031250000,174675.7187500000,148319.0468750000,119846.6953125000,151890.3281250000,133446.5625000000,144619.5312500000,,,
36.2319999414,283,146902.4062500000,195331.9062500000,174174.5312500000,148014.5312500000,119740.2890625000,151786.2812500000,133332.2812500000,144481.1562500000,,,
36.2359999414,283,146682.6875000000,194706.6562500000,171810.0781250000,147558.5625000000,119555.5390625000,151599.2031250000,133134.9218750000,144238.3906250000,,,
36.2399999413,283,146668.9531250000,194350.4531250000,171029.6406250000,147581.0312500000,119536.7890625000,151576.6093750000,133117.7031250000,144226.1875000000,,,
36.2439999413,283,146880.5000000000,194589.5156250000,172728.7343750000,148034.3281250000,119715.0000000000,151750.5781250000,133305.5156250000,144453.6250000000,,,
36.2479999415,283,147022.2187500000,195168.6562500000,174699.3750000000,148312.5468750000,119837.8437500000,151873.4843750000,133435.5937500000,144618.5312500000,,,
36.2519999414,283,146905.4062500000,195220.2968750000,174193.1718750000,148025.0156250000,119745.2812500000,151786.6562500000,133335.5468750000,144485.3125000000,,,
36.2559999414,283,146697.0312500000,194447.8906250000,171771.5625000000,147576.1562500000,119568.0937500000,151612.6093750000,133146.2343750000,144244.7343750000,,,
36.2599999413,283,146670.6875000000,194042.0468750000,170965.6093750000,147587.8281250000,119532.7421875000,151575.6562500000,133116.8125000000,144226.0937500000,,,
36.2639999413,283,146859.3125000000,194424.2656250000,172691.8593750000,148020.5468750000,119686.8593750000,151732.1250000000,133286.5156250000,144440.9375000000,,,
36.2679999415,283,147004.1406250000,195139.0000000000,174695.4687500000,148302.3281250000,119814.3203125000,151859.2187500000,133418.4375000000,144606.7343750000,,,
36.2719999414,283,146898.5000000000,195208.2187500000,174201.0468750000,148015.5312500000,119735.1406250000,151778.2968750000,133325.9531250000,144479.4687500000,,,
36.2759999414,283,146694.1562500000,194415.3593750000,171774.4531250000,147564.2656250000,119564.3906250000,151603.9531250000,133140.6406250000,144240.0000000000,,,
36.2799999414,283,146679.1093750000,194037.7031250000,170968.7500000000,147585.5625000000,119541.9140625000,151572.7187500000,133118.7968750000,144231.3593750000,,,
36.2839999413,283,146876.4687500000,194442.8593750000,172697.2500000000,148028.6718750000,119707.2968750000,151737.7656250000,133297.4843750000,144459.2187500000,,,
36.2879999413,283,147019.2500000000,195129.6875000000,174699.8281250000,148307.3750000000,119834.8671875000,151867.2812500000,133435.1406250000,144627.0937500000,,,
36.2919999415,283,146913.2968750000,195189.8281250000,174221.5156250000,148030.2812500000,119755.9531250000,151789.2812500000,133347.8593750000,144501.0312500000,,,
36.2959999414,283,146699.3125000000,194456.6718750000,171811.6875000000,147582.0781250000,119572.7343750000,151610.4375000000,133150.8750000000,144255.3125000000,,,
36.2999999414,283,146666.5312500000,194134.5625000000,170992.1875000000,147582.4218750000,119529.8750000000,151567.5781250000,133113.2812500000,144230.0625000000,,,
36.3039999413,283,146872.2656250000,194470.6093750000,172680.2343750000,148017.7031250000,119702.3906250000,151740.9843750000,133296.3906250000,144455.9375000000,,,
36.3079999413,283,147030.7812500000,195001.9375000000,174647.7187500000,148308.8593750000,119844.9531250000,151885.4375000000,133444.6875000000,144628.7812500000,,,
36.3119999415,283,146918.5781250000,195027.8750000000,174190.5625000000,148029.5781250000,119759.5234375000,151799.9687500000,133348.6093750000,144499.7656250000,,,
36.3159999414,283,146693.9218750000,194434.3281250000,171839.8281250000,147566.3906250000,119567.8750000000,151608.0156250000,133142.6718750000,144251.9843750000,,,
36.3199999414,283,146663.4531250000,194211.4375000000,171032.1875000000,147568.2968750000,119529.4687500000,151566.1250000000,133105.9531250000,144225.8125000000,,,
36.3239999413,283,146883.1718750000,194424.0312500000,172656.2031250000,148019.6093750000,119717.8984375000,151753.2968750000,133302.5625000000,144452.2968750000,,,
36.3279999413,283,147052.2968750000,194738.3593750000,174566.1250000000,148322.1093750000,119871.3984375000,151907.3906250000,133459.2812500000,144632.0000000000,,,
36.3319999413,283,146927.7031250000,194724.4843750000,174136.1093750000,148042.2968750000,119770.8671875000,151810.1875000000,133353.7656250000,144501.9375000000,,,
36.3359999415,283,146682.0937500000,194322.4687500000,171860.3125000000,147571.1093750000,119553.8203125000,151596.7812500000,133131.3281250000,144244.7968750000,,,
36.3399999414,283,146647.1093750000,194231.6093750000,171065.0625000000,147563.7031250000,119508.6250000000,151552.9062500000,133092.1718750000,144211.4843750000,,,
36.3439999414,283,146888.4375000000,194298.0625000000,172606.3906250000,148022.6562500000,119718.3750000000,151763.5937500000,133309.4062500000,144446.8437500000,,,
36.3479999413,283,147066.6406250000,194314.7031250000,174415.8750000000,148329.5781250000,119879.6328125000,151928.2187500000,133471.7343750000,144628.5156250000,,,
36.3519999413,284,146928.3750000000,194225.7343750000,174002.9687500000,148046.7187500000,119762.2890625000,151813.4531250000,133350.1718750000,144497.2656250000,,,
36.3559999412,284,146653.2343750000,194085.0468750000,171841.7500000000,147555.7968750000,119515.9765625000,151571.8125000000,133097.0468750000,144233.7500000000,,,
36.3599999412,284,146628.3750000000,194220.1250000000,171103.6406250000,147556.3281250000,119484.4609375000,151536.6718750000,133064.6562500000,144210.3750000000,,,
36.3639999412,284,146898.2500000000,194132.9218750000,172551.3906250000,148022.7656250000,119728.0078125000,151771.2968750000,133309.3437500000,144449.6093750000,,,
36.3679999411,284,147099.8125000000,193721.0468750000,174211.0781250000,148338.7343750000,119918.3906250000,151959.6562500000,133503.5625000000,144637.5312500000,,,
36.3719999411,284,146936.7968750000,193443.5937500000,173783.4375000000,148042.9843750000,119777.7578125000,151822.4062500000,133365.3281250000,144493.8593750000,,,
36.3759999413,284,146628.7656250000,193584.6875000000,171766.0625000000,147543.0312500000,119496.8828125000,151543.5937500000,133088.6875000000,144216.4687500000,,,
36.3799999412,284,146608.0937500000,193956.8125000000,171080.4062500000,147537.2343750000,119468.6875000000,151513.0781250000,133061.7031250000,144188.4218750000,,,
36.3839999412,284,146938.8593750000,193392.3593750000,172292.5781250000,148023.3906250000,119776.3671875000,151812.6250000000,133357.8125000000,144444.0000000000,,,
36.3879999411,284,147180.6562500000,192018.4531250000,173618.0468750000,148349.1875000000,120006.8203125000,152040.0937500000,133580.2187500000,144645.4062500000,,,
36.3919999411,284,146967.5625000000,191563.5781250000,173278.1250000000,148039.6093750000,119808.5781250000,151847.1406250000,133390.7500000000,144498.8281250000,,,
36.3959999413,284,146564.2031250000,192817.0312500000,171786.9843750000,147506.2031250000,119424.6484375000,151471.3437500000,133023.4531250000,144194.8593750000,,,
36.3999999412,284,146543.8281250000,194257.4375000000,171435.5781250000,147507.1406250000,119398.5781250000,151442.9843750000,132999.0468750000,144169.3750000000,,,
36.4039999412,284,146922.9531250000,193865.2187500000,172589.7968750000,148014.1875000000,119760.6250000000,151793.0625000000,133343.4062500000,144439.2812500000,,,
36.4079999411,284,147182.3750000000,192267.9531250000,173790.2968750000,148350.6875000000,120011.2734375000,152042.6250000000,133586.1718750000,144647.0468750000,,,
36.4119999411,284,146946.9062500000,191994.2656250000,173531.4687500000,148043.2656250000,119787.1250000000,151829.1718750000,133378.7343750000,144500.3593750000,,,
36.4159999411,284,146526.4218750000,193704.3125000000,172160.1875000000,147505.3750000000,119383.9609375000,151433.8906250000,132995.9531250000,144190.7187500000,,,
36.4199999413,284,146514.2187500000,195317.1718750000,171765.3125000000,147499.5781250000,119365.5078125000,151413.6093750000,132976.2187500000,144158.7968750000,,,
36.4239999412,284,146920.8906250000,194709.4687500000,172784.6093750000,148017.9687500000,119755.6093750000,151793.9218750000,133343.3906250000,144437.4375000000,,,
36.4279999412,284,147198.3437500000,192881.4062500000,173922.2656250000,148372.0781250000,120025.0078125000,152057.4218750000,133599.7812500000,144660.5156250000,,,
36.4319999411,284,146951.0156250000,192576.2812500000,173674.3750000000,148065.5468750000,119788.2734375000,151828.6406250000,133380.1093750000,144512.1250000000,,,
36.4359999411,284,146519.0156250000,194362.6250000000,172304.7500000000,147512.1093750000,119373.4218750000,151424.7812500000,132985.4687500000,144200.2656250000,,,
36.4399999413,284,146502.8437500000,196010.0156250000,171888.3906250000,147500.2656250000,119353.5156250000,151399.4062500000,132964.3281250000,144165.0000000000,,,
36.4439999412,284,146914.4531250000,195381.1406250000,172900.3906250000,148024.5156250000,119747.7500000000,151773.8125000000,133334.7500000000,144443.2500000000,,,
36.4479999412,284,147197.8750000000,193546.5625000000,174065.1406250000,148385.9375000000,120020.1250000000,152031.3281250000,133596.3750000000,144669.0625000000,,,
36.4519999411,284,146954.6250000000,193219.8125000000,173823.4687500000,148075.3125000000,119785.0312500000,151812.1875000000,133378.2031250000,144520.1250000000,,,
36.4559999411,284,146525.7656250000,194842.0937500000,172382.4062500000,147515.3750000000,119373.9843750000,151433.0156250000,132990.3593750000,144201.5000000000,,,
36.4599999411,284,146518.1875000000,196253.3125000000,171878.5000000000,147505.3750000000,119364.7812500000,151426.4843750000,132975.9687500000,144170.3125000000,,,
36.4639999412,284,146926.0312500000,195505.5937500000,172866.2031250000,148025.0781250000,119758.2109375000,151797.2187500000,133340.2968750000,144449.3906250000,,,
36.4679999412,284,147206.8437500000,193670.5625000000,174050.2031250000,148383.7187500000,120034.1250000000,152057.4843750000,133607.3125000000,144678.9375000000,,,
36.4719999412,284,146968.9531250000,193263.9218750000,173798.8750000000,148073.5156250000,119812.4687500000,151840.0312500000,133406.7343750000,144531.3593750000,,,
36.4759999411,284,146562.2812500000,194643.2187500000,172304.2656250000,147529.7968750000,119425.1562500000,151462.9218750000,133040.7812500000,144224.0312500000,,,
36.4799999411,285,146544.2031250000,195864.7500000000,171758.0156250000,147514.2187500000,119403.8906250000,151439.5000000000,133016.8281250000,144184.8281250000,,,
36.4839999410,285,146930.7656250000,195192.0781250000,172774.2968750000,148019.0937500000,119772.8281250000,151796.7187500000,133362.6406250000,144456.8437500000,,,
36.4879999410,285,147184.9062500000,193594.7656250000,174017.4531250000,148364.2187500000,120014.6796875000,152034.9843750000,133593.1718750000,144668.4218750000,,,
36.4919999409,285,146954.9843750000,193272.1250000000,173786.8125000000,148059.7343750000,119793.8046875000,151827.1562500000,133379.7343750000,144521.8750000000,,,
36.4959999409,285,146560.2343750000,194498.1406250000,172261.3281250000,147527.5781250000,119416.7890625000,151466.6718750000,133013.2812500000,144218.7031250000,,,
36.4999999409,285,146528.2343750000,195620.6718750000,171705.0937500000,147503.2500000000,119380.0703125000,151429.2031250000,132973.5937500000,144170.7968750000,,,
36.5039999411,285,146878.9375000000,195190.0937500000,172794.6406250000,147996.1562500000,119713.2031250000,151749.7031250000,133286.9843750000,144424.4687500000,,,
36.5079999410,285,147126.5000000000,194047.8437500000,174163.7187500000,148344.3125000000,119951.7265625000,151982.2500000000,133520.9531250000,144642.4531250000,,,
36.5119999410,285,146925.6406250000,193928.8281250000,173980.4375000000,148061.0156250000,119766.9218750000,151805.8593750000,133351.1875000000,144513.1562500000,,,
36.5159999409,285,146575.7187500000,194945.1562500000,172380.4531250000,147552.7031250000,119440.6328125000,151488.8750000000,133038.4687500000,144233.0781250000,,,
36.5199999409,285,146556.7031250000,195878.3125000000,171766.5468750000,147535.8125000000,119416.4140625000,151459.4218750000,133013.4218750000,144197.2968750000,,,
36.5239999411,285,146880.6562500000,195673.3437500000,172935.8750000000,148013.3281250000,119716.8984375000,151749.2968750000,133303.3125000000,144447.4062500000,,,
36.5279999410,285,147112.9687500000,194957.2968750000,174438.5312500000,148350.5937500000,119933.6796875000,151964.5625000000,133515.4687500000,144661.1250000000,,,
36.5319999410,285,146931.7031250000,194951.8593750000,174261.1093750000,148075.0781250000,119769.3125000000,151806.1093750000,133355.3437500000,144537.5781250000,,,
36.5359999409,285,146599.1093750000,195648.7500000000,172508.9531250000,147571.4843750000,119464.1562500000,151508.0781250000,133056.0156250000,144256.6718750000,,,
36.5399999409,285,146570.9218750000,196300.6562500000,171788.7031250000,147543.2656250000,119433.5781250000,151473.4062500000,133025.3281250000,144212.4687500000,,,
36.5439999409,285,146876.9062500000,196172.4218750000,173009.2656250000,148010.5312500000,119716.3906250000,151742.9843750000,133301.6250000000,144458.4062500000,,,
36.5479999410,285,147090.8593750000,195712.9375000000,174620.1250000000,148345.3281250000,119913.3437500000,151940.1093750000,133496.3750000000,144659.7031250000,,,
36.5519999410,285,146927.2187500000,195716.4218750000,174431.8281250000,148078.2968750000,119765.4531250000,151802.6250000000,133353.7031250000,144534.5000000000,,,
36.5559999410,285,146626.7343750000,196075.3593750000,172526.7656250000,147587.2812500000,119491.5937500000,151537.1562500000,133082.5468750000,144261.8593750000,,,
36.5599999409,285,146600.1718750000,196410.9843750000,171688.8437500000,147561.7812500000,119461.1250000000,151507.5937500000,133054.5156250000,144222.9062500000,,,
36.5639999409,285,146875.5312500000,196244.9218750000,172928.3125000000,148016.2968750000,119710.7343750000,151749.5937500000,133302.8906250000,144455.6718750000,,,
36.5679999411,285,147081.0781250000,195914.9531250000,174627.4218750000,148349.2656250000,119900.4218750000,151940.3281250000,133494.6093750000,144657.4218750000,,,
36.5719999410,285,146938.1562500000,195910.7656250000,174452.9375000000,148096.5000000000,119777.5703125000,151819.1718750000,133374.2812500000,144542.8125000000,,,
36.5759999410,285,146651.4062500000,195978.6093750000,172430.9218750000,147603.0781250000,119521.6093750000,151563.3593750000,133116.8750000000,144269.2812500000,,,
36.5799999409,285,146621.2812500000,196032.2031250000,171506.3437500000,147566.2031250000,119487.1406250000,151523.7187500000,133079.2343750000,144223.5468750000,,,
36.5839999409,285,146877.6250000000,195897.0468750000,172804.7656250000,148004.2812500000,119714.0078125000,151745.0312500000,133302.4531250000,144451.2187500000,,,
36.5879999408,285,147069.5937500000,195828.0781250000,174629.7500000000,148336.2031250000,119886.3906250000,151919.3750000000,133476.8281250000,144648.8906250000,,,
36.5919999410,285,146944.2500000000,195885.2187500000,174473.3750000000,148092.4531250000,119778.4062500000,151816.9062500000,133368.1406250000,144541.9843750000,,,
36.5959999410,285,146682.9218750000,195622.3281250000,172321.0625000000,147601.8281250000,119549.0468750000,151590.7187500000,133129.2656250000,144276.9218750000,,,
36.5999999410,285,146644.4531250000,195343.4062500000,171293.4062500000,147559.1718750000,119507.7187500000,151547.4531250000,133086.4843750000,144226.7656250000,,,
36.6039999409,285,146879.9062500000,195295.6406250000,172657.3593750000,147996.9687500000,119712.7968750000,151748.5781250000,133301.0000000000,144453.7187500000,,,
36.6079999409,286,147062.6718750000,195579.5000000000,174618.5156250000,148332.9843750000,119874.9921875000,151909.0781250000,133472.7500000000,144651.7968750000,,,
36.6119999408,286,146951.5000000000,195710.1718750000,174470.8593750000,148094.9218750000,119785.1406250000,151820.2656250000,133379.2656250000,144542.9531250000,,,
36.6159999408,286,146716.1093750000,195093.4531250000,172188.6093750000,147609.5937500000,119585.2343750000,151621.0312500000,133167.2187500000,144282.5937500000,,,
36.6199999407,286,146676.5937500000,194534.5625000000,171086.1250000000,147564.1875000000,119541.6171875000,151573.6406250000,133121.8281250000,144235.4375000000,,,
36.6239999407,286,146870.7812500000,194658.2031250000,172521.1562500000,147980.6562500000,119702.0390625000,151733.2812500000,133292.2031250000,144443.8750000000,,,
36.6279999407,286,147035.6562500000,195335.1406250000,174604.9843750000,148305.2343750000,119845.3828125000,151875.7656250000,133443.8906250000,144637.7968750000,,,
36.6319999408,286,146944.8750000000,195579.7812500000,174473.3750000000,148075.5000000000,119776.4765625000,151803.3125000000,133362.8281250000,144536.9375000000,,,
36.6359999408,286,146743.1093750000,194710.9375000000,172099.0000000000,147616.0156250000,119612.8593750000,151637.4531250000,133182.0000000000,144291.3125000000,,,
36.6399999408,286,146701.0312500000,193974.1406250000,170943.0781250000,147573.8437500000,119566.6953125000,151591.9843750000,133137.9531250000,144242.7812500000,,,
36.6439999407,286,146870.6250000000,194273.4375000000,172444.2812500000,147987.2500000000,119702.2578125000,151727.5156250000,133288.1250000000,144443.8437500000,,,
36.6479999407,286,147018.2812500000,195257.5781250000,174621.1875000000,148307.0312500000,119830.1484375000,151857.4375000000,133429.0000000000,144629.5312500000,,,
36.6519999409,286,146943.8281250000,195591.0468750000,174506.6562500000,148088.6718750000,119778.3281250000,151807.6562500000,133367.4375000000,144533.0312500000,,,
36.6559999408,286,146750.8906250000,194572.0312500000,172064.0781250000,147630.5468750000,119620.8828125000,151650.7187500000,133189.9843750000,144285.2187500000,,,
36.6599999408,286,146695.0781250000,193728.0156250000,170860.0156250000,147572.8750000000,119560.2890625000,151589.2500000000,133131.2968750000,144228.5156250000,,,
36.6639999407,286,146845.6250000000,194125.1406250000,172388.8750000000,147966.4375000000,119677.9062500000,151703.0468750000,133267.6718750000,144423.1093750000,,,
36.6679999407,286,146986.5000000000,195271.0156250000,174617.2968750000,148279.6093750000,119796.4843750000,151821.2656250000,133396.4375000000,144604.4218750000,,,
36.6719999406,286,146930.3906250000,195643.1093750000,174520.7968750000,148077.9375000000,119762.5000000000,151786.2500000000,133348.4218750000,144518.9687500000,,,
36.6759999408,286,146755.1875000000,194539.2500000000,172051.2343750000,147628.4218750000,119624.3359375000,151645.1250000000,133191.0312500000,144283.1250000000,,,
36.6799999408,286,146700.7656250000,193639.5000000000,170823.1875000000,147572.5625000000,119564.4218750000,151583.9843750000,133132.9843750000,144228.9218750000,,,
36.6839999408,286,146847.5312500000,194074.4531250000,172362.9062500000,147965.9062500000,119674.9218750000,151694.9062500000,133262.4375000000,144422.9218750000,,,
36.6879999407,286,146986.0156250000,195277.9062500000,174617.3593750000,148281.8125000000,119790.6640625000,151817.2968750000,133393.8593750000,144604.2343750000,,,
36.6919999407,286,146924.8906250000,195664.5937500000,174534.6093750000,148079.0468750000,119753.6250000000,151783.5000000000,133345.4531250000,144519.1250000000,,,
36.6959999409,286,146742.7031250000,194558.2343750000,172060.9687500000,147622.7968750000,119611.7578125000,151637.1718750000,133182.6406250000,144277.5156250000,,,
36.6999999408,286,146687.7031250000,193667.5312500000,170820.9843750000,147561.1562500000,119552.1875000000,151573.4531250000,133124.0312500000,144222.6406250000,,,
36.7039999408,286,146833.5625000000,194087.5468750000,172343.1875000000,147948.7343750000,119662.2890625000,151684.8437500000,133250.4218750000,144416.1562500000,,,
36.7079999407,286,146980.0781250000,195245.2656250000,174594.6093750000,148276.3906250000,119790.3984375000,151817.3437500000,133391.0468750000,144606.4687500000,,,
36.7119999407,286,146918.5781250000,195623.7187500000,174534.0156250000,148077.3750000000,119753.9687500000,151781.4218750000,133342.5468750000,144521.2500000000,,,
36.7159999406,286,146735.1250000000,194570.4687500000,172082.9062500000,147614.5312500000,119607.9765625000,151634.1250000000,133178.0000000000,144278.4375000000,,,
36.7199999408,286,146679.3906250000,193708.1093750000,170833.2968750000,147550.5156250000,119547.5234375000,151575.5156250000,133120.4687500000,144221.0625000000,,,
36.7239999408,286,146833.2656250000,194072.4375000000,172326.7187500000,147950.4218750000,119666.3125000000,151697.9375000000,133254.9531250000,144414.3437500000,,,
36.7279999407,286,146987.3750000000,195114.4531250000,174549.2031250000,148278.6562500000,119798.2500000000,151834.3437500000,133400.0937500000,144604.7187500000,,,
36.7319999407,286,146925.2031250000,195458.9218750000,174508.3281250000,148083.3906250000,119760.3281250000,151795.2343750000,133354.0937500000,144521.3281250000,,,
36.7359999407,287,146726.2187500000,194493.5937500000,172101.6562500000,147617.1562500000,119601.5937500000,151633.1562500000,133177.4375000000,144273.6875000000,,,
36.7399999406,287,146663.9531250000,193708.3281250000,170862.2343750000,147545.3281250000,119537.5937500000,151567.3906250000,133114.1093750000,144211.1093750000,,,
36.7439999406,287,146829.0781250000,193992.5625000000,172308.2500000000,147941.9062500000,119666.7187500000,151696.4218750000,133257.2812500000,144406.8281250000,,,
36.7479999405,287,146990.2031250000,194866.4062500000,174473.5937500000,148274.3281250000,119805.3906250000,151837.1718750000,133406.0625000000,144597.6718750000,,,
36.7519999405,287,146923.0625000000,195139.5781250000,174432.6250000000,148071.7187500000,119761.0781250000,151790.0312500000,133352.2656250000,144512.1562500000,,,
36.7559999404,287,146722.0312500000,194290.7656250000,172091.5156250000,147604.2031250000,119594.2968750000,151613.6250000000,133168.6875000000,144264.2968750000,,,
36.7599999406,287,146673.2187500000,193627.2968750000,170887.7968750000,147539.8125000000,119539.0703125000,151559.9843750000,133114.1406250000,144212.9843750000,,,
36.7639999406,287,146847.2968750000,193834.3125000000,172275.4687500000,147935.8125000000,119679.0859375000,151713.3281250000,133267.2656250000,144412.1406250000,,,
36.7679999406,287,147020.9062500000,194470.2343750000,174344.7031250000,148269.0781250000,119829.9609375000,151869.0781250000,133423.7656250000,144607.1093750000,,,
36.7719999405,287,146948.9218750000,194644.5781250000,174305.7031250000,148073.4687500000,119775.5390625000,151814.1250000000,133359.7656250000,144524.9218750000,,,
36.7759999405,287,146722.8906250000,194002.0625000000,172079.3750000000,147603.4375000000,119585.3125000000,151626.2031250000,133161.7656250000,144276.2031250000,,,
36.7799999407,287,146661.5468750000,193562.1562500000,170941.0625000000,147536.9375000000,119523.3281250000,151561.5468750000,133104.2343750000,144216.7968750000,,,
36.7839999406,287,146859.8437500000,193629.9843750000,172224.9531250000,147937.9531250000,119692.4687500000,151724.9375000000,133281.1093750000,144413.5312500000,,,
36.7879999406,287,147060.6562500000,193710.0156250000,174058.2500000000,148275.5156250000,119875.1015625000,151905.1250000000,133466.3906250000,144607.0468750000,,,
36.7919999405,287,146974.2343750000,193436.0937500000,173896.3750000000,148074.1875000000,119806.5156250000,151840.9687500000,133391.1875000000,144518.4687500000,,,
36.7959999405,287,146700.0625000000,193017.0937500000,171841.2968750000,147585.1093750000,119563.1562500000,151601.1875000000,133142.8906250000,144257.1093750000,,,
36.7999999404,287,146628.3125000000,193028.6250000000,170886.3437500000,147510.0312500000,119489.2343750000,151524.5468750000,133071.6562500000,144190.8281250000,,,
36.8039999406,287,146882.2968750000,192907.9062500000,172038.0625000000,147936.6093750000,119720.3359375000,151747.7187500000,133301.2500000000,144405.9687500000,,,
36.8079999406,287,147108.6093750000,192342.7343750000,173624.3281250000,148278.1093750000,119932.2578125000,151959.9218750000,133512.2343750000,144610.3593750000,,,
36.8119999405,287,146955.9687500000,192262.1406250000,173667.6718750000,148054.9218750000,119790.7187500000,151826.7812500000,133376.0312500000,144510.7656250000,,,
36.8159999405,287,146604.7656250000,193164.8281250000,172198.7812500000,147552.8437500000,119458.2578125000,151508.2968750000,133053.0312500000,144233.9062500000,,,
36.8199999405,287,146537.4062500000,194221.9531250000,171525.3281250000,147481.7968750000,119387.4453125000,151438.3750000000,132984.1562500000,144166.0156250000,,,
36.8239999407,287,146847.3437500000,194195.3437500000,172551.7656250000,147922.8750000000,119677.6093750000,151718.7500000000,133259.9375000000,144396.5312500000,,,
36.8279999406,287,147113.4218750000,193314.2812500000,173960.0000000000,148291.2031250000,119928.5859375000,151964.9218750000,133503.8906250000,144618.2187500000,,,
36.8319999406,287,146962.6562500000,193051.9687500000,173923.9531250000,148077.8125000000,119788.6796875000,151830.4843750000,133375.6562500000,144522.0781250000,,,
36.8359999405,287,146602.1406250000,193913.5781250000,172391.5000000000,147567.5156250000,119449.8906250000,151502.5625000000,133052.9531250000,144239.0625000000,,,
36.8399999405,287,146535.4531250000,194927.1875000000,171651.4218750000,147492.2500000000,119379.6171875000,151430.5156250000,132985.4218750000,144169.5312500000,,,
36.8439999404,287,146844.0468750000,194780.1875000000,172626.7031250000,147931.0937500000,119668.7031250000,151709.5156250000,133259.4375000000,144393.2343750000,,,
36.8479999406,287,147112.6406250000,193813.2031250000,174043.9531250000,148310.2500000000,119923.6171875000,151959.3125000000,133503.9375000000,144618.0000000000,,,
36.8519999406,287,146960.3437500000,193598.9843750000,174060.5312500000,148098.8906250000,119782.0234375000,151827.6406250000,133369.5625000000,144526.0468750000,,,
36.8559999405,287,146604.5000000000,194493.6562500000,172531.7500000000,147583.4687500000,119449.5703125000,151505.2343750000,133047.9687500000,144248.3593750000,,,
36.8599999405,287,146549.4062500000,195441.4687500000,171744.9843750000,147507.1093750000,119393.4843750000,151445.3437500000,132990.4375000000,144186.8593750000,,,
36.8639999405,288,146860.1562500000,195227.9843750000,172700.9218750000,147945.0312500000,119685.0937500000,151726.2500000000,133270.1093750000,144414.1718750000,,,
36.8679999404,288,147124.5000000000,194271.1406250000,174143.7656250000,148321.1875000000,119938.2343750000,151974.5937500000,133516.7968750000,144638.4843750000,,,
36.8719999404,288,146976.4375000000,194001.6093750000,174150.1406250000,148110.1875000000,119802.3046875000,151844.1406250000,133389.9687500000,144545.3906250000,,,
36.8759999403,288,146628.7968750000,194656.7656250000,172531.7500000000,147595.1718750000,119479.4453125000,151531.1718750000,133077.8750000000,144264.0000000000,,,
36.8799999403,288,146566.4062500000,195320.6093750000,171651.0937500000,147513.4218750000,119417.1406250000,151468.0625000000,133018.2500000000,144193.7031250000,,,
36.8839999402,288,146858.5468750000,195018.7187500000,172592.7500000000,147944.6562500000,119687.8281250000,151730.1250000000,133278.6562500000,144410.3437500000,,,
36.8879999404,288,147113.5000000000,194130.3750000000,174065.5937500000,148320.5000000000,119927.7500000000,151967.2812500000,133510.8125000000,144628.0000000000,,,
36.8919999404,288,146977.0468750000,193852.3437500000,174078.2812500000,148114.3125000000,119804.9609375000,151848.7500000000,133393.5468750000,144540.5625000000,,,
36.8959999403,288,146645.1093750000,194312.0625000000,172420.2187500000,147610.6718750000,119499.4296875000,151551.5312500000,133096.5468750000,144268.0781250000,,,
36.8999999403,288,146579.1562500000,194840.8125000000,171525.0156250000,147520.7187500000,119433.4765625000,151480.4531250000,133032.1718750000,144195.4687500000,,,
36.9039999403,288,146858.0156250000,194674.0000000000,172520.2187500000,147946.0625000000,119690.3984375000,151725.3437500000,133282.2812500000,144412.6718750000,,,
36.9079999404,288,147100.9218750000,194066.8906250000,174065.0156250000,148310.9687500000,119917.4531250000,151946.7343750000,133507.4062500000,144629.5000000000,,,
36.9119999404,288,146976.8437500000,193930.2031250000,174117.9843750000,148113.1875000000,119806.0078125000,151837.6250000000,133397.4375000000,144547.3281250000,,,
36.9159999404,288,146661.4062500000,194326.0937500000,172455.9843750000,147624.5468750000,119517.0546875000,151555.9062500000,133111.7812500000,144279.4687500000,,,
36.9199999403,288,146592.6093750000,194806.0000000000,171557.8125000000,147528.3281250000,119447.4453125000,151488.2656250000,133044.7968750000,144206.2187500000,,,
36.9239999403,288,146845.6250000000,194829.0156250000,172608.1093750000,147934.6093750000,119677.3359375000,151713.1718750000,133271.5781250000,144413.3125000000,,,
36.9279999402,288,147084.6875000000,194588.2031250000,174264.4531250000,148302.7968750000,119897.5781250000,151929.1718750000,133489.9687500000,144634.2812500000,,,
36.9319999404,288,146979.1250000000,194646.4375000000,174370.6250000000,148120.6718750000,119803.9687500000,151837.8281250000,133395.4218750000,144559.5781250000,,,
36.9359999404,288,146679.6562500000,194895.6093750000,172631.0000000000,147630.5781250000,119534.7812500000,151576.4531250000,133129.4531250000,144291.7656250000,,,
36.9399999403,288,146604.9843750000,195187.2812500000,171645.6875000000,147529.8281250000,119459.7343750000,151498.9062500000,133051.3750000000,144213.0937500000,,,
36.9439999403,288,146839.4062500000,195330.8750000000,172742.9218750000,147929.4531250000,119664.9765625000,151688.1406250000,133241.2968750000,144415.0625000000,,,
36.9479999403,288,147057.3125000000,195436.4843750000,174531.3906250000,148298.1250000000,119867.3437500000,151886.2500000000,133453.1718750000,144630.2031250000,,,
36.9519999404,288,146955.8437500000,195648.9843750000,174671.1406250000,148126.3750000000,119787.4453125000,151819.0312500000,133397.5156250000,144555.5000000000,,,
36.9559999404,288,146689.3281250000,195657.8750000000,172799.6718750000,147652.9218750000,119552.3515625000,151588.3281250000,133161.3437500000,144296.4062500000,,,
36.9599999404,288,146619.9687500000,195650.3906250000,171681.5937500000,147554.4218750000,119481.3750000000,151516.6406250000,133086.6718750000,144221.3593750000,,,
36.9639999403,288,146835.6562500000,195767.3281250000,172792.1093750000,147950.7187500000,119666.4765625000,151689.3750000000,133269.5625000000,144417.1250000000,,,
36.9679999403,288,147036.4062500000,196061.3593750000,174686.8593750000,148311.1250000000,119846.8281250000,151860.8281250000,133458.2031250000,144621.5937500000,,,
36.9719999402,288,146950.7343750000,196335.6093750000,174852.8750000000,148141.7187500000,119778.1640625000,151795.1093750000,133396.4062500000,144552.1562500000,,,
36.9759999404,288,146707.8750000000,196069.7500000000,172839.5312500000,147664.2343750000,119566.4296875000,151580.4843750000,133179.9843750000,144298.2500000000,,,
36.9799999404,288,146642.5781250000,195713.6875000000,171575.1406250000,147560.4062500000,119500.9609375000,151504.3593750000,133114.4531250000,144217.4843750000,,,
36.9839999403,288,146836.9062500000,195754.1875000000,172692.9531250000,147941.1718750000,119664.6562500000,151659.9843750000,133286.2500000000,144405.4843750000,,,
36.9879999403,288,147024.0781250000,196206.8125000000,174687.2343750000,148301.4531250000,119828.9375000000,151822.8750000000,133466.0937500000,144609.6093750000,,,
36.9919999402,289,146955.2500000000,196501.8437500000,174864.4687500000,148140.4687500000,119775.8046875000,151762.3906250000,133409.0937500000,144544.0468750000,,,
36.9959999402,289,146737.4843750000,195899.5312500000,172714.4062500000,147672.8437500000,119597.0625000000,151577.4687500000,133215.6562500000,144298.2812500000,,,
36.9999999402,289,146671.6250000000,195182.8750000000,171336.3437500000,147564.7500000000,119534.9140625000,151512.8281250000,133157.3125000000,144219.8750000000,,,
37.0039999401,289,146842.8437500000,195213.6406250000,172498.4687500000,147942.8906250000,119675.2734375000,151651.2812500000,133311.6562500000,144403.7187500000,,,
37.0079999401,289,147013.7187500000,195932.2031250000,174629.9375000000,148299.3906250000,119824.7265625000,151799.4531250000,133474.2968750000,144605.2812500000,,,
37.0119999400,289,146950.9843750000,196337.5625000000,174848.1562500000,148139.6250000000,119779.1562500000,151755.0156250000,133425.5937500000,144537.8281250000,,,
37.0159999402,289,146748.0468750000,195458.6093750000,172581.8281250000,147670.3281250000,119614.4687500000,151589.9687500000,133245.8125000000,144286.2343750000,,,
37.0199999402,289,146684.6406250000,194437.0937500000,171105.7500000000,147561.1562500000,119551.2734375000,151519.3437500000,133178.7031250000,144204.5625000000,,,
37.0239999401,289,146837.4531250000,194551.7187500000,172329.7031250000,147937.1718750000,119667.7890625000,151625.4062500000,133301.2187500000,144385.5000000000,,,
37.0279999401,289,146989.8750000000,195610.7343750000,174587.9531250000,148291.8125000000,119792.5703125000,151749.9062500000,133439.4687500000,144580.0937500000,,,
37.0319999401,289,146942.9843750000,196134.3906250000,174835.6406250000,148139.3906250000,119766.6875000000,151726.9062500000,133407.0312500000,144519.7500000000,,,
37.0359999402,289,146767.7031250000,195019.6562500000,172481.5625000000,147683.4687500000,119636.6250000000,151598.2031250000,133257.4218750000,144284.3906250000,,,
37.0399999402,289,146696.2812500000,193792.5468750000,170939.4062500000,147566.7656250000,119569.1640625000,151528.6250000000,133195.3593750000,144203.9218750000,,,
37.0439999402,289,146810.8906250000,194035.8750000000,172210.1875000000,147912.1562500000,119647.9453125000,151609.9531250000,133297.4062500000,144371.7187500000,,,
37.0479999401,289,146951.2500000000,195387.7187500000,174559.5625000000,148260.9687500000,119762.6640625000,151730.0156250000,133426.8593750000,144565.9375000000,,,
37.0519999401,289,146927.7031250000,196015.3281250000,174831.1093750000,148129.1406250000,119759.1718750000,151727.0312500000,133411.9687500000,144518.8437500000,,,
37.0559999400,289,146781.8906250000,194752.4687500000,172416.8750000000,147692.9843750000,119653.3046875000,151614.4062500000,133279.2187500000,144293.7968750000,,,
37.0599999402,289,146714.2812500000,193411.2187500000,170835.0312500000,147575.9843750000,119582.9296875000,151539.3906250000,133205.1093750000,144213.9843750000,,,
37.0639999402,289,146815.3750000000,193760.6875000000,172143.9531250000,147914.8906250000,119645.6640625000,151602.3906250000,133287.0625000000,144375.1718750000,,,
37.0679999401,289,146945.8125000000,195306.3906250000,174553.9687500000,148260.0156250000,119749.6250000000,151706.9375000000,133409.2812500000,144565.2343750000,,,
37.0719999401,289,146928.3750000000,196005.2343750000,174846.9062500000,148127.3750000000,119753.4062500000,151708.0625000000,133401.2343750000,144518.4687500000,,,
37.0759999400,289,146794.0781250000,194687.4375000000,172416.2500000000,147688.9687500000,119663.3906250000,151612.3906250000,133281.4843750000,144300.1250000000,,,
37.0799999402,289,146723.7968750000,193303.3125000000,170816.9531250000,147569.9531250000,119599.2578125000,151543.5937500000,133216.2968750000,144221.4843750000,,,
37.0839999402,289,146817.9531250000,193696.7968750000,172135.3281250000,147909.8437500000,119660.3359375000,151607.3281250000,133301.1718750000,144382.4687500000,,,
37.0879999402,289,146950.4531250000,195308.8125000000,174568.6250000000,148260.2187500000,119767.2734375000,151718.3437500000,133427.2500000000,144572.1562500000,,,
37.0919999401,289,146938.7187500000,196033.0625000000,174874.5000000000,148137.0000000000,119775.6406250000,151726.1718750000,133423.7500000000,144526.8906250000,,,
37.0959999401,289,146795.6250000000,194714.0000000000,172437.3125000000,147695.8125000000,119673.9062500000,151622.4531250000,133295.4843750000,144298.3906250000,,,
37.0999999400,289,146714.4687500000,193328.2031250000,170815.8906250000,147567.0625000000,119592.0468750000,151539.6875000000,133211.3437500000,144210.4687500000,,,
37.1039999402,289,146810.4062500000,193699.5937500000,172112.1406250000,147906.1718750000,119648.7734375000,151598.0156250000,133285.5781250000,144369.1718750000,,,
37.1079999402,289,146948.5468750000,195257.9843750000,174533.2656250000,148259.9218750000,119757.8828125000,151709.4062500000,133408.5625000000,144561.8281250000,,,
37.1119999401,289,146930.2500000000,195962.3281250000,174854.7031250000,148135.0781250000,119759.2031250000,151707.4843750000,133401.4531250000,144511.2656250000,,,
37.1159999401,289,146785.4062500000,194696.2656250000,172443.5625000000,147695.4375000000,119656.5234375000,151596.6562500000,133276.1875000000,144281.8906250000,,,
37.1199999400,290,146712.0000000000,193354.5156250000,170822.2968750000,147570.1250000000,119586.4687500000,151522.7343750000,133205.3593750000,144198.0156250000,,,
37.1239999400,290,146805.9218750000,193677.2968750000,172085.3437500000,147901.1562500000,119647.1953125000,151585.3125000000,133287.1875000000,144352.8125000000,,,
37.1279999400,290,146945.9687500000,195127.5468750000,174470.1875000000,148255.7187500000,119760.6250000000,151704.4687500000,133419.6093750000,144546.8906250000,,,
37.1319999399,290,146934.3281250000,195797.3437500000,174804.2187500000,148138.0468750000,119766.1718750000,151712.8437500000,133415.8593750000,144509.2031250000,,,
37.1359999399,290,146782.3750000000,194620.2500000000,172443.2968750000,147693.1718750000,119653.4375000000,151598.6875000000,133278.5000000000,144284.1093750000,,,
37.1399999398,290,146700.3281250000,193360.4531250000,170838.9218750000,147558.5000000000,119574.0781250000,151520.2031250000,133196.4062500000,144194.5000000000,,,
37.1439999400,290,146805.7968750000,193618.4531250000,172054.4218750000,147894.7500000000,119645.9609375000,151595.9062500000,133287.7500000000,144354.2500000000,,,
37.1479999400,290,146953.7656250000,194911.1875000000,174381.0468750000,148247.1406250000,119767.3828125000,151721.2656250000,133425.5937500000,144551.5312500000,,,
37.1519999399,290,146925.3437500000,195521.4843750000,174713.0000000000,148117.7656250000,119755.6875000000,151713.7343750000,133405.2031250000,144504.5156250000,,,
37.1559999399,290,146764.2968750000,194446.7187500000,172407.5625000000,147671.3437500000,119634.1015625000,151588.3125000000,133258.0156250000,144276.8750000000,,,
37.1599999398,290,146688.0468750000,193283.6562500000,170827.9375000000,147545.6093750000,119559.6406250000,151513.6406250000,133183.3906250000,144189.4687500000,,,
37.1639999400,290,146802.4375000000,193478.5937500000,171990.7812500000,147885.0312500000,119639.5468750000,151595.3593750000,133280.2500000000,144344.0625000000,,,
37.1679999400,290,146954.4218750000,194569.2656250000,174226.1093750000,148236.5625000000,119766.1718750000,151726.6093750000,133419.0468750000,144535.0625000000,,,
37.1719999400,290,146907.8750000000,195065.0156250000,174536.4062500000,148102.3437500000,119735.9453125000,151701.0937500000,133378.1406250000,144475.7343750000,,,
37.1759999399,290,146723.2343750000,194125.8906250000,172318.0312500000,147651.8125000000,119589.2265625000,151553.5781250000,133210.8281250000,144240.0000000000,,,
37.1799999399,290,146651.4843750000,193149.0312500000,170810.5468750000,147527.7968750000,119518.6640625000,151480.6406250000,133139.9687500000,144159.5781250000,,,
37.1839999398,290,146807.0625000000,193256.1406250000,171907.8750000000,147884.9062500000,119642.7109375000,151602.3437500000,133278.6562500000,144338.0312500000,,,
37.1879999400,290,146991.6406250000,193918.1406250000,173950.7812500000,148250.6250000000,119805.3593750000,151765.6250000000,133453.1406250000,144539.7812500000,,,
37.1919999400,290,146953.9062500000,194027.4062500000,174152.2656250000,148122.6875000000,119786.4218750000,151747.5000000000,133427.6562500000,144487.6093750000,,,
37.1959999399,290,146739.2500000000,193233.1718750000,172086.0156250000,147672.3125000000,119607.4375000000,151569.6718750000,133235.3437500000,144250.1875000000,,,
37.1999999399,290,146645.7812500000,192663.8437500000,170768.4375000000,147538.9843750000,119512.9218750000,151476.5625000000,133144.0156250000,144158.7812500000,,,
37.2039999398,290,146821.6718750000,192699.1250000000,171771.7500000000,147893.1875000000,119660.0390625000,151622.1875000000,133297.8750000000,144326.7031250000,,,
37.2079999400,290,147026.1093750000,192819.4687500000,173564.3437500000,148247.7812500000,119846.2890625000,151806.9687500000,133487.4687500000,144525.0312500000,,,
37.2119999400,290,146939.1875000000,192974.2656250000,173882.9687500000,148106.7500000000,119772.1562500000,151734.5468750000,133413.1250000000,144465.6718750000,,,
37.2159999399,290,146661.7343750000,193205.5000000000,172325.9218750000,147645.6562500000,119522.2812500000,151488.4531250000,133165.2343750000,144223.5468750000,,,
37.2199999399,290,146569.4375000000,193562.7187500000,171313.0312500000,147516.2812500000,119432.9921875000,151398.2500000000,133082.5468750000,144137.7968750000,,,
37.2239999399,290,146781.7343750000,193771.2812500000,172247.3281250000,147871.8906250000,119621.2812500000,151581.5000000000,133273.7812500000,144315.8125000000,,,
37.2279999398,290,147029.1718750000,193710.9375000000,173902.2187500000,148253.7812500000,119847.2343750000,151805.2968750000,133497.7187500000,144539.9218750000,,,
37.2319999400,290,146960.1875000000,193738.9687500000,174156.0937500000,148130.7500000000,119785.5703125000,151747.7656250000,133437.2031250000,144497.0312500000,,,
37.2359999400,290,146676.9687500000,193918.3437500000,172540.1718750000,147663.9687500000,119528.4218750000,151496.6250000000,133179.5000000000,144251.0937500000,,,
37.2399999399,290,146581.4843750000,194215.1406250000,171456.7500000000,147525.2968750000,119436.3125000000,151406.5312500000,133085.9218750000,144157.4687500000,,,
37.2439999399,290,146798.2656250000,194311.3906250000,172343.0625000000,147888.1250000000,119632.5703125000,151598.2812500000,133280.1406250000,144335.1562500000,,,
37.2479999398,291,147036.3281250000,194167.3125000000,174000.5312500000,148266.3125000000,119853.0781250000,151816.0312500000,133501.3125000000,144551.7968750000,,,
37.2519999398,291,146956.1562500000,194210.5156250000,174293.9687500000,148132.3906250000,119785.7031250000,151754.2812500000,133438.6250000000,144504.1718750000,,,
37.2559999397,291,146665.0000000000,194428.7187500000,172681.7343750000,147661.5468750000,119526.1718750000,151498.6406250000,133183.0468750000,144251.4218750000,,,
37.2599999397,291,146574.2343750000,194678.7031250000,171550.5781250000,147529.2343750000,119440.8750000000,151410.9687500000,133100.6718750000,144157.2500000000,,,
37.2639999397,291,146797.8906250000,194697.2343750000,172410.2187500000,147893.2968750000,119642.9843750000,151606.7343750000,133300.8125000000,144337.2812500000,,,
37.2679999396,291,147035.7187500000,194521.1406250000,174078.2812500000,148273.3437500000,119862.0078125000,151819.6250000000,133516.6562500000,144552.6562500000,,,
37.2719999398,291,146965.4687500000,194524.0937500000,174373.4843750000,148147.7656250000,119804.1796875000,151762.7343750000,133459.7968750000,144510.4218750000,,,
37.2759999398,291,146689.1718750000,194592.7031250000,172706.4218750000,147673.5781250000,119560.1796875000,151523.0781250000,133215.5468750000,144264.1406250000,,,
37.2799999397,291,146603.2343750000,194648.0156250000,171503.7656250000,147537.7968750000,119479.6640625000,151436.3906250000,133136.6406250000,144171.8125000000,,,
37.2839999397,291,146830.4687500000,194567.4218750000,172344.1093750000,147907.5625000000,119683.4843750000,151617.2812500000,133335.4687500000,144357.6406250000,,,
37.2879999396,291,147072.2656250000,194373.7812500000,174026.0156250000,148301.4531250000,119903.5000000000,151832.3906250000,133551.0625000000,144582.9687500000,,,
37.2919999398,291,146990.4687500000,194348.7812500000,174320.3281250000,148160.9062500000,119831.9687500000,151795.8593750000,133488.5781250000,144536.5937500000,,,
37.2959999398,291,146708.1875000000,194348.9687500000,172637.9687500000,147678.7187500000,119579.8984375000,151564.3906250000,133243.3593750000,144284.4687500000,,,
37.2999999397,291,146619.1718750000,194374.5937500000,171435.1093750000,147536.7031250000,119492.2109375000,151470.4218750000,133158.9218750000,144189.1093750000,,,
37.3039999397,291,146833.0781250000,194362.7343750000,172288.3125000000,147900.2968750000,119682.8359375000,151662.4218750000,133353.4218750000,144369.7656250000,,,
37.3079999397,291,147069.4375000000,194277.8125000000,173992.8593750000,148285.2812500000,119902.2187500000,151889.7031250000,133580.8437500000,144595.8125000000,,,
37.3119999396,291,147006.9062500000,194305.3906250000,174316.5937500000,148170.0937500000,119850.7421875000,151847.4687500000,133531.2500000000,144562.1250000000,,,
37.3159999398,291,146736.5468750000,194302.5000000000,172659.0156250000,147703.3125000000,119609.9921875000,151615.8750000000,133287.5625000000,144320.3750000000,,,
37.3199999398,291,146638.7187500000,194338.9687500000,171460.7187500000,147549.4687500000,119517.0546875000,151532.9687500000,133192.6718750000,144226.0468750000,,,
37.3239999397,291,146846.0781250000,194393.7187500000,172319.5937500000,147902.8125000000,119700.1953125000,151714.4218750000,133374.6250000000,144405.9218750000,,,
37.3279999397,291,147084.3437500000,194389.0781250000,174036.7187500000,148287.6875000000,119917.3203125000,151929.2656250000,133591.8906250000,144630.4687500000,,,
37.3319999396,291,147011.5781250000,194448.6718750000,174366.1093750000,148157.4218750000,119856.7500000000,151880.8906250000,133536.6718750000,144581.8906250000,,,
37.3359999398,291,146732.3281250000,194429.6250000000,172697.2656250000,147687.0312500000,119609.8281250000,151644.2031250000,133288.7500000000,144328.7812500000,,,
37.3399999398,291,146630.2500000000,194462.7031250000,171482.5781250000,147537.4531250000,119513.6953125000,151550.8906250000,133192.5937500000,144229.1250000000,,,
37.3439999397,291,146827.4687500000,194520.7656250000,172325.2812500000,147885.9531250000,119687.7734375000,151730.0312500000,133368.2812500000,144399.6093750000,,,
37.3479999397,291,147054.2500000000,194494.7500000000,174031.0312500000,148263.7968750000,119895.6484375000,151947.5156250000,133575.5000000000,144614.1875000000,,,
37.3519999397,291,146997.9218750000,194519.1406250000,174366.5625000000,148153.2500000000,119848.0078125000,151910.5000000000,133523.2812500000,144579.9843750000,,,
37.3559999396,291,146728.3125000000,194516.2187500000,172714.8906250000,147687.8906250000,119605.0312500000,151680.7343750000,133277.3437500000,144338.7031250000,,,
37.3599999398,291,146631.5312500000,194592.5468750000,171501.4843750000,147537.3750000000,119510.9062500000,151593.2187500000,133182.9062500000,144245.6250000000,,,
37.3639999398,291,146831.6250000000,194634.3437500000,172327.1562500000,147878.5937500000,119687.5859375000,151769.2812500000,133355.4062500000,144413.4062500000,,,
37.3679999397,291,147068.6562500000,194517.3125000000,174012.8437500000,148261.9062500000,119903.6875000000,151983.4062500000,133564.6718750000,144627.7656250000,,,
37.3719999397,291,147002.4531250000,194495.3750000000,174355.7656250000,148149.3437500000,119845.6718750000,151928.7656250000,133504.4843750000,144583.6406250000,,,
37.3759999396,292,146711.1406250000,194561.5625000000,172729.8125000000,147671.5625000000,119585.0468750000,151679.8750000000,133245.8906250000,144327.2187500000,,,
37.3799999396,292,146600.7968750000,194721.4062500000,171519.8125000000,147512.3437500000,119480.2500000000,151580.2343750000,133142.4843750000,144219.2343750000,,,
37.3839999395,292,146817.7343750000,194736.5625000000,172323.4843750000,147870.4375000000,119672.4062500000,151769.5000000000,133329.9687500000,144396.5468750000,,,
37.3879999395,292,147058.2500000000,194507.5468750000,173984.2812500000,148258.7187500000,119890.1718750000,151986.4843750000,133546.6093750000,144614.1562500000,,,
37.3919999395,292,146992.8750000000,194448.6250000000,174344.7031250000,148144.4375000000,119830.8125000000,151933.7968750000,133488.0312500000,144577.4687500000,,,
37.3959999394,292,146713.7656250000,194576.0468750000,172750.8125000000,147679.1250000000,119575.0390625000,151683.8437500000,133229.7968750000,144333.3125000000,,,
37.3999999396,292,146604.6250000000,194778.7187500000,171540.5156250000,147517.5156250000,119469.6562500000,151581.3906250000,133122.8281250000,144224.1093750000,,,
37.4039999396,292,146816.6562500000,194764.5000000000,172325.1875000000,147867.6875000000,119661.3515625000,151766.9687500000,133309.2968750000,144394.1875000000,,,
37.4079999395,292,147074.8750000000,194491.6093750000,173988.2968750000,148269.3125000000,119901.7031250000,152003.1093750000,133544.4687500000,144624.5937500000,,,
37.4119999395,292,147014.4375000000,194419.2031250000,174365.7656250000,148169.9062500000,119848.9453125000,151952.7343750000,133490.4531250000,144591.9843750000,,,
37.4159999394,292,146722.7812500000,194547.0312500000,172780.5781250000,147694.6875000000,119586.2500000000,151697.0937500000,133225.9531250000,144340.2812500000,,,
37.4199999396,292,146599.2343750000,194740.0156250000,171553.9843750000,147520.8437500000,119468.9062500000,151585.1406250000,133110.6562500000,144221.0000000000,,,
37.4239999396,292,146808.9062500000,194727.9218750000,172323.0468750000,147869.6718750000,119655.3203125000,151767.6406250000,133292.9531250000,144391.2187500000,,,
37.4279999395,292,147064.6875000000,194475.6875000000,173990.5000000000,148272.6093750000,119887.6250000000,151999.8906250000,133521.1562500000,144622.2656250000,,,
37.4319999395,292,147005.1406250000,194410.5312500000,174380.4062500000,148172.5625000000,119833.2265625000,151948.8593750000,133470.3125000000,144588.3281250000,,,
37.4359999395,292,146714.0625000000,194511.8437500000,172794.0781250000,147688.6718750000,119567.2109375000,151685.7343750000,133206.8593750000,144329.0468750000,,,
37.4399999394,292,146599.6093750000,194686.9843750000,171561.4375000000,147518.2656250000,119459.1171875000,151575.3281250000,133098.1562500000,144214.0781250000,,,
37.4439999396,292,146807.7343750000,194691.5156250000,172327.5468750000,147865.3437500000,119646.3593750000,151754.3906250000,133282.4218750000,144382.9531250000,,,
37.4479999396,292,147059.0468750000,194481.1250000000,174003.9375000000,148262.2812500000,119880.9765625000,151984.7187500000,133515.9375000000,144612.6875000000,,,
37.4519999395,292,147006.0468750000,194435.0468750000,174410.3750000000,148168.3593750000,119839.8828125000,151944.1250000000,133475.9687500000,144586.9687500000,,,
37.4559999395,292,146715.7500000000,194524.6406250000,172823.8750000000,147691.5937500000,119580.1328125000,151689.4843750000,133215.4375000000,144332.2031250000,,,
37.4599999394,292,146595.9062500000,194679.2031250000,171569.7812500000,147515.0468750000,119466.3046875000,151577.3906250000,133101.6406250000,144215.9687500000,,,
37.4639999396,292,146798.9062500000,194702.4062500000,172331.8437500000,147856.9531250000,119645.7421875000,151750.4531250000,133279.8437500000,144382.2812500000,,,
37.4679999396,292,147048.2656250000,194516.0781250000,174011.6562500000,148256.7031250000,119871.3203125000,151974.0156250000,133500.2187500000,144607.2656250000,,,
37.4719999395,292,147002.1406250000,194475.4218750000,174424.5000000000,148162.5937500000,119831.8593750000,151936.2500000000,133463.2031250000,144584.4375000000,,,
37.4759999395,292,146723.3125000000,194546.9843750000,172838.7343750000,147694.0625000000,119580.8906250000,151693.9843750000,133214.3437500000,144338.5312500000,,,
37.4799999394,292,146600.2031250000,194687.9218750000,171569.6718750000,147510.4062500000,119464.1562500000,151578.5156250000,133096.0312500000,144216.5312500000,,,
37.4839999394,292,146801.7187500000,194709.6562500000,172315.7031250000,147848.6875000000,119643.6796875000,151757.1875000000,133273.2187500000,144384.8906250000,,,
37.4879999396,292,147053.2343750000,194523.9687500000,173996.8750000000,148250.6250000000,119877.2187500000,151989.3750000000,133507.0468750000,144618.0468750000,,,
37.4919999395,292,147001.6250000000,194472.0937500000,174423.6250000000,148158.9687500000,119836.7968750000,151953.2968750000,133471.4375000000,144593.3437500000,,,
37.4959999395,292,146715.1406250000,194550.5468750000,172847.0468750000,147684.7031250000,119581.8281250000,151702.8906250000,133219.2500000000,144341.1718750000,,,
37.4999999395,292,146610.4531250000,194709.2187500000,171580.3437500000,147518.3281250000,119482.1015625000,151603.6562500000,133122.3125000000,144236.2343750000,,,
37.5039999394,293,146820.8906250000,194731.1718750000,172323.0468750000,147864.5937500000,119667.2812500000,151786.8750000000,133307.9843750000,144404.5156250000,,,
37.5079999394,293,147084.0781250000,194521.5781250000,174007.3750000000,148271.3593750000,119906.4296875000,152021.5156250000,133545.0000000000,144640.3125000000,,,
37.5119999393,293,147034.9843750000,194462.4843750000,174445.4062500000,148180.2343750000,119861.9296875000,151986.3437500000,133500.9687500000,144618.3437500000,,,
37.5159999393,293,146742.8437500000,194574.6875000000,172884.7031250000,147698.8125000000,119597.3828125000,151736.1718750000,133240.3125000000,144364.3437500000,,,
37.5199999392,293,146618.5312500000,194763.5625000000,171605.3125000000,147509.1250000000,119480.4921875000,151617.1718750000,133129.5312500000,144240.0000000000,,,
37.5239999392,293,146827.6093750000,194769.5156250000,172324.7656250000,147850.8437500000,119669.5625000000,151800.2343750000,133322.5937500000,144408.8906250000,,,
37.5279999394,293,147084.2031250000,194508.5625000000,173991.1093750000,148259.8750000000,119909.2187500000,152033.1250000000,133559.3750000000,144641.0625000000,,,
37.5319999394,293,147025.6562500000,194436.9843750000,174445.4843750000,148169.7812500000,119863.9140625000,151994.4687500000,133514.1093750000,144614.1093750000,,,
37.5359999393,293,146727.2343750000,194596.1718750000,172910.6093750000,147684.8593750000,119599.6093750000,151740.8437500000,133252.9062500000,144357.9843750000,,,
37.5399999393,293,146603.5312500000,194836.4687500000,171633.6875000000,147500.0312500000,119483.7343750000,151622.0312500000,133136.8750000000,144233.0156250000,,,
37.5439999392,293,146824.1406250000,194828.1875000000,172328.8750000000,147854.1406250000,119680.0234375000,151809.1875000000,133325.2187500000,144404.1718750000,,,
37.5479999394,293,147092.7968750000,194503.3906250000,173975.2343750000,148270.3593750000,119924.8515625000,152051.6093750000,133564.9687500000,144644.6875000000,,,
37.5519999394,293,147032.7656250000,194411.0937500000,174438.2968750000,148183.1406250000,119868.2578125000,152005.9531250000,133508.8750000000,144617.7812500000,,,
37.5559999393,293,146728.7968750000,194625.3750000000,172923.3750000000,147700.1718750000,119588.2890625000,151735.2343750000,133232.8750000000,144358.5781250000,,,
37.5599999393,293,146596.4687500000,194923.5781250000,171642.6562500000,147501.9687500000,119463.5390625000,151611.8281250000,133107.1406250000,144233.0781250000,,,
37.5639999392,293,146808.4843750000,194898.7968750000,172313.4687500000,147845.8281250000,119656.9531250000,151799.6093750000,133297.5156250000,144399.4843750000,,,
37.5679999392,293,147073.3437500000,194508.7500000000,173942.1562500000,148269.9531250000,119902.9921875000,152036.9375000000,133544.2031250000,144632.9062500000,,,
37.5719999394,293,147014.2812500000,194384.9375000000,174414.7968750000,148190.5156250000,119852.1640625000,151989.1875000000,133495.2812500000,144606.2812500000,,,
37.5759999393,293,146703.7968750000,194633.9375000000,172916.1406250000,147702.9218750000,119571.3359375000,151716.8437500000,133219.0625000000,144344.1250000000,,,
37.5799999393,293,146571.6406250000,194973.5625000000,171631.0937500000,147499.8750000000,119445.5156250000,151582.5937500000,133091.7187500000,144211.2656250000,,,
37.5839999393,293,146785.2187500000,194944.0781250000,172284.6875000000,147833.2656250000,119638.9296875000,151762.2968750000,133276.4062500000,144371.6406250000,,,
37.5879999392,293,147060.5312500000,194510.0468750000,173906.5156250000,148252.8437500000,119893.6562500000,152006.0156250000,133523.5781250000,144612.5312500000,,,
37.5919999394,293,147015.6250000000,194351.2031250000,174392.3125000000,148179.1718750000,119853.9062500000,151967.6250000000,133485.8125000000,144599.1406250000,,,
37.5959999394,293,146705.4843750000,194628.3281250000,172915.5468750000,147687.6562500000,119569.6250000000,151690.3593750000,133206.0781250000,144337.3593750000,,,
37.5999999393,293,146572.5312500000,195014.0625000000,171633.2343750000,147481.3125000000,119441.6015625000,151558.5625000000,133078.2968750000,144204.5312500000,,,
37.6039999393,293,146784.4218750000,194986.8125000000,172271.7656250000,147821.0312500000,119630.3203125000,151737.7656250000,133262.7031250000,144363.3281250000,,,
37.6079999392,293,147062.8125000000,194504.0156250000,173883.3750000000,148250.1093750000,119884.6718750000,151989.1093750000,133512.3593750000,144604.1562500000,,,
37.6119999392,293,147012.1875000000,194310.8125000000,174379.7187500000,148175.0156250000,119839.0000000000,151949.9843750000,133467.5781250000,144587.3437500000,,,
37.6159999394,293,146692.2031250000,194610.3593750000,172916.2500000000,147677.9218750000,119550.2031250000,151664.5156250000,133178.6093750000,144321.5937500000,,,
37.6199999393,293,146556.8125000000,195044.9843750000,171634.3437500000,147474.9062500000,119427.0390625000,151535.3593750000,133053.5468750000,144193.2500000000,,,
37.6239999393,293,146764.0937500000,195022.6875000000,172257.0156250000,147805.7812500000,119618.0625000000,151717.4062500000,133238.3437500000,144348.8593750000,,,
37.6279999393,293,147046.2812500000,194494.1093750000,173859.1250000000,148240.8906250000,119880.5703125000,151968.8281250000,133494.6093750000,144588.6250000000,,,
37.6319999392,294,147006.7187500000,194268.9062500000,174367.6406250000,148181.5781250000,119845.3515625000,151927.2031250000,133462.3593750000,144574.1406250000,,,
37.6359999392,294,146695.3906250000,194594.6875000000,172930.1718750000,147693.8750000000,119560.1562500000,151643.3750000000,133183.7187500000,144312.6250000000,,,
37.6399999391,294,146551.5781250000,195079.4531250000,171650.3437500000,147479.9218750000,119421.6953125000,151504.6250000000,133048.2656250000,144175.7031250000,,,
37.6439999391,294,146769.6718750000,195057.8906250000,172259.8750000000,147816.5312500000,119617.7656250000,151694.1562500000,133238.7500000000,144340.7187500000,,,
37.6479999390,294,147061.8906250000,194478.0468750000,173853.0937500000,148251.1562500000,119887.5468750000,151962.7500000000,133503.1093750000,144595.2187500000,,,
37.6519999390,294,147020.9687500000,194218.6718750000,174371.3125000000,148190.4375000000,119850.7421875000,151933.2656250000,133467.7656250000,144593.3281250000,,,
37.6559999392,294,146697.4062500000,194583.8593750000,172950.3593750000,147695.8281250000,119553.6875000000,151645.2187500000,133175.6093750000,144331.2500000000,,,
37.6599999391,294,146546.0312500000,195126.4218750000,171671.3593750000,147477.7500000000,119410.8593750000,151502.8593750000,133033.8281250000,144188.0468750000,,,
37.6639999391,294,146764.4687500000,195103.4843750000,172263.4531250000,147814.5000000000,119611.8671875000,151695.8593750000,133228.1093750000,144346.7656250000,,,
37.6679999391,294,147056.7656250000,194459.7187500000,173838.5000000000,148249.6875000000,119888.1640625000,151959.6406250000,133496.2500000000,144593.0312500000,,,
37.6719999390,294,147018.4375000000,194155.8593750000,174363.6718750000,148188.1250000000,119856.8906250000,151924.4375000000,133466.3593750000,144586.7812500000,,,
37.6759999392,294,146690.9375000000,194546.7968750000,172960.3750000000,147688.9062500000,119556.1015625000,151630.3593750000,133173.3281250000,144322.2500000000,,,
37.6799999392,294,146538.9218750000,195153.0781250000,171686.1562500000,147467.4375000000,119411.8281250000,151487.5156250000,133031.2343750000,144182.8125000000,,,
37.6839999391,294,146761.8125000000,195143.2343750000,172264.3125000000,147801.7812500000,119615.5390625000,151686.1875000000,133228.5781250000,144343.5312500000,,,
37.6879999391,294,147057.7031250000,194445.7500000000,173822.1406250000,148244.8281250000,119891.9687500000,151960.5468750000,133499.4687500000,144591.7968750000,,,
37.6919999390,294,147015.7656250000,194102.9843750000,174352.0937500000,148187.7968750000,119853.6718750000,151926.8281250000,133466.5781250000,144583.7968750000,,,
37.6959999390,294,146685.8437500000,194536.6718750000,172972.3281250000,147694.7656250000,119546.9609375000,151629.6093750000,133166.9531250000,144320.6718750000,,,
37.6999999392,294,146527.0000000000,195207.1562500000,171698.5000000000,147471.0625000000,119394.8203125000,151480.8906250000,133016.7500000000,144172.6406250000,,,
37.7039999391,294,146750.4062500000,195209.7031250000,172262.1875000000,147812.9375000000,119600.7343750000,151676.3593750000,133213.4375000000,144330.2031250000,,,
37.7079999391,294,147055.5312500000,194455.4843750000,173807.6250000000,148266.6406250000,119887.0859375000,151956.1250000000,133491.3125000000,144583.0468750000,,,
37.7119999391,294,147021.0937500000,194062.0937500000,174345.0000000000,148216.2343750000,119856.0859375000,151929.9218750000,133465.7500000000,144583.2656250000,,,
37.7159999390,294,146686.2031250000,194513.0468750000,172982.8750000000,147713.3437500000,119545.5078125000,151623.3906250000,133160.6718750000,144316.9687500000,,,
37.7199999392,294,146523.9218750000,195238.9531250000,171712.1406250000,147477.8281250000,119388.3046875000,151466.8906250000,133003.8906250000,144165.7187500000,,,
37.7239999392,294,146748.4843750000,195251.2656250000,172262.8281250000,147814.4687500000,119592.6328125000,151667.9218750000,133200.0156250000,144323.5937500000,,,
37.7279999391,294,147059.1875000000,194447.4375000000,173792.2343750000,148266.0156250000,119882.1015625000,151954.7031250000,133484.9843750000,144577.8750000000,,,
37.7319999391,294,147022.2812500000,194014.2031250000,174331.6406250000,148222.5937500000,119847.6875000000,151924.6562500000,133459.7187500000,144575.8593750000,,,
37.7359999390,294,146680.1875000000,194492.3906250000,172984.7500000000,147716.6250000000,119531.1875000000,151620.1718750000,133155.2343750000,144308.7656250000,,,
37.7399999390,294,146506.0625000000,195266.4843750000,171711.9843750000,147471.2500000000,119368.2656250000,151458.7656250000,132994.5156250000,144152.3125000000,,,
37.7439999392,294,146729.8125000000,195286.6718750000,172248.9687500000,147803.6562500000,119577.3984375000,151661.3437500000,133193.9843750000,144312.0156250000,,,
37.7479999391,294,147045.0468750000,194440.7656250000,173770.0937500000,148258.7500000000,119875.4765625000,151954.4843750000,133480.7343750000,144572.7187500000,,,
37.7519999391,294,147012.2187500000,193969.9062500000,174321.4218750000,148210.9218750000,119847.9296875000,151927.5781250000,133455.8750000000,144574.9687500000,,,
37.7559999391,294,146673.5156250000,194466.8281250000,172997.9687500000,147706.7812500000,119533.6250000000,151620.2343750000,133151.8281250000,144311.1250000000,,,
37.7599999390,295,146510.0000000000,195287.2656250000,171735.4843750000,147464.1718750000,119376.0468750000,151462.6250000000,132997.7500000000,144160.2187500000,,,
37.7639999390,295,146749.0625000000,195312.1562500000,172264.3125000000,147801.4062500000,119595.1562500000,151670.8125000000,133206.8906250000,144327.8906250000,,,
37.7679999389,295,147070.4687500000,194423.2656250000,173775.4687500000,148253.5156250000,119895.6718750000,151962.4843750000,133497.5781250000,144586.5937500000,,,
37.7719999389,295,147042.0468750000,193924.4375000000,174334.9218750000,148210.6875000000,119869.4140625000,151936.4843750000,133475.2187500000,144589.4531250000,,,
37.7759999388,295,146700.3593750000,194433.2031250000,173026.7500000000,147711.7656250000,119552.8046875000,151629.4531250000,133168.2968750000,144324.8125000000,,,
37.7799999388,295,146529.7968750000,195286.2812500000,171762.7656250000,147470.3906250000,119390.4531250000,151469.0625000000,133007.3906250000,144170.8437500000,,,
37.7839999390,295,146759.4531250000,195321.2187500000,172276.3750000000,147802.8281250000,119602.5078125000,151673.7968750000,133206.6718750000,144330.8437500000,,,
37.7879999389,295,147080.9843750000,194411.9531250000,173780.4843750000,148268.4062500000,119904.6328125000,151972.4843750000,133499.4843750000,144592.6562500000,,,
37.7919999389,295,147040.1093750000,193892.5937500000,174339.9687500000,148225.5625000000,119866.3281250000,151941.6093750000,133469.2656250000,144588.2031250000,,,
37.7959999389,295,146689.4687500000,194409.1875000000,173036.6718750000,147719.9531250000,119541.3515625000,151625.9375000000,133155.7031250000,144313.8593750000,,,
37.7999999388,295,146516.8906250000,195276.5937500000,171763.0781250000,147471.5781250000,119376.5312500000,151460.4531250000,132992.4687500000,144154.6406250000,,,
37.8039999390,295,146753.1093750000,195315.8281250000,172263.3125000000,147801.9687500000,119593.6250000000,151665.4218750000,133195.6718750000,144318.5312500000,,,
37.8079999390,295,147087.3437500000,194394.4375000000,173767.3125000000,148268.3437500000,119907.6093750000,151969.0000000000,133500.8281250000,144589.9218750000,,,
37.8119999389,295,147062.9062500000,193864.2187500000,174348.6718750000,148233.3750000000,119886.5546875000,151950.2187500000,133486.0000000000,144600.4531250000,,,
37.8159999389,295,146715.6250000000,194393.0781250000,173062.2187500000,147723.5937500000,119565.6562500000,151637.5468750000,133176.7343750000,144333.6093750000,,,
37.8199999388,295,146537.7968750000,195282.2031250000,171784.2968750000,147466.9062500000,119398.4453125000,151473.2968750000,133016.4218750000,144175.3750000000,,,
37.8239999388,295,146765.9843750000,195330.1562500000,172268.6250000000,147796.7968750000,119612.1328125000,151680.3281250000,133222.3593750000,144336.8281250000,,,
37.8279999390,295,147087.7968750000,194402.5625000000,173763.7968750000,148262.3437500000,119917.1015625000,151981.3906250000,133518.0781250000,144599.9531250000,,,
37.8319999389,295,147055.0312500000,193852.6562500000,174346.0000000000,148224.3906250000,119889.7734375000,151961.6406250000,133494.4687500000,144605.5000000000,,,
37.8359999389,295,146696.8437500000,194371.0781250000,173057.8593750000,147707.7656250000,119556.2343750000,151641.0625000000,133173.9218750000,144328.8750000000,,,
37.8399999388,295,146509.5156250000,195266.2187500000,171763.2968750000,147448.3750000000,119378.3828125000,151467.6093750000,133002.9531250000,144160.1250000000,,,
37.8439999388,295,146731.1718750000,195325.5625000000,172232.0625000000,147771.1250000000,119583.4062500000,151663.3281250000,133200.0781250000,144309.3281250000,,,
37.8479999390,295,147057.0312500000,194395.3750000000,173722.1718750000,148238.7656250000,119886.6875000000,151958.5937500000,133492.7812500000,144570.6250000000,,,
37.8519999390,295,147031.4531250000,193839.2968750000,174317.4531250000,148210.5468750000,119861.1796875000,151937.5937500000,133469.6562500000,144578.4687500000,,,
37.8559999389,295,146677.1250000000,194355.1718750000,173039.5000000000,147704.5468750000,119532.0156250000,151620.5468750000,133151.0937500000,144304.4218750000,,,
37.8599999389,295,146485.1875000000,195259.5000000000,171741.2968750000,147440.4843750000,119350.2968750000,151441.9375000000,132972.2187500000,144134.6406250000,,,
37.8639999388,295,146713.2812500000,195333.1875000000,172203.5312500000,147770.3750000000,119561.7656250000,151644.2343750000,133173.5781250000,144294.7343750000,,,
37.8679999388,295,147051.5625000000,194396.2343750000,173698.6406250000,148250.3281250000,119880.8359375000,151956.3906250000,133479.2968750000,144567.8125000000,,,
37.8719999390,295,147042.3593750000,193821.6875000000,174315.8281250000,148241.4687500000,119873.5156250000,151946.1093750000,133467.4375000000,144588.7656250000,,,
37.8759999389,295,146697.6250000000,194335.5312500000,173060.0937500000,147738.3437500000,119554.7109375000,151633.4531250000,133160.1562500000,144322.5312500000,,,
37.8799999389,295,146498.6562500000,195260.6875000000,171759.6718750000,147466.8593750000,119369.9296875000,151453.7187500000,132998.3125000000,144144.1875000000,,,
37.8839999388,295,146718.8125000000,195350.5468750000,172213.0781250000,147780.3281250000,119577.1328125000,151652.2500000000,133207.1875000000,144295.1093750000,,,
37.8879999388,296,147054.1718750000,194401.5781250000,173700.4375000000,148257.0312500000,119889.5000000000,151958.4062500000,133506.3281250000,144565.4218750000,,,
37.8919999388,296,147032.0625000000,193808.0781250000,174311.7500000000,148234.5625000000,119868.0468750000,151936.4062500000,133488.6562500000,144576.8593750000,,,
37.8959999387,296,146679.4687500000,194327.0312500000,173058.4062500000,147723.8593750000,119542.5625000000,151615.8593750000,133180.7656250000,144306.2968750000,,,
37.8999999387,296,146492.3750000000,195278.2031250000,171756.7187500000,147451.3437500000,119364.8125000000,151432.8437500000,133007.8906250000,144141.0781250000,,,
37.9039999386,296,146721.7031250000,195385.7343750000,172206.2343750000,147771.6562500000,119576.4921875000,151633.3750000000,133208.6875000000,144301.0937500000,,,
37.9079999386,296,147065.2187500000,194427.5625000000,173697.6875000000,148252.5000000000,119901.0390625000,151949.8750000000,133521.9687500000,144578.6250000000,,,
37.9119999388,296,147054.5781250000,193805.4843750000,174323.7031250000,148238.6875000000,119895.0546875000,151944.9843750000,133519.6093750000,144600.8281250000,,,
37.9159999387,296,146703.4375000000,194329.0468750000,173084.2812500000,147728.8750000000,119568.3593750000,151629.7031250000,133204.0468750000,144334.0000000000,,,
37.9199999387,296,146510.5312500000,195306.0468750000,171778.6718750000,147450.0312500000,119383.5312500000,151448.6406250000,133021.3281250000,144164.3593750000,,,
37.9239999386,296,146731.0156250000,195423.1250000000,172212.0781250000,147766.2656250000,119584.0000000000,151640.5781250000,133210.3750000000,144312.2812500000,,,
37.9279999386,296,147077.0937500000,194440.7656250000,173693.6093750000,148249.9843750000,119910.0234375000,151958.5937500000,133526.8281250000,144587.3437500000,,,
37.9319999388,296,147064.0937500000,193795.6875000000,174323.0312500000,148237.5781250000,119897.1484375000,151953.6718750000,133521.8906250000,144605.7968750000,,,
37.9359999388,296,146709.5000000000,194310.7031250000,173087.5312500000,147728.9531250000,119564.7968750000,151635.4843750000,133202.3281250000,144334.9218750000,,,
37.9399999387,296,146509.6250000000,195306.1718750000,171775.7968750000,147449.7968750000,119374.6250000000,151451.3281250000,133017.1250000000,144161.5468750000,,,
37.9439999387,296,146729.1406250000,195444.7656250000,172200.9062500000,147764.9531250000,119579.8984375000,151648.3125000000,133214.0781250000,144311.3750000000,,,
37.9479999386,296,147076.2187500000,194453.5312500000,173678.6093750000,148247.2656250000,119909.6171875000,151969.3437500000,133532.5000000000,144588.2187500000,,,
37.9519999386,296,147069.4531250000,193782.8906250000,174318.1562500000,148233.6718750000,119906.1328125000,151964.0000000000,133531.1406250000,144612.2812500000,,,
37.9559999388,296,146717.2343750000,194301.1562500000,173100.7812500000,147720.1093750000,119580.2968750000,151642.0937500000,133213.7187500000,144342.6718750000,,,
37.9599999387,296,146515.3906250000,195314.5781250000,171790.9218750000,147438.4218750000,119390.4765625000,151454.3125000000,133024.9062500000,144165.2968750000,,,
37.9639999387,296,146727.8750000000,195464.9062500000,172207.3125000000,147753.4218750000,119586.0078125000,151642.0000000000,133208.3125000000,144304.8281250000,,,
37.9679999386,296,147067.9062500000,194463.1250000000,173675.0937500000,148233.4062500000,119904.6015625000,151954.2500000000,133521.2187500000,144572.1250000000,,,
37.9719999386,296,147064.0312500000,193776.4375000000,174322.5625000000,148234.3593750000,119897.6562500000,151955.2656250000,133524.7031250000,144596.1406250000,,,
37.9759999388,296,146707.1718750000,194294.7343750000,173108.7500000000,147726.2031250000,119560.6875000000,151630.3437500000,133199.8593750000,144322.3906250000,,,
37.9799999387,296,146506.4375000000,195328.7031250000,171788.0625000000,147445.2343750000,119366.6328125000,151439.5781250000,133010.1250000000,144145.4218750000,,,
37.9839999387,296,146726.6093750000,195491.7343750000,172193.5000000000,147759.6718750000,119571.3125000000,151634.0156250000,133202.7500000000,144294.5468750000,,,
37.9879999387,296,147074.3906250000,194477.5625000000,173663.5312500000,148246.4062500000,119904.2265625000,151955.3906250000,133518.8281250000,144571.1406250000,,,
37.9919999386,296,147075.1406250000,193768.5156250000,174325.7968750000,148251.7812500000,119908.6015625000,151960.0312500000,133527.4843750000,144603.6406250000,,,
37.9959999386,296,146715.9218750000,194294.4531250000,173125.7187500000,147743.5468750000,119573.5937500000,151632.9687500000,133206.1093750000,144333.8750000000,,,
37.9999999388,296,146503.7812500000,195365.3437500000,171802.8593750000,147449.6562500000,119371.2187500000,151434.0000000000,133007.9687500000,144151.2968750000,,,
38.0039999387,296,146720.9843750000,195543.8125000000,172194.4687500000,147754.5937500000,119571.6328125000,151629.3125000000,133198.2031250000,144298.5000000000,,,
38.0079999387,296,147074.4687500000,194499.5625000000,173653.8593750000,148243.9687500000,119905.0312500000,151954.5156250000,133521.8125000000,144578.0000000000,,,
38.0119999386,296,147075.1406250000,193747.7031250000,174314.5156250000,148246.1093750000,119905.3515625000,151958.3125000000,133527.0312500000,144606.2187500000,,,
38.0159999386,297,146715.7812500000,194278.0312500000,173125.8125000000,147736.2343750000,119567.4765625000,151632.2187500000,133200.3437500000,144332.5312500000,,,
38.0199999386,297,146506.4843750000,195390.8750000000,171808.6875000000,147441.0156250000,119367.2734375000,151435.4843750000,133005.1562500000,144151.1250000000,,,
38.0239999385,297,146715.8906250000,195583.8125000000,172187.2187500000,147738.8593750000,119562.5937500000,151622.5625000000,133190.3906250000,144289.4218750000,,,
38.0279999385,297,147069.1093750000,194501.1406250000,173635.2187500000,148228.0937500000,119900.0468750000,151951.1093750000,133514.7187500000,144568.9062500000,,,
38.0319999384,297,147076.6406250000,193703.1875000000,174303.6250000000,148237.5625000000,119911.8984375000,151964.5468750000,133531.8593750000,144608.6562500000,,,
38.0359999384,297,146714.9687500000,194250.8125000000,173136.6406250000,147730.4375000000,119575.1484375000,151637.1718750000,133210.7031250000,144339.2343750000,,,
38.0399999386,297,146496.3750000000,195419.0156250000,171825.5000000000,147426.8281250000,119368.4062500000,151433.3281250000,133012.5000000000,144154.6250000000,,,
38.0439999385,297,146709.7656250000,195631.7968750000,172195.8593750000,147731.8281250000,119568.6562500000,151626.8750000000,133203.9062500000,144296.5937500000,,,
38.0479999385,297,147065.9218750000,194501.8593750000,173629.1718750000,148224.9531250000,119903.9062500000,151955.9531250000,133525.5000000000,144572.2187500000,,,
38.0519999384,297,147075.0937500000,193648.4375000000,174299.8125000000,148243.2500000000,119909.6718750000,151964.0000000000,133532.2656250000,144605.0468750000,,,
38.0559999384,297,146709.8750000000,194212.7187500000,173148.6562500000,147738.9843750000,119562.7265625000,151626.9843750000,133196.6093750000,144328.8593750000,,,
38.0599999386,297,146484.5156250000,195452.2500000000,171841.0000000000,147431.8437500000,119345.6328125000,151409.9375000000,132985.4687500000,144136.1406250000,,,
38.0639999385,297,146701.7031250000,195705.2031250000,172203.3750000000,147738.2343750000,119546.7187500000,151602.1250000000,133175.8281250000,144277.0937500000,,,
38.0679999385,297,147062.2656250000,194529.4375000000,173620.5625000000,148236.1093750000,119889.8750000000,151941.1562500000,133507.7812500000,144553.3593750000,,,
38.0719999385,297,147065.2187500000,193625.8593750000,174289.1875000000,148254.8593750000,119892.4765625000,151952.0937500000,133518.2031250000,144584.6562500000,,,
38.0759999384,297,146700.4843750000,194202.3593750000,173155.3437500000,147753.5781250000,119549.2890625000,151622.2187500000,133191.8437500000,144317.8281250000,,,
38.0799999384,297,146464.7812500000,195495.1718750000,171850.2343750000,147438.0468750000,119325.3515625000,151406.1875000000,132975.9218750000,144123.9687500000,,,
38.0839999386,297,146675.7656250000,195768.6718750000,172199.8750000000,147737.3281250000,119522.9765625000,151597.9375000000,133164.1875000000,144264.2656250000,,,
38.0879999385,297,147052.3750000000,194547.5937500000,173613.3281250000,148247.5156250000,119881.5625000000,151946.5156250000,133510.1093750000,144558.1875000000,,,
38.0919999385,297,147070.7500000000,193586.4218750000,174295.2968750000,148269.2031250000,119897.3593750000,151960.7343750000,133526.0937500000,144603.5937500000,,,
38.0959999384,297,146700.5468750000,194167.3125000000,173177.4062500000,147749.3437500000,119546.3906250000,151619.8593750000,133185.3437500000,144330.1718750000,,,
38.0999999384,297,146471.5156250000,195518.9843750000,171884.2656250000,147428.4687500000,119325.4609375000,151404.3593750000,132968.0937500000,144138.4218750000,,,
38.1039999386,297,146686.2187500000,195822.8281250000,172231.1250000000,147720.2187500000,119524.1875000000,151595.3593750000,133156.4375000000,144275.0781250000,,,
38.1079999385,297,147065.8281250000,194558.1093750000,173631.2500000000,148227.6093750000,119888.0000000000,151951.6875000000,133508.2031250000,144561.6406250000,,,
38.1119999385,297,147088.5468750000,193524.9687500000,174309.1093750000,148258.0000000000,119913.0000000000,151979.1562500000,133536.8281250000,144607.7187500000,,,
38.1159999385,297,146714.1250000000,194100.7968750000,173208.2343750000,147744.4375000000,119563.8046875000,151640.4218750000,133203.8281250000,144336.7968750000,,,
38.1199999384,297,146468.7500000000,195504.4687500000,171919.6093750000,147412.5156250000,119333.0000000000,151410.7500000000,132982.6875000000,144133.3750000000,,,
38.1239999384,297,146686.5781250000,195840.3906250000,172260.2343750000,147706.0312500000,119541.8046875000,151606.9531250000,133181.4375000000,144275.2656250000,,,
38.1279999386,297,147070.3437500000,194545.2656250000,173647.8437500000,148221.3125000000,119910.1562500000,151968.1562500000,133536.2031250000,144569.6875000000,,,
38.1319999385,297,147097.2656250000,193467.8750000000,174326.6875000000,148264.7500000000,119936.4921875000,151996.0000000000,133567.4843750000,144621.0781250000,,,
38.1359999385,297,146722.5937500000,194040.6250000000,173235.5937500000,147746.8750000000,119580.4609375000,151648.9218750000,133225.4218750000,144346.6093750000,,,
38.1399999384,297,146474.4843750000,195496.7187500000,171953.5468750000,147412.3437500000,119340.1562500000,151412.7656250000,132991.9843750000,144137.9843750000,,,
38.1439999384,298,146690.6406250000,195869.9531250000,172283.1093750000,147706.7500000000,119538.9921875000,151601.4531250000,133178.5156250000,144269.7187500000,,,
38.1479999383,298,147081.0156250000,194553.3593750000,173658.2812500000,148229.3750000000,119909.3515625000,151962.0156250000,133530.3906250000,144562.3125000000,,,
38.1519999383,298,147097.9375000000,193434.6406250000,174333.0625000000,148270.9062500000,119924.5078125000,151987.4218750000,133552.0000000000,144606.4687500000,,,
38.1559999383,298,146709.5000000000,194017.6406250000,173244.3906250000,147755.9687500000,119554.3359375000,151638.6562500000,133200.9062500000,144326.9531250000,,,
38.1599999382,298,146455.4531250000,195514.8593750000,171954.8125000000,147428.9531250000,119308.3984375000,151402.4843750000,132964.8437500000,144120.2031250000,,,
38.1639999382,298,146664.5312500000,195902.7500000000,172266.7187500000,147725.4687500000,119505.8671875000,151592.8437500000,133149.3750000000,144254.5781250000,,,
38.1679999384,298,147046.7656250000,194555.5937500000,173622.6093750000,148244.1562500000,119874.4531250000,151954.8125000000,133501.0156250000,144543.8125000000,,,
38.1719999383,298,147071.2500000000,193395.8281250000,174299.8593750000,148283.8281250000,119901.9453125000,151986.5937500000,133538.2968750000,144593.5937500000,,,
38.1759999383,298,146688.1875000000,193973.4375000000,173233.6093750000,147769.4843750000,119540.4921875000,151634.4687500000,133197.2500000000,144318.1875000000,,,
38.1799999382,298,146434.2500000000,195501.2500000000,171950.0000000000,147427.7500000000,119296.0390625000,151391.6250000000,132960.2812500000,144109.7500000000,,,
38.1839999382,298,146656.0937500000,195914.5781250000,172255.6250000000,147716.1875000000,119501.9218750000,151585.8125000000,133150.6093750000,144249.2812500000,,,
38.1879999384,298,147062.8281250000,194552.3906250000,173616.8437500000,148237.4218750000,119891.7031250000,151961.5312500000,133522.1250000000,144553.2031250000,,,
38.1919999383,298,147102.2656250000,193363.8593750000,174312.1250000000,148285.6250000000,119929.6796875000,151997.5625000000,133564.9375000000,144612.8281250000,,,
38.1959999383,298,146717.6093750000,193945.6562500000,173260.9062500000,147765.9687500000,119565.4140625000,151645.1250000000,133218.7343750000,144338.6250000000,,,
38.1999999383,298,146455.8437500000,195507.3750000000,171976.1093750000,147413.2656250000,119317.1171875000,151403.9843750000,132977.6718750000,144129.3750000000,,,
38.2039999382,298,146667.2031250000,195944.9375000000,172269.4062500000,147691.3750000000,119518.1796875000,151597.2343750000,133166.1093750000,144263.8593750000,,,
38.2079999382,298,147071.9531250000,194557.9687500000,173614.4218750000,148218.9218750000,119908.9453125000,151978.5156250000,133537.7656250000,144568.7500000000,,,
38.2119999384,298,147113.6562500000,193332.2812500000,174314.3281250000,148274.8750000000,119952.1328125000,152023.0937500000,133582.2031250000,144632.4843750000,,,
38.2159999383,298,146726.9375000000,193916.7343750000,173282.0156250000,147760.3593750000,119587.0859375000,151671.7500000000,133235.8750000000,144358.8750000000,,,
38.2199999383,298,146459.3281250000,195517.8906250000,172003.1875000000,147416.5312500000,119332.7031250000,151423.4375000000,132992.0625000000,144144.5937500000,,,
38.2239999382,298,146667.8750000000,195979.2031250000,172287.2343750000,147696.6406250000,119529.9218750000,151608.8281250000,133177.3593750000,144274.4843750000,,,
38.2279999382,298,147066.4843750000,194574.0625000000,173617.1875000000,148217.1250000000,119910.1796875000,151977.2343750000,133540.2031250000,144565.7187500000,,,
38.2319999384,298,147119.0000000000,193300.6406250000,174314.5156250000,148288.3593750000,119957.9218750000,152022.1093750000,133590.3125000000,144631.0625000000,,,
38.2359999383,298,146738.9218750000,193876.0781250000,173293.5312500000,147779.0937500000,119594.0546875000,151663.5468750000,133242.0000000000,144358.6250000000,,,
38.2399999383,298,146467.3593750000,195517.0781250000,172018.9375000000,147426.5937500000,119330.3437500000,151400.6875000000,132988.7500000000,144135.9531250000,,,
38.2439999382,298,146672.0000000000,196001.4531250000,172290.8281250000,147708.5468750000,119520.1640625000,151583.8593750000,133166.3593750000,144258.3125000000,,,
38.2479999382,298,147076.1093750000,194570.2812500000,173607.3750000000,148241.2656250000,119905.5390625000,151962.3750000000,133532.6718750000,144557.8593750000,,,
38.2519999382,298,147115.1875000000,193265.7968750000,174301.3906250000,148302.4218750000,119944.4843750000,152006.6250000000,133575.8750000000,144621.0781250000,,,
38.2559999384,298,146720.7656250000,193848.5781250000,173285.3437500000,147785.8281250000,119572.3281250000,151653.2656250000,133225.3437500000,144345.7343750000,,,
38.2599999383,298,146438.3906250000,195530.3593750000,172007.3593750000,147425.3281250000,119304.8593750000,151395.2968750000,132970.3437500000,144123.9062500000,,,
38.2639999383,298,146636.4062500000,196045.4218750000,172263.2656250000,147699.5000000000,119494.1171875000,151579.4531250000,133150.0468750000,144246.0781250000,,,
38.2679999382,298,147042.5468750000,194591.9843750000,173568.5312500000,148227.7343750000,119885.3750000000,151960.8437500000,133525.8750000000,144546.3593750000,,,
38.2719999382,299,147094.0000000000,193242.5156250000,174268.6406250000,148294.6406250000,119934.4296875000,152007.4062500000,133576.8750000000,144615.7656250000,,,
38.2759999381,299,146707.4687500000,193816.1875000000,173269.2187500000,147779.4687500000,119565.1171875000,151646.2968750000,133221.0156250000,144344.0156250000,,,
38.2799999381,299,146427.2812500000,195539.3750000000,172000.3750000000,147409.1093750000,119295.0703125000,151387.3593750000,132962.3750000000,144119.9687500000,,,
38.2839999381,299,146633.7343750000,196080.8750000000,172251.9218750000,147671.6718750000,119489.3671875000,151576.7187500000,133145.8125000000,144244.1562500000,,,
38.2879999380,299,147057.1250000000,194604.6250000000,173550.5937500000,148204.4062500000,119894.0859375000,151963.2031250000,133527.6250000000,144553.1406250000,,,
38.2919999380,299,147111.0312500000,193210.7343750000,174255.6562500000,148273.2343750000,119948.1328125000,152021.5937500000,133583.3906250000,144624.9375000000,,,
38.2959999382,299,146720.8281250000,193790.5156250000,173275.7656250000,147758.1875000000,119578.6093750000,151668.7812500000,133234.9218750000,144356.1406250000,,,
38.2999999381,299,146443.2968750000,195556.1875000000,172013.8437500000,147396.2343750000,119313.0937500000,151407.3593750000,132980.7031250000,144137.3125000000,,,
38.3039999381,299,146646.1562500000,196127.4218750000,172260.8437500000,147668.8437500000,119506.4531250000,151586.2656250000,133161.3125000000,144256.7656250000,,,
38.3079999380,299,147066.2968750000,194633.0781250000,173553.2500000000,148208.7812500000,119911.8203125000,151977.5000000000,133545.4062500000,144560.7031250000,,,
38.3119999380,299,147119.8281250000,193199.6250000000,174261.3125000000,148287.0468750000,119964.1250000000,152031.4375000000,133601.6875000000,144628.0625000000,,,
38.3159999382,299,146737.1875000000,193769.1562500000,173295.4843750000,147784.0468750000,119599.7968750000,151675.0000000000,133257.5312500000,144360.9687500000,,,
38.3199999381,299,146455.0937500000,195568.7031250000,172035.4375000000,147422.1093750000,119329.1640625000,151405.5937500000,132996.4687500000,144139.8125000000,,,
38.3239999381,299,146654.0625000000,196168.9062500000,172271.4687500000,147685.4843750000,119516.4375000000,151586.1093750000,133168.4531250000,144258.0781250000,,,
38.3279999380,299,147075.0312500000,194657.2968750000,173554.5625000000,148219.9062500000,119918.9765625000,151978.2968750000,133547.8437500000,144564.3281250000,,,
38.3319999380,299,147134.9062500000,193180.8750000000,174263.7656250000,148308.8593750000,119973.8281250000,152035.6250000000,133607.6093750000,144637.3125000000,,,
38.3359999380,299,146736.2500000000,193742.9062500000,173301.7343750000,147795.2656250000,119590.7343750000,151667.6718750000,133247.5781250000,144359.4062500000,,,
38.3399999382,299,146436.3281250000,195577.1406250000,172035.4062500000,147420.6875000000,119300.3281250000,151386.8281250000,132970.5781250000,144125.3593750000,,,
38.3439999381,299,146632.5312500000,196197.3125000000,172257.2343750000,147696.0781250000,119485.0781250000,151565.4375000000,133144.6875000000,144242.8125000000,,,
38.3479999381,299,147047.6562500000,194657.2500000000,173522.9843750000,148227.0468750000,119885.5859375000,151956.7656250000,133526.6562500000,144544.1093750000,,,
38.3519999380,299,147106.8437500000,193137.3906250000,174230.6093750000,148309.1718750000,119945.1328125000,152023.7968750000,133590.1406250000,144620.2500000000,,,
38.3559999380,299,146715.0000000000,193691.5156250000,173285.8593750000,147800.2812500000,119572.8671875000,151668.5625000000,133240.7343750000,144352.1562500000,,,
38.3599999382,299,146417.4843750000,195563.9375000000,172026.9375000000,147417.4218750000,119286.1093750000,151387.1093750000,132967.2656250000,144116.1562500000,,,
38.3639999381,299,146619.5625000000,196219.8125000000,172247.2812500000,147675.7656250000,119476.9531250000,151566.8437500000,133142.6718750000,144234.2812500000,,,
38.3679999381,299,147047.9218750000,194675.5156250000,173513.9687500000,148216.0156250000,119888.2968750000,151963.4687500000,133533.0625000000,144540.7500000000,,,
38.3719999380,299,147123.0781250000,193121.2187500000,174232.0781250000,148308.9843750000,119960.1484375000,152035.9375000000,133607.5000000000,144627.0937500000,,,
38.3759999380,299,146735.9218750000,193672.0937500000,173305.6718750000,147792.6406250000,119591.4531250000,151679.9531250000,133257.8750000000,144365.2031250000,,,
38.3799999380,299,146437.5312500000,195575.2500000000,172053.1406250000,147396.8437500000,119304.5625000000,151398.6250000000,132981.7343750000,144133.7812500000,,,
38.3839999381,299,146631.9687500000,196259.7812500000,172265.4687500000,147648.0625000000,119490.1484375000,151570.2500000000,133152.4062500000,144245.0156250000,,,
38.3879999381,299,147062.2343750000,194695.7656250000,173524.1406250000,148194.5625000000,119907.1796875000,151977.3437500000,133547.3437500000,144555.5312500000,,,
38.3919999381,299,147128.4687500000,193105.3906250000,174246.0000000000,148289.5468750000,119972.3046875000,152047.0156250000,133614.3437500000,144634.7343750000,,,
38.3959999380,299,146735.8906250000,193651.0625000000,173329.0312500000,147786.3593750000,119595.3984375000,151684.2031250000,133257.7656250000,144366.7812500000,,,
38.3999999380,300,146426.0781250000,195595.3437500000,172073.0625000000,147398.1875000000,119293.8125000000,151390.1406250000,132970.0781250000,144125.6250000000,,,
38.4039999379,300,146627.9843750000,196308.7031250000,172274.0156250000,147662.4375000000,119484.1953125000,151566.5781250000,133145.8437500000,144242.4062500000,,,
38.4079999379,300,147070.9062500000,194722.8281250000,173524.8437500000,148223.7968750000,119910.5546875000,151976.9062500000,133545.9687500000,144558.7812500000,,,
38.4119999378,300,147148.2343750000,193088.3125000000,174253.5937500000,148325.4062500000,119984.9609375000,152050.6718750000,133623.2187500000,144644.7187500000,,,
38.4159999378,300,146745.3593750000,193633.6562500000,173350.8750000000,147815.1093750000,119600.5468750000,151677.5468750000,133261.8437500000,144367.7187500000,,,
38.4199999378,300,146431.0625000000,195610.9218750000,172096.8906250000,147424.2656250000,119297.7031250000,151380.7812500000,132972.8906250000,144122.6406250000,,,
38.4239999379,300,146620.8593750000,196347.9218750000,172284.6406250000,147672.5468750000,119477.7812500000,151555.6406250000,133142.8281250000,144232.7031250000,,,
38.4279999379,300,147048.2656250000,194742.1875000000,173512.9531250000,148220.6875000000,119891.5703125000,151963.6093750000,133538.3593750000,144539.1093750000,,,
38.4319999379,300,147127.6562500000,193062.1562500000,174234.1718750000,148331.3750000000,119969.2968750000,152048.9843750000,133618.7343750000,144630.9531250000,,,
38.4359999378,300,146725.7812500000,193588.0312500000,173338.8750000000,147820.0000000000,119585.0703125000,151681.4687500000,133254.8437500000,144358.4062500000,,,
38.4399999378,300,146403.2031250000,195589.1562500000,172083.7656250000,147410.7656250000,119274.0703125000,151376.8750000000,132955.3750000000,144107.3125000000,,,
38.4439999380,300,146597.7968750000,196355.2343750000,172260.9843750000,147657.7187500000,119457.8046875000,151548.3750000000,133123.0937500000,144217.8125000000,,,
38.4479999379,300,147049.3593750000,194738.1406250000,173491.5781250000,148221.3593750000,119893.5546875000,151967.2812500000,133533.2343750000,144539.9218750000,,,
38.4519999379,300,147132.2187500000,193025.6875000000,174225.2500000000,148329.4218750000,119973.1640625000,152046.7812500000,133613.1875000000,144630.4218750000,,,
38.4559999378,300,146732.2968750000,193545.8437500000,173343.3281250000,147812.8906250000,119589.1250000000,151673.7656250000,133251.0937500000,144356.1875000000,,,
38.4599999378,300,146411.4531250000,195583.5468750000,172094.2500000000,147400.3125000000,119277.1015625000,151367.2968750000,132950.3906250000,144107.6562500000,,,
38.4639999378,300,146602.9375000000,196379.6562500000,172265.6562500000,147643.9843750000,119459.2187500000,151539.6562500000,133115.8750000000,144218.0468750000,,,
38.4679999379,300,147053.6562500000,194748.2031250000,173486.0781250000,148197.7031250000,119895.9921875000,151968.0312500000,133529.8437500000,144542.3281250000,,,
38.4719999379,300,147149.1250000000,192999.3750000000,174223.9531250000,148313.8750000000,119987.1875000000,152062.3281250000,133625.6875000000,144646.0312500000,,,
38.4759999379,300,146754.4531250000,193518.8281250000,173360.0156250000,147800.8125000000,119608.2968750000,151698.0312500000,133271.0937500000,144381.4843750000,,,
38.4799999378,300,146433.8281250000,195597.5781250000,172116.5781250000,147389.0937500000,119296.5234375000,151391.5468750000,132972.2187500000,144134.5000000000,,,
38.4839999378,300,146634.1562500000,196428.5468750000,172287.1562500000,147640.5781250000,119485.2421875000,151564.0156250000,133142.2187500000,144249.7812500000,,,
38.4879999380,300,147093.5625000000,194786.0937500000,173503.5156250000,148208.1875000000,119928.0468750000,151987.8750000000,133556.8125000000,144575.6718750000,,,
38.4919999379,300,147189.7500000000,192999.9062500000,174242.5781250000,148334.2031250000,120021.0625000000,152077.4062500000,133650.0468750000,144676.6093750000,,,
38.4959999379,300,146793.5312500000,193512.5312500000,173390.8125000000,147836.5156250000,119643.7890625000,151714.5625000000,133296.3125000000,144415.0156250000,,,
38.4999999378,300,146458.8593750000,195614.1406250000,172144.9687500000,147424.2343750000,119321.4375000000,151401.7031250000,132990.7500000000,144161.0781250000,,,
38.5039999378,300,146636.0156250000,196464.2812500000,172295.7968750000,147658.7968750000,119491.5156250000,151566.1250000000,133150.5625000000,144260.3593750000,,,
38.5079999377,300,147080.0781250000,194801.0937500000,173491.5781250000,148222.7187500000,119923.4609375000,151986.2343750000,133559.7343750000,144576.2031250000,,,
38.5119999379,300,147162.8437500000,192982.0468750000,174225.7500000000,148339.7031250000,120005.1562500000,152073.9843750000,133645.2187500000,144670.5468750000,,,
38.5159999379,300,146755.2968750000,193480.9843750000,173374.3906250000,147833.2187500000,119615.1953125000,151702.8593750000,133281.1562500000,144399.3906250000,,,
38.5199999379,300,146422.6718750000,195605.8906250000,172125.9531250000,147416.0000000000,119294.3437500000,151389.3750000000,132974.6562500000,144145.7187500000,,,
38.5239999378,300,146607.5000000000,196478.9218750000,172267.9218750000,147647.7187500000,119470.5156250000,151552.3125000000,133137.7343750000,144245.8750000000,,,
38.5279999378,301,147070.5781250000,194809.8281250000,173464.7500000000,148221.9218750000,119919.9453125000,151979.9062500000,133561.7500000000,144569.6875000000,,,
38.5319999377,301,147175.9375000000,192964.3906250000,174218.8906250000,148356.0781250000,120021.9765625000,152078.7968750000,133662.9218750000,144676.0625000000,,,
38.5359999377,301,146769.9687500000,193454.8906250000,173387.0312500000,147842.4218750000,119632.0390625000,151702.9531250000,133297.7343750000,144402.4531250000,,,
38.5399999376,301,146421.1406250000,195603.5781250000,172135.2343750000,147407.5468750000,119294.5312500000,151372.0937500000,132977.2656250000,144131.1562500000,,,
38.5439999376,301,146602.2968750000,196503.8593750000,172264.5000000000,147644.3125000000,119464.5625000000,151534.3750000000,133132.5156250000,144229.0468750000,,,
38.5479999376,301,147056.7187500000,194827.1406250000,173451.3750000000,148210.7031250000,119903.9843750000,151962.0781250000,133544.5000000000,144547.8281250000,,,
38.5519999377,301,147152.4687500000,192948.5156250000,174201.2968750000,148337.2812500000,119996.5234375000,152055.8125000000,133635.1562500000,144648.4218750000,,,
38.5559999377,301,146746.6562500000,193429.3750000000,173376.6406250000,147825.9531250000,119607.4375000000,151682.0468750000,133269.6250000000,144377.1875000000,,,
38.5599999377,301,146407.9375000000,195599.8281250000,172126.2343750000,147392.9843750000,119280.1015625000,151366.1406250000,132959.2187500000,144122.7812500000,,,
38.5639999376,301,146606.7812500000,196528.4843750000,172258.7812500000,147632.3125000000,119467.1093750000,151542.0625000000,133131.2812500000,144239.8125000000,,,
38.5679999376,301,147075.3281250000,194851.2187500000,173452.3906250000,148209.5000000000,119918.2031250000,151981.1406250000,133552.0937500000,144569.8593750000,,,
38.5719999378,301,147187.7343750000,192943.5781250000,174213.2343750000,148346.0468750000,120025.0625000000,152085.2656250000,133657.6562500000,144679.9843750000,,,
38.5759999377,301,146792.9218750000,193413.5781250000,173404.9218750000,147839.2812500000,119646.7109375000,151719.0625000000,133304.9531250000,144417.0781250000,,,
38.5799999377,301,146448.7968750000,195614.2812500000,172158.0937500000,147408.7031250000,119313.5000000000,151390.5468750000,132989.0312500000,144155.7187500000,,,
38.5839999376,301,146624.4218750000,196569.8125000000,172273.2187500000,147632.5000000000,119479.7968750000,151545.1250000000,133143.9062500000,144250.2343750000,,,
38.5879999376,301,147086.5625000000,194879.7812500000,173453.2187500000,148208.0468750000,119929.1718750000,151982.0625000000,133565.8125000000,144574.7031250000,,,
38.5919999375,301,147195.1718750000,192927.9218750000,174215.9375000000,148354.2812500000,120037.8281250000,152095.7031250000,133676.7343750000,144686.1250000000,,,
38.5959999377,301,146777.3593750000,193380.6718750000,173410.4218750000,147842.8125000000,119639.8671875000,151714.8593750000,133308.1406250000,144408.8437500000,,,
38.5999999377,301,146418.4375000000,195603.7656250000,172154.4218750000,147397.9218750000,119293.0078125000,151378.3750000000,132981.2812500000,144138.8281250000,,,
38.6039999377,301,146592.2187500000,196583.6093750000,172253.6562500000,147618.3906250000,119455.6796875000,151535.3593750000,133129.6875000000,144230.0625000000,,,
38.6079999376,301,147062.2656250000,194882.3281250000,173421.3906250000,148195.9062500000,119910.4531250000,151979.0312500000,133557.6718750000,144557.2500000000,,,
38.6119999376,301,147181.5000000000,192897.4218750000,174188.0156250000,148352.5468750000,120027.2890625000,152097.6562500000,133670.7968750000,144676.8125000000,,,
38.6159999378,301,146776.4062500000,193333.2187500000,173400.0937500000,147850.7343750000,119639.8984375000,151725.1562500000,133305.3437500000,144409.9687500000,,,
38.6199999377,301,146420.5468750000,195574.1250000000,172153.1250000000,147410.2812500000,119295.7656250000,151389.4843750000,132977.4218750000,144140.0000000000,,,
38.6239999377,301,146596.4531250000,196580.9531250000,172251.0000000000,147631.3593750000,119460.9921875000,151544.4531250000,133128.7031250000,144231.6250000000,,,
38.6279999376,301,147069.5937500000,194885.2031250000,173420.5312500000,148210.6875000000,119918.9296875000,151987.2343750000,133558.6250000000,144561.8281250000,,,
38.6319999376,301,147192.9531250000,192883.0937500000,174193.8906250000,148366.7656250000,120037.9921875000,152105.3125000000,133677.3750000000,144682.0156250000,,,
38.6359999375,301,146786.8906250000,193305.9218750000,173415.1875000000,147865.5156250000,119650.1406250000,151731.8593750000,133316.0312500000,144412.3281250000,,,
38.6399999377,301,146420.4375000000,195548.8593750000,172163.6250000000,147411.6562500000,119298.6406250000,151391.0312500000,132984.2343750000,144133.8593750000,,,
38.6439999377,301,146588.2187500000,196577.8437500000,172252.2343750000,147625.8750000000,119457.0468750000,151543.5156250000,133132.7031250000,144221.9687500000,,,
38.6479999376,301,147063.7500000000,194894.6718750000,173413.6562500000,148194.4062500000,119919.9218750000,151988.7343750000,133567.5625000000,144554.8593750000,,,
38.6519999376,301,147197.5000000000,192886.0781250000,174196.7031250000,148356.6718750000,120048.7734375000,152115.8437500000,133689.9843750000,144685.2343750000,,,
38.6559999376,302,146804.2656250000,193299.5625000000,173433.8281250000,147850.0000000000,119667.1484375000,151744.5468750000,133327.7968750000,144426.5625000000,,,
38.6599999375,302,146450.4062500000,195542.0156250000,172182.1718750000,147395.4062500000,119320.3906250000,151400.2812500000,132995.5000000000,144159.2031250000,,,
38.6639999375,302,146620.4062500000,196580.9843750000,172261.4375000000,147608.0468750000,119478.5625000000,151546.5000000000,133139.0312500000,144249.0312500000,,,
38.6679999374,302,147095.4687500000,194916.3125000000,173422.2187500000,148192.7656250000,119934.8281250000,151987.3125000000,133567.5625000000,144579.2343750000,,,
38.6719999374,302,147224.6250000000,192910.7968750000,174210.1093750000,148365.2343750000,120054.8046875000,152108.0468750000,133688.1093750000,144702.7812500000,,,
38.6759999373,302,146822.0468750000,193308.5468750000,173451.0468750000,147873.6093750000,119667.4687500000,151739.3125000000,133329.4843750000,144436.6562500000,,,
38.6799999375,302,146446.8281250000,195555.8593750000,172189.8750000000,147416.6718750000,119309.7968750000,151391.1093750000,132990.4062500000,144155.2343750000,,,
38.6839999375,302,146605.8906250000,196616.0312500000,172255.4375000000,147626.6250000000,119466.3828125000,151539.9687500000,133133.4531250000,144241.1250000000,,,
38.6879999375,302,147063.3125000000,194957.4687500000,173405.0000000000,148201.4843750000,119913.9609375000,151975.2968750000,133557.0156250000,144559.2343750000,,,
38.6919999374,302,147187.0781250000,192928.1250000000,174193.3281250000,148371.7968750000,120036.1093750000,152099.7031250000,133681.4843750000,144680.3281250000,,,
38.6959999374,302,146784.4375000000,193302.2187500000,173443.1718750000,147871.4687500000,119650.3046875000,151729.2656250000,133322.4687500000,144415.5781250000,,,
38.6999999376,302,146410.0625000000,195545.0781250000,172178.1250000000,147406.7968750000,119288.6093750000,151378.2968750000,132981.7656250000,144134.1875000000,,,
38.7039999375,302,146572.1718750000,196613.1406250000,172231.8593750000,147612.7343750000,119442.6718750000,151520.8437500000,133121.9687500000,144217.1406250000,,,
38.7079999375,302,147043.6562500000,194961.5468750000,173385.8437500000,148192.0156250000,119898.4062500000,151958.8906250000,133550.5312500000,144539.4687500000,,,
38.7119999374,302,147184.7187500000,192909.9375000000,174185.8125000000,148376.0468750000,120032.7343750000,152094.2031250000,133682.4218750000,144669.0156250000,,,
38.7159999374,302,146795.6093750000,193267.2343750000,173449.2031250000,147887.5625000000,119656.5781250000,151731.9687500000,133329.9687500000,144411.2031250000,,,
38.7199999373,302,146425.3281250000,195517.6093750000,172187.7500000000,147422.4843750000,119298.9609375000,151381.3281250000,132988.6093750000,144130.6093750000,,,
38.7239999375,302,146577.0000000000,196610.8281250000,172236.3593750000,147612.6093750000,119444.1718750000,151515.3750000000,133115.7656250000,144206.9531250000,,,
38.7279999375,302,147054.4062500000,194962.6093750000,173383.9218750000,148192.9218750000,119906.8046875000,151966.5781250000,133548.7812500000,144541.5625000000,,,
38.7319999374,302,147198.1562500000,192906.2500000000,174192.3593750000,148372.1562500000,120044.5312500000,152104.2343750000,133684.2968750000,144678.3437500000,,,
38.7359999374,302,146807.1406250000,193258.0468750000,173467.2187500000,147877.0468750000,119667.7890625000,151743.9375000000,133328.8750000000,144427.2187500000,,,
38.7399999374,302,146439.4531250000,195513.1562500000,172201.4375000000,147410.7187500000,119311.0859375000,151399.7031250000,132983.5625000000,144154.8593750000,,,
38.7439999375,302,146601.4375000000,196623.6562500000,172241.6718750000,147609.3281250000,119464.6171875000,151539.2187500000,133118.6093750000,144241.1250000000,,,
38.7479999375,302,147076.2500000000,194990.8593750000,173391.6406250000,148191.4843750000,119927.7265625000,151984.9531250000,133565.0625000000,144571.3281250000,,,
38.7519999375,302,147218.0000000000,192921.7656250000,174210.7343750000,148376.0937500000,120068.8593750000,152124.1562500000,133717.4687500000,144704.3593750000,,,
38.7559999374,302,146832.0468750000,193256.9218750000,173500.2656250000,147892.6875000000,119695.0156250000,151759.0781250000,133362.2187500000,144450.7343750000,,,
38.7599999374,302,146451.5312500000,195513.3281250000,172228.8281250000,147412.3281250000,119323.4765625000,151395.6718750000,133005.2187500000,144164.2812500000,,,
38.7639999373,302,146603.0468750000,196644.1406250000,172257.5468750000,147598.6562500000,119465.8750000000,151531.5000000000,133140.9843750000,144241.4687500000,,,
38.7679999375,302,147075.0312500000,195018.4218750000,173402.7187500000,148183.6718750000,119923.8359375000,151972.1562500000,133573.9218750000,144566.9531250000,,,
38.7719999375,302,147220.7343750000,192932.0468750000,174225.5937500000,148378.9687500000,120063.9531250000,152112.8906250000,133714.5468750000,144701.5468750000,,,
38.7759999374,302,146828.0000000000,193242.4843750000,173517.8125000000,147897.0000000000,119686.6718750000,151750.6562500000,133364.8437500000,144444.1875000000,,,
38.7799999374,302,146436.1406250000,195507.5625000000,172245.2031250000,147418.1406250000,119308.5078125000,151384.7812500000,133004.7031250000,144149.6875000000,,,
38.7839999374,303,146576.6562500000,196666.4062500000,172266.1875000000,147602.9687500000,119442.6484375000,151512.6093750000,133123.4687500000,144217.3281250000,,,
38.7879999373,303,147049.8281250000,195044.8750000000,173405.7187500000,148185.4218750000,119903.9062500000,151959.9843750000,133557.1875000000,144547.0000000000,,,
38.7919999373,303,147197.7812500000,192928.3906250000,174231.2031250000,148378.7500000000,120049.7343750000,152108.9062500000,133701.5468750000,144685.2656250000,,,
38.7959999372,303,146807.4062500000,193208.3437500000,173530.9843750000,147899.5156250000,119675.1640625000,151750.2031250000,133351.1093750000,144430.8906250000,,,
38.7999999372,303,146418.4062500000,195478.2656250000,172256.3437500000,147420.7187500000,119297.5390625000,151385.2656250000,132992.0468750000,144139.0625000000,,,
38.8039999371,303,146562.3906250000,196659.3437500000,172267.2812500000,147603.0000000000,119433.3906250000,151510.4375000000,133115.3125000000,144209.0625000000,,,
38.8079999373,303,147043.8906250000,195047.6875000000,173403.5000000000,148187.5156250000,119899.9375000000,151958.6406250000,133554.3593750000,144539.8593750000,,,
38.8119999373,303,147209.8437500000,192907.6406250000,174240.3750000000,148390.9843750000,120058.9921875000,152115.2031250000,133709.2968750000,144689.0468750000,,,
38.8159999372,303,146826.8437500000,193167.6718750000,173555.5468750000,147910.4062500000,119689.1406250000,151758.3281250000,133362.0312500000,144443.0625000000,,,
38.8199999372,303,146439.5937500000,195449.0625000000,172283.1406250000,147426.1875000000,119311.5703125000,151393.0156250000,132999.9218750000,144157.8437500000,,,
38.8239999372,303,146583.3593750000,196669.9218750000,172291.4843750000,147600.6875000000,119446.6718750000,151519.1562500000,133119.4218750000,144231.1718750000,,,
38.8279999373,303,147064.3125000000,195076.4687500000,173424.0156250000,148177.7500000000,119913.7500000000,151970.6250000000,133559.0312500000,144564.1093750000,,,
38.8319999373,303,147228.4531250000,192919.4062500000,174256.9531250000,148374.7500000000,120072.0000000000,152127.9375000000,133714.5000000000,144710.9062500000,,,
38.8359999373,303,146847.1093750000,193164.1093750000,173575.9843750000,147893.6406250000,119703.3281250000,151772.3906250000,133369.7968750000,144462.3437500000,,,
38.8399999372,303,146457.2968750000,195461.5312500000,172304.9375000000,147408.1406250000,119325.9687500000,151405.3750000000,133014.0937500000,144173.6875000000,,,
38.8439999372,303,146598.1875000000,196706.7187500000,172306.6562500000,147586.7968750000,119458.9296875000,151529.0781250000,133133.8281250000,144243.4218750000,,,
38.8479999371,303,147081.7187500000,195121.0156250000,173436.2500000000,148174.0468750000,119928.8750000000,151978.8125000000,133572.5312500000,144576.4843750000,,,
38.8519999373,303,147247.9531250000,192943.7343750000,174275.5625000000,148380.1250000000,120088.7890625000,152134.3750000000,133729.0937500000,144724.6406250000,,,
38.8559999373,303,146865.4687500000,193168.3750000000,173607.9375000000,147904.4218750000,119719.6640625000,151777.1093750000,133383.9687500000,144474.0781250000,,,
38.8599999372,303,146469.5781250000,195464.9843750000,172337.0781250000,147419.6250000000,119336.7812500000,151397.6093750000,133018.5937500000,144175.9375000000,,,
38.8639999372,303,146597.3593750000,196723.7500000000,172325.8125000000,147590.7500000000,119457.2343750000,151504.6562500000,133126.9375000000,144230.0937500000,,,
38.8679999372,303,147068.6562500000,195135.5625000000,173438.0625000000,148169.2500000000,119914.9531250000,151951.0312500000,133557.0156250000,144550.7343750000,,,
38.8719999373,303,147228.9687500000,192937.1406250000,174275.2187500000,148379.7656250000,120072.0000000000,152109.9687500000,133711.5156250000,144693.2343750000,,,
38.8759999373,303,146849.0312500000,193137.2656250000,173613.9375000000,147915.5000000000,119707.9453125000,151759.9687500000,133372.5468750000,144447.8125000000,,,
38.8799999373,303,146452.5156250000,195429.3906250000,172336.6406250000,147433.9375000000,119325.6250000000,151390.7031250000,133010.3125000000,144156.6562500000,,,
38.8839999372,303,146573.4687500000,196709.6406250000,172307.1406250000,147597.3125000000,119440.6093750000,151502.1875000000,133114.4062500000,144211.1093750000,,,
38.8879999372,303,147043.0312500000,195138.5312500000,173413.6875000000,148174.4687500000,119898.2734375000,151946.2500000000,133548.3593750000,144532.1406250000,,,
38.8919999371,303,147214.5625000000,192921.2343750000,174257.3437500000,148395.1093750000,120066.5000000000,152113.0312500000,133716.0312500000,144683.9531250000,,,
38.8959999373,303,146837.0937500000,193102.0156250000,173606.0781250000,147930.4531250000,119701.5859375000,151761.1250000000,133374.4218750000,144439.2031250000,,,
38.8999999373,303,146436.9843750000,195402.4062500000,172330.9531250000,147432.5468750000,119311.0546875000,151381.3281250000,133002.1250000000,144142.6250000000,,,
38.9039999372,303,146561.0937500000,196704.3593750000,172297.7343750000,147591.1406250000,119424.8906250000,151484.8593750000,133102.1250000000,144198.9531250000,,,
38.9079999372,303,147045.6093750000,195135.5000000000,173401.3281250000,148170.2031250000,119894.1953125000,151939.2968750000,133540.5781250000,144533.5156250000,,,
38.9119999371,304,147226.7187500000,192910.5625000000,174255.6562500000,148391.5156250000,120068.3515625000,152115.1718750000,133709.7968750000,144696.1875000000,,,
38.9159999371,304,146853.0781250000,193090.2656250000,173618.5781250000,147923.2812500000,119706.3593750000,151769.8906250000,133374.6250000000,144459.6718750000,,,
38.9199999371,304,146450.1562500000,195395.9843750000,172338.0625000000,147421.8437500000,119317.0078125000,151392.8281250000,133009.3750000000,144162.2343750000,,,
38.9239999370,304,146567.6093750000,196712.3281250000,172296.8437500000,147572.3125000000,119430.9531250000,151500.1250000000,133116.0156250000,144212.1718750000,,,
38.9279999370,304,147048.5625000000,195156.2968750000,173401.3281250000,148153.0156250000,119899.6406250000,151956.0156250000,133555.7812500000,144541.7187500000,,,
38.9319999369,304,147238.1718750000,192917.0781250000,174264.4843750000,148380.3906250000,120084.0937500000,152137.5468750000,133733.2500000000,144710.9375000000,,,
38.9359999371,304,146870.7343750000,193075.4843750000,173642.0000000000,147919.5000000000,119731.0625000000,151793.8750000000,133404.5937500000,144478.7031250000,,,
38.9399999371,304,146471.5156250000,195387.9843750000,172368.7812500000,147422.2500000000,119344.2109375000,151414.6875000000,133036.8281250000,144186.7500000000,,,
38.9439999370,304,146590.5468750000,196729.9687500000,172321.0156250000,147570.1406250000,119454.7734375000,151518.0156250000,133134.7812500000,144240.6093750000,,,
38.9479999370,304,147073.3437500000,195184.3750000000,173419.2968750000,148159.2343750000,119922.9765625000,151969.1250000000,133571.3125000000,144570.1250000000,,,
38.9519999370,304,147258.5781250000,192926.6562500000,174280.5468750000,148391.7812500000,120102.2578125000,152144.5156250000,133746.3906250000,144728.9531250000,,,
38.9559999371,304,146880.6875000000,193063.3906250000,173658.8906250000,147929.8750000000,119738.2265625000,151794.6718750000,133408.9687500000,144481.7656250000,,,
38.9599999371,304,146468.5937500000,195385.6250000000,172380.6562500000,147431.3437500000,119342.1171875000,151408.8125000000,133033.4062500000,144175.0781250000,,,
38.9639999371,304,146574.4218750000,196748.5937500000,172320.9843750000,147575.9843750000,119445.1953125000,151503.9218750000,133126.0156250000,144216.6093750000,,,
38.9679999370,304,147047.9218750000,195198.8906250000,173403.7968750000,148159.0312500000,119906.4531250000,151951.9062500000,133560.8593750000,144538.5781250000,,,
38.9719999370,304,147234.2187500000,192920.1406250000,174265.7968750000,148396.5312500000,120085.6250000000,152132.7187500000,133737.8906250000,144700.1562500000,,,
38.9759999369,304,146855.6875000000,193041.4062500000,173652.3750000000,147938.1406250000,119718.7500000000,151782.9531250000,133397.9062500000,144457.7656250000,,,
38.9799999371,304,146436.7187500000,195373.0156250000,172367.7656250000,147430.4531250000,119312.3203125000,151391.9218750000,133016.1250000000,144150.9375000000,,,
38.9839999371,304,146551.6562500000,196762.6718750000,172296.7031250000,147579.6718750000,119419.0390625000,151494.2968750000,133111.9843750000,144201.5781250000,,,
38.9879999370,304,147043.6562500000,195220.6718750000,173380.1406250000,148171.1718750000,119892.9375000000,151953.6562500000,133552.1406250000,144537.0000000000,,,
38.9919999370,304,147236.2343750000,192920.0625000000,174249.0625000000,148404.0937500000,120076.8515625000,152135.5937500000,133728.7968750000,144704.1718750000,,,
38.9959999369,304,146863.9531250000,193028.4218750000,173650.7968750000,147943.9843750000,119717.0625000000,151787.3281250000,133390.8125000000,144466.7500000000,,,
38.9999999371,304,146451.6093750000,195368.4375000000,172374.0312500000,147435.4687500000,119317.9765625000,151400.2812500000,133012.1562500000,144164.0312500000,,,
39.0039999371,304,146554.9531250000,196777.4531250000,172292.6093750000,147558.6093750000,119413.6796875000,151494.2500000000,133094.5312500000,144203.7343750000,,,
39.0079999371,304,147042.7187500000,195243.1406250000,173367.4218750000,148144.5156250000,119885.1328125000,151946.1718750000,133529.5000000000,144536.0625000000,,,
39.0119999370,304,147240.0468750000,192919.5156250000,174239.2656250000,148387.7656250000,120076.0468750000,152133.9531250000,133716.0000000000,144708.1250000000,,,
39.0159999370,304,146866.0937500000,193009.0781250000,173650.6093750000,147930.4218750000,119718.5625000000,151792.6406250000,133397.6406250000,144473.4218750000,,,
39.0199999369,304,146447.7968750000,195375.0000000000,172378.0312500000,147419.2500000000,119315.4296875000,151396.9062500000,133020.5000000000,144167.1718750000,,,
39.0239999371,304,146562.1093750000,196823.1875000000,172299.3437500000,147565.0468750000,119422.0703125000,151493.6875000000,133109.8125000000,144215.7187500000,,,
39.0279999371,304,147049.8437500000,195293.1093750000,173372.2812500000,148154.9531250000,119897.5468750000,151951.2968750000,133550.4843750000,144546.9531250000,,,
39.0319999370,304,147250.3750000000,192927.8906250000,174247.0000000000,148399.8281250000,120097.6953125000,152142.6406250000,133747.0625000000,144720.1875000000,,,
39.0359999370,304,146882.1093750000,192981.5781250000,173671.8437500000,147946.4843750000,119741.9843750000,151798.2500000000,133416.6093750000,144486.9218750000,,,
39.0399999369,305,146463.4843750000,195353.2031250000,172403.5468750000,147426.3750000000,119335.1953125000,151397.6093750000,133030.9531250000,144177.8437500000,,,
39.0439999369,305,146568.6093750000,196823.6562500000,172314.6250000000,147557.5156250000,119433.1796875000,151485.7968750000,133120.2187500000,144216.7343750000,,,
39.0479999369,305,147050.7343750000,195301.2187500000,173377.6875000000,148141.0468750000,119901.8437500000,151937.6875000000,133558.6250000000,144536.4531250000,,,
39.0519999368,305,147260.7031250000,192910.3437500000,174256.1093750000,148406.9375000000,120106.2500000000,152135.1562500000,133755.0000000000,144712.4687500000,,,
39.0559999368,305,146886.7187500000,192944.6718750000,173689.1718750000,147959.0937500000,119746.9453125000,151794.1406250000,133422.4218750000,144478.9218750000,,,
39.0599999367,305,146452.3281250000,195326.2656250000,172416.3125000000,147438.1875000000,119327.0703125000,151390.2031250000,133027.0468750000,144165.0781250000,,,
39.0639999369,305,146548.0312500000,196831.0156250000,172318.4687500000,147567.5625000000,119414.9375000000,151473.9375000000,133106.4687500000,144200.0312500000,,,
39.0679999369,305,147030.2968750000,195321.8593750000,173371.7343750000,148151.4062500000,119880.1953125000,151930.0156250000,133544.9062500000,144522.3281250000,,,
39.0719999368,305,147242.9218750000,192915.3125000000,174247.1562500000,148414.8593750000,120085.1171875000,152133.6250000000,133744.2968750000,144702.7500000000,,,
39.0759999368,305,146881.7500000000,192932.7656250000,173691.9062500000,147972.7500000000,119735.7578125000,151797.5781250000,133418.2187500000,144478.0937500000,,,
39.0799999367,305,146452.0937500000,195320.8437500000,172425.3281250000,147445.9843750000,119319.7500000000,151390.4375000000,133022.4062500000,144164.6250000000,,,
39.0839999369,305,146545.0312500000,196843.1406250000,172317.7656250000,147567.8437500000,119407.5937500000,151468.8437500000,133100.5937500000,144197.7968750000,,,
39.0879999369,305,147036.3281250000,195343.0625000000,173370.4218750000,148154.6562500000,119885.2890625000,151934.9062500000,133548.4687500000,144531.2812500000,,,
39.0919999368,305,147251.2500000000,192929.6562500000,174253.4375000000,148415.6093750000,120092.8125000000,152147.3593750000,133750.6250000000,144713.7500000000,,,
39.0959999368,305,146890.9531250000,192923.9687500000,173707.1562500000,147974.1875000000,119744.5312500000,151812.4375000000,133428.1718750000,144487.3437500000,,,
39.0999999368,305,146459.4375000000,195305.7968750000,172437.0156250000,147443.4375000000,119327.2031250000,151406.4531250000,133032.7031250000,144173.5625000000,,,
39.1039999367,305,146550.3906250000,196847.6093750000,172320.7187500000,147555.3437500000,119413.0078125000,151484.0468750000,133106.1718750000,144207.8281250000,,,
39.1079999369,305,147036.5937500000,195369.3906250000,173367.8437500000,148138.3750000000,119888.1328125000,151939.8125000000,133550.1250000000,144536.0312500000,,,
39.1119999369,305,147257.4218750000,192945.1093750000,174255.2656250000,148406.6406250000,120104.1328125000,152151.7812500000,133759.3125000000,144721.7968750000,,,
39.1159999368,305,146899.4062500000,192920.5312500000,173718.4062500000,147965.6093750000,119759.5781250000,151819.7500000000,133438.3281250000,144498.3906250000,,,
39.1199999368,305,146472.1875000000,195292.6875000000,172450.2656250000,147440.5937500000,119346.3828125000,151416.2968750000,133048.2031250000,144187.8750000000,,,
39.1239999367,305,146555.9531250000,196842.7031250000,172325.8125000000,147554.0000000000,119425.7187500000,151484.1093750000,133118.1250000000,144210.8593750000,,,
39.1279999369,305,147038.6718750000,195377.8750000000,173370.7187500000,148134.3437500000,119898.0078125000,151936.7500000000,133558.3125000000,144533.6093750000,,,
39.1319999369,305,147264.2343750000,192947.5156250000,174268.3750000000,148409.8437500000,120118.1875000000,152151.4062500000,133768.5468750000,144720.8281250000,,,
39.1359999368,305,146910.0468750000,192907.8750000000,173743.2187500000,147976.9218750000,119774.6796875000,151820.7500000000,133447.2656250000,144498.2343750000,,,
39.1399999368,305,146477.5781250000,195271.4375000000,172467.1406250000,147449.9218750000,119351.5546875000,151411.7968750000,133048.0781250000,144184.2500000000,,,
39.1439999368,305,146557.4843750000,196836.3281250000,172327.8750000000,147559.9531250000,119421.1093750000,151483.1718750000,133112.6093750000,144210.1406250000,,,
39.1479999367,305,147033.5468750000,195392.0937500000,173363.0781250000,148140.5156250000,119882.6875000000,151934.0468750000,133546.9375000000,144528.5156250000,,,
39.1519999369,305,147254.0000000000,192966.1875000000,174259.8125000000,148418.4218750000,120098.7968750000,152145.2187500000,133758.0000000000,144712.3593750000,,,
39.1559999369,305,146893.7500000000,192905.6718750000,173738.0781250000,147985.9687500000,119752.5781250000,151811.4375000000,133437.5312500000,144486.8906250000,,,
39.1599999368,305,146448.0625000000,195257.3281250000,172452.4062500000,147451.4062500000,119320.3359375000,151393.2812500000,133028.5156250000,144163.6875000000,,,
39.1639999368,305,146520.0000000000,196833.9062500000,172298.4062500000,147550.5625000000,119385.8671875000,151455.0781250000,133084.4218750000,144182.3281250000,,,
39.1679999367,306,147002.8593750000,195396.8125000000,173328.5000000000,148133.2968750000,119853.8046875000,151910.2812500000,133522.5625000000,144505.8281250000,,,
39.1719999367,306,147231.0312500000,192957.7343750000,174233.0781250000,148416.9687500000,120073.8750000000,152126.4062500000,133735.6562500000,144693.8437500000,,,
39.1759999366,306,146877.8906250000,192880.1718750000,173723.7812500000,147989.5156250000,119730.8515625000,151798.6718750000,133418.8281250000,144472.4843750000,,,
39.1799999366,306,146447.2968750000,195228.6875000000,172445.5781250000,147457.4375000000,119313.3671875000,151394.9687500000,133026.8906250000,144160.6875000000,,,
39.1839999366,306,146530.9531250000,196820.6093750000,172293.2187500000,147555.2031250000,119392.6250000000,151463.8593750000,133094.6093750000,144187.8750000000,,,
39.1879999365,306,147015.9531250000,195411.5937500000,173329.6875000000,148131.1562500000,119866.5703125000,151914.4375000000,133534.4843750000,144511.0781250000,,,
39.1919999367,306,147255.2812500000,192983.4062500000,174247.8750000000,148416.5156250000,120101.1015625000,152138.8906250000,133757.5156250000,144707.5000000000,,,
39.1959999367,306,146906.4843750000,192889.0156250000,173751.4062500000,147989.3750000000,119764.4296875000,151812.1093750000,133444.1250000000,144487.5625000000,,,
39.1999999366,306,146465.9062500000,195222.8125000000,172465.7343750000,147443.8437500000,119337.5312500000,151396.4531250000,133039.0937500000,144166.3125000000,,,
39.2039999366,306,146540.2031250000,196829.5625000000,172298.5625000000,147535.9531250000,119406.0859375000,151461.4375000000,133096.1718750000,144189.2187500000,,,
39.2079999365,306,147021.9843750000,195434.7343750000,173327.3281250000,148114.5000000000,119873.1171875000,151921.0156250000,133531.8593750000,144518.3593750000,,,
39.2119999367,306,147253.9062500000,192994.1406250000,174241.4687500000,148396.0781250000,120095.6015625000,152147.8125000000,133748.5312500000,144714.2031250000,,,
39.2159999367,306,146906.7812500000,192878.4218750000,173749.8750000000,147972.7656250000,119759.9218750000,151830.4062500000,133441.3437500000,144503.3281250000,,,
39.2199999366,306,146463.5781250000,195205.2500000000,172462.9843750000,147432.5156250000,119332.5156250000,151414.0000000000,133040.9062500000,144183.0312500000,,,
39.2239999366,306,146535.3281250000,196819.6718750000,172286.2968750000,147526.1562500000,119400.9140625000,151471.0156250000,133099.9687500000,144199.4687500000,,,
39.2279999366,306,147020.0000000000,195441.6875000000,173311.6093750000,148109.7031250000,119872.3125000000,151923.5781250000,133539.2656250000,144519.4062500000,,,
39.2319999365,306,147256.1718750000,193005.5156250000,174236.2968750000,148402.5937500000,120099.4921875000,152147.4218750000,133753.1406250000,144709.7343750000,,,
39.2359999367,306,146915.1718750000,192871.9062500000,173758.2187500000,147989.4062500000,119767.6484375000,151827.2656250000,133439.0781250000,144497.2656250000,,,
39.2399999367,306,146464.4843750000,195181.2343750000,172464.1250000000,147449.6406250000,119332.5390625000,151404.7343750000,133034.0156250000,144169.3906250000,,,
39.2439999366,306,146523.1406250000,196798.5000000000,172272.2968750000,147543.3750000000,119387.4453125000,151459.8281250000,133092.6718750000,144179.1406250000,,,
39.2479999366,306,146998.7812500000,195435.0625000000,173291.2500000000,148124.0156250000,119845.1406250000,151905.8750000000,133524.2968750000,144497.7812500000,,,
39.2519999365,306,147237.7968750000,192999.6875000000,174222.3437500000,148424.0781250000,120074.4140625000,152131.1562500000,133745.2343750000,144696.7187500000,,,
39.2559999367,306,146888.5625000000,192845.1718750000,173746.0468750000,147999.5937500000,119737.7734375000,151807.5781250000,133433.1562500000,144480.7187500000,,,
39.2599999367,306,146437.6093750000,195142.9687500000,172444.8437500000,147452.4687500000,119302.4453125000,151383.0468750000,133021.2812500000,144152.0468750000,,,
39.2639999366,306,146494.7343750000,196779.8281250000,172240.5625000000,147532.4843750000,119356.7890625000,151424.6093750000,133064.8125000000,144158.6093750000,,,
39.2679999366,306,146974.2968750000,195434.6562500000,173251.2812500000,148110.8750000000,119822.7187500000,151869.8593750000,133493.7812500000,144475.9687500000,,,
39.2719999366,306,147215.9843750000,192988.8750000000,174185.5781250000,148408.8750000000,120057.6796875000,152099.3437500000,133717.5468750000,144672.1562500000,,,
39.2759999365,306,146878.1093750000,192814.8281250000,173724.1875000000,148003.9375000000,119734.2812500000,151785.7656250000,133419.6718750000,144463.5781250000,,,
39.2799999367,306,146435.3281250000,195101.8750000000,172432.2968750000,147459.6875000000,119310.4375000000,151373.7343750000,133023.2343750000,144144.3437500000,,,
39.2839999367,306,146494.1250000000,196745.9375000000,172228.6562500000,147539.1093750000,119363.9218750000,151421.3437500000,133070.1250000000,144153.9218750000,,,
39.2879999366,306,146974.0312500000,195430.3906250000,173247.7968750000,148114.8750000000,119827.0859375000,151872.6562500000,133503.0781250000,144475.4375000000,,,
39.2919999366,306,147221.1406250000,193004.8906250000,174196.0156250000,148416.3281250000,120064.2187500000,152109.8906250000,133732.1406250000,144677.4687500000,,,
39.2959999365,307,146892.2187500000,192813.9218750000,173742.2343750000,148012.8750000000,119746.8593750000,151809.7812500000,133437.8593750000,144475.4687500000,,,
39.2999999365,307,146442.6718750000,195083.0937500000,172442.5625000000,147459.4531250000,119310.9218750000,151388.4375000000,133025.3593750000,144151.9843750000,,,
39.3039999364,307,146494.6093750000,196734.5937500000,172224.5625000000,147521.0937500000,119359.6328125000,151429.3593750000,133064.4062500000,144157.9687500000,,,
39.3079999364,307,146984.8281250000,195439.8906250000,173246.1875000000,148097.2031250000,119839.5859375000,151889.6562500000,133511.0156250000,144489.7812500000,,,
39.3119999364,307,147237.3906250000,193019.4531250000,174204.5625000000,148404.8437500000,120085.3046875000,152125.2031250000,133746.2500000000,144696.1875000000,,,
39.3159999363,307,146910.1093750000,192822.1093750000,173766.6875000000,147999.6406250000,119769.1015625000,151820.5937500000,133454.0781250000,144495.4218750000,,,
39.3199999365,307,146461.2656250000,195066.7656250000,172464.2656250000,147449.2343750000,119334.4765625000,151399.0000000000,133045.7968750000,144168.2968750000,,,
39.3239999365,307,146506.7812500000,196717.2812500000,172236.8906250000,147513.4687500000,119375.5625000000,151433.8125000000,133080.7968750000,144165.0312500000,,,
39.3279999364,307,146978.6875000000,195446.1093750000,173247.8281250000,148087.5625000000,119834.2187500000,151879.0000000000,133509.2031250000,144478.1406250000,,,
39.3319999364,307,147227.0156250000,193042.6562500000,174210.6875000000,148399.8281250000,120074.3046875000,152116.4375000000,133741.3437500000,144680.2812500000,,,
39.3359999363,307,146902.4375000000,192826.3906250000,173775.4843750000,148008.3906250000,119757.4609375000,151815.0937500000,133450.8906250000,144478.6875000000,,,
39.3399999365,307,146458.8750000000,195038.2031250000,172461.3750000000,147465.1406250000,119324.8437500000,151397.1250000000,133045.6562500000,144156.3906250000,,,
39.3439999365,307,146508.7968750000,196675.5312500000,172219.5937500000,147528.7343750000,119368.8593750000,151434.1406250000,133084.0156250000,144162.3437500000,,,
39.3479999364,307,146978.8593750000,195431.4843750000,173230.5937500000,148097.8750000000,119825.7500000000,151869.4531250000,133511.2968750000,144477.4218750000,,,
39.3519999364,307,147238.4843750000,193056.4687500000,174209.2031250000,148422.6562500000,120081.3906250000,152115.0468750000,133755.1875000000,144691.6562500000,,,
39.3559999363,307,146916.0625000000,192824.7343750000,173789.0312500000,148029.0781250000,119774.5937500000,151814.9062500000,133468.1406250000,144493.5468750000,,,
39.3599999363,307,146468.9843750000,194998.7187500000,172470.9375000000,147469.1875000000,119344.9609375000,151389.8750000000,133060.0156250000,144167.7031250000,,,
39.3639999365,307,146521.0000000000,196627.6718750000,172217.6093750000,147536.1562500000,119393.2968750000,151427.9687500000,133096.1718750000,144172.5312500000,,,
39.3679999365,307,146988.1875000000,195428.0625000000,173234.8437500000,148103.9375000000,119847.8984375000,151866.4531250000,133518.0156250000,144486.1093750000,,,
39.3719999364,307,147241.5937500000,193089.5781250000,174225.8906250000,148418.1562500000,120096.0312500000,152108.5000000000,133757.7031250000,144694.7031250000,,,
39.3759999364,307,146915.5312500000,192844.7343750000,173810.5937500000,148022.6875000000,119785.1640625000,151812.0781250000,133472.5312500000,144491.5312500000,,,
39.3799999363,307,146462.5312500000,194972.5937500000,172480.2500000000,147467.8750000000,119350.0546875000,151391.0937500000,133065.0468750000,144160.5937500000,,,
39.3839999365,307,146505.4375000000,196579.7187500000,172212.6250000000,147530.2031250000,119389.0000000000,151424.7187500000,133100.4531250000,144161.0625000000,,,
39.3879999365,307,146970.1562500000,195407.4531250000,173227.3750000000,148094.2812500000,119838.9453125000,151863.1875000000,133524.3750000000,144473.5312500000,,,
39.3919999364,307,147222.9531250000,193111.4531250000,174226.7656250000,148403.5625000000,120085.3828125000,152109.8906250000,133762.7968750000,144680.1718750000,,,
39.3959999364,307,146905.4687500000,192863.2187500000,173814.5781250000,148006.0781250000,119780.3906250000,151818.6250000000,133479.4062500000,144482.7812500000,,,
39.3999999363,307,146467.7812500000,194953.2031250000,172472.3906250000,147457.3906250000,119353.5703125000,151403.5000000000,133071.0625000000,144165.0312500000,,,
39.4039999363,307,146515.5312500000,196558.0937500000,172190.3125000000,147515.4531250000,119390.4765625000,151433.3281250000,133096.2500000000,144167.7812500000,,,
39.4079999365,307,146981.4218750000,195434.3281250000,173206.7031250000,148073.8437500000,119835.5625000000,151861.7656250000,133508.6562500000,144480.9062500000,,,
39.4119999364,307,147240.5781250000,193169.7500000000,174219.1875000000,148390.8437500000,120082.4062500000,152106.7031250000,133744.8906250000,144695.2500000000,,,
39.4159999364,307,146932.9375000000,192917.2656250000,173824.4218750000,148017.5625000000,119783.3671875000,151823.8125000000,133466.1718750000,144506.7343750000,,,
39.4199999364,307,146489.8906250000,194972.7812500000,172478.0468750000,147469.5625000000,119355.2890625000,151410.9687500000,133061.4375000000,144185.2812500000,,,
39.4239999363,308,146518.0000000000,196551.7968750000,172176.0156250000,147513.9218750000,119377.8203125000,151430.5937500000,133081.3906250000,144172.7812500000,,,
39.4279999363,308,146973.9375000000,195435.7812500000,173187.3906250000,148082.7968750000,119818.0468750000,151855.2656250000,133497.1562500000,144478.0625000000,,,
39.4319999362,308,147229.9062500000,193198.2812500000,174213.9218750000,148412.8906250000,120066.5546875000,152098.5937500000,133736.6718750000,144684.5468750000,,,
39.4359999362,308,146924.7500000000,192933.4375000000,173830.5781250000,148032.3437500000,119773.7421875000,151816.2500000000,133466.6250000000,144492.1718750000,,,
39.4399999361,308,146481.1718750000,194945.1562500000,172475.5312500000,147476.4843750000,119344.7421875000,151400.2343750000,133064.0312500000,144165.3437500000,,,
39.4439999361,308,146508.0156250000,196513.2968750000,172162.2500000000,147516.3125000000,119364.4609375000,151418.7187500000,133079.2343750000,144153.8125000000,,,
39.4479999363,308,146961.4218750000,195439.3437500000,173177.0625000000,148070.7812500000,119801.5000000000,151839.8125000000,133483.9062500000,144460.3125000000,,,
39.4519999363,308,147225.6406250000,193231.7500000000,174212.9062500000,148397.7187500000,120057.9453125000,152090.3125000000,133730.4218750000,144678.9687500000,,,
39.4559999362,308,146927.6250000000,192946.9531250000,173838.4375000000,148029.1562500000,119776.8203125000,151819.2968750000,133470.3281250000,144500.3593750000,,,
39.4599999362,308,146482.7968750000,194920.6875000000,172479.6406250000,147475.6250000000,119351.9062500000,151404.3593750000,133065.3125000000,144177.1562500000,,,
39.4639999361,308,146505.0468750000,196476.8281250000,172155.7812500000,147512.6875000000,119372.6953125000,151417.3437500000,133078.5625000000,144163.2343750000,,,
39.4679999363,308,146959.5625000000,195424.6250000000,173177.7031250000,148069.5781250000,119814.3750000000,151840.2500000000,133492.5937500000,144472.4843750000,,,
39.4719999363,308,147227.5000000000,193241.2187500000,174234.3125000000,148395.3593750000,120071.6250000000,152091.1718750000,133740.3437500000,144688.9375000000,,,
39.4759999362,308,146933.8125000000,192956.6406250000,173873.0937500000,148026.6250000000,119785.9140625000,151819.8437500000,133472.4062500000,144505.0000000000,,,
39.4799999362,308,146495.4062500000,194902.7656250000,172508.2812500000,147474.6562500000,119360.9765625000,151409.2656250000,133065.9375000000,144182.1875000000,,,
39.4839999361,308,146514.2187500000,196451.3125000000,172172.4687500000,147507.3281250000,119375.7500000000,151420.1562500000,133074.5156250000,144165.2656250000,,,
39.4879999361,308,146958.2187500000,195431.6562500000,173191.8125000000,148061.7187500000,119807.8281250000,151841.5937500000,133486.7968750000,144468.0937500000,,,
39.4919999363,308,147213.8437500000,193271.8593750000,174251.3750000000,148391.6562500000,120057.6484375000,152090.5468750000,133734.6406250000,144675.1875000000,,,
39.4959999362,308,146915.7656250000,192972.8437500000,173896.8906250000,148028.0000000000,119773.1484375000,151816.4375000000,133471.4062500000,144487.7500000000,,,
39.4999999362,308,146473.4218750000,194891.4218750000,172525.9531250000,147471.8437500000,119349.2265625000,151403.0781250000,133065.2343750000,144163.5468750000,,,
39.5039999362,308,146496.8593750000,196440.4062500000,172182.0937500000,147510.9531250000,119371.0312500000,151418.5000000000,133079.3750000000,144154.6250000000,,,
39.5079999361,308,146941.8593750000,195443.3750000000,173198.2500000000,148059.7812500000,119802.3046875000,151832.8437500000,133485.8437500000,144459.4531250000,,,
39.5119999363,308,147215.7656250000,193303.5781250000,174272.3750000000,148401.2031250000,120067.5234375000,152091.0937500000,133741.1875000000,144684.8906250000,,,
39.5159999363,308,146944.2187500000,192979.8906250000,173932.4062500000,148049.0000000000,119804.9062500000,151836.0312500000,133493.1093750000,144519.5312500000,,,
39.5199999362,308,146505.8906250000,194852.3125000000,172553.0781250000,147489.1718750000,119381.1406250000,151422.2031250000,133087.2031250000,144195.5468750000,,,
39.5239999362,308,146520.9687500000,196382.3281250000,172189.6875000000,147513.6875000000,119392.8125000000,151425.8281250000,133092.0937500000,144174.6875000000,,,
39.5279999361,308,146964.2031250000,195425.0781250000,173210.8125000000,148062.8906250000,119819.8203125000,151834.3437500000,133491.2343750000,144472.3281250000,,,
39.5319999361,308,147234.5468750000,193324.3125000000,174295.8906250000,148402.7500000000,120079.5937500000,152088.5625000000,133744.7812500000,144688.6406250000,,,
39.5359999363,308,146953.5781250000,192995.6718750000,173959.5937500000,148052.5937500000,119810.7500000000,151830.2187500000,133500.4218750000,144513.8750000000,,,
39.5399999362,308,146511.3750000000,194821.2812500000,172567.3437500000,147494.2343750000,119384.7656250000,151417.0468750000,133097.1562500000,144185.0156250000,,,
39.5439999362,308,146517.2656250000,196330.1093750000,172185.6718750000,147514.1093750000,119387.5781250000,151420.0468750000,133100.1406250000,144160.2031250000,,,
39.5479999362,308,146950.2031250000,195406.8125000000,173203.0468750000,148064.9062500000,119806.6250000000,151832.9843750000,133497.3906250000,144459.7187500000,,,
39.5519999361,309,147218.4062500000,193356.0781250000,174301.7968750000,148402.7031250000,120069.0234375000,152092.9375000000,133751.3437500000,144681.3750000000,,,
39.5559999361,309,146947.5000000000,193017.4687500000,173976.0156250000,148058.5781250000,119809.2500000000,151840.5781250000,133509.7656250000,144515.2500000000,,,
39.5599999360,309,146517.6406250000,194789.7500000000,172576.9687500000,147503.0937500000,119393.4843750000,151435.4843750000,133113.9531250000,144200.4375000000,,,
39.5639999360,309,146526.7343750000,196276.8750000000,172186.0937500000,147517.9218750000,119396.2421875000,151434.1093750000,133112.5781250000,144178.2968750000,,,
39.5679999359,309,146958.6562500000,195398.2343750000,173207.9375000000,148053.6406250000,119814.6953125000,151836.2031250000,133503.9218750000,144474.1562500000,,,
39.5719999359,309,147230.1406250000,193397.8437500000,174318.1250000000,148393.7500000000,120078.0859375000,152090.0937500000,133755.2968750000,144694.8437500000,,,
39.5759999361,309,146959.7500000000,193058.5625000000,173998.3593750000,148056.8593750000,119819.7343750000,151843.2187500000,133509.9218750000,144528.0625000000,,,
39.5799999360,309,146525.5625000000,194778.2656250000,172584.5625000000,147505.2031250000,119403.0312500000,151442.1875000000,133115.0156250000,144209.3593750000,,,
39.5839999360,309,146527.0625000000,196239.1875000000,172181.1875000000,147520.5468750000,119401.2031250000,151437.2187500000,133114.9375000000,144184.7656250000,,,
39.5879999360,309,146944.1406250000,195395.1250000000,173201.3593750000,148052.1875000000,119802.4375000000,151827.2656250000,133495.2812500000,144469.2500000000,,,
39.5919999359,309,147208.7187500000,193447.8906250000,174321.5937500000,148397.6093750000,120057.3281250000,152079.2031250000,133741.1562500000,144684.2187500000,,,
39.5959999361,309,146945.6406250000,193105.0781250000,174010.6093750000,148064.5312500000,119805.0937500000,151837.9687500000,133505.1250000000,144518.0781250000,,,
39.5999999361,309,146517.2656250000,194766.9687500000,172584.5625000000,147511.6718750000,119394.3359375000,151438.9375000000,133112.1562500000,144199.9531250000,,,
39.6039999360,309,146518.4531250000,196199.1875000000,172165.6250000000,147519.7968750000,119391.7343750000,151433.3593750000,133103.4062500000,144175.1406250000,,,
39.6079999360,309,146943.5312500000,195383.9843750000,173187.9531250000,148046.8593750000,119800.0546875000,151826.5156250000,133486.5000000000,144468.6250000000,,,
39.6119999359,309,147216.3125000000,193467.6093750000,174323.8750000000,148391.7812500000,120063.6015625000,152084.7343750000,133740.3281250000,144693.4218750000,,,
39.6159999359,309,146953.7656250000,193121.6250000000,174023.0312500000,148055.4062500000,119813.6796875000,151843.8906250000,133508.2031250000,144529.3437500000,,,
39.6199999361,309,146530.2500000000,194758.8750000000,172599.0156250000,147512.4843750000,119406.4375000000,151444.5625000000,133118.9062500000,144212.2343750000,,,
39.6239999360,309,146533.6875000000,196171.6718750000,172168.7656250000,147522.1406250000,119404.7734375000,151438.4218750000,133110.7812500000,144187.7656250000,,,
39.6279999360,309,146947.6093750000,195381.8750000000,173188.5937500000,148045.6250000000,119803.1093750000,151822.1406250000,133485.7500000000,144473.2656250000,,,
39.6319999360,309,147214.5156250000,193506.5468750000,174334.4687500000,148386.2812500000,120063.2265625000,152077.0000000000,133740.4062500000,144693.8437500000,,,
39.6359999359,309,146958.0937500000,193161.2656250000,174047.4375000000,148058.7343750000,119820.6250000000,151844.9218750000,133517.1875000000,144534.4531250000,,,
39.6399999361,309,146532.0781250000,194757.9062500000,172614.2500000000,147504.2656250000,119413.9765625000,151448.0781250000,133130.5468750000,144213.7812500000,,,
39.6439999361,309,146528.3281250000,196148.6250000000,172163.8125000000,147504.2500000000,119406.0078125000,151438.8906250000,133120.5781250000,144182.0000000000,,,
39.6479999360,309,146937.8906250000,195376.9843750000,173178.7500000000,148025.6093750000,119801.0937500000,151819.7343750000,133491.2343750000,144465.9687500000,,,
39.6519999360,309,147208.4687500000,193523.5000000000,174334.7812500000,148372.2656250000,120062.9062500000,152076.8750000000,133743.4375000000,144690.7968750000,,,
39.6559999359,309,146954.7343750000,193173.2812500000,174057.7968750000,148050.7968750000,119819.9531250000,151846.2031250000,133519.6875000000,144534.8750000000,,,
39.6599999359,309,146535.7500000000,194737.8750000000,172618.5000000000,147509.1250000000,119418.2890625000,151456.5312500000,133138.4687500000,144220.8125000000,,,
39.6639999361,309,146525.1562500000,196109.8750000000,172152.0000000000,147511.8593750000,119402.3359375000,151437.8437500000,133119.0156250000,144184.2812500000,,,
39.6679999360,309,146936.8750000000,195365.0781250000,173168.5937500000,148037.5937500000,119796.6406250000,151822.0625000000,133490.9531250000,144472.1875000000,,,
39.6719999360,309,147207.5625000000,193548.8437500000,174337.5468750000,148396.0312500000,120056.9765625000,152078.2187500000,133743.5468750000,144694.5156250000,,,
39.6759999359,309,146963.3437500000,193199.4375000000,174074.3125000000,148087.0000000000,119824.6718750000,151855.3750000000,133526.3437500000,144542.4062500000,,,
39.6799999359,310,146538.5937500000,194729.8750000000,172629.9531250000,147531.8125000000,119419.9843750000,151461.8750000000,133141.1406250000,144221.8125000000,,,
39.6839999359,310,146519.7187500000,196086.5312500000,172148.8593750000,147522.2656250000,119398.3593750000,151436.3125000000,133115.5781250000,144178.0937500000,,,
39.6879999358,310,146930.6562500000,195357.0781250000,173158.0468750000,148050.5781250000,119792.2421875000,151815.0625000000,133484.0625000000,144463.7656250000,,,
39.6919999358,310,147204.2656250000,193575.3437500000,174338.8906250000,148400.4531250000,120055.9843750000,152072.4531250000,133741.0000000000,144688.5468750000,,,
39.6959999357,310,146962.9218750000,193225.8281250000,174083.9687500000,148079.7031250000,119826.7421875000,151853.5781250000,133528.8593750000,144538.5781250000,,,
39.6999999357,310,146546.5625000000,194717.9687500000,172631.0000000000,147527.6875000000,119430.1718750000,151465.9531250000,133151.6562500000,144225.2343750000,,,
39.7039999359,310,146539.5312500000,196050.1406250000,172140.7343750000,147512.3750000000,119417.7578125000,151447.8906250000,133135.8281250000,144191.5000000000,,,
39.7079999358,310,146944.0156250000,195355.0781250000,173154.4062500000,148024.1875000000,119800.1875000000,151821.8437500000,133493.9843750000,144471.5000000000,,,
39.7119999358,310,147218.4218750000,193608.2500000000,174345.6250000000,148374.6718750000,120060.6796875000,152080.4687500000,133743.6250000000,144694.5000000000,,,
39.7159999358,310,146985.5312500000,193255.7656250000,174107.0937500000,148073.2187500000,119839.2890625000,151865.0000000000,133534.8125000000,144548.7656250000,,,
39.7199999357,310,146576.1250000000,194708.3906250000,172651.5625000000,147534.2812500000,119450.9609375000,151483.5468750000,133161.3125000000,144240.0781250000,,,
39.7239999359,310,146558.3593750000,196013.3750000000,172146.3125000000,147507.2812500000,119431.7578125000,151456.6718750000,133137.6093750000,144198.8437500000,,,
39.7279999359,310,146955.1406250000,195339.3750000000,173158.6875000000,148024.0625000000,119812.3906250000,151822.6562500000,133496.5625000000,144474.4531250000,,,
39.7319999358,310,147226.0937500000,193627.2187500000,174364.2968750000,148380.2500000000,120074.8437500000,152080.6562500000,133751.1406250000,144699.1562500000,,,
39.7359999358,310,146985.7968750000,193273.4687500000,174134.2343750000,148075.9218750000,119849.1328125000,151864.9531250000,133539.5937500000,144550.1406250000,,,
39.7399999357,310,146568.8437500000,194687.5312500000,172669.3750000000,147534.4375000000,119453.7812500000,151484.9843750000,133160.8281250000,144236.2187500000,,,
39.7439999357,310,146551.5781250000,195973.7187500000,172142.4062500000,147522.0000000000,119432.1328125000,151464.8437500000,133140.2343750000,144199.2812500000,,,
39.7479999359,310,146938.1093750000,195326.4062500000,173145.2187500000,148020.9218750000,119800.2890625000,151822.0156250000,133489.9062500000,144468.8593750000,,,
39.7519999358,310,147202.7968750000,193654.3437500000,174357.2343750000,148377.1093750000,120053.7890625000,152075.8593750000,133735.3906250000,144688.1093750000,,,
39.7559999358,310,146974.4531250000,193302.4062500000,174137.2656250000,148083.2187500000,119835.5078125000,151870.5781250000,133529.2031250000,144548.8281250000,,,
39.7599999357,310,146569.3281250000,194673.9062500000,172667.1718750000,147548.9062500000,119447.9843750000,151493.0156250000,133160.4843750000,144245.1718750000,,,
39.7639999357,310,146543.5625000000,195929.9843750000,172126.6250000000,147532.1875000000,119420.6250000000,151462.0625000000,133135.9218750000,144200.2656250000,,,
39.7679999359,310,146925.7500000000,195311.5937500000,173133.4843750000,148038.5312500000,119788.6015625000,151814.6406250000,133487.9843750000,144465.1093750000,,,
39.7719999359,310,147193.0468750000,193688.9375000000,174361.2812500000,148393.5000000000,120045.7421875000,152063.5156250000,133738.9843750000,144682.6875000000,,,
39.7759999358,310,146962.5937500000,193336.7968750000,174146.5000000000,148095.7187500000,119824.7578125000,151850.6875000000,133532.0468750000,144532.2812500000,,,
39.7799999358,310,146556.7500000000,194659.2343750000,172660.2031250000,147548.4531250000,119437.2031250000,151472.0312500000,133160.5156250000,144220.0625000000,,,
39.7839999357,310,146537.5000000000,195891.4843750000,172106.4062500000,147518.9687500000,119414.8281250000,151442.0156250000,133134.7031250000,144177.5468750000,,,
39.7879999357,310,146921.4843750000,195297.5468750000,173112.1875000000,148014.8593750000,119781.6484375000,151796.5625000000,133481.0625000000,144447.5468750000,,,
39.7919999359,310,147197.8750000000,193717.9843750000,174357.1250000000,148378.8593750000,120047.4609375000,152060.6406250000,133738.0937500000,144678.6406250000,,,
39.7959999358,310,146982.4218750000,193369.9218750000,174166.0468750000,148088.5937500000,119845.3828125000,151865.4062500000,133547.3593750000,144545.9062500000,,,
39.7999999358,310,146583.9218750000,194654.7968750000,172686.5156250000,147548.9531250000,119466.2265625000,151498.0312500000,133184.5937500000,144242.7343750000,,,
39.8039999357,310,146561.9062500000,195857.5781250000,172121.5312500000,147523.3125000000,119440.6093750000,151468.2187500000,133154.7656250000,144202.0937500000,,,
39.8079999357,311,146935.9375000000,195290.2656250000,173125.6250000000,148009.3593750000,119797.0703125000,151811.7343750000,133489.6250000000,144466.9062500000,,,
39.8119999357,311,147207.4843750000,193760.7656250000,174383.1250000000,148367.9687500000,120056.7656250000,152065.0156250000,133742.5781250000,144692.3437500000,,,
39.8159999356,311,146999.3125000000,193420.2656250000,174204.4062500000,148091.7031250000,119859.7812500000,151873.7187500000,133558.7968750000,144561.0781250000,,,
39.8199999356,311,146595.7031250000,194665.0000000000,172711.3750000000,147550.3281250000,119475.0234375000,151498.9062500000,133188.6250000000,144248.9843750000,,,
39.8239999355,311,146566.0625000000,195836.3750000000,172126.2031250000,147519.8750000000,119441.0390625000,151456.9062500000,133154.5000000000,144202.5468750000,,,
39.8279999355,311,146940.3281250000,195288.2343750000,173130.5468750000,148019.0156250000,119796.6171875000,151788.7968750000,133490.1875000000,144469.7187500000,,,
39.8319999357,311,147203.1093750000,193789.0312500000,174396.5625000000,148376.5000000000,120047.8359375000,152043.3750000000,133731.8281250000,144690.9531250000,,,
39.8359999356,311,146979.3125000000,193450.2812500000,174217.1718750000,148091.6250000000,119837.0625000000,151866.3750000000,133537.7031250000,144553.6718750000,,,
39.8399999356,311,146582.2343750000,194658.0468750000,172713.5468750000,147560.3750000000,119461.8750000000,151504.0937500000,133180.3906250000,144251.5781250000,,,
39.8439999355,311,146549.1406250000,195801.9531250000,172106.3593750000,147529.4062500000,119425.4531250000,151458.4843750000,133139.9375000000,144200.4531250000,,,
39.8479999355,311,146917.3281250000,195275.7812500000,173099.7343750000,148020.6562500000,119774.0312500000,151800.7343750000,133468.7031250000,144461.5156250000,,,
39.8519999357,311,147182.1562500000,193819.4531250000,174376.1718750000,148381.3281250000,120027.8203125000,152055.3281250000,133714.3906250000,144680.6562500000,,,
39.8559999357,311,146975.0937500000,193481.7656250000,174214.9687500000,148104.7968750000,119833.3671875000,151868.5937500000,133529.5000000000,144548.9531250000,,,
39.8599999356,311,146580.0000000000,194642.6250000000,172702.5468750000,147571.5937500000,119458.3671875000,151505.8281250000,133169.4687500000,144244.7343750000,,,
39.8639999356,311,146541.3281250000,195757.6718750000,172080.2812500000,147532.2187500000,119417.4062500000,151462.2187500000,133126.9843750000,144186.0000000000,,,
39.8679999355,311,146901.9531250000,195253.0625000000,173077.8281250000,148006.9375000000,119760.7265625000,151793.7656250000,133453.0625000000,144439.5312500000,,,
39.8719999355,311,147173.6093750000,193834.0468750000,174373.8906250000,148369.6562500000,120021.1171875000,152048.3906250000,133705.2187500000,144665.3437500000,,,
39.8759999357,311,146972.1406250000,193497.0781250000,174226.4218750000,148103.0468750000,119831.5156250000,151867.2656250000,133526.4375000000,144538.1718750000,,,
39.8799999356,311,146578.1093750000,194617.5156250000,172706.4218750000,147562.6562500000,119458.7421875000,151504.1875000000,133166.7031250000,144233.9843750000,,,
39.8839999356,311,146543.3437500000,195704.8593750000,172070.4062500000,147513.1718750000,119421.8593750000,151464.8750000000,133128.7812500000,144184.9843750000,,,
39.8879999355,311,146910.4531250000,195225.5468750000,173071.7343750000,147990.6093750000,119769.6328125000,151799.5312500000,133457.1562500000,144450.8125000000,,,
39.8919999355,311,147185.3750000000,193861.4843750000,174385.7500000000,148354.5000000000,120030.4765625000,152055.0156250000,133707.6250000000,144680.4687500000,,,
39.8959999357,311,146996.7343750000,193535.8437500000,174255.2031250000,148084.4062500000,119852.2500000000,151882.8750000000,133539.3125000000,144563.2500000000,,,
39.8999999356,311,146611.8125000000,194624.8125000000,172736.4843750000,147544.0156250000,119487.6562500000,151525.1406250000,133186.2812500000,144266.2031250000,,,
39.9039999356,311,146575.6562500000,195684.6093750000,172087.0625000000,147495.0156250000,119450.0781250000,151484.5937500000,133145.0937500000,144217.6250000000,,,
39.9079999356,311,146929.6562500000,195227.0468750000,173082.8593750000,147975.4531250000,119786.4765625000,151810.2656250000,133467.1093750000,144473.0781250000,,,
39.9119999355,311,147192.3281250000,193893.6406250000,174400.7343750000,148342.1718750000,120036.6718750000,152055.1406250000,133715.4843750000,144692.7031250000,,,
39.9159999355,311,146994.0312500000,193571.2656250000,174273.3125000000,148083.4687500000,119849.8359375000,151879.4375000000,133545.3593750000,144566.5312500000,,,
39.9199999357,311,146608.0625000000,194619.3125000000,172742.8906250000,147552.2031250000,119484.9453125000,151525.9531250000,133195.1875000000,144264.7500000000,,,
39.9239999356,311,146566.2187500000,195646.3593750000,172076.1250000000,147509.8750000000,119439.5312500000,151479.3593750000,133148.0156250000,144208.8281250000,,,
39.9279999356,311,146916.2812500000,195211.0625000000,173067.5781250000,147986.9062500000,119769.0156250000,151798.8593750000,133460.0312500000,144460.7968750000,,,
39.9319999355,311,147183.7968750000,193924.7031250000,174399.5312500000,148354.1875000000,120023.0781250000,152049.9687500000,133707.7031250000,144685.9843750000,,,
39.9359999355,312,146989.0468750000,193609.5781250000,174281.1093750000,148093.3125000000,119841.4375000000,151876.2656250000,133533.7343750000,144560.8125000000,,,
39.9399999355,312,146611.9218750000,194618.6406250000,172742.5468750000,147574.1093750000,119487.2265625000,151524.4218750000,133187.6875000000,144265.2031250000,,,
39.9439999354,312,146565.8750000000,195613.3906250000,172054.9687500000,147528.7656250000,119441.1718750000,151473.4062500000,133143.3125000000,144206.0625000000,,,
39.9479999354,312,146909.6250000000,195190.2500000000,173041.3125000000,148004.5781250000,119766.6562500000,151791.3750000000,133456.7031250000,144452.2968750000,,,
39.9519999353,312,147177.5000000000,193947.1562500000,174391.5156250000,148375.5781250000,120022.1875000000,152043.7968750000,133706.2031250000,144676.7968750000,,,
39.9559999353,312,146995.2187500000,193636.9531250000,174295.4843750000,148125.7031250000,119853.4765625000,151885.5000000000,133550.3437500000,144564.7812500000,,,
39.9599999355,312,146612.5468750000,194604.8125000000,172752.7656250000,147593.3437500000,119494.7890625000,151536.7031250000,133206.0312500000,144265.0781250000,,,
39.9639999354,312,146559.8437500000,195569.5468750000,172046.8281250000,147526.3125000000,119441.0078125000,151480.8125000000,133150.7812500000,144200.2656250000,,,
39.9679999354,312,146893.2031250000,195169.1093750000,173026.2656250000,147991.5156250000,119754.5625000000,151787.5781250000,133447.9062500000,144441.0781250000,,,
39.9719999353,312,147157.1718750000,193963.5156250000,174378.8281250000,148355.3593750000,120004.0859375000,152036.7500000000,133689.9531250000,144664.0312500000,,,
39.9759999353,312,146979.2812500000,193661.1250000000,174287.8437500000,148109.8125000000,119834.8125000000,151874.3437500000,133530.6093750000,144552.9218750000,,,
39.9799999355,312,146600.3125000000,194594.3906250000,172735.5781250000,147573.6093750000,119474.8046875000,151525.6562500000,133182.7812500000,144254.8750000000,,,
39.9839999354,312,146552.2500000000,195537.9687500000,172017.0312500000,147511.0000000000,119420.8906250000,151472.4843750000,133126.2656250000,144193.2968750000,,,
39.9879999354,312,146898.5468750000,195163.0312500000,173003.1562500000,147976.7187500000,119746.0859375000,151786.3593750000,133437.5312500000,144447.2812500000,,,
39.9919999354,312,147178.2187500000,194000.0937500000,174380.7343750000,148346.7500000000,120015.0312500000,152046.9687500000,133700.2187500000,144686.9843750000,,,
39.9959999353,312,147001.5937500000,193706.1093750000,174309.4062500000,148095.1093750000,119853.7500000000,151892.4687500000,133549.2187500000,144577.6250000000,,,
39.9999999353,312,146632.8750000000,194616.0937500000,172762.3906250000,147566.5312500000,119510.5625000000,151557.9687500000,133217.4531250000,144288.9375000000,,,
40.0039999355,312,146583.3281250000,195533.0312500000,172033.6718750000,147506.2812500000,119463.6718750000,151506.5625000000,133170.5156250000,144230.9062500000,,,
40.0079999354,312,146917.3750000000,195179.7031250000,173022.3750000000,147974.4687500000,119781.8671875000,151811.6093750000,133473.3906250000,144476.7031250000,,,
40.0119999354,312,147186.5625000000,194049.8906250000,174406.8906250000,148355.3125000000,120036.3828125000,152058.5468750000,133725.3906250000,144703.9375000000,,,
40.0159999353,312,147010.1562500000,193755.5156250000,174338.1406250000,148111.5468750000,119869.0078125000,151910.3125000000,133574.2343750000,144593.7500000000,,,
40.0199999353,312,146636.4375000000,194622.9843750000,172773.2031250000,147590.5781250000,119516.3828125000,151579.0625000000,133236.5000000000,144299.2187500000,,,
40.0239999355,312,146582.0937500000,195510.4218750000,172020.6562500000,147527.0937500000,119459.7031250000,151527.0781250000,133179.2812500000,144233.6562500000,,,
40.0279999354,312,146909.9218750000,195164.6406250000,172997.8125000000,147985.2187500000,119769.5546875000,151829.7656250000,133479.4218750000,144471.5000000000,,,
40.0319999354,312,147176.1562500000,194066.3281250000,174392.0781250000,148359.1093750000,120024.7421875000,152081.3281250000,133732.5781250000,144696.5625000000,,,
40.0359999354,312,147007.2343750000,193784.6093750000,174343.9375000000,148128.8437500000,119868.3125000000,151935.5781250000,133584.7031250000,144589.3593750000,,,
40.0399999353,312,146633.7812500000,194621.2187500000,172777.1718750000,147600.7968750000,119520.4843750000,151604.5312500000,133249.8750000000,144293.6406250000,,,
40.0439999353,312,146571.9843750000,195482.3906250000,172009.5312500000,147522.2187500000,119461.6328125000,151547.2656250000,133193.6562500000,144224.8906250000,,,
40.0479999355,312,146900.3906250000,195151.7812500000,172984.5625000000,147982.7187500000,119774.0312500000,151851.0312500000,133492.5625000000,144469.1406250000,,,
40.0519999354,312,147160.2500000000,194092.6093750000,174389.3125000000,148351.8281250000,120022.9453125000,152100.1250000000,133736.1875000000,144693.6093750000,,,
40.0559999354,312,146996.6875000000,193812.0468750000,174349.6250000000,148115.3906250000,119872.3359375000,151962.2343750000,133596.4843750000,144592.4687500000,,,
40.0599999353,312,146633.0625000000,194607.1093750000,172778.8437500000,147594.4531250000,119531.9921875000,151630.6406250000,133268.5468750000,144303.0781250000,,,
40.0639999353,313,146575.1718750000,195433.9843750000,171996.7812500000,147512.7968750000,119469.7343750000,151568.3750000000,133204.9843750000,144234.5468750000,,,
40.0679999352,313,146893.7656250000,195118.5625000000,172967.6562500000,147956.9218750000,119764.9687500000,151856.2031250000,133487.6875000000,144467.1250000000,,,
40.0719999352,313,147161.4531250000,194107.9531250000,174390.2500000000,148332.0468750000,120015.6484375000,152108.5312500000,133736.5937500000,144697.0468750000,,,
40.0759999352,313,147009.2343750000,193848.0781250000,174369.5000000000,148108.2968750000,119874.2109375000,151969.0156250000,133598.8906250000,144603.9375000000,,,
40.0799999351,313,146644.6718750000,194616.3125000000,172793.4062500000,147583.1875000000,119534.2187500000,151641.0156250000,133265.3125000000,144314.4062500000,,,
40.0839999351,313,146585.9062500000,195412.7187500000,171993.2187500000,147505.0937500000,119473.6796875000,151584.9531250000,133204.0781250000,144248.3593750000,,,
40.0879999353,313,146907.5000000000,195115.5312500000,172960.2031250000,147952.8750000000,119771.6718750000,151872.8125000000,133482.8593750000,144487.0781250000,,,
40.0919999352,313,147173.7187500000,194144.7187500000,174392.6875000000,148320.8906250000,120022.9921875000,152117.2968750000,133725.6562500000,144713.3437500000,,,
40.0959999352,313,147020.1250000000,193894.1875000000,174382.6093750000,148098.0000000000,119880.5468750000,151976.9062500000,133593.1718750000,144614.1093750000,,,
40.0999999351,313,146656.7187500000,194619.7187500000,172796.9218750000,147578.8906250000,119539.7187500000,151642.3281250000,133263.8281250000,144319.8906250000,,,
40.1039999351,313,146588.3750000000,195374.8750000000,171975.1406250000,147501.1093750000,119470.6484375000,151569.9375000000,133193.3750000000,144241.3125000000,,,
40.1079999353,313,146901.6250000000,195099.7812500000,172940.1250000000,147957.1875000000,119765.4531250000,151851.7500000000,133473.1562500000,144471.9843750000,,,
40.1119999352,313,147162.8437500000,194172.1875000000,174386.6093750000,148335.5468750000,120014.4375000000,152093.2031250000,133711.6718750000,144693.3750000000,,,
40.1159999352,313,147006.5312500000,193928.4375000000,174390.3593750000,148118.9218750000,119870.1093750000,151951.7187500000,133575.4687500000,144590.0781250000,,,
40.1199999352,313,146647.8593750000,194617.4375000000,172802.7031250000,147604.0468750000,119534.4062500000,151620.6250000000,133256.1875000000,144298.9531250000,,,
40.1239999351,313,146587.6562500000,195346.5937500000,171971.9531250000,147520.2500000000,119474.8828125000,151557.1406250000,133191.7031250000,144229.2656250000,,,
40.1279999351,313,146893.4843750000,195083.8281250000,172929.6093750000,147962.0937500000,119760.0859375000,151826.3281250000,133459.7656250000,144454.5156250000,,,
40.1319999353,313,147157.2187500000,194188.3593750000,174383.8125000000,148336.4843750000,120007.7890625000,152067.1093750000,133703.4687500000,144682.2656250000,,,
40.1359999352,313,146999.8593750000,193956.6250000000,174398.0000000000,148113.9375000000,119864.5312500000,151932.5156250000,133569.5000000000,144585.4375000000,,,
40.1399999352,313,146643.2500000000,194629.6406250000,172806.8906250000,147595.5781250000,119533.4687500000,151612.3125000000,133246.3906250000,144299.1406250000,,,
40.1439999351,313,146574.3281250000,195336.5156250000,171955.1093750000,147506.7968750000,119466.2500000000,151540.4843750000,133180.0937500000,144223.2031250000,,,
40.1479999351,313,146879.0937500000,195078.4375000000,172905.0625000000,147946.1406250000,119751.9296875000,151813.1093750000,133453.8437500000,144450.0937500000,,,
40.1519999353,313,147142.3281250000,194201.2968750000,174365.7656250000,148324.5156250000,120001.1875000000,152058.2812500000,133697.7656250000,144678.0781250000,,,
40.1559999352,313,146993.2343750000,193976.2343750000,174396.2031250000,148107.9218750000,119863.4062500000,151926.2343750000,133570.1875000000,144583.4531250000,,,
40.1599999352,313,146647.2187500000,194622.9687500000,172807.0468750000,147592.7031250000,119536.8750000000,151607.5625000000,133254.3906250000,144302.2500000000,,,
40.1639999351,313,146587.0625000000,195307.8906250000,171948.3906250000,147498.0781250000,119472.2031250000,151540.8906250000,133186.4687500000,144231.8125000000,,,
40.1679999351,313,146884.5468750000,195062.5468750000,172894.7812500000,147926.2343750000,119747.3203125000,151802.3750000000,133445.8750000000,144451.7031250000,,,
40.1719999351,313,147147.1875000000,194222.8125000000,174370.1875000000,148305.9843750000,119991.1562500000,152040.9375000000,133678.7968750000,144680.0156250000,,,
40.1759999353,313,147004.1406250000,194010.1093750000,174416.2500000000,148103.3906250000,119856.7812500000,151912.9375000000,133549.5312500000,144590.6406250000,,,
40.1799999352,313,146653.0468750000,194632.9218750000,172821.3750000000,147591.4687500000,119529.2812500000,151590.2968750000,133226.8906250000,144300.9375000000,,,
40.1839999352,313,146581.9843750000,195291.5625000000,171939.5937500000,147501.9062500000,119457.9375000000,151515.0000000000,133152.4375000000,144219.2031250000,,,
40.1879999351,313,146874.5468750000,195057.0468750000,172882.6718750000,147937.7968750000,119730.3125000000,151777.8906250000,133415.4843750000,144437.0000000000,,,
40.1919999351,314,147130.6406250000,194245.8750000000,174366.1718750000,148316.7343750000,119972.6250000000,152018.2656250000,133655.2187500000,144660.2968750000,,,
40.1959999350,314,146992.4531250000,194030.1093750000,174426.8906250000,148119.2968750000,119846.3750000000,151896.0312500000,133535.4375000000,144572.5312500000,,,
40.1999999350,314,146648.4375000000,194609.4687500000,172835.5156250000,147610.9375000000,119528.1562500000,151579.0625000000,133221.9843750000,144288.0937500000,,,
40.2039999350,314,146578.0468750000,195238.1250000000,171947.5937500000,147514.0937500000,119457.6640625000,151501.8593750000,133149.2968750000,144206.1718750000,,,
40.2079999349,314,146867.7343750000,195023.9531250000,172891.4062500000,147939.0781250000,119724.8125000000,151758.5468750000,133408.1562500000,144421.3593750000,,,
40.2119999349,314,147128.5156250000,194246.0000000000,174388.0781250000,148323.8750000000,119970.1328125000,151999.2812500000,133645.4531250000,144648.1406250000,,,
40.2159999351,314,146996.3593750000,194037.4843750000,174464.7343750000,148128.3437500000,119853.0781250000,151882.3281250000,133529.8437500000,144566.1718750000,,,
40.2199999350,314,146649.5625000000,194590.1562500000,172868.7500000000,147611.7656250000,119534.2734375000,151566.3125000000,133219.8437500000,144280.9531250000,,,
40.2239999350,314,146577.7500000000,195195.6718750000,171962.9843750000,147512.5625000000,119465.4218750000,151495.6718750000,133152.0937500000,144202.2031250000,,,
40.2279999349,314,146869.5468750000,195000.1406250000,172903.1562500000,147938.2187500000,119737.4453125000,151761.7968750000,133415.4843750000,144427.2187500000,,,
40.2319999349,314,147133.1250000000,194265.0781250000,174411.5000000000,148318.8906250000,119984.0468750000,152009.2812500000,133658.7343750000,144662.0468750000,,,
40.2359999351,314,147000.9843750000,194061.0937500000,174493.3593750000,148124.3125000000,119861.1250000000,151895.6875000000,133542.9375000000,144580.6406250000,,,
40.2399999350,314,146660.6562500000,194575.1875000000,172886.8750000000,147613.2812500000,119542.1562500000,151585.5781250000,133229.2343750000,144300.6718750000,,,
40.2439999350,314,146590.0156250000,195150.7656250000,171965.8125000000,147506.3281250000,119467.2968750000,151512.4062500000,133156.6250000000,144222.4843750000,,,
40.2479999349,314,146871.7812500000,194977.2812500000,172899.1875000000,147920.5000000000,119724.2265625000,151764.3125000000,133402.5781250000,144435.5312500000,,,
40.2519999349,314,147130.3437500000,194285.6250000000,174415.9218750000,148301.0781250000,119964.9765625000,152002.3593750000,133640.5156250000,144661.8750000000,,,
40.2559999349,314,147003.0937500000,194090.6250000000,174509.7656250000,148113.8281250000,119847.2343750000,151890.0781250000,133529.0937500000,144580.2656250000,,,
40.2599999350,314,146666.3281250000,194572.3281250000,172900.9375000000,147612.4218750000,119535.2890625000,151583.2187500000,133221.2656250000,144298.1406250000,,,
40.2639999350,314,146590.7343750000,195115.8437500000,171962.0156250000,147512.7187500000,119462.5468750000,151504.3593750000,133146.6406250000,144213.8906250000,,,
40.2679999350,314,146874.0625000000,194956.3281250000,172895.2968750000,147938.5000000000,119726.1328125000,151756.4375000000,133400.5468750000,144429.0312500000,,,
40.2719999349,314,147126.6718750000,194299.4375000000,174424.1875000000,148321.0625000000,119963.9609375000,151991.8281250000,133637.3750000000,144651.0937500000,,,
40.2759999349,314,146996.1250000000,194114.6250000000,174527.9531250000,148132.2031250000,119844.4687500000,151883.3750000000,133530.3125000000,144568.4843750000,,,
40.2799999351,314,146660.0781250000,194573.9843750000,172913.8125000000,147628.4843750000,119532.8203125000,151584.0468750000,133227.9375000000,144289.7968750000,,,
40.2839999350,314,146581.7031250000,195098.0937500000,171960.6250000000,147524.3593750000,119456.5390625000,151506.5625000000,133146.5625000000,144205.1718750000,,,
40.2879999350,314,146852.4062500000,194944.5312500000,172882.3437500000,147935.0625000000,119707.7578125000,151747.6250000000,133389.9531250000,144409.7187500000,,,
40.2919999349,314,147110.9531250000,194306.7343750000,174413.3281250000,148317.7343750000,119950.2265625000,151984.0156250000,133628.8593750000,144633.8437500000,,,
40.2959999349,314,146990.7343750000,194130.6250000000,174534.3437500000,148141.0312500000,119841.1718750000,151879.7812500000,133523.2812500000,144556.9218750000,,,
40.2999999349,314,146657.8750000000,194567.6250000000,172924.7968750000,147639.3750000000,119535.1562500000,151580.2968750000,133224.7500000000,144280.8906250000,,,
40.3039999350,314,146575.3437500000,195076.0156250000,171959.0781250000,147526.3125000000,119456.3281250000,151497.8906250000,133150.0468750000,144194.1875000000,,,
40.3079999350,314,146846.7187500000,194935.2031250000,172873.2968750000,147931.1718750000,119707.7578125000,151739.7656250000,133393.3593750000,144401.2500000000,,,
40.3119999350,314,147110.5000000000,194315.3125000000,174413.7500000000,148313.5156250000,119954.8984375000,151983.0468750000,133633.8125000000,144634.4687500000,,,
40.3159999349,314,146998.5156250000,194144.5156250000,174551.3750000000,148136.4062500000,119852.0859375000,151888.5000000000,133532.7500000000,144568.1093750000,,,
40.3199999349,315,146670.2656250000,194574.6562500000,172944.7343750000,147631.9218750000,119547.5234375000,151594.0000000000,133231.4062500000,144297.5312500000,,,
40.3239999348,315,146590.2812500000,195076.5000000000,171964.2031250000,147517.9218750000,119466.9765625000,151517.5781250000,133150.9062500000,144217.1093750000,,,
40.3279999348,315,146862.0468750000,194939.9531250000,172867.8125000000,147918.6406250000,119718.0312500000,151764.5000000000,133395.3593750000,144430.1562500000,,,
40.3319999347,315,147117.6875000000,194336.1562500000,174409.2968750000,148295.1250000000,119956.9609375000,152003.0000000000,133633.4062500000,144657.1250000000,,,
40.3359999347,315,147007.0937500000,194170.9375000000,174557.8906250000,148125.8750000000,119856.7500000000,151907.7656250000,133540.3125000000,144590.0156250000,,,
40.3399999347,315,146680.8593750000,194589.5156250000,172954.9843750000,147624.5156250000,119555.4843750000,151615.1093750000,133245.8906250000,144320.2187500000,,,
40.3439999348,315,146597.2500000000,195079.1875000000,171964.0937500000,147505.0781250000,119472.9531250000,151528.5000000000,133160.8125000000,144232.0312500000,,,
40.3479999348,315,146866.7656250000,194952.7656250000,172862.5781250000,147909.2031250000,119720.3906250000,151763.5156250000,133398.7656250000,144437.4531250000,,,
40.3519999348,315,147131.3593750000,194363.1093750000,174414.9375000000,148302.1406250000,119966.5390625000,152000.6406250000,133637.3593750000,144668.3906250000,,,
40.3559999347,315,147020.4843750000,194194.4218750000,174576.5312500000,148133.7500000000,119867.5859375000,151900.5937500000,133540.6406250000,144596.8593750000,,,
40.3599999347,315,146688.7656250000,194597.0781250000,172974.6875000000,147631.3750000000,119564.5234375000,151598.7500000000,133242.7187500000,144316.3593750000,,,
40.3639999349,315,146605.4687500000,195075.4218750000,171971.5781250000,147515.0468750000,119484.1171875000,151514.7031250000,133162.5468750000,144227.3125000000,,,
40.3679999348,315,146871.5156250000,194948.5312500000,172858.9062500000,147918.4062500000,119729.1562500000,151750.9375000000,133403.4375000000,144428.3437500000,,,
40.3719999348,315,147128.7031250000,194366.9531250000,174410.3125000000,148310.9375000000,119968.0078125000,151989.8593750000,133640.9687500000,144650.7187500000,,,
40.3759999347,315,147017.3750000000,194202.7656250000,174585.2500000000,148149.0156250000,119867.3750000000,151898.4531250000,133544.3125000000,144582.4843750000,,,
40.3799999347,315,146688.6562500000,194600.0781250000,172984.7031250000,147649.8281250000,119565.0625000000,151607.3281250000,133245.4531250000,144311.3437500000,,,
40.3839999347,315,146599.4218750000,195070.0625000000,171962.9062500000,147527.1718750000,119476.0703125000,151520.0781250000,133155.5781250000,144221.8281250000,,,
40.3879999348,315,146859.1718750000,194949.3125000000,172836.4531250000,147924.4687500000,119712.5546875000,151753.1875000000,133385.4218750000,144421.7656250000,,,
40.3919999348,315,147112.6718750000,194376.2031250000,174386.4218750000,148303.6562500000,119947.8125000000,151988.9843750000,133616.8906250000,144643.1562500000,,,
40.3959999348,315,147006.8281250000,194209.7500000000,174570.1562500000,148141.3750000000,119851.6015625000,151897.8125000000,133524.8593750000,144579.4062500000,,,
40.3999999347,315,146678.0156250000,194594.9843750000,172967.2031250000,147636.7500000000,119550.3906250000,151604.2968750000,133232.7656250000,144306.3750000000,,,
40.4039999347,315,146580.5937500000,195058.0781250000,171931.8281250000,147503.2031250000,119456.4296875000,151510.3906250000,133142.5625000000,144207.7343750000,,,
40.4079999349,315,146843.3125000000,194943.1406250000,172798.9531250000,147900.2656250000,119699.2031250000,151741.1093750000,133374.2031250000,144407.5468750000,,,
40.4119999348,315,147109.2812500000,194371.6093750000,174359.5156250000,148292.0625000000,119947.7031250000,151985.2031250000,133618.2343750000,144640.9062500000,,,
40.4159999348,315,147001.5937500000,194207.7343750000,174554.9218750000,148126.4375000000,119848.1953125000,151893.8437500000,133527.9218750000,144577.7968750000,,,
40.4199999347,315,146670.5312500000,194603.2968750000,172962.6250000000,147620.1718750000,119543.5000000000,151598.6093750000,133230.3593750000,144304.3906250000,,,
40.4239999347,315,146574.6406250000,195077.4687500000,171923.6093750000,147491.7500000000,119451.5546875000,151506.8437500000,133138.1875000000,144206.1250000000,,,
40.4279999346,315,146833.1875000000,194964.8593750000,172779.6093750000,147881.8125000000,119689.2500000000,151736.6406250000,133371.0937500000,144404.7031250000,,,
40.4319999348,315,147096.3125000000,194386.2031250000,174336.7500000000,148271.5156250000,119934.4296875000,151978.6250000000,133613.4062500000,144634.5937500000,,,
40.4359999348,315,146998.1093750000,194215.0000000000,174551.1250000000,148120.7187500000,119845.2734375000,151896.5468750000,133529.3437500000,144577.4218750000,,,
40.4399999348,315,146671.7343750000,194608.0000000000,172971.7343750000,147620.2812500000,119548.0546875000,151604.0000000000,133237.1093750000,144307.1562500000,,,
40.4439999347,315,146574.5156250000,195085.7812500000,171926.5156250000,147486.5468750000,119456.9140625000,151507.3593750000,133145.3593750000,144205.3437500000,,,
40.4479999347,316,146831.7656250000,194968.6718750000,172776.8750000000,147883.4531250000,119695.2265625000,151733.6875000000,133378.4375000000,144397.5000000000,,,
40.4519999346,316,147097.5468750000,194376.6562500000,174335.8593750000,148280.3906250000,119944.0625000000,151975.5625000000,133624.1250000000,144625.3437500000,,,
40.4559999346,316,146994.7343750000,194200.7812500000,174563.8125000000,148131.9531250000,119850.1796875000,151885.9843750000,133533.5468750000,144562.9843750000,,,
40.4599999345,316,146668.6562500000,194606.2500000000,172994.0312500000,147628.7187500000,119549.3750000000,151592.6875000000,133235.8281250000,144290.3593750000,,,
40.4639999345,316,146577.7343750000,195098.5156250000,171943.2500000000,147496.8593750000,119460.1328125000,151506.0937500000,133147.1250000000,144199.8750000000,,,
40.4679999345,316,146839.2656250000,194986.0781250000,172779.4062500000,147894.7187500000,119700.4296875000,151742.2187500000,133382.8906250000,144403.9375000000,,,
40.4719999346,316,147105.2656250000,194383.3593750000,174335.5625000000,148291.4218750000,119947.1406250000,151984.1562500000,133625.6562500000,144637.3593750000,,,
40.4759999346,316,147009.1093750000,194198.9062500000,174574.5468750000,148150.0156250000,119857.5546875000,151895.6406250000,133537.7031250000,144579.8281250000,,,
40.4799999346,316,146681.6875000000,194612.6406250000,173011.9531250000,147644.7968750000,119556.1562500000,151600.1406250000,133238.2343750000,144308.9843750000,,,
40.4839999345,316,146586.3437500000,195117.7187500000,171953.4375000000,147506.2031250000,119464.6953125000,151510.0625000000,133146.7187500000,144217.8437500000,,,
40.4879999345,316,146841.5156250000,195006.6562500000,172779.7187500000,147893.1406250000,119699.5234375000,151740.3593750000,133377.5000000000,144414.9218750000,,,
40.4919999347,316,147108.8906250000,194389.3906250000,174338.2187500000,148291.2500000000,119949.2109375000,151986.8281250000,133627.1562500000,144647.4218750000,,,
40.4959999346,316,147011.8750000000,194195.6875000000,174591.6406250000,148146.7656250000,119860.8046875000,151903.0156250000,133544.6250000000,144592.2968750000,,,
40.4999999346,316,146681.7500000000,194619.9375000000,173038.4531250000,147640.0156250000,119555.1406250000,151605.8750000000,133243.6875000000,144318.3125000000,,,
40.5039999345,316,146582.2343750000,195145.9375000000,171970.4687500000,147496.6562500000,119456.4609375000,151506.5000000000,133146.0468750000,144215.6718750000,,,
40.5079999345,316,146841.2500000000,195032.9062500000,172782.1562500000,147881.6875000000,119696.4140625000,151738.7343750000,133378.1718750000,144412.3750000000,,,
40.5119999344,316,147113.9218750000,194399.7187500000,174337.1250000000,148278.7031250000,119953.4218750000,151991.5000000000,133627.7031250000,144650.9843750000,,,
40.5159999346,316,147023.6718750000,194197.2656250000,174602.9062500000,148144.3750000000,119873.0625000000,151916.3437500000,133552.6562500000,144603.0000000000,,,
40.5199999346,316,146689.6562500000,194625.4062500000,173056.5000000000,147638.8125000000,119566.4062500000,151615.7968750000,133254.6093750000,144325.6875000000,,,
40.5239999346,316,146584.3750000000,195153.7656250000,171979.8125000000,147490.9687500000,119465.0937500000,151513.4687500000,133155.6250000000,144219.5781250000,,,
40.5279999345,316,146839.8593750000,195045.8750000000,172785.6718750000,147878.7656250000,119701.6953125000,151743.3437500000,133383.7500000000,144412.1406250000,,,
40.5319999345,316,147110.8125000000,194398.0000000000,174337.2187500000,148284.7656250000,119955.5937500000,151993.1562500000,133629.3281250000,144643.8750000000,,,
40.5359999347,316,147015.5937500000,194173.7500000000,174604.0468750000,148145.8750000000,119868.0703125000,151906.2656250000,133539.2656250000,144586.4843750000,,,
40.5399999346,316,146681.6875000000,194603.5781250000,173065.7500000000,147636.6875000000,119561.1718750000,151605.7968750000,133244.2187500000,144309.5781250000,,,
40.5439999346,316,146570.8125000000,195150.0156250000,171983.1093750000,147484.4531250000,119455.6562500000,151499.8281250000,133152.1718750000,144199.3125000000,,,
40.5479999345,316,146833.8437500000,195046.8281250000,172779.5937500000,147882.0781250000,119695.6875000000,151726.9218750000,133379.2500000000,144397.5000000000,,,
40.5519999345,316,147113.8437500000,194385.7031250000,174332.7187500000,148295.9843750000,119955.2968750000,151981.5781250000,133628.2343750000,144638.3593750000,,,
40.5559999344,316,147025.7031250000,194159.7500000000,174619.8750000000,148164.0625000000,119874.2968750000,151908.8593750000,133555.2812500000,144592.8906250000,,,
40.5599999346,316,146693.5468750000,194615.0000000000,173093.9375000000,147660.8281250000,119566.1328125000,151611.5937500000,133258.9218750000,144325.2031250000,,,
40.5639999346,316,146578.8281250000,195181.3125000000,171995.9218750000,147497.9687500000,119453.4843750000,151504.3593750000,133147.0468750000,144213.0625000000,,,
40.5679999345,316,146842.1406250000,195069.1562500000,172775.6250000000,147890.5156250000,119695.5546875000,151741.8593750000,133377.1875000000,144409.9375000000,,,
40.5719999345,316,147125.3750000000,194382.6875000000,174328.9062500000,148310.4375000000,119961.8984375000,152004.4062500000,133638.3125000000,144654.4531250000,,,
40.5759999345,317,147032.3906250000,194144.9687500000,174624.3281250000,148177.2031250000,119875.5312500000,151925.9531250000,133562.5156250000,144605.0937500000,,,
40.5799999344,317,146692.2812500000,194609.2500000000,173102.9843750000,147663.9218750000,119557.5546875000,151616.9531250000,133256.0312500000,144326.5156250000,,,
40.5839999344,317,146580.1718750000,195193.2500000000,172000.6250000000,147501.9687500000,119448.6015625000,151506.2656250000,133146.8281250000,144213.7343750000,,,
40.5879999343,317,146833.3906250000,195083.2812500000,172764.4375000000,147880.2656250000,119684.6640625000,151730.8125000000,133373.8281250000,144401.2500000000,,,
40.5919999343,317,147109.3437500000,194381.2968750000,174308.0937500000,148288.3281250000,119945.6171875000,151984.5000000000,133629.8437500000,144639.2968750000,,,
40.5959999342,317,147022.3593750000,194127.4843750000,174613.5937500000,148164.5156250000,119866.6250000000,151907.4062500000,133555.8125000000,144595.0937500000,,,
40.5999999344,317,146688.9843750000,194604.0000000000,173106.2031250000,147661.1718750000,119560.8750000000,151606.2187500000,133256.7968750000,144325.7968750000,,,
40.6039999344,317,146574.1093750000,195209.5312500000,172002.5000000000,147491.1875000000,119453.1328125000,151498.1875000000,133147.3906250000,144212.8437500000,,,
40.6079999343,317,146838.1718750000,195101.2500000000,172760.3281250000,147880.0781250000,119697.3750000000,151738.1875000000,133385.6093750000,144411.2031250000,,,
40.6119999343,317,147122.6718750000,194376.6093750000,174304.9062500000,148290.2656250000,119965.5156250000,152000.8281250000,133651.5468750000,144653.9062500000,,,
40.6159999343,317,147033.3593750000,194113.5312500000,174625.6718750000,148157.1406250000,119886.6093750000,151921.7656250000,133576.8125000000,144604.4531250000,,,
40.6199999345,317,146693.3281250000,194595.9218750000,173125.3750000000,147649.9687500000,119575.5468750000,151615.1562500000,133268.8750000000,144325.3906250000,,,
40.6239999344,317,146579.2031250000,195214.8437500000,172015.7968750000,147488.0156250000,119466.9218750000,151504.8906250000,133159.5156250000,144208.0000000000,,,
40.6279999344,317,146834.9531250000,195107.4843750000,172762.1562500000,147871.5468750000,119701.5625000000,151730.2031250000,133388.0937500000,144393.9062500000,,,
40.6319999343,317,147117.5468750000,194368.5000000000,174300.0781250000,148288.3281250000,119963.5546875000,151990.1093750000,133648.8906250000,144635.9687500000,,,
40.6359999343,317,147030.0312500000,194087.5937500000,174623.6406250000,148169.6718750000,119880.3046875000,151916.2656250000,133573.3281250000,144595.0625000000,,,
40.6399999342,317,146679.3906250000,194586.2500000000,173126.3906250000,147653.2968750000,119551.3593750000,151599.7812500000,133250.1250000000,144313.2187500000,,,
40.6439999344,317,146557.3437500000,195231.0000000000,172002.9218750000,147485.7343750000,119431.2968750000,151481.6875000000,133129.2968750000,144196.3593750000,,,
40.6479999344,317,146813.7812500000,195128.5312500000,172729.8125000000,147869.8281250000,119666.5312500000,151708.0625000000,133355.3750000000,144384.3437500000,,,
40.6519999343,317,147097.2500000000,194367.8906250000,174261.7968750000,148287.6875000000,119931.2109375000,151967.3593750000,133613.8593750000,144622.6093750000,,,
40.6559999343,317,147014.4375000000,194074.5000000000,174601.1875000000,148177.6093750000,119857.3671875000,151899.2500000000,133547.0781250000,144584.4218750000,,,
40.6599999343,317,146671.7968750000,194590.2656250000,173120.8125000000,147672.0156250000,119540.7343750000,151591.8750000000,133240.6562500000,144308.7968750000,,,
40.6639999344,317,146556.4062500000,195264.5156250000,171996.1718750000,147507.4062500000,119429.3125000000,151478.4218750000,133129.5625000000,144193.2656250000,,,
40.6679999344,317,146815.9687500000,195167.8281250000,172716.6093750000,147886.9062500000,119669.7734375000,151709.8906250000,133358.7500000000,144382.1250000000,,,
40.6719999344,317,147108.4062500000,194375.3906250000,174247.0781250000,148312.9843750000,119944.4609375000,151980.4687500000,133628.1875000000,144629.6718750000,,,
40.6759999343,317,147026.8125000000,194058.8750000000,174596.1718750000,148196.7968750000,119870.4062500000,151911.1718750000,133563.0625000000,144593.0000000000,,,
40.6799999343,317,146683.2187500000,194582.5625000000,173125.8281250000,147677.7343750000,119553.3984375000,151600.5625000000,133254.8125000000,144318.4687500000,,,
40.6839999342,317,146557.5000000000,195286.3750000000,171999.8125000000,147492.0312500000,119435.2734375000,151481.9062500000,133137.7343750000,144198.2343750000,,,
40.6879999344,317,146820.8437500000,195191.0312500000,172712.7187500000,147872.5625000000,119682.9218750000,151719.0468750000,133373.5312500000,144391.0312500000,,,
40.6919999344,317,147118.1406250000,194375.6406250000,174245.0156250000,148296.0312500000,119964.1250000000,151991.7343750000,133645.7187500000,144640.4218750000,,,
40.6959999343,317,147043.0937500000,194036.1562500000,174608.8593750000,148184.6406250000,119898.4062500000,151928.3906250000,133587.1093750000,144606.7031250000,,,
40.6999999343,317,146695.6093750000,194580.6875000000,173154.5312500000,147658.5468750000,119579.1718750000,151617.7343750000,133278.8437500000,144331.5312500000,33029,40.7025732326,0.0000000000
40.7039999343,318,146564.9375000000,195313.5312500000,172022.0468750000,147469.1875000000,119455.3906250000,151491.2343750000,133153.8125000000,144205.7968750000,,,
40.7079999342,318,146818.7812500000,195225.0625000000,172718.9375000000,147842.1406250000,119690.2109375000,151715.1250000000,133375.8437500000,144387.0937500000,,,
40.7119999342,318,147124.4218750000,194375.3125000000,174243.1406250000,148279.7968750000,119977.8046875000,151996.1406250000,133652.0781250000,144642.0312500000,,,
40.7159999341,318,147044.9375000000,194008.1250000000,174608.5000000000,148170.6718750000,119904.3906250000,151926.8906250000,133584.4843750000,144607.3750000000,,,
40.7199999341,318,146695.2812500000,194567.8125000000,173161.0000000000,147662.0625000000,119578.9843750000,151607.5937500000,133269.2812500000,144328.4531250000,,,
40.7239999340,318,146564.3906250000,195337.0781250000,172027.3281250000,147480.2343750000,119451.0703125000,151481.1250000000,133142.0781250000,144202.7656250000,,,
40.7279999342,318,146816.4687500000,195250.2031250000,172711.4531250000,147861.5156250000,119685.6250000000,151713.5156250000,133366.2343750000,144386.7968750000,,,
40.7319999342,318,147112.9687500000,194366.1406250000,174222.8593750000,148300.8281250000,119966.0546875000,151995.6250000000,133642.8281250000,144640.4687500000,,,
40.7359999341,318,147038.3437500000,193982.3750000000,174603.0937500000,148202.0156250000,119895.8828125000,151935.9843750000,133583.3906250000,144613.6250000000,,,
40.7399999341,318,146684.9375000000,194558.0000000000,173165.9843750000,147686.2343750000,119564.3359375000,151616.8750000000,133263.1093750000,144333.0468750000,,,
40.7439999341,318,146549.9375000000,195345.6562500000,172021.7031250000,147496.6562500000,119432.0234375000,151484.4843750000,133131.2968750000,144202.7968750000,,,
40.7479999342,318,146804.9375000000,195267.5468750000,172693.7343750000,147866.4687500000,119666.6875000000,151710.2968750000,133353.3906250000,144384.9062500000,,,
40.7519999342,318,147111.4375000000,194365.9843750000,174203.9531250000,148308.7656250000,119954.7890625000,151992.4687500000,133635.4218750000,144639.8906250000,,,
40.7559999342,318,147043.6875000000,193964.3437500000,174593.8125000000,148213.6093750000,119890.4375000000,151933.0468750000,133581.2500000000,144616.1718750000,,,
40.7599999341,318,146692.3906250000,194547.4531250000,173166.9531250000,147695.7031250000,119563.2656250000,151612.5312500000,133261.4218750000,144338.1875000000,,,
40.7639999341,318,146558.6250000000,195367.2500000000,172023.0468750000,147498.5312500000,119435.1875000000,151484.9062500000,133130.3593750000,144212.3125000000,,,
40.7679999340,318,146816.0468750000,195294.5156250000,172689.8593750000,147863.7343750000,119675.4609375000,151716.9218750000,133359.4843750000,144397.4375000000,,,
40.7719999342,318,147123.3125000000,194370.1406250000,174199.4687500000,148299.2031250000,119966.9921875000,152002.2812500000,133645.2187500000,144655.2812500000,,,
40.7759999342,318,147052.3437500000,193950.1093750000,174600.1406250000,148196.6093750000,119904.7890625000,151946.7343750000,133591.3750000000,144631.4062500000,,,
40.7799999341,318,146697.6562500000,194546.3906250000,173185.4062500000,147664.9843750000,119575.4453125000,151628.0625000000,133271.3593750000,144351.1250000000,,,
40.7839999341,318,146562.5781250000,195392.4687500000,172037.0937500000,147468.1093750000,119447.7421875000,151495.3750000000,133141.6875000000,144221.3593750000,,,
40.7879999341,318,146821.1718750000,195329.1875000000,172694.2343750000,147844.7500000000,119691.3437500000,151724.1562500000,133373.7500000000,144405.0000000000,,,
40.7919999342,318,147134.4531250000,194384.7031250000,174202.1718750000,148289.4843750000,119988.7968750000,152013.8437500000,133662.1093750000,144663.4687500000,,,
40.7959999342,318,147064.6250000000,193938.2812500000,174610.9218750000,148195.5000000000,119925.5781250000,151955.6875000000,133604.1562500000,144637.5000000000,,,
40.7999999342,318,146703.5156250000,194545.4218750000,173207.1562500000,147674.9375000000,119588.8515625000,151629.4062500000,133278.7187500000,144352.6406250000,,,
40.8039999341,318,146555.7343750000,195417.9687500000,172048.7968750000,147469.6406250000,119444.8437500000,151488.0468750000,133137.6093750000,144212.1562500000,,,
40.8079999341,318,146811.9062500000,195361.8125000000,172688.5000000000,147841.6093750000,119679.4843750000,151718.4531250000,133363.3125000000,144392.7500000000,,,
40.8119999340,318,147130.6875000000,194390.4687500000,174189.0937500000,148296.2500000000,119976.3828125000,152010.8593750000,133652.7812500000,144655.9218750000,,,
40.8159999342,318,147063.1875000000,193924.0312500000,174606.9531250000,148208.3437500000,119913.4531250000,151948.0468750000,133593.9531250000,144630.2031250000,,,
40.8199999342,318,146704.6250000000,194546.5000000000,173213.0000000000,147684.1718750000,119581.3437500000,151618.0781250000,133268.6875000000,144347.9218750000,,,
40.8239999341,318,146560.3125000000,195455.8906250000,172058.3750000000,147481.5781250000,119445.4921875000,151475.5000000000,133133.0937500000,144211.9062500000,,,
40.8279999341,318,146820.8125000000,195408.0156250000,172694.6718750000,147856.9218750000,119690.1093750000,151710.2187500000,133365.5156250000,144398.2500000000,,,
40.8319999340,319,147134.7656250000,194399.1093750000,174187.0468750000,148306.7031250000,119985.5781250000,152001.3906250000,133652.6406250000,144655.2343750000,,,
40.8359999340,319,147063.0937500000,193889.9218750000,174609.7656250000,148217.2343750000,119917.3203125000,151940.7031250000,133597.2343750000,144626.6406250000,,,
40.8399999340,319,146688.7656250000,194528.7187500000,173225.9062500000,147689.9375000000,119564.7421875000,151602.8750000000,133262.6250000000,144335.5312500000,,,
40.8439999339,319,146532.7812500000,195480.0625000000,172062.0468750000,147472.1875000000,119414.6718750000,151458.3281250000,133119.4218750000,144192.9687500000,,,
40.8479999339,319,146793.7812500000,195435.3750000000,172676.2343750000,147848.2343750000,119658.0000000000,151692.1718750000,133350.9531250000,144376.5781250000,,,
40.8519999338,319,147114.3906250000,194384.6562500000,174157.9687500000,148300.5937500000,119960.5546875000,151990.1093750000,133643.9843750000,144637.7187500000,,,
40.8559999340,319,147049.9375000000,193839.9531250000,174591.0156250000,148215.9687500000,119901.8437500000,151938.5312500000,133590.1406250000,144614.7031250000,,,
40.8599999340,319,146679.8437500000,194493.9687500000,173225.1250000000,147685.9687500000,119554.5781250000,151601.0468750000,133252.9062500000,144328.0000000000,,,
40.8639999339,319,146518.8593750000,195497.3593750000,172064.0312500000,147463.3906250000,119399.7812500000,151447.5468750000,133100.6718750000,144180.9375000000,,,
40.8679999339,319,146783.7187500000,195478.1562500000,172677.7500000000,147837.4531250000,119649.5781250000,151688.7500000000,133339.8437500000,144367.5937500000,,,
40.8719999339,319,147113.5312500000,194386.9218750000,174158.3750000000,148300.3437500000,119964.1250000000,151997.2187500000,133643.8437500000,144634.7656250000,,,
40.8759999340,319,147046.0625000000,193806.6093750000,174600.2500000000,148211.6250000000,119901.9453125000,151939.3593750000,133585.2656250000,144610.6250000000,,,
40.8799999340,319,146672.4843750000,194474.5000000000,173246.7812500000,147676.5000000000,119550.7968750000,151603.5468750000,133246.1562500000,144323.5937500000,,,
40.8839999340,319,146509.8906250000,195522.8750000000,172088.4375000000,147450.4687500000,119391.3359375000,151449.8593750000,133092.6250000000,144177.6250000000,,,
40.8879999339,319,146766.3437500000,195513.8593750000,172684.6406250000,147815.6718750000,119628.2578125000,151680.5156250000,133319.9218750000,144355.9531250000,,,
40.8919999339,319,147101.8593750000,194387.3593750000,174152.0468750000,148284.9062500000,119945.2421875000,151993.8593750000,133628.3750000000,144626.6562500000,,,
40.8959999338,319,147045.2656250000,193767.6093750000,174598.5781250000,148211.1718750000,119894.5156250000,151944.2656250000,133579.8437500000,144611.6093750000,,,
40.8999999340,319,146670.1875000000,194445.7187500000,173255.5937500000,147682.4687500000,119546.6093750000,151600.7812500000,133239.9375000000,144323.8593750000,,,
40.9039999340,319,146500.1250000000,195532.2343750000,172094.0156250000,147447.0781250000,119386.8046875000,151439.4531250000,133085.3593750000,144171.9218750000,,,
40.9079999339,319,146766.6875000000,195532.6406250000,172685.6250000000,147813.1875000000,119639.1718750000,151678.5312500000,133321.9531250000,144359.7500000000,,,
40.9119999339,319,147111.8906250000,194368.0156250000,174151.3437500000,148283.8281250000,119966.7265625000,151995.4218750000,133636.0937500000,144637.8750000000,,,
40.9159999338,319,147061.2031250000,193709.3437500000,174607.7500000000,148218.1093750000,119916.6718750000,151946.9687500000,133590.1406250000,144627.8125000000,,,
40.9199999340,319,146682.7656250000,194395.4062500000,173279.3906250000,147681.4843750000,119559.2968750000,151600.8593750000,133249.2187500000,144337.3593750000,,,
40.9239999340,319,146515.0937500000,195525.5312500000,172124.7187500000,147452.5625000000,119398.0937500000,151441.1406250000,133095.2500000000,144186.5625000000,,,
40.9279999339,319,146783.0781250000,195548.1718750000,172713.9843750000,147820.7968750000,119650.2734375000,151681.7031250000,133335.9218750000,144372.6093750000,,,
40.9319999339,319,147126.1093750000,194366.7812500000,174177.3906250000,148295.0625000000,119978.5234375000,152002.7656250000,133652.9843750000,144648.7343750000,,,
40.9359999339,319,147071.3281250000,193683.0937500000,174636.6875000000,148228.7812500000,119931.9921875000,151959.4218750000,133613.7031250000,144638.4062500000,,,
40.9399999338,319,146693.7031250000,194387.4687500000,173317.9843750000,147701.1718750000,119580.8359375000,151619.3906250000,133279.7968750000,144355.2187500000,,,
40.9439999340,319,146519.2031250000,195551.4375000000,172156.1562500000,147465.1562500000,119412.6562500000,151451.9687500000,133116.0937500000,144198.9218750000,,,
40.9479999340,319,146771.1406250000,195591.2343750000,172722.2343750000,147823.9062500000,119644.2109375000,151677.0156250000,133334.0781250000,144366.9375000000,,,
40.9519999339,319,147111.8281250000,194381.3281250000,174165.6250000000,148293.0312500000,119965.8125000000,151995.7343750000,133641.7031250000,144634.7656250000,,,
40.9559999339,319,147059.7968750000,193658.5468750000,174623.5781250000,148226.5625000000,119917.7500000000,151952.7343750000,133599.9375000000,144621.5156250000,,,
40.9599999338,320,146674.6875000000,194356.6718750000,173308.9218750000,147692.7187500000,119558.0078125000,151601.7500000000,133254.9531250000,144329.3906250000,,,
40.9639999338,320,146493.9843750000,195550.6093750000,172142.5312500000,147450.3281250000,119382.6171875000,151429.6875000000,133085.3750000000,144169.4218750000,,,
40.9679999338,320,146754.2187500000,195607.5468750000,172703.7812500000,147810.1250000000,119623.4296875000,151663.2812500000,133312.3281250000,144347.0937500000,,,
40.9719999337,320,147104.0000000000,194372.8281250000,174146.3125000000,148290.4531250000,119955.4062500000,151990.9375000000,133633.4687500000,144625.5312500000,,,
40.9759999337,320,147061.2968750000,193622.2343750000,174618.2656250000,148234.1250000000,119915.8437500000,151956.5000000000,133601.0625000000,144622.8281250000,,,
40.9799999336,320,146680.8593750000,194331.0000000000,173316.7187500000,147699.0312500000,119555.7578125000,151609.6562500000,133253.4843750000,144335.0312500000,,,
40.9839999338,320,146498.7968750000,195566.7812500000,172152.0000000000,147449.4531250000,119378.6718750000,151437.2187500000,133079.7500000000,144175.9375000000,,,
40.9879999338,320,146761.5937500000,195640.1875000000,172707.2968750000,147811.2968750000,119623.1328125000,151667.7343750000,133311.2031250000,144354.5312500000,,,
40.9919999337,320,147119.5000000000,194376.6093750000,174146.6875000000,148294.0781250000,119964.0390625000,151998.2812500000,133640.7656250000,144636.8593750000,,,
40.9959999337,320,147070.9531250000,193594.5468750000,174621.2656250000,148233.3281250000,119919.4609375000,151960.7343750000,133599.5625000000,144627.2187500000,,,
40.9999999336,320,146685.4375000000,194322.3906250000,173334.2343750000,147700.4218750000,119557.8984375000,151607.1406250000,133251.0312500000,144336.5468750000,,,
41.0039999338,320,146504.5000000000,195601.8437500000,172168.2812500000,147455.6406250000,119385.1953125000,151431.4531250000,133084.1718750000,144176.9687500000,,,
41.0079999338,320,146768.5937500000,195686.1718750000,172712.6718750000,147813.1562500000,119635.0156250000,151668.6406250000,133319.8281250000,144356.1406250000,,,
41.0119999337,320,147121.1406250000,194392.0000000000,174145.3437500000,148292.7343750000,119971.8437500000,151994.1875000000,133646.5000000000,144632.0468750000,,,
41.0159999337,320,147079.1718750000,193573.8750000000,174629.7968750000,148238.5781250000,119933.1953125000,151958.4843750000,133617.2343750000,144631.8125000000,,,
41.0199999337,320,146691.1250000000,194315.4218750000,173354.7343750000,147699.1875000000,119571.0468750000,151607.8281250000,133270.0781250000,144345.8125000000,,,
41.0239999336,320,146494.7968750000,195627.9531250000,172182.5468750000,147439.6562500000,119385.7578125000,151426.9218750000,133090.3437500000,144176.4218750000,,,
41.0279999338,320,146752.6406250000,195727.3906250000,172710.7656250000,147795.5312500000,119628.6328125000,151661.4062500000,133319.9375000000,144348.5625000000,,,
41.0319999338,320,147116.0000000000,194392.4843750000,174131.8437500000,148286.5156250000,119974.7734375000,152003.7343750000,133655.0625000000,144636.4843750000,,,
41.0359999337,320,147075.4843750000,193532.7812500000,174619.6875000000,148238.6562500000,119937.1093750000,151973.1562500000,133626.4843750000,144638.4062500000,,,
41.0399999337,320,146686.1093750000,194285.5937500000,173356.2343750000,147705.2812500000,119570.1875000000,151615.7500000000,133275.5468750000,144347.2500000000,,,
41.0439999336,320,146489.6093750000,195649.5468750000,172185.0000000000,147444.0312500000,119380.2578125000,151426.8906250000,133091.2031250000,144174.0156250000,,,
41.0479999338,320,146752.3593750000,195767.4375000000,172703.8750000000,147801.7812500000,119624.8750000000,151660.1718750000,133321.4375000000,144348.0937500000,,,
41.0519999338,320,147119.2656250000,194392.5312500000,174111.2968750000,148295.3593750000,119972.5703125000,152000.0781250000,133653.1718750000,144633.1250000000,,,
41.0559999337,320,147086.1406250000,193493.9375000000,174604.8906250000,148242.0625000000,119940.4609375000,151972.6406250000,133627.5312500000,144641.2812500000,,,
41.0599999337,320,146691.3437500000,194262.1250000000,173357.1250000000,147700.7968750000,119567.1015625000,151613.0312500000,133269.7500000000,144350.8437500000,,,
41.0639999337,320,146490.6093750000,195675.6250000000,172188.1093750000,147430.6093750000,119371.7578125000,151421.7187500000,133077.9062500000,144176.4531250000,,,
41.0679999336,320,146757.1718750000,195807.2656250000,172696.6875000000,147793.7812500000,119620.1250000000,151656.1718750000,133310.6406250000,144350.2343750000,,,
41.0719999338,320,147130.8750000000,194396.5781250000,174097.7812500000,148294.3437500000,119975.2812500000,152001.2656250000,133651.5156250000,144636.8750000000,,,
41.0759999338,320,147095.6093750000,193452.4531250000,174595.6562500000,148254.8593750000,119942.1250000000,151973.1250000000,133623.0625000000,144640.5000000000,,,
41.0799999337,320,146697.8906250000,194227.2812500000,173358.8906250000,147716.2968750000,119565.8671875000,151607.7500000000,133261.9843750000,144347.8750000000,,,
41.0839999337,320,146499.8906250000,195681.2343750000,172193.9531250000,147451.8125000000,119374.3046875000,151416.2968750000,133074.7812500000,144178.8437500000,,,
41.0879999336,321,146763.8750000000,195833.1718750000,172693.9218750000,147802.8281250000,119620.1796875000,151652.6093750000,133303.5000000000,144354.1718750000,,,
41.0919999336,321,147140.5312500000,194397.8750000000,174085.8750000000,148297.5000000000,119978.7109375000,152003.1718750000,133645.4062500000,144645.8125000000,,,
41.0959999335,321,147110.2500000000,193426.2968750000,174590.3125000000,148258.0781250000,119951.6484375000,151979.6093750000,133622.7343750000,144655.2500000000,,,
41.0999999335,321,146714.9218750000,194206.2500000000,173369.9687500000,147718.1562500000,119582.5781250000,151617.5468750000,133268.9062500000,144366.4062500000,,,
41.1039999335,321,146509.9531250000,195704.9687500000,172211.7656250000,147446.5000000000,119389.0546875000,151418.3125000000,133079.3750000000,144191.7187500000,,,
41.1079999334,321,146770.6093750000,195878.9062500000,172703.1250000000,147796.2031250000,119637.2656250000,151651.3906250000,133312.5937500000,144359.4062500000,,,
41.1119999336,321,147151.9687500000,194410.6093750000,174089.6250000000,148300.0312500000,120004.0859375000,152009.9218750000,133662.4843750000,144651.7343750000,,,
41.1159999336,321,147121.6250000000,193399.7500000000,174601.7500000000,148260.6562500000,119974.7187500000,151985.9218750000,133641.2187500000,144661.3125000000,,,
41.1199999335,321,146716.8750000000,194195.7968750000,173392.2031250000,147716.5156250000,119590.5703125000,151613.5781250000,133276.2500000000,144366.1406250000,,,
41.1239999335,321,146498.8125000000,195728.4687500000,172224.1562500000,147430.7031250000,119380.7421875000,151413.5156250000,133077.4218750000,144181.8437500000,,,
41.1279999334,321,146751.2656250000,195911.4687500000,172696.8906250000,147775.0625000000,119620.2656250000,151646.5468750000,133306.9531250000,144345.8906250000,,,
41.1319999336,321,147135.6562500000,194409.7343750000,174070.3125000000,148289.1406250000,119987.8593750000,152010.8906250000,133660.5625000000,144643.5625000000,,,
41.1359999336,321,147107.8906250000,193357.9218750000,174582.0312500000,148262.0000000000,119960.4453125000,151992.0625000000,133642.9062500000,144655.3281250000,,,
41.1399999335,321,146701.0000000000,194155.9843750000,173383.1875000000,147718.7187500000,119573.5078125000,151618.5937500000,133273.8281250000,144359.2187500000,,,
41.1439999335,321,146481.8125000000,195733.7187500000,172219.7812500000,147435.2031250000,119364.0312500000,151409.5937500000,133072.2187500000,144173.5312500000,,,
41.1479999335,321,146744.5625000000,195939.5000000000,172687.1093750000,147788.6093750000,119613.5546875000,151649.1718750000,133310.6093750000,144344.0312500000,,,
41.1519999334,321,147132.8437500000,194413.5937500000,174056.7187500000,148300.6250000000,119985.3125000000,152011.0312500000,133665.8437500000,144639.1562500000,,,
41.1559999336,321,147102.8437500000,193331.8750000000,174578.7031250000,148268.1875000000,119957.5468750000,151989.8281250000,133642.6718750000,144646.5937500000,,,
41.1599999336,321,146691.9687500000,194129.8906250000,173386.9531250000,147714.5312500000,119566.6953125000,151613.7031250000,133277.2656250000,144348.0312500000,,,
41.1639999335,321,146467.6250000000,195740.2187500000,172221.3125000000,147425.4375000000,119350.5625000000,151402.0781250000,133071.7500000000,144161.1875000000,,,
41.1679999335,321,146730.7187500000,195960.9531250000,172679.4062500000,147775.3281250000,119599.7187500000,151643.0781250000,133306.6406250000,144333.2812500000,,,
41.1719999334,321,147123.3750000000,194414.8750000000,174039.0781250000,148289.2656250000,119976.0546875000,152010.5625000000,133665.7812500000,144632.9062500000,,,
41.1759999336,321,147106.7187500000,193301.4687500000,174568.5468750000,148269.6875000000,119960.7187500000,151997.4218750000,133654.0312500000,144653.5625000000,,,
41.1799999336,321,146698.2656250000,194111.2500000000,173398.0781250000,147723.9375000000,119572.6015625000,151621.2968750000,133282.9531250000,144359.6718750000,,,
41.1839999335,321,146472.2031250000,195755.4687500000,172232.0156250000,147429.2812500000,119354.7500000000,151403.5312500000,133071.0625000000,144168.6406250000,,,
41.1879999335,321,146734.7187500000,196001.0781250000,172681.9218750000,147775.0312500000,119603.5546875000,151637.9375000000,133303.7187500000,144336.4687500000,,,
41.1919999334,321,147128.6875000000,194435.5000000000,174039.6875000000,148289.2656250000,119984.7734375000,152006.0625000000,133669.2187500000,144635.8125000000,,,
41.1959999334,321,147112.8593750000,193288.1406250000,174578.3281250000,148271.3281250000,119972.9765625000,151994.0781250000,133662.5156250000,144655.2031250000,,,
41.1999999336,321,146705.1093750000,194094.7031250000,173418.8593750000,147726.1406250000,119588.2890625000,151617.8593750000,133294.3593750000,144360.0156250000,,,
41.2039999336,321,146477.7812500000,195772.5312500000,172254.3593750000,147424.6562500000,119370.7890625000,151400.9062500000,133082.9375000000,144170.6562500000,,,
41.2079999335,321,146737.4843750000,196038.2656250000,172697.3437500000,147760.7187500000,119619.1093750000,151637.2031250000,133315.3593750000,144337.5156250000,,,
41.2119999335,321,147136.2500000000,194439.4687500000,174043.7187500000,148278.4687500000,120000.1953125000,152010.4062500000,133678.0468750000,144637.0156250000,,,
41.2159999334,322,147126.0312500000,193247.7968750000,174584.8437500000,148275.9218750000,119990.9140625000,152005.2656250000,133674.4531250000,144662.7968750000,,,
41.2199999334,322,146708.5625000000,194061.4375000000,173435.3593750000,147730.6718750000,119595.4218750000,151622.4531250000,133301.1406250000,144364.1875000000,,,
41.2239999333,322,146472.0468750000,195786.7500000000,172267.1718750000,147427.3750000000,119367.0078125000,151399.4062500000,133079.4218750000,144169.1875000000,,,
41.2279999333,322,146734.8281250000,196070.3437500000,172696.4687500000,147775.6093750000,119615.4843750000,151640.2031250000,133309.4218750000,144338.4531250000,,,
41.2319999333,322,147130.6875000000,194446.9375000000,174037.7656250000,148293.4531250000,119995.9609375000,152012.4687500000,133673.2500000000,144633.7656250000,,,
41.2359999332,322,147114.2031250000,193221.5937500000,174579.6406250000,148282.4375000000,119980.5390625000,152003.4687500000,133668.5781250000,144652.9218750000,,,
41.2399999334,322,146700.7031250000,194038.1406250000,173437.2968750000,147740.0625000000,119584.7734375000,151624.2500000000,133293.9843750000,144357.3750000000,,,
41.2439999334,322,146461.3437500000,195793.4843750000,172265.1406250000,147429.7656250000,119351.9609375000,151397.5000000000,133066.9218750000,144159.0781250000,,,
41.2479999333,322,146720.7187500000,196097.9687500000,172685.8125000000,147766.1093750000,119596.3671875000,151631.0937500000,133294.2968750000,144321.4531250000,,,
41.2519999333,322,147131.4687500000,194456.7968750000,174022.1250000000,148295.7031250000,119988.9843750000,152016.4687500000,133669.1406250000,144629.4531250000,,,
41.2559999332,322,147128.6562500000,193195.5468750000,174574.2500000000,148298.0937500000,119987.5390625000,152015.7500000000,133670.1250000000,144662.0937500000,,,
41.2599999334,322,146711.7500000000,194013.6250000000,173448.7656250000,147744.9375000000,119591.5859375000,151629.7500000000,133294.7343750000,144364.1875000000,,,
41.2639999334,322,146469.3125000000,195817.5468750000,172286.4375000000,147425.7812500000,119355.7421875000,151397.0937500000,133067.0625000000,144162.0468750000,,,
41.2679999333,322,146727.6875000000,196145.3125000000,172698.9375000000,147758.1718750000,119600.8125000000,151628.8593750000,133290.6250000000,144323.8437500000,,,
41.2719999333,322,147141.0156250000,194475.2812500000,174028.1250000000,148285.5781250000,119998.3750000000,152015.6093750000,133666.9375000000,144632.3750000000,,,
41.2759999332,322,147134.1562500000,193175.7812500000,174587.0000000000,148283.6406250000,119993.0390625000,152017.1718750000,133669.7500000000,144663.4062500000,,,
41.2799999332,322,146716.2968750000,193997.5000000000,173472.1406250000,147737.3750000000,119597.0078125000,151636.1093750000,133296.4531250000,144370.1406250000,,,
41.2839999334,322,146472.4531250000,195826.9218750000,172301.7187500000,147421.7656250000,119359.2031250000,151402.2187500000,133067.7656250000,144170.3437500000,,,
41.2879999334,322,146731.7656250000,196175.6875000000,172702.7187500000,147763.8281250000,119602.6953125000,151633.8750000000,133294.8906250000,144334.0000000000,,,
41.2919999333,322,147152.4218750000,194486.8125000000,174028.6718750000,148293.4218750000,120007.7578125000,152025.7187500000,133681.6093750000,144648.0312500000,,,
41.2959999333,322,147153.6250000000,193149.9531250000,174592.3281250000,148300.3281250000,120010.5234375000,152029.1562500000,133692.9531250000,144680.8437500000,,,
41.2999999332,322,146731.4375000000,193961.7656250000,173483.4062500000,147750.6093750000,119608.7031250000,151635.7343750000,133310.6562500000,144378.7187500000,,,
41.3039999334,322,146476.8281250000,195818.3437500000,172308.1093750000,147421.5000000000,119363.8984375000,151387.9531250000,133069.4843750000,144167.5156250000,,,
41.3079999334,322,146726.7187500000,196187.6093750000,172696.8125000000,147749.2031250000,119602.0781250000,151613.1250000000,133292.5000000000,144323.2187500000,,,
41.3119999333,322,147144.9843750000,194483.5156250000,174013.4531250000,148286.7187500000,120005.8046875000,152004.9843750000,133681.0937500000,144634.6562500000,,,
41.3159999333,322,147144.1875000000,193121.3281250000,174584.7343750000,148298.9062500000,120007.7578125000,152012.2812500000,133689.2031250000,144667.8906250000,,,
41.3199999332,322,146717.5468750000,193938.6562500000,173487.2656250000,147752.6718750000,119604.2265625000,151622.8750000000,133307.6250000000,144368.2343750000,,,
41.3239999332,322,146456.8906250000,195833.5781250000,172309.3750000000,147419.3750000000,119354.9140625000,151378.5000000000,133069.4843750000,144159.3437500000,,,
41.3279999334,322,146699.9843750000,196223.5781250000,172683.3437500000,147743.4687500000,119584.9375000000,151600.7031250000,133284.3437500000,144308.6093750000,,,
41.3319999333,322,147113.9843750000,194495.7968750000,173985.1562500000,148276.0468750000,119982.8437500000,151991.3593750000,133662.3750000000,144612.8281250000,,,
41.3359999333,322,147117.8437500000,193090.5937500000,174553.5781250000,148287.3125000000,119986.6484375000,152002.3593750000,133667.6093750000,144649.9375000000,,,
41.3399999333,322,146684.9687500000,193906.2187500000,173461.1875000000,147732.0625000000,119571.2343750000,151604.2656250000,133268.9843750000,144345.3437500000,,,
41.3439999332,323,146427.2812500000,195836.7187500000,172285.7343750000,147404.6718750000,119318.6484375000,151357.0156250000,133023.9375000000,144137.7187500000,,,
41.3479999332,323,146686.8593750000,196257.6875000000,172660.4687500000,147737.6718750000,119562.5390625000,151591.2812500000,133249.9687500000,144301.7968750000,,,
41.3519999331,323,147121.0156250000,194511.6562500000,173963.5156250000,148293.9687500000,119979.4062500000,151995.9531250000,133647.9531250000,144621.7500000000,,,
41.3559999331,323,147145.4687500000,193064.5156250000,174548.7656250000,148319.3437500000,120003.8984375000,152021.3750000000,133678.6875000000,144675.2031250000,,,
41.3599999330,323,146716.9375000000,193884.5468750000,173480.2343750000,147758.4687500000,119594.6484375000,151624.3281250000,133293.5468750000,144373.5625000000,,,
41.3639999330,323,146452.2031250000,195856.0000000000,172308.2500000000,147419.7187500000,119340.8281250000,151371.1875000000,133050.5625000000,144159.7187500000,,,
41.3679999332,323,146710.2500000000,196300.2031250000,172675.7656250000,147750.0156250000,119586.8984375000,151597.3281250000,133277.8906250000,144319.7343750000,,,
41.3719999332,323,147150.9375000000,194531.3906250000,173977.2968750000,148300.3750000000,120010.2578125000,152001.6406250000,133677.4218750000,144643.4843750000,,,
41.3759999331,323,147170.7031250000,193048.8281250000,174567.2031250000,148324.2812500000,120030.1328125000,152031.2187500000,133702.1875000000,144693.6875000000,,,
41.3799999331,323,146734.5781250000,193864.0937500000,173504.7187500000,147763.2968750000,119613.3125000000,151644.5781250000,133311.6562500000,144389.3906250000,,,
41.3839999330,323,146458.7968750000,195870.4375000000,172326.7812500000,147415.2968750000,119347.9375000000,151385.4843750000,133057.9218750000,144166.6406250000,,,
41.3879999332,323,146713.7968750000,196332.3125000000,172680.8593750000,147741.5625000000,119590.5703125000,151609.7656250000,133282.5000000000,144321.6093750000,,,
41.3919999332,323,147144.7500000000,194543.3281250000,173969.3125000000,148289.5468750000,120007.9453125000,152021.8281250000,133680.3437500000,144638.2187500000,,,
41.3959999331,323,147165.2656250000,193025.5156250000,174557.3593750000,148323.6093750000,120030.7734375000,152052.1406250000,133706.9375000000,144689.6718750000,,,
41.3999999331,323,146728.6875000000,193843.1875000000,173506.5781250000,147764.0937500000,119613.9296875000,151642.6718750000,133311.6250000000,144385.5625000000,,,
41.4039999330,323,146442.7812500000,195883.2812500000,172325.0625000000,147405.2500000000,119336.2734375000,151370.4843750000,133047.4062500000,144156.8437500000,,,
41.4079999330,323,146689.9218750000,196369.7812500000,172663.6406250000,147725.3593750000,119570.3437500000,151597.8281250000,133267.2656250000,144308.2500000000,,,
41.4119999332,323,147131.2343750000,194554.9687500000,173945.0000000000,148284.3906250000,119998.4531250000,152018.1875000000,133672.0156250000,144635.0312500000,,,
41.4159999331,323,147155.7656250000,193002.2187500000,174542.8906250000,148313.8125000000,120024.6328125000,152048.0937500000,133699.7500000000,144690.5468750000,,,
41.4199999331,323,146726.3750000000,193805.5625000000,173507.4062500000,147761.0156250000,119613.4218750000,151649.0937500000,133309.7031250000,144391.7500000000,,,
41.4239999331,323,146448.0937500000,195857.0781250000,172329.9218750000,147412.0625000000,119344.1250000000,151383.2031250000,133052.8750000000,144167.0625000000,,,
41.4279999330,323,146700.0156250000,196357.2500000000,172663.0156250000,147733.4062500000,119581.7421875000,151608.4218750000,133275.4218750000,144319.3125000000,,,
41.4319999332,323,147140.9375000000,194548.7187500000,173942.0312500000,148286.4062500000,120004.3828125000,152018.5937500000,133676.4687500000,144641.4062500000,,,
41.4359999332,323,147160.2500000000,192982.7968750000,174543.4062500000,148318.1875000000,120022.7265625000,152037.9218750000,133699.3593750000,144688.4062500000,,,
41.4399999331,323,146723.5000000000,193778.9843750000,173506.2187500000,147762.5937500000,119604.1171875000,151633.9843750000,133303.9218750000,144382.3437500000,,,
41.4439999331,323,146442.5781250000,195848.3906250000,172322.1093750000,147399.6406250000,119330.3671875000,151366.8437500000,133042.7656250000,144156.1718750000,,,
41.4479999330,323,146694.0312500000,196372.3593750000,172648.6406250000,147724.5312500000,119569.2500000000,151591.6406250000,133262.9375000000,144309.6562500000,,,
41.4519999330,323,147142.0937500000,194556.2031250000,173926.4218750000,148281.5000000000,120002.4218750000,152011.2187500000,133673.0312500000,144636.0468750000,,,
41.4559999332,323,147174.5781250000,192967.5625000000,174540.8593750000,148319.0156250000,120036.4843750000,152048.1406250000,133711.2968750000,144693.6406250000,,,
41.4599999331,323,146737.9062500000,193752.2656250000,173518.8593750000,147763.3906250000,119620.2656250000,151644.0156250000,133318.8750000000,144387.6562500000,,,
41.4639999331,323,146446.7500000000,195840.2031250000,172333.9687500000,147398.5625000000,119340.0546875000,151367.1562500000,133048.7968750000,144153.8437500000,,,
41.4679999331,323,146688.7968750000,196387.6406250000,172647.6250000000,147711.8437500000,119571.5781250000,151589.1093750000,133262.8593750000,144300.3437500000,,,
41.4719999330,324,147136.1875000000,194572.1093750000,173916.7031250000,148272.4843750000,120005.0546875000,152010.4062500000,133673.0781250000,144626.5000000000,,,
41.4759999330,324,147168.4531250000,192964.7187500000,174538.0781250000,148327.2500000000,120036.3281250000,152044.3125000000,133712.0000000000,144682.6093750000,,,
41.4799999329,324,146730.4062500000,193757.8750000000,173524.7031250000,147779.2968750000,119616.1015625000,151642.0312500000,133320.6718750000,144377.4375000000,,,
41.4839999329,324,146428.7812500000,195870.2187500000,172326.9375000000,147400.3125000000,119324.5468750000,151356.6406250000,133041.0468750000,144134.2812500000,,,
41.4879999328,324,146672.1406250000,196432.5156250000,172630.1562500000,147707.2656250000,119556.5859375000,151577.2656250000,133255.0000000000,144281.7812500000,,,
41.4919999328,324,147123.0156250000,194596.1406250000,173898.0625000000,148271.4687500000,119991.7734375000,152002.6250000000,133666.8593750000,144612.9062500000,,,
41.4959999330,324,147160.9687500000,192945.0781250000,174522.4531250000,148327.2031250000,120028.4140625000,152045.7031250000,133708.8125000000,144679.6406250000,,,
41.4999999329,324,146716.4843750000,193727.2968750000,173518.5625000000,147770.8281250000,119601.8906250000,151634.7968750000,133306.3437500000,144374.5625000000,,,
41.5039999329,324,146416.6093750000,195864.2968750000,172325.3593750000,147398.7187500000,119312.0234375000,151348.3593750000,133021.4062500000,144135.9843750000,,,
41.5079999329,324,146659.2968750000,196443.5937500000,172620.7812500000,147706.5625000000,119543.6015625000,151565.5312500000,133229.2500000000,144281.7812500000,,,
41.5119999328,324,147115.0468750000,194592.0937500000,173881.2500000000,148277.8750000000,119984.3750000000,151992.9687500000,133648.2968750000,144613.3281250000,,,
41.5159999330,324,147154.4218750000,192916.5156250000,174513.7656250000,148330.6875000000,120022.3515625000,152032.2187500000,133691.7812500000,144675.1562500000,,,
41.5199999330,324,146711.4687500000,193692.6875000000,173520.5937500000,147770.0781250000,119598.7265625000,151623.2656250000,133291.8125000000,144368.9218750000,,,
41.5239999329,324,146408.5000000000,195859.5625000000,172324.3125000000,147390.7031250000,119306.2265625000,151339.1093750000,133011.5937500000,144130.8281250000,,,
41.5279999329,324,146654.4062500000,196474.5468750000,172616.3750000000,147698.2187500000,119540.5468750000,151561.5937500000,133227.8281250000,144278.6250000000,,,
41.5319999328,324,147119.4218750000,194614.5156250000,173878.7500000000,148273.9843750000,119988.8750000000,151996.5468750000,133651.8437500000,144617.4375000000,,,
41.5359999328,324,147166.5000000000,192904.1250000000,174518.2812500000,148336.9687500000,120031.0390625000,152043.1250000000,133700.0937500000,144687.3281250000,,,
41.5399999330,324,146725.4062500000,193670.8906250000,173537.1562500000,147772.6562500000,119605.0312500000,151631.9531250000,133296.5468750000,144383.1093750000,,,
41.5439999329,324,146415.8281250000,195870.0625000000,172346.0625000000,147382.4218750000,119306.4687500000,151337.4687500000,133008.4531250000,144139.2187500000,,,
41.5479999329,324,146656.3125000000,196509.2812500000,172631.8281250000,147684.6250000000,119538.1875000000,151554.7812500000,133221.7500000000,144282.0312500000,,,
41.5519999329,324,147125.7343750000,194636.0468750000,173886.7812500000,148261.1562500000,119991.6640625000,151994.0468750000,133648.9687500000,144620.8750000000,,,
41.5559999328,324,147179.9843750000,192890.0468750000,174534.3750000000,148336.6875000000,120044.7734375000,152051.6562500000,133707.3125000000,144694.7968750000,,,
41.5599999330,324,146743.0781250000,193650.0468750000,173572.7187500000,147790.8437500000,119627.3203125000,151647.4843750000,133316.7500000000,144396.9062500000,,,
41.5639999330,324,146426.7187500000,195885.4218750000,172384.3593750000,147400.3125000000,119321.0859375000,151348.5156250000,133022.5625000000,144149.1406250000,,,
41.5679999329,324,146656.8593750000,196560.6406250000,172659.2031250000,147694.2031250000,119541.3750000000,151559.2031250000,133228.4531250000,144285.1093750000,,,
41.5719999329,324,147118.2656250000,194676.3437500000,173904.1093750000,148266.0468750000,119989.7343750000,151995.3125000000,133654.4375000000,144618.2656250000,,,
41.5759999328,324,147174.4375000000,192881.4375000000,174547.8593750000,148342.1093750000,120045.3359375000,152056.7031250000,133711.3281250000,144695.6406250000,,,
41.5799999328,324,146729.0000000000,193628.1250000000,173587.2500000000,147788.3906250000,119615.8125000000,151643.0781250000,133308.0937500000,144388.4843750000,,,
41.5839999330,324,146413.1250000000,195887.0156250000,172392.3593750000,147394.6250000000,119308.0000000000,151342.8125000000,133015.8906250000,144139.4375000000,,,
41.5879999329,324,146647.2968750000,196584.4687500000,172656.9843750000,147690.3125000000,119530.0625000000,151554.4531250000,133220.7500000000,144277.6718750000,,,
41.5919999329,324,147117.5468750000,194676.0781250000,173893.8593750000,148265.2343750000,119982.0156250000,151994.9375000000,133646.1718750000,144614.6718750000,,,
41.5959999328,324,147183.4531250000,192838.3593750000,174545.9062500000,148346.4062500000,120046.1953125000,152059.6250000000,133714.8125000000,144698.7031250000,,,
41.5999999328,325,146742.2343750000,193567.7343750000,173601.2812500000,147792.0468750000,119622.8359375000,151648.5312500000,133317.5312500000,144398.7812500000,,,
41.6039999328,325,146421.8125000000,195860.9375000000,172416.7656250000,147388.1562500000,119313.1250000000,151343.7500000000,133018.8125000000,144149.7968750000,,,
41.6079999327,325,146654.4687500000,196597.3437500000,172678.5468750000,147677.7812500000,119537.8671875000,151557.7812500000,133224.8281250000,144287.3593750000,,,
41.6119999327,325,147131.4375000000,194685.5625000000,173906.4843750000,148263.2343750000,119998.6718750000,152007.4843750000,133659.6718750000,144630.0468750000,,,
41.6159999326,325,147204.0468750000,192811.4218750000,174557.6250000000,148350.0000000000,120067.7343750000,152079.5312500000,133732.3281250000,144719.7656250000,,,
41.6199999326,325,146761.4843750000,193529.1562500000,173619.2031250000,147796.4687500000,119641.9062500000,151669.5312500000,133329.2187500000,144420.6718750000,,,
41.6239999328,325,146427.1250000000,195854.3437500000,172435.0625000000,147389.6562500000,119318.2968750000,151350.4218750000,133020.6875000000,144159.7968750000,,,
41.6279999327,325,146654.8906250000,196619.8750000000,172687.3750000000,147677.4062500000,119536.0703125000,151554.8281250000,133224.9062500000,144290.2031250000,,,
41.6319999327,325,147133.9687500000,194699.1406250000,173910.0625000000,148259.5468750000,120000.9765625000,152008.5625000000,133660.7187500000,144633.5468750000,,,
41.6359999327,325,147207.4062500000,192793.2656250000,174566.4531250000,148352.7656250000,120073.5312500000,152081.9687500000,133732.5468750000,144722.0468750000,,,
41.6399999326,325,146767.7812500000,193504.0000000000,173647.6875000000,147803.6562500000,119653.0937500000,151672.3437500000,133339.5000000000,144423.9062500000,,,
41.6439999328,325,146431.5781250000,195857.9531250000,172469.1718750000,147392.9375000000,119329.0312500000,151350.2031250000,133031.9062500000,144159.7187500000,,,
41.6479999328,325,146657.2812500000,196667.7187500000,172719.8281250000,147678.5000000000,119545.0781250000,151552.3906250000,133232.5781250000,144287.7343750000,,,
41.6519999327,325,147138.2031250000,194748.2031250000,173933.3906250000,148263.5468750000,120013.3437500000,152006.7656250000,133675.9531250000,144631.6250000000,,,
41.6559999327,325,147214.9687500000,192817.1875000000,174590.3125000000,148357.2656250000,120089.1953125000,152082.9843750000,133752.3437500000,144724.9375000000,,,
41.6599999326,325,146763.3437500000,193522.9843750000,173671.9375000000,147797.5625000000,119652.4453125000,151663.3281250000,133340.0781250000,144416.8906250000,,,
41.6639999326,325,146422.8281250000,195890.0937500000,172479.5312500000,147380.7343750000,119319.2343750000,151340.0781250000,133020.9218750000,144153.1718750000,,,
41.6679999328,325,146642.2812500000,196711.9531250000,172711.1406250000,147660.1562500000,119528.0234375000,151540.5312500000,133211.7968750000,144280.4218750000,,,
41.6719999327,325,147126.1093750000,194780.5468750000,173914.0000000000,148252.2500000000,119997.7578125000,151998.8281250000,133654.0625000000,144625.1562500000,,,
41.6759999327,325,147207.1093750000,192818.7968750000,174573.9843750000,148358.4218750000,120076.4218750000,152081.2187500000,133734.3750000000,144718.3125000000,,,
41.6799999326,325,146772.1562500000,193486.9218750000,173661.5781250000,147812.8906250000,119657.6796875000,151678.3437500000,133340.6562500000,144424.4531250000,,,
41.6839999326,325,146420.8437500000,195868.7500000000,172471.9843750000,147388.7812500000,119315.9687500000,151344.8125000000,133014.6718750000,144152.9531250000,,,
41.6879999328,325,146641.2656250000,196718.4375000000,172699.5781250000,147662.1406250000,119528.1796875000,151546.8125000000,133212.0312500000,144279.6875000000,,,
41.6919999328,325,147125.8906250000,194785.2968750000,173899.3750000000,148252.8281250000,119998.7734375000,151999.6562500000,133656.4531250000,144624.2812500000,,,
41.6959999327,325,147205.1250000000,192793.1875000000,174562.3906250000,148354.2031250000,120073.3671875000,152075.7500000000,133733.4375000000,144717.2343750000,,,
41.6999999327,325,146766.6875000000,193462.4843750000,173664.6406250000,147809.5625000000,119647.1953125000,151663.8593750000,133332.2500000000,144421.3593750000,,,
41.7039999326,325,146424.6562500000,195859.7031250000,172477.8125000000,147390.7031250000,119313.0156250000,151338.0000000000,133013.5000000000,144157.0625000000,,,
41.7079999326,325,146643.2500000000,196725.0156250000,172697.2656250000,147663.0312500000,119520.6953125000,151540.0000000000,133207.0000000000,144280.7656250000,,,
41.7119999328,325,147127.2031250000,194790.6250000000,173899.4062500000,148253.3906250000,119990.7578125000,151998.0156250000,133650.5468750000,144624.2187500000,,,
41.7159999327,325,147210.0625000000,192784.2343750000,174574.0625000000,148362.9218750000,120072.4843750000,152082.0156250000,133731.6875000000,144717.4218750000,,,
41.7199999327,325,146772.9062500000,193442.3125000000,173686.3281250000,147820.9531250000,119654.5703125000,151677.4062500000,133340.8593750000,144423.4843750000,,,
41.7239999326,325,146430.2656250000,195854.9062500000,172498.2812500000,147399.9843750000,119324.6015625000,151352.2187500000,133027.6093750000,144160.2812500000,,,
41.7279999326,326,146646.0468750000,196741.4843750000,172705.5312500000,147668.3750000000,119532.4453125000,151548.0000000000,133219.1718750000,144282.4218750000,,,
41.7319999326,326,147135.5781250000,194800.7656250000,173897.3750000000,148257.1718750000,120009.5859375000,152007.8906250000,133666.9687500000,144628.9687500000,,,
41.7359999325,326,147219.5468750000,192764.1718750000,174569.6718750000,148363.1718750000,120090.5312500000,152088.3281250000,133748.0000000000,144723.8125000000,,,
41.7399999325,326,146764.1875000000,193411.9687500000,173684.7031250000,147809.2656250000,119651.9687500000,151663.3593750000,133337.8125000000,144416.2656250000,,,
41.7439999324,326,146410.1093750000,195845.1718750000,172486.6562500000,147378.9375000000,119308.2421875000,151329.9531250000,133012.0468750000,144147.3750000000,,,
41.7479999324,326,146622.4062500000,196753.2031250000,172677.4531250000,147648.5468750000,119509.4843750000,151525.4375000000,133198.0156250000,144267.4062500000,,,
41.7519999326,326,147108.6093750000,194808.2500000000,173855.9375000000,148241.5625000000,119980.0234375000,151986.7031250000,133643.2812500000,144609.2812500000,,,
41.7559999325,326,147200.5937500000,192743.9687500000,174533.0000000000,148364.0781250000,120069.6093750000,152080.3125000000,133733.5937500000,144709.1406250000,,,
41.7599999325,326,146759.3906250000,193386.4687500000,173669.2812500000,147821.8906250000,119645.6093750000,151674.2187500000,133338.0468750000,144413.5000000000,,,
41.7639999324,326,146402.0468750000,195854.2343750000,172479.9375000000,147387.1875000000,119299.3359375000,151339.1562500000,133009.0468750000,144143.0781250000,,,
41.7679999324,326,146614.6562500000,196791.2031250000,172663.2812500000,147648.0625000000,119502.4609375000,151530.3750000000,133194.5156250000,144264.9375000000,,,
41.7719999326,326,147107.2812500000,194833.2500000000,173834.9218750000,148240.8281250000,119979.4609375000,151991.6875000000,133644.0937500000,144614.5625000000,,,
41.7759999325,326,147203.5937500000,192735.6562500000,174517.1718750000,148361.0468750000,120072.9375000000,152085.7812500000,133737.8281250000,144719.2500000000,,,
41.7799999325,326,146766.5625000000,193372.9687500000,173670.8125000000,147821.1250000000,119652.7734375000,151676.9062500000,133345.3437500000,144428.0937500000,,,
41.7839999325,326,146406.5000000000,195869.6250000000,172488.9375000000,147378.1250000000,119302.9296875000,151331.8125000000,133011.1875000000,144152.2031250000,,,
41.7879999324,326,146618.0156250000,196835.5937500000,172669.9843750000,147638.8906250000,119504.2031250000,151523.1875000000,133194.8906250000,144268.2968750000,,,
41.7919999324,326,147115.1875000000,194861.5937500000,173838.0937500000,148244.5937500000,119988.2890625000,151997.2968750000,133648.7343750000,144617.8437500000,,,
41.7959999326,326,147219.9218750000,192714.3281250000,174522.5156250000,148374.2187500000,120092.4921875000,152101.1250000000,133751.3281250000,144726.3125000000,,,
41.7999999325,326,146781.0156250000,193326.4687500000,173682.2812500000,147830.0781250000,119671.1406250000,151686.2031250000,133356.4218750000,144431.8281250000,,,
41.8039999325,326,146421.4062500000,195850.9375000000,172503.6406250000,147393.1250000000,119322.7500000000,151339.1250000000,133025.4687500000,144157.0937500000,,,
41.8079999324,326,146635.6093750000,196863.4375000000,172685.0937500000,147653.2968750000,119525.7109375000,151533.6718750000,133213.2187500000,144277.9531250000,,,
41.8119999324,326,147130.2968750000,194895.6093750000,173845.7343750000,148243.8593750000,120005.7734375000,152003.4062500000,133663.2343750000,144626.1250000000,,,
41.8159999326,326,147238.9687500000,192714.3593750000,174530.0468750000,148379.1718750000,120111.7265625000,152110.9687500000,133767.7031250000,144740.2187500000,,,
41.8199999325,326,146799.3906250000,193310.5625000000,173698.5937500000,147845.9062500000,119686.3750000000,151699.1406250000,133367.6250000000,144448.2656250000,,,
41.8239999325,326,146422.0468750000,195852.8593750000,172514.6406250000,147391.4531250000,119320.9531250000,151341.2500000000,133020.7656250000,144158.1093750000,,,
41.8279999325,326,146625.5000000000,196884.4375000000,172688.4218750000,147639.9687500000,119518.5234375000,151526.5312500000,133203.1875000000,144267.0781250000,,,
41.8319999324,326,147125.8906250000,194895.6406250000,173842.7031250000,148239.6718750000,120005.4531250000,151998.4687500000,133659.5312500000,144616.6562500000,,,
41.8359999324,326,147235.6250000000,192686.1093750000,174534.2812500000,148376.9843750000,120110.7812500000,152104.5000000000,133761.6250000000,144729.9531250000,,,
41.8399999326,326,146792.7031250000,193278.3437500000,173712.9218750000,147840.4062500000,119681.7656250000,151693.9062500000,133359.1250000000,144438.2656250000,,,
41.8439999325,326,146421.5468750000,195839.4062500000,172526.5468750000,147392.5312500000,119318.8125000000,151343.3906250000,133015.2656250000,144158.7812500000,,,
41.8479999325,326,146619.7500000000,196895.2031250000,172683.8281250000,147640.9843750000,119506.2656250000,151523.8281250000,133191.0937500000,144267.6406250000,,,
41.8519999324,326,147115.0468750000,194916.1875000000,173827.4218750000,148241.0468750000,119987.0000000000,151994.9843750000,133647.7343750000,144615.3125000000,,,
41.8559999324,327,147220.8906250000,192678.9531250000,174513.9375000000,148381.7812500000,120088.0390625000,152100.6875000000,133749.9062500000,144725.6875000000,,,
41.8599999323,327,146777.9843750000,193241.2812500000,173697.4062500000,147839.8750000000,119659.4531250000,151688.9687500000,133350.8906250000,144431.7968750000,,,
41.8639999323,327,146403.3593750000,195821.0312500000,172520.8906250000,147385.7500000000,119297.3281250000,151333.0468750000,133008.0781250000,144148.2656250000,,,
41.8679999323,327,146605.5468750000,196907.2968750000,172677.9375000000,147633.5781250000,119493.4765625000,151517.6250000000,133185.5937500000,144257.9062500000,,,
41.8719999322,327,147114.3906250000,194927.0937500000,173823.2656250000,148240.6093750000,119988.3125000000,151997.9062500000,133648.9218750000,144612.6562500000,,,
41.8759999322,327,147235.4375000000,192666.4843750000,174523.1250000000,148391.3906250000,120103.8125000000,152113.2500000000,133762.5312500000,144734.3281250000,,,
41.8799999324,327,146797.7500000000,193217.0625000000,173721.0468750000,147863.8125000000,119678.1406250000,151703.8281250000,133364.1718750000,144446.7343750000,,,
41.8839999323,327,146415.5625000000,195814.4062500000,172540.5156250000,147398.1562500000,119305.3671875000,151339.6093750000,133007.3906250000,144157.7343750000,,,
41.8879999323,327,146607.1718750000,196919.6093750000,172682.5156250000,147630.9843750000,119488.2187500000,151513.7187500000,133172.5468750000,144258.5781250000,,,
41.8919999322,327,147108.8906250000,194943.8593750000,173817.5468750000,148233.3281250000,119978.1250000000,151989.6406250000,133630.2656250000,144606.2812500000,,,
41.8959999322,327,147234.8750000000,192658.0000000000,174523.5625000000,148391.6718750000,120102.0390625000,152112.5468750000,133755.5625000000,144730.3281250000,,,
41.8999999324,327,146795.5156250000,193190.9062500000,173733.9218750000,147856.0625000000,119677.1015625000,151697.4531250000,133361.0000000000,144436.6562500000,,,
41.9039999323,327,146412.5000000000,195797.0000000000,172555.8593750000,147395.5625000000,119305.6406250000,151328.3281250000,133007.2187500000,144143.4687500000,,,
41.9079999323,327,146606.8281250000,196922.7656250000,172693.3750000000,147633.4687500000,119493.0156250000,151504.8593750000,133176.7187500000,144249.1875000000,,,
41.9119999323,327,147110.1250000000,194955.3125000000,173824.7968750000,148237.4218750000,119983.0859375000,151979.8906250000,133634.2187500000,144601.7968750000,,,
41.9159999322,327,147236.3437500000,192652.0000000000,174532.2968750000,148394.4375000000,120104.2109375000,152104.5781250000,133750.3750000000,144729.7187500000,,,
41.9199999322,327,146800.6718750000,193169.3437500000,173746.7343750000,147859.2812500000,119680.9843750000,151701.6875000000,133355.5937500000,144448.5937500000,,,
41.9239999324,327,146419.3125000000,195778.7031250000,172559.7812500000,147399.2343750000,119310.5468750000,151345.4375000000,133005.1250000000,144165.9687500000,,,
41.9279999323,327,146604.2812500000,196925.3437500000,172680.4062500000,147628.6093750000,119489.1562500000,151516.6718750000,133169.4218750000,144264.5937500000,,,
41.9319999323,327,147107.0000000000,194963.3906250000,173802.9843750000,148226.7187500000,119978.8203125000,151994.3906250000,133629.0468750000,144612.8281250000,,,
41.9359999322,327,147234.7812500000,192652.8750000000,174519.5156250000,148386.6875000000,120100.5156250000,152117.4531250000,133753.9843750000,144734.4531250000,,,
41.9399999322,327,146804.0781250000,193153.9687500000,173747.6250000000,147864.1093750000,119682.1406250000,151711.0156250000,133364.4687500000,144450.8125000000,,,
41.9439999324,327,146420.5781250000,195765.1093750000,172562.9218750000,147399.5781250000,119308.0546875000,151344.7343750000,133009.2812500000,144162.2031250000,,,
41.9479999323,327,146612.6562500000,196925.1562500000,172683.7031250000,147632.5625000000,119491.3281250000,151516.3125000000,133174.4531250000,144265.9062500000,,,
41.9519999323,327,147119.0468750000,194976.1875000000,173812.9687500000,148236.0000000000,119984.4765625000,151994.9843750000,133633.4687500000,144621.4062500000,,,
41.9559999323,327,147247.7500000000,192652.4531250000,174537.1093750000,148400.6875000000,120111.3203125000,152124.3281250000,133757.2812500000,144750.2031250000,,,
41.9599999322,327,146815.9843750000,193132.2968750000,173769.1093750000,147870.1562500000,119694.8281250000,151723.5000000000,133370.7968750000,144467.4531250000,,,
41.9639999322,327,146432.2187500000,195737.6875000000,172579.4062500000,147408.5625000000,119325.1406250000,151359.9531250000,133021.8906250000,144179.7187500000,,,
41.9679999324,327,146608.7656250000,196919.6562500000,172687.5000000000,147632.2343750000,119497.7656250000,151522.5468750000,133180.5781250000,144268.3125000000,,,
41.9719999323,327,147110.2031250000,194993.5156250000,173813.0156250000,148231.4218750000,119989.9218750000,151999.1093750000,133645.5937500000,144614.3281250000,,,
41.9759999323,327,147249.6406250000,192658.9687500000,174542.3281250000,148402.7343750000,120124.3281250000,152132.7968750000,133777.2343750000,144746.0468750000,,,
41.9799999322,327,146818.0000000000,193122.3437500000,173782.1718750000,147876.4843750000,119704.5937500000,151727.2500000000,133381.7968750000,144459.5937500000,,,
41.9839999322,328,146427.2500000000,195725.0781250000,172584.5156250000,147402.6875000000,119322.7812500000,151353.0781250000,133020.2656250000,144163.8750000000,,,
41.9879999321,328,146609.2656250000,196922.0781250000,172683.9375000000,147628.5156250000,119495.7578125000,151517.8437500000,133178.1562500000,144257.9687500000,,,
41.9919999321,328,147112.3437500000,195005.6406250000,173804.2187500000,148236.3281250000,119983.9687500000,151992.6562500000,133636.3593750000,144606.5156250000,,,
41.9959999321,328,147246.4843750000,192669.4062500000,174537.2968750000,148402.9687500000,120113.4687500000,152120.1093750000,133764.0312500000,144737.8437500000,,,
41.9999999320,328,146818.9843750000,193119.5625000000,173785.3593750000,147876.0468750000,119698.5859375000,151720.2187500000,133376.0468750000,144459.3437500000,,,
42.0039999320,328,146422.2187500000,195720.1718750000,172580.1718750000,147392.1250000000,119311.2734375000,151347.2343750000,133010.5781250000,144163.7343750000,,,
42.0079999322,328,146599.2187500000,196939.7500000000,172669.4218750000,147610.7343750000,119481.4062500000,151509.4531250000,133167.3437500000,144258.5781250000,,,
42.0119999321,328,147104.0000000000,195036.7187500000,173787.6718750000,148219.4843750000,119971.9531250000,151985.7656250000,133628.8593750000,144608.5781250000,,,
42.0159999321,328,147249.0625000000,192683.5156250000,174526.7031250000,148391.6250000000,120111.7265625000,152127.3750000000,133769.0000000000,144747.2500000000,,,
42.0199999320,328,146823.8437500000,193106.5468750000,173780.1562500000,147877.1562500000,119699.3906250000,151731.8125000000,133384.7656250000,144470.1562500000,,,
42.0239999320,328,146418.3437500000,195704.9375000000,172569.0000000000,147386.3125000000,119303.8437500000,151349.4531250000,133011.1718750000,144165.3437500000,,,
42.0279999322,328,146583.2812500000,196938.5156250000,172639.9843750000,147592.4375000000,119460.8593750000,151498.9062500000,133152.9531250000,144247.5000000000,,,
42.0319999321,328,147087.8906250000,195035.6718750000,173750.4687500000,148198.0156250000,119951.5703125000,151973.0781250000,133607.9062500000,144595.6562500000,,,
42.0359999321,328,147231.1406250000,192669.4375000000,174502.1093750000,148382.5937500000,120090.8281250000,152111.5468750000,133742.9843750000,144729.5468750000,,,
42.0399999321,328,146801.1093750000,193083.2343750000,173768.4843750000,147867.0156250000,119675.4062500000,151713.0312500000,133354.7031250000,144446.7187500000,,,
42.0439999320,328,146396.0937500000,195689.5937500000,172561.3593750000,147382.8125000000,119283.3203125000,151328.6718750000,132982.9531250000,144142.0625000000,,,
42.0479999320,328,146558.1718750000,196959.9218750000,172639.3125000000,147589.8593750000,119442.5156250000,151475.7656250000,133129.1875000000,144220.7656250000,,,
42.0519999322,328,147076.8906250000,195071.0468750000,173756.8437500000,148208.5312500000,119953.1250000000,151965.7812500000,133609.3281250000,144581.0156250000,,,
42.0559999321,328,147242.0625000000,192696.5781250000,174528.4375000000,148410.9843750000,120116.5781250000,152122.4687500000,133770.3593750000,144734.7812500000,,,
42.0599999321,328,146816.2343750000,193093.8906250000,173807.1875000000,147894.9531250000,119704.2187500000,151727.5156250000,133385.6562500000,144458.1406250000,,,
42.0639999320,328,146412.2656250000,195700.7812500000,172589.2031250000,147402.1093750000,119308.6406250000,151344.0156250000,133011.4531250000,144156.0937500000,,,
42.0679999320,328,146586.8125000000,196978.4531250000,172650.6562500000,147613.1718750000,119473.9453125000,151500.5937500000,133162.3906250000,144247.3437500000,,,
42.0719999322,328,147101.2343750000,195093.7656250000,173758.5625000000,148222.0625000000,119974.7421875000,151985.0000000000,133629.9218750000,144602.6093750000,,,
42.0759999321,328,147254.0781250000,192696.0625000000,174521.6250000000,148413.3750000000,120125.2421875000,152133.0625000000,133775.1718750000,144742.5625000000,,,
42.0799999321,328,146826.5312500000,193075.3281250000,173805.9843750000,147896.4062500000,119715.6171875000,151734.4375000000,133394.4843750000,144462.2187500000,,,
42.0839999320,328,146422.9062500000,195675.7343750000,172587.6718750000,147407.8437500000,119325.6250000000,151350.5781250000,133026.2968750000,144161.5468750000,,,
42.0879999320,328,146594.6562500000,196970.8906250000,172643.3593750000,147617.0000000000,119489.4765625000,151505.9062500000,133177.7031250000,144254.3125000000,,,
42.0919999320,328,147103.7656250000,195107.4218750000,173752.1562500000,148217.8125000000,119984.0468750000,151986.3437500000,133642.7500000000,144608.3906250000,,,
42.0959999321,328,147261.2343750000,192712.5625000000,174527.2031250000,148408.0625000000,120137.4453125000,152137.7656250000,133792.7812500000,144756.0000000000,,,
42.0999999321,328,146842.7500000000,193077.7968750000,173819.4531250000,147896.5156250000,119732.8046875000,151749.0468750000,133413.2031250000,144487.3281250000,,,
42.1039999321,328,146433.5000000000,195673.0156250000,172590.4687500000,147399.5000000000,119333.0546875000,151361.6562500000,133034.9375000000,144184.4218750000,,,
42.1079999320,328,146592.1093750000,196987.9687500000,172631.8281250000,147594.5000000000,119481.4296875000,151505.1406250000,133169.9218750000,144264.3281250000,,,
42.1119999320,329,147104.1875000000,195137.4687500000,173736.0625000000,148208.1093750000,119978.2031250000,151992.5156250000,133634.8125000000,144618.4062500000,,,
42.1159999319,329,147259.8125000000,192729.8125000000,174510.6875000000,148408.7968750000,120130.7421875000,152145.0781250000,133783.5937500000,144758.5468750000,,,
42.1199999319,329,146845.3906250000,193064.2812500000,173811.6406250000,147909.7968750000,119731.8125000000,151758.9843750000,133411.3437500000,144486.4687500000,,,
42.1239999318,329,146430.6875000000,195647.0781250000,172586.9218750000,147410.1562500000,119327.8203125000,151362.6875000000,133026.7812500000,144174.2187500000,,,
42.1279999318,329,146589.1250000000,196956.5937500000,172619.3281250000,147601.6406250000,119479.0156250000,151503.1718750000,133164.8906250000,144251.4687500000,,,
42.1319999318,329,147096.5000000000,195117.9687500000,173721.5312500000,148204.3750000000,119974.9296875000,151984.4375000000,133629.2343750000,144602.8125000000,,,
42.1359999320,329,147255.4218750000,192715.0000000000,174504.8906250000,148403.3750000000,120130.1484375000,152138.9062500000,133780.2656250000,144750.5000000000,,,
42.1399999319,329,146842.6718750000,193035.0468750000,173810.7968750000,147901.0156250000,119731.8437500000,151753.4843750000,133408.4843750000,144482.2031250000,,,
42.1439999319,329,146436.9843750000,195591.2968750000,172574.7187500000,147415.7812500000,119338.2812500000,151367.7500000000,133037.9687500000,144179.2968750000,,,
42.1479999318,329,146585.1562500000,196917.1093750000,172598.4531250000,147603.0000000000,119480.0937500000,151500.6875000000,133169.0468750000,144250.4062500000,,,
42.1519999318,329,147081.7187500000,195117.7187500000,173702.9843750000,148195.1250000000,119963.6640625000,151968.9687500000,133622.6562500000,144591.5468750000,,,
42.1559999320,329,147250.5937500000,192732.5468750000,174504.7500000000,148402.5156250000,120127.7890625000,152131.7187500000,133781.3281250000,144745.7812500000,,,
42.1599999319,329,146841.7343750000,193030.2656250000,173816.7187500000,147903.8125000000,119732.6484375000,151752.2656250000,133413.2812500000,144478.7656250000,,,
42.1639999319,329,146434.7656250000,195563.0781250000,172572.8125000000,147409.9843750000,119336.1640625000,151367.2187500000,133036.8593750000,144172.6093750000,,,
42.1679999318,329,146582.9843750000,196896.5937500000,172589.9218750000,147596.0625000000,119476.1484375000,151499.5781250000,133164.4218750000,144245.4687500000,,,
42.1719999318,329,147083.8281250000,195124.9062500000,173693.7343750000,148192.7656250000,119962.4296875000,151970.4687500000,133620.4062500000,144592.1093750000,,,
42.1759999318,329,147254.0468750000,192752.6093750000,174501.4375000000,148402.8906250000,120128.8125000000,152138.6250000000,133783.2187500000,144752.6718750000,,,
42.1799999319,329,146842.5468750000,193038.4218750000,173820.6406250000,147904.3281250000,119732.0000000000,151759.9687500000,133411.3437500000,144488.2343750000,,,
42.1839999319,329,146425.4843750000,195578.6093750000,172573.7500000000,147401.1093750000,119326.4296875000,151368.4531250000,133027.4531250000,144177.3593750000,,,
42.1879999319,329,146569.5000000000,196948.2187500000,172586.7968750000,147585.1875000000,119462.1171875000,151500.5468750000,133151.6875000000,144249.3750000000,,,
42.1919999318,329,147070.7187500000,195193.8437500000,173686.3281250000,148190.1718750000,119947.2265625000,151975.9375000000,133605.9218750000,144596.6718750000,,,
42.1959999318,329,147248.0156250000,192790.9375000000,174492.6875000000,148410.7812500000,120118.3984375000,152146.2031250000,133772.4375000000,144756.8593750000,,,
42.1999999320,329,146842.1718750000,193046.2343750000,173824.0156250000,147918.2968750000,119730.0468750000,151767.9687500000,133415.0468750000,144493.8906250000,,,
42.2039999319,329,146419.9062500000,195569.2812500000,172572.5937500000,147404.1406250000,119324.7109375000,151368.5625000000,133037.6093750000,144175.6250000000,,,
42.2079999319,329,146555.5937500000,196932.3437500000,172568.8750000000,147579.0000000000,119454.7187500000,151484.0312500000,133151.9218750000,144232.6406250000,,,
42.2119999318,329,147061.1406250000,195180.1406250000,173665.5781250000,148179.4062500000,119945.5859375000,151959.8281250000,133603.4218750000,144579.5312500000,,,
42.2159999318,329,147236.9531250000,192785.1875000000,174485.8750000000,148398.2812500000,120116.1250000000,152130.6718750000,133765.1562500000,144738.1562500000,,,
42.2199999318,329,146834.0156250000,193035.0625000000,173826.5000000000,147920.0156250000,119726.2656250000,151759.2187500000,133401.7968750000,144477.9531250000,,,
42.2239999319,329,146415.5937500000,195556.2656250000,172573.1718750000,147406.2343750000,119321.1953125000,151365.7656250000,133020.0937500000,144168.8281250000,,,
42.2279999319,329,146550.6562500000,196933.4531250000,172560.0468750000,147574.3281250000,119449.5156250000,151483.3593750000,133135.2656250000,144232.4843750000,,,
42.2319999319,329,147052.2968750000,195195.0781250000,173652.1093750000,148173.4218750000,119935.9843750000,151955.9375000000,133589.5625000000,144576.9531250000,,,
42.2359999318,329,147237.1250000000,192779.7500000000,174477.9375000000,148399.2500000000,120117.2187500000,152132.4687500000,133766.0468750000,144741.5625000000,,,
42.2399999318,330,146834.8906250000,193002.9843750000,173831.4218750000,147914.4062500000,119729.9140625000,151753.6875000000,133405.4218750000,144479.0312500000,,,
42.2439999317,330,146415.7968750000,195518.5312500000,172577.2187500000,147403.8437500000,119323.7734375000,151352.9687500000,133022.7187500000,144165.3750000000,,,
42.2479999317,330,146549.5625000000,196920.8437500000,172559.2187500000,147568.2968750000,119448.8125000000,151465.9687500000,133136.4531250000,144224.7031250000,,,
42.2519999316,330,147056.5312500000,195199.6718750000,173654.5000000000,148169.9062500000,119939.2031250000,151937.7187500000,133594.6250000000,144568.2187500000,,,
42.2559999316,330,147246.9375000000,192784.3593750000,174495.3906250000,148403.9062500000,120123.0390625000,152121.2031250000,133769.6718750000,144736.7656250000,,,
42.2599999316,330,146848.5781250000,192999.9531250000,173861.8906250000,147922.2656250000,119738.1953125000,151754.1250000000,133408.1093750000,144480.9375000000,,,
42.2639999317,330,146425.5156250000,195526.6875000000,172608.6250000000,147409.0781250000,119325.9687500000,151356.0000000000,133018.7343750000,144166.8281250000,,,
42.2679999317,330,146554.8437500000,196953.6406250000,172587.6718750000,147569.7656250000,119444.4140625000,151470.7812500000,133127.3593750000,144225.1875000000,,,
42.2719999317,330,147056.0937500000,195251.6406250000,173682.1718750000,148167.4687500000,119927.7812500000,151946.9531250000,133581.1406250000,144571.7812500000,,,
42.2759999316,330,147245.1406250000,192816.0937500000,174515.1875000000,148396.1250000000,120108.2343750000,152133.6562500000,133757.6562500000,144743.7187500000,,,
42.2799999316,330,146850.8593750000,192994.3593750000,173873.7968750000,147920.6250000000,119728.8671875000,151770.5156250000,133405.1093750000,144493.2812500000,,,
42.2839999318,330,146420.3281250000,195513.5937500000,172613.2968750000,147405.4375000000,119314.6015625000,151365.0468750000,133015.7500000000,144172.1406250000,,,
42.2879999317,330,146547.1562500000,196941.7812500000,172578.8750000000,147569.9531250000,119439.8828125000,151473.9062500000,133130.6093750000,144224.8906250000,,,
42.2919999317,330,147053.5000000000,195248.9687500000,173677.0000000000,148180.9843750000,119937.5703125000,151948.7187500000,133598.3750000000,144572.0468750000,,,
42.2959999316,330,147242.7031250000,192809.8125000000,174523.4843750000,148411.6093750000,120122.9921875000,152127.7500000000,133778.7031250000,144736.3125000000,,,
42.2999999316,330,146851.5781250000,192962.9218750000,173897.6875000000,147936.9687500000,119744.3671875000,151758.8125000000,133422.3750000000,144482.7656250000,,,
42.3039999316,330,146417.5156250000,195463.5625000000,172633.6718750000,147412.4531250000,119321.3281250000,151348.3281250000,133016.1875000000,144160.7031250000,,,
42.3079999317,330,146532.9375000000,196907.5625000000,172586.4375000000,147559.9062500000,119429.4218750000,151452.9687500000,133110.3281250000,144209.0625000000,,,
42.3119999317,330,147039.0937500000,195240.9218750000,173676.4375000000,148168.7343750000,119920.9375000000,151932.4375000000,133569.7968750000,144559.7656250000,,,
42.3159999317,330,147229.0000000000,192801.0000000000,174522.9375000000,148407.1250000000,120105.2890625000,152116.6718750000,133748.3906250000,144726.6562500000,,,
42.3199999316,330,146836.5625000000,192933.6250000000,173899.4062500000,147936.9062500000,119726.9609375000,151752.2656250000,133396.3906250000,144472.5937500000,,,
42.3239999316,330,146407.0312500000,195421.5625000000,172631.5312500000,147413.2968750000,119311.0859375000,151347.2656250000,133003.3593750000,144154.5156250000,,,
42.3279999318,330,146524.2187500000,196878.6250000000,172580.8593750000,147557.8125000000,119421.0312500000,151451.3593750000,133103.6250000000,144204.3750000000,,,
42.3319999317,330,147025.1406250000,195242.3593750000,173674.7500000000,148156.4687500000,119908.8984375000,151924.2031250000,133563.7500000000,144547.8593750000,,,
42.3359999317,330,147228.0312500000,192803.4375000000,174533.4375000000,148397.7187500000,120107.3515625000,152118.8437500000,133756.0625000000,144723.5625000000,,,
42.3399999316,330,146842.1406250000,192921.2031250000,173921.2500000000,147923.5312500000,119735.2500000000,151758.0625000000,133407.7343750000,144477.1562500000,,,
42.3439999316,330,146417.6250000000,195401.0781250000,172650.6250000000,147405.8593750000,119324.3359375000,151358.2500000000,133019.9062500000,144164.7656250000,,,
42.3479999315,330,146537.2187500000,196865.1562500000,172587.2500000000,147548.3593750000,119435.5156250000,151466.0468750000,133119.4687500000,144218.1875000000,,,
42.3519999317,330,147037.3437500000,195253.8750000000,173675.6875000000,148148.4531250000,119918.1484375000,151936.2500000000,133568.5625000000,144559.1250000000,,,
42.3559999317,330,147240.7187500000,192825.5625000000,174539.3593750000,148401.4375000000,120113.6250000000,152131.2968750000,133755.9062500000,144732.5781250000,,,
42.3599999317,330,146857.3437500000,192923.4843750000,173933.7656250000,147939.0312500000,119743.0546875000,151777.2187500000,133410.2500000000,144487.7031250000,,,
42.3639999316,330,146427.7343750000,195388.8125000000,172660.7656250000,147417.6562500000,119324.4140625000,151370.6250000000,133014.8906250000,144171.2187500000,,,
42.3679999316,331,146538.1093750000,196867.6250000000,172590.2187500000,147555.1562500000,119426.9843750000,151463.4843750000,133107.0312500000,144215.2656250000,,,
42.3719999315,331,147035.6406250000,195270.8437500000,173677.1562500000,148159.7968750000,119912.8906250000,151931.3125000000,133563.1875000000,144555.6093750000,,,
42.3759999315,331,147234.8125000000,192841.4062500000,174546.8750000000,148403.5937500000,120112.7968750000,152126.6250000000,133758.5937500000,144731.0781250000,,,
42.3799999314,331,146852.8125000000,192924.0468750000,173946.3281250000,147951.7187500000,119748.0937500000,151774.3125000000,133419.8750000000,144489.1250000000,,,
42.3839999314,331,146426.9375000000,195368.9375000000,172664.9687500000,147424.7656250000,119338.3593750000,151377.4843750000,133032.2812500000,144178.6250000000,,,
42.3879999314,331,146536.9843750000,196849.8750000000,172583.2812500000,147553.7343750000,119442.2187500000,151475.0156250000,133123.5000000000,144223.9062500000,,,
42.3919999315,331,147027.1875000000,195275.2968750000,173662.4843750000,148152.9375000000,119916.7265625000,151935.5781250000,133571.4531250000,144558.1093750000,,,
42.3959999315,331,147228.2656250000,192852.9531250000,174538.6406250000,148409.9218750000,120110.1953125000,152129.9218750000,133762.5625000000,144731.3281250000,,,
42.3999999315,331,146849.8437500000,192919.2031250000,173948.2500000000,147951.5625000000,119741.8203125000,151778.6875000000,133419.7500000000,144486.1718750000,,,
42.4039999314,331,146405.8437500000,195349.6250000000,172656.1250000000,147417.3906250000,119310.5234375000,151357.6093750000,133010.9843750000,144151.6093750000,,,
42.4079999314,331,146514.5000000000,196840.9687500000,172563.9062500000,147548.6875000000,119413.4140625000,151450.3593750000,133102.9218750000,144193.5625000000,,,
42.4119999316,331,147020.1093750000,195288.1718750000,173652.3437500000,148154.5156250000,119904.7890625000,151925.4062500000,133565.4218750000,144542.8906250000,,,
42.4159999315,331,147222.8281250000,192861.6718750000,174531.2031250000,148414.2656250000,120099.3593750000,152117.2968750000,133755.1562500000,144717.5625000000,,,
42.4199999315,331,146852.9218750000,192908.1250000000,173952.3906250000,147958.9375000000,119739.0312500000,151772.3906250000,133414.4062500000,144483.5156250000,,,
42.4239999314,331,146425.6406250000,195323.1562500000,172669.0781250000,147421.1718750000,119323.5312500000,151371.3750000000,133015.0312500000,144172.3437500000,,,
42.4279999314,331,146534.8437500000,196817.7343750000,172571.2343750000,147553.8593750000,119426.5234375000,151465.4687500000,133103.2500000000,144221.5468750000,,,
42.4319999313,331,147033.3281250000,195280.3750000000,173650.5468750000,148155.1406250000,119909.5625000000,151933.7031250000,133554.2812500000,144564.8593750000,,,
42.4359999315,331,147253.0000000000,192873.4062500000,174545.7343750000,148416.9375000000,120122.8046875000,152141.6718750000,133760.9531250000,144752.5156250000,,,
42.4399999315,331,146871.4062500000,192907.2812500000,173970.1875000000,147951.9062500000,119755.4687500000,151787.6562500000,133422.2343750000,144504.7031250000,,,
42.4439999314,331,146433.1093750000,195307.0312500000,172675.9531250000,147415.1875000000,119332.2734375000,151375.7500000000,133025.6718750000,144179.5625000000,,,
42.4479999314,331,146532.7812500000,196817.1718750000,172565.6875000000,147544.0781250000,119429.6406250000,151461.8750000000,133116.9218750000,144215.5000000000,,,
42.4519999314,331,147030.5156250000,195304.8593750000,173646.0781250000,148142.4687500000,119915.8984375000,151932.1093750000,133576.5000000000,144557.0625000000,,,
42.4559999316,331,147243.9843750000,192893.2031250000,174544.4843750000,148410.7500000000,120125.4062500000,152141.9687500000,133781.1406250000,144740.6875000000,,,
42.4599999315,331,146865.0781250000,192908.8125000000,173978.5312500000,147951.2343750000,119760.8125000000,151792.8593750000,133442.1093750000,144498.4531250000,,,
42.4639999315,331,146427.5312500000,195291.8750000000,172682.5468750000,147424.8750000000,119337.5546875000,151380.8437500000,133040.1093750000,144177.8437500000,,,
42.4679999314,331,146527.8593750000,196800.5625000000,172562.3750000000,147556.2187500000,119432.6406250000,151467.0156250000,133121.1093750000,144218.1406250000,,,
42.4719999314,331,147015.5781250000,195308.7187500000,173631.5625000000,148124.7968750000,119907.1796875000,151925.7500000000,133563.0000000000,144551.2031250000,,,
42.4759999313,331,147234.3281250000,192910.8750000000,174533.6406250000,148394.2031250000,120120.4921875000,152130.7812500000,133764.8125000000,144737.1718750000,,,
42.4799999315,331,146875.6406250000,192913.0625000000,173980.5156250000,147957.1093750000,119775.1093750000,151795.9375000000,133441.1562500000,144508.9062500000,,,
42.4839999315,331,146439.8906250000,195261.3593750000,172675.9687500000,147426.1093750000,119354.2656250000,151385.0000000000,133043.9687500000,144184.8750000000,,,
42.4879999314,331,146526.7968750000,196778.2500000000,172549.0468750000,147541.1562500000,119436.9296875000,151461.0937500000,133120.8750000000,144214.1875000000,,,
42.4919999314,331,147020.8750000000,195316.8281250000,173620.0625000000,148136.9218750000,119913.8046875000,151925.2500000000,133571.0156250000,144553.6718750000,,,
42.4959999314,332,147245.7343750000,192934.5468750000,174533.2656250000,148411.5781250000,120128.2187500000,152140.7968750000,133779.3750000000,144746.3125000000,,,
42.4999999313,332,146884.2187500000,192923.9218750000,173986.6406250000,147966.8437500000,119776.1484375000,151806.5937500000,133451.2031250000,144517.2500000000,,,
42.5039999313,332,146449.3593750000,195251.2187500000,172680.0000000000,147433.6250000000,119351.7968750000,151397.4687500000,133047.0781250000,144194.9531250000,,,
42.5079999312,332,146532.6875000000,196769.8593750000,172542.9687500000,147548.0937500000,119428.2968750000,151466.4843750000,133111.0468750000,144219.5000000000,,,
42.5119999312,332,147024.4218750000,195333.4843750000,173616.6562500000,148145.2968750000,119904.3906250000,151923.9531250000,133559.0937500000,144554.5937500000,,,
42.5159999311,332,147249.6406250000,192973.6406250000,174542.9218750000,148414.9843750000,120121.9453125000,152136.9218750000,133771.3281250000,144746.3906250000,,,
42.5199999313,332,146896.4218750000,192947.7968750000,174009.1718750000,147972.1250000000,119783.7734375000,151808.1093750000,133455.1718750000,144521.6250000000,,,
42.5239999313,332,146460.9218750000,195240.9375000000,172701.7968750000,147441.8281250000,119366.6562500000,151397.1406250000,133055.0468750000,144197.2968750000,,,
42.5279999312,332,146543.2812500000,196743.2968750000,172552.9375000000,147552.2031250000,119446.1328125000,151465.2031250000,133121.5156250000,144221.7500000000,,,
42.5319999312,332,147026.0625000000,195336.4062500000,173623.1718750000,148136.7656250000,119917.0234375000,151920.9062500000,133564.5312500000,144554.9687500000,,,
42.5359999312,332,147256.2187500000,193000.3593750000,174557.5937500000,148434.8281250000,120141.4140625000,152144.5468750000,133783.9375000000,144752.2968750000,,,
42.5399999314,332,146899.3750000000,192946.0468750000,174025.8750000000,148001.1718750000,119799.7812500000,151818.1406250000,133470.2187500000,144523.9843750000,,,
42.5439999313,332,146453.0000000000,195183.6250000000,172697.1562500000,147427.6093750000,119368.7812500000,151397.6562500000,133065.3125000000,144190.8281250000,,,
42.5479999313,332,146529.3437500000,196670.8906250000,172530.6562500000,147535.7031250000,119438.2187500000,151458.6250000000,133124.2968750000,144210.6250000000,,,
42.5519999312,332,147014.0468750000,195302.8750000000,173606.0625000000,148126.8906250000,119908.4687500000,151921.8437500000,133566.5156250000,144546.7031250000,,,
42.5559999312,332,147237.3125000000,193016.7187500000,174554.9687500000,148406.8593750000,120122.8281250000,152135.2343750000,133773.6093750000,144736.1250000000,,,
42.5599999311,332,146892.9062500000,192963.1875000000,174036.7343750000,147987.8125000000,119788.1718750000,151809.8593750000,133460.6250000000,144516.0156250000,,,
42.5639999313,332,146458.0937500000,195165.9531250000,172704.8593750000,147447.1406250000,119365.3203125000,151404.6093750000,133062.4687500000,144194.0468750000,,,
42.5679999313,332,146533.7656250000,196640.8437500000,172526.6250000000,147545.8750000000,119433.7968750000,151469.8125000000,133122.3125000000,144218.2343750000,,,
42.5719999312,332,147002.6093750000,195316.2031250000,173600.6093750000,148123.0312500000,119887.4609375000,151912.2656250000,133547.3593750000,144542.1406250000,,,
42.5759999312,332,147232.4531250000,193071.0156250000,174563.2812500000,148405.2031250000,120110.8359375000,152134.1406250000,133761.2968750000,144740.7656250000,,,
42.5799999312,332,146895.0000000000,192999.3750000000,174048.8593750000,147982.9687500000,119785.4843750000,151818.7656250000,133458.1250000000,144525.5937500000,,,
42.5839999313,332,146464.4062500000,195145.7187500000,172705.0781250000,147449.0468750000,119368.2656250000,151408.7343750000,133063.7656250000,144202.3906250000,,,
42.5879999313,332,146532.3750000000,196605.2031250000,172520.0312500000,147546.4843750000,119431.0859375000,151461.6562500000,133119.7968750000,144216.3437500000,,,
42.5919999313,332,147000.2500000000,195315.4062500000,173597.9531250000,148120.5625000000,119884.5937500000,151896.9531250000,133545.7500000000,144533.8281250000,,,
42.5959999312,332,147227.3593750000,193110.4375000000,174576.4062500000,148406.8593750000,120103.3046875000,152112.3125000000,133757.9218750000,144725.9062500000,,,
42.5999999312,332,146885.7812500000,193031.1250000000,174070.4531250000,147986.3906250000,119775.1093750000,151798.8125000000,133450.5312500000,144506.5468750000,,,
42.6039999311,332,146458.3750000000,195126.9531250000,172712.5000000000,147457.1718750000,119363.5781250000,151401.9687500000,133059.8281250000,144191.0937500000,,,
42.6079999313,332,146520.8125000000,196566.4062500000,172511.2656250000,147543.8906250000,119419.7968750000,151459.5937500000,133108.3437500000,144206.7812500000,,,
42.6119999313,332,146985.3437500000,195320.6875000000,173596.1562500000,148115.7031250000,119868.0468750000,151897.8437500000,133526.9531250000,144526.9843750000,,,
42.6159999312,332,147218.7968750000,193153.2187500000,174587.1875000000,148401.8906250000,120095.3593750000,152121.3906250000,133746.3125000000,144725.4687500000,,,
42.6199999312,332,146883.5781250000,193059.2343750000,174084.8906250000,147983.8437500000,119776.0156250000,151811.8437500000,133447.5937500000,144508.6718750000,,,
42.6239999312,333,146451.2031250000,195103.9375000000,172711.6718750000,147445.3125000000,119361.2968750000,151401.8125000000,133054.4531250000,144181.3281250000,,,
42.6279999311,333,146510.3281250000,196517.0312500000,172495.0781250000,147529.5312500000,119418.2109375000,151446.5468750000,133107.2187500000,144190.9062500000,,,
42.6319999311,333,146975.4687500000,195293.4062500000,173580.4218750000,148100.2343750000,119869.5468750000,151878.6562500000,133531.9218750000,144509.9375000000,,,
42.6359999310,333,147208.7187500000,193157.6406250000,174579.1875000000,148393.2031250000,120095.0937500000,152100.4843750000,133748.8593750000,144706.1406250000,,,
42.6399999310,333,146887.4375000000,193045.9843750000,174084.8906250000,147987.1406250000,119785.0546875000,151806.7500000000,133456.8125000000,144502.5312500000,,,
42.6439999309,333,146462.9218750000,195046.6250000000,172709.6406250000,147456.1718750000,119374.6562500000,151410.4218750000,133062.7500000000,144186.0781250000,,,
42.6479999311,333,146526.7656250000,196435.7812500000,172482.2343750000,147546.2500000000,119430.7109375000,151464.6562500000,133111.5000000000,144204.5312500000,,,
42.6519999311,333,146981.0000000000,195262.6406250000,173572.7968750000,148108.3281250000,119864.7421875000,151894.2968750000,133519.7187500000,144520.3593750000,,,
42.6559999310,333,147210.7031250000,193197.2656250000,174590.4062500000,148398.0625000000,120082.3281250000,152112.9531250000,133730.9062500000,144716.4843750000,,,
42.6599999310,333,146890.2812500000,193094.7968750000,174105.5937500000,147995.5468750000,119774.6796875000,151814.5781250000,133446.2500000000,144507.8437500000,,,
42.6639999310,333,146470.2187500000,195033.7187500000,172712.6406250000,147460.7968750000,119373.6328125000,151418.0625000000,133067.4375000000,144190.8281250000,,,
42.6679999311,333,146524.1562500000,196382.7812500000,172463.8125000000,147532.4531250000,119426.9296875000,151460.7656250000,133113.5156250000,144199.0937500000,,,
42.6719999311,333,146975.4375000000,195248.7812500000,173562.5312500000,148096.6562500000,119866.0312500000,151883.7343750000,133528.0000000000,144514.8437500000,,,
42.6759999311,333,147211.1562500000,193239.5312500000,174603.0312500000,148394.7343750000,120094.7187500000,152106.5937500000,133751.6406250000,144716.7031250000,,,
42.6799999310,333,146900.1250000000,193131.2031250000,174130.0312500000,148003.3281250000,119794.2578125000,151821.1718750000,133472.2656250000,144517.6875000000,,,
42.6839999310,333,146486.1562500000,195011.7968750000,172725.7500000000,147469.4531250000,119393.0546875000,151436.7656250000,133090.7968750000,144207.4843750000,,,
42.6879999309,333,146539.0000000000,196335.6093750000,172462.6875000000,147541.3125000000,119437.8750000000,151478.3593750000,133127.6562500000,144218.4218750000,,,
42.6919999311,333,146985.6406250000,195240.2500000000,173563.4687500000,148101.6250000000,119868.9531250000,151897.5625000000,133531.2500000000,144533.1562500000,,,
42.6959999311,333,147209.7656250000,193278.1562500000,174613.9531250000,148391.4062500000,120087.9843750000,152111.3906250000,133741.7968750000,144724.2656250000,,,
42.6999999310,333,146902.1093750000,193161.7500000000,174146.6875000000,147992.0781250000,119795.4140625000,151824.4218750000,133469.8750000000,144525.7343750000,,,
42.7039999310,333,146496.1875000000,194989.9687500000,172730.6093750000,147470.9843750000,119408.1015625000,151440.5000000000,133100.0312500000,144217.6718750000,,,
42.7079999309,333,146550.3125000000,196285.9375000000,172454.2812500000,147541.9062500000,119460.4062500000,151478.5781250000,133145.9218750000,144224.1718750000,,,
42.7119999311,333,146991.1875000000,195228.6093750000,173559.8437500000,148097.0625000000,119887.3281250000,151886.2500000000,133550.3750000000,144530.1250000000,,,
42.7159999311,333,147218.0468750000,193319.8593750000,174628.0312500000,148388.4062500000,120107.9453125000,152103.6406250000,133766.7656250000,144722.2031250000,,,
42.7199999311,333,146907.1250000000,193203.2500000000,174166.4531250000,147995.3281250000,119811.2343750000,151821.1562500000,133486.6093750000,144521.3593750000,,,
42.7239999310,333,146495.7656250000,194975.8906250000,172732.9687500000,147466.1562500000,119415.2109375000,151441.6718750000,133105.6875000000,144213.1250000000,,,
42.7279999310,333,146533.2500000000,196248.9531250000,172433.5781250000,147524.8125000000,119445.4609375000,151475.1250000000,133130.0156250000,144213.7812500000,,,
42.7319999309,333,146964.0468750000,195232.0937500000,173532.4218750000,148077.3750000000,119856.5625000000,151878.7968750000,133517.1093750000,144519.0468750000,,,
42.7359999311,333,147180.0156250000,193363.9687500000,174600.3437500000,148364.0781250000,120062.9062500000,152084.1093750000,133714.5156250000,144703.0781250000,,,
42.7399999311,333,146875.4062500000,193226.2343750000,174134.5781250000,147975.1562500000,119769.8515625000,151801.8906250000,133435.5937500000,144501.4843750000,,,
42.7439999310,333,146462.5781250000,194949.4218750000,172687.1093750000,147447.4531250000,119374.7031250000,151415.2031250000,133058.1250000000,144186.7500000000,,,
42.7479999310,333,146506.4062500000,196201.1562500000,172378.5937500000,147515.6093750000,119414.9140625000,151446.9062500000,133097.1250000000,144190.4843750000,,,
42.7519999309,334,146942.7187500000,195219.6250000000,173486.6250000000,148072.1250000000,119834.6250000000,151853.5312500000,133497.7187500000,144500.0937500000,,,
42.7559999309,334,147185.2812500000,193396.6093750000,174584.6875000000,148382.7187500000,120068.3828125000,152084.7343750000,133723.8281250000,144710.1562500000,,,
42.7599999309,334,146900.0000000000,193260.8593750000,174144.2343750000,148006.1875000000,119795.6250000000,151821.8437500000,133465.4843750000,144527.7187500000,,,
42.7639999308,334,146489.7812500000,194939.0312500000,172690.7187500000,147479.3593750000,119402.7890625000,151438.2968750000,133090.0000000000,144215.5312500000,,,
42.7679999308,334,146527.2500000000,196175.6875000000,172369.9843750000,147541.9218750000,119434.6562500000,151468.7656250000,133115.9843750000,144213.8750000000,,,
42.7719999307,334,146955.0625000000,195214.2812500000,173474.8750000000,148083.3906250000,119845.2187500000,151869.5937500000,133503.3750000000,144515.3750000000,,,
42.7759999309,334,147185.3750000000,193407.5781250000,174576.3125000000,148383.5468750000,120066.8750000000,152087.4218750000,133718.5781250000,144709.9218750000,,,
42.7799999309,334,146887.1718750000,193263.8906250000,174142.8750000000,148000.2968750000,119785.7578125000,151815.3593750000,133455.7968750000,144511.9218750000,,,
42.7839999308,334,146482.4062500000,194913.8281250000,172691.2812500000,147476.7031250000,119401.2578125000,151443.5156250000,133090.6093750000,144203.0937500000,,,
42.7879999308,334,146516.2031250000,196157.1093750000,172370.3281250000,147525.7500000000,119429.9609375000,151465.8125000000,133114.2656250000,144199.3125000000,,,
42.7919999307,334,146947.6562500000,195230.5937500000,173478.4687500000,148071.6718750000,119844.8203125000,151863.6875000000,133504.3750000000,144503.2187500000,,,
42.7959999309,334,147186.4218750000,193467.5781250000,174598.0156250000,148370.0000000000,120076.9609375000,152090.8281250000,133730.4218750000,144707.4531250000,,,
42.7999999309,334,146903.4062500000,193316.5937500000,174174.6250000000,148001.1250000000,119808.7421875000,151832.3906250000,133481.6562500000,144524.0937500000,,,
42.8039999309,334,146498.2031250000,194917.5468750000,172709.2343750000,147477.2343750000,119419.3359375000,151456.9687500000,133111.6093750000,144213.5000000000,,,
42.8079999308,334,146527.5468750000,196125.8593750000,172364.5625000000,147526.6875000000,119439.9375000000,151476.3593750000,133126.9843750000,144207.9218750000,,,
42.8119999308,334,146942.1250000000,195218.6562500000,173464.2812500000,148055.1093750000,119833.7109375000,151859.6875000000,133499.1718750000,144499.5781250000,,,
42.8159999307,334,147176.9375000000,193489.4687500000,174592.1406250000,148362.0468750000,120058.3437500000,152081.7343750000,133716.2656250000,144699.2343750000,,,
42.8199999309,334,146893.9843750000,193335.1562500000,174178.2812500000,147997.3125000000,119792.5937500000,151825.0156250000,133467.2812500000,144516.4218750000,,,
42.8239999309,334,146497.3906250000,194887.0781250000,172703.3593750000,147476.9687500000,119415.0703125000,151455.3593750000,133107.5312500000,144212.1718750000,,,
42.8279999308,334,146525.9531250000,196052.1562500000,172340.7812500000,147528.8906250000,119436.3125000000,151476.0781250000,133125.4062500000,144207.2656250000,,,
42.8319999308,334,146942.5000000000,195190.5000000000,173451.3125000000,148067.9062500000,119834.8671875000,151864.9843750000,133503.2968750000,144506.5000000000,,,
42.8359999307,334,147181.3125000000,193533.7500000000,174603.0000000000,148373.2187500000,120065.1640625000,152087.5468750000,133726.4531250000,144711.2656250000,,,
42.8399999309,334,146904.3125000000,193382.2500000000,174196.2187500000,148009.9531250000,119803.0781250000,151830.7812500000,133476.6562500000,144528.0937500000,,,
42.8439999309,334,146506.7812500000,194869.3281250000,172698.9531250000,147482.8593750000,119424.9453125000,151462.7343750000,133114.2968750000,144221.8593750000,,,
42.8479999308,334,146531.9375000000,195998.3750000000,172316.2812500000,147523.5625000000,119444.9765625000,151483.4687500000,133133.2812500000,144214.9687500000,,,
42.8519999308,334,146942.2656250000,195174.7968750000,173433.4843750000,148061.3593750000,119836.2343750000,151864.7343750000,133504.8281250000,144511.5625000000,,,
42.8559999308,334,147169.9843750000,193579.5781250000,174602.0468750000,148363.2812500000,120054.5937500000,152077.5468750000,133715.5156250000,144707.4218750000,,,
42.8599999307,334,146901.4218750000,193426.8281250000,174203.3593750000,148007.5937500000,119801.0937500000,151828.8437500000,133473.5312500000,144527.5468750000,,,
42.8639999309,334,146513.4843750000,194856.2968750000,172699.5156250000,147487.3750000000,119431.4375000000,151466.0468750000,133119.3125000000,144224.6562500000,,,
42.8679999309,334,146542.7187500000,195942.7968750000,172305.5000000000,147529.9843750000,119454.8750000000,151484.1562500000,133139.0781250000,144218.9687500000,,,
42.8719999308,334,146944.2500000000,195146.4218750000,173426.6718750000,148058.8437500000,119841.7578125000,151856.7187500000,133504.9843750000,144506.6093750000,,,
42.8759999308,334,147169.5312500000,193597.2031250000,174610.3281250000,148370.2500000000,120059.6875000000,152071.5625000000,133719.3750000000,144699.6406250000,,,
42.8799999307,335,146901.2812500000,193444.6718750000,174220.3906250000,148014.8750000000,119805.1484375000,151824.1250000000,133478.7031250000,144519.9843750000,,,
42.8839999307,335,146511.6406250000,194830.1093750000,172699.1250000000,147487.7500000000,119434.0078125000,151461.2031250000,133122.1250000000,144217.0000000000,,,
42.8879999307,335,146536.1562500000,195900.2031250000,172288.6093750000,147527.7656250000,119453.4843750000,151477.2968750000,133135.7343750000,144209.5468750000,,,
42.8919999306,335,146937.4843750000,195148.9687500000,173411.3281250000,148059.4062500000,119834.1718750000,151847.4062500000,133496.2500000000,144498.8750000000,,,
42.8959999306,335,147166.9062500000,193647.5468750000,174606.5000000000,148366.6875000000,120052.1250000000,152063.6718750000,133711.4375000000,144696.0468750000,,,
42.8999999305,335,146904.5000000000,193492.9218750000,174223.7500000000,148013.3750000000,119803.7812500000,151827.7500000000,133481.4375000000,144523.4531250000,,,
42.9039999307,335,146515.5468750000,194844.1718750000,172694.8906250000,147495.6562500000,119432.6953125000,151464.4687500000,133126.7656250000,144219.6406250000,,,
42.9079999307,335,146536.1875000000,195887.6718750000,172269.4843750000,147529.3437500000,119447.4765625000,151472.3593750000,133137.1250000000,144207.9375000000,,,
42.9119999306,335,146928.4218750000,195152.2656250000,173391.7968750000,148049.5312500000,119818.7187500000,151829.5781250000,133486.5625000000,144489.7656250000,,,
42.9159999306,335,147168.1562500000,193677.5937500000,174601.2968750000,148363.8125000000,120047.6718750000,152054.9531250000,133704.0937500000,144697.2343750000,,,
42.9199999305,335,146915.4375000000,193518.2187500000,174233.7500000000,148022.3906250000,119809.1718750000,151827.1562500000,133477.5468750000,144535.5937500000,,,
42.9239999307,335,146527.6250000000,194831.2968750000,172700.4687500000,147502.3593750000,119440.6093750000,151472.0625000000,133123.5312500000,144234.1250000000,,,
42.9279999307,335,146542.0312500000,195859.1718750000,172263.0000000000,147533.8281250000,119450.1015625000,151476.8906250000,133126.1562500000,144217.8906250000,,,
42.9319999306,335,146928.4062500000,195148.9218750000,173385.0156250000,148043.9062500000,119820.2500000000,151834.5625000000,133478.8906250000,144498.6875000000,,,
42.9359999306,335,147154.8906250000,193707.4531250000,174603.2500000000,148346.9375000000,120038.6875000000,152050.0468750000,133693.2812500000,144695.9375000000,,,
42.9399999306,335,146896.7031250000,193547.4218750000,174240.0781250000,148005.5156250000,119794.9296875000,151813.2656250000,133467.1718750000,144521.9687500000,,,
42.9439999305,335,146515.5312500000,194826.2812500000,172700.9218750000,147494.2656250000,119432.2109375000,151460.6875000000,133122.4843750000,144222.1562500000,,,
42.9479999307,335,146533.9062500000,195840.3437500000,172255.6718750000,147534.1718750000,119447.0703125000,151470.9062500000,133134.3125000000,144210.8593750000,,,
42.9519999307,335,146920.6718750000,195149.7500000000,173377.2343750000,148050.1562500000,119818.0468750000,151831.1250000000,133487.3593750000,144494.0781250000,,,
42.9559999306,335,147149.8750000000,193735.8750000000,174610.5937500000,148353.5156250000,120038.6562500000,152046.9687500000,133699.2343750000,144691.5156250000,,,
42.9599999306,335,146902.4062500000,193571.1406250000,174264.4062500000,148018.9062500000,119806.4062500000,151819.7343750000,133476.5312500000,144523.9843750000,,,
42.9639999305,335,146524.8906250000,194806.5312500000,172719.6875000000,147502.0625000000,119449.7265625000,151470.9375000000,133128.3593750000,144227.7343750000,,,
42.9679999307,335,146541.0156250000,195797.1875000000,172262.6406250000,147531.0156250000,119460.8046875000,151481.2031250000,133136.4531250000,144215.7187500000,,,
42.9719999307,335,146923.7812500000,195134.1093750000,173387.0781250000,148039.6093750000,119821.9375000000,151831.2031250000,133483.0000000000,144493.8906250000,,,
42.9759999306,335,147162.6562500000,193756.9843750000,174635.7343750000,148358.7343750000,120048.3984375000,152053.3281250000,133702.9687500000,144700.2812500000,,,
42.9799999306,335,146924.5312500000,193584.5468750000,174303.2500000000,148029.9218750000,119823.7109375000,151836.3906250000,133487.0625000000,144539.0000000000,,,
42.9839999306,335,146545.8906250000,194789.5781250000,172759.3906250000,147508.5312500000,119466.4609375000,151486.6250000000,133141.5000000000,144239.9687500000,,,
42.9879999305,335,146559.1875000000,195763.3125000000,172294.2656250000,147530.7500000000,119474.3515625000,151486.1718750000,133145.2187500000,144223.9062500000,,,
42.9919999307,335,146947.6562500000,195133.3281250000,173427.5312500000,148049.2187500000,119840.2812500000,151836.7343750000,133492.4062500000,144509.5000000000,,,
42.9959999307,335,147196.9687500000,193795.8750000000,174694.9843750000,148373.9531250000,120075.2421875000,152065.5468750000,133721.3125000000,144724.1875000000,,,
42.9999999306,335,146961.2500000000,193618.6093750000,174368.7968750000,148050.6093750000,119853.6953125000,151851.1406250000,133511.9687500000,144567.1718750000,,,
43.0039999306,335,146579.4687500000,194766.1875000000,172803.9218750000,147530.6562500000,119491.5937500000,151500.6875000000,133162.6562500000,144264.6718750000,,,
43.0079999305,336,146588.3750000000,195709.3593750000,172320.6406250000,147547.6093750000,119494.6250000000,151499.0468750000,133161.0000000000,144247.7656250000,,,
43.0119999305,336,146963.0468750000,195113.0625000000,173448.5000000000,148054.1562500000,119848.7031250000,151842.9375000000,133498.3593750000,144525.6562500000,,,
43.0159999304,336,147204.2343750000,193831.8750000000,174722.4218750000,148384.0625000000,120079.2421875000,152071.3437500000,133724.0625000000,144736.0468750000,,,
43.0199999304,336,146971.3750000000,193652.9375000000,174399.4218750000,148059.1406250000,119862.2500000000,151862.7031250000,133518.2656250000,144580.0468750000,,,
43.0239999304,336,146588.2656250000,194748.0625000000,172822.1875000000,147533.7500000000,119502.5156250000,151515.9375000000,133174.9375000000,144277.0156250000,,,
43.0279999303,336,146587.5937500000,195662.5625000000,172319.0781250000,147547.1562500000,119498.3046875000,151512.4843750000,133171.0781250000,144255.4375000000,,,
43.0319999305,336,146948.6250000000,195102.0625000000,173447.3281250000,148049.6718750000,119839.9375000000,151845.3437500000,133496.4062500000,144523.6093750000,,,
43.0359999305,336,147176.8750000000,193866.1562500000,174727.4843750000,148369.3593750000,120059.1250000000,152065.2812500000,133710.3593750000,144723.6718750000,,,
43.0399999304,336,146946.2968750000,193686.0625000000,174406.9062500000,148052.9218750000,119841.6015625000,151861.5781250000,133503.6718750000,144568.1562500000,,,
43.0439999304,336,146572.3593750000,194736.7500000000,172818.5937500000,147531.9531250000,119487.6796875000,151517.3125000000,133161.3906250000,144267.8906250000,,,
43.0479999303,336,146570.9687500000,195624.7187500000,172300.7343750000,147541.1562500000,119482.5312500000,151503.1250000000,133153.3437500000,144238.5781250000,,,
43.0519999305,336,146934.9375000000,195089.5625000000,173429.1406250000,148043.2812500000,119825.5625000000,151833.1875000000,133482.6406250000,144505.9687500000,,,
43.0559999305,336,147166.5468750000,193899.4843750000,174725.6718750000,148365.4531250000,120043.3828125000,152048.8750000000,133699.5781250000,144706.3437500000,,,
43.0599999304,336,146939.0468750000,193718.5000000000,174416.7343750000,148045.3281250000,119830.2500000000,151843.0625000000,133499.3593750000,144549.3125000000,,,
43.0639999304,336,146567.9062500000,194729.6406250000,172821.8593750000,147527.8125000000,119483.5234375000,151503.8125000000,133161.9843750000,144250.7031250000,,,
43.0679999304,336,146562.3906250000,195589.5000000000,172287.3437500000,147531.5781250000,119476.0390625000,151492.5468750000,133148.5156250000,144225.3437500000,,,
43.0719999303,336,146921.0000000000,195078.8125000000,173414.3906250000,148024.3750000000,119813.4609375000,151820.1875000000,133472.2656250000,144492.2812500000,,,
43.0759999305,336,147160.9687500000,193920.2812500000,174723.2500000000,148349.3593750000,120040.4296875000,152044.5000000000,133695.9843750000,144701.5781250000,,,
43.0799999305,336,146944.3281250000,193745.7968750000,174426.7343750000,148046.3437500000,119836.1250000000,151851.0000000000,133503.5937500000,144557.0781250000,,,
43.0839999304,336,146577.6718750000,194724.8593750000,172825.5625000000,147539.7812500000,119490.5468750000,151512.7187500000,133167.6250000000,144263.8593750000,,,
43.0879999304,336,146573.6562500000,195559.7812500000,172278.3906250000,147546.7812500000,119484.7578125000,151503.4375000000,133160.5156250000,144239.2500000000,,,
43.0919999303,336,146933.6093750000,195065.7187500000,173404.7343750000,148040.7187500000,119825.2343750000,151830.3750000000,133486.5625000000,144507.7031250000,,,
43.0959999305,336,147169.7500000000,193940.0781250000,174728.5625000000,148360.1406250000,120050.9453125000,152046.9687500000,133706.0937500000,144713.0781250000,,,
43.0999999305,336,146955.9218750000,193771.6562500000,174449.0468750000,148052.4375000000,119850.9843750000,151854.4687500000,133516.7343750000,144567.7656250000,,,
43.1039999304,336,146593.1718750000,194717.8281250000,172843.2343750000,147544.0156250000,119510.3750000000,151523.1093750000,133188.8281250000,144276.4218750000,,,
43.1079999304,336,146583.9843750000,195536.5312500000,172284.0468750000,147543.3437500000,119497.5546875000,151508.5156250000,133172.2656250000,144246.4843750000,,,
43.1119999303,336,146931.9062500000,195058.5468750000,173406.3906250000,148032.9843750000,119825.4218750000,151829.3906250000,133485.5625000000,144507.3281250000,,,
43.1159999303,336,147168.0312500000,193962.5000000000,174737.4062500000,148364.2187500000,120050.2734375000,152052.2031250000,133706.8281250000,144714.7968750000,,,
43.1199999305,336,146956.8281250000,193793.4843750000,174463.7656250000,148068.2812500000,119854.2031250000,151865.8906250000,133523.4218750000,144573.7343750000,,,
43.1239999305,336,146589.2656250000,194713.4062500000,172850.0000000000,147550.5937500000,119511.5781250000,151532.8125000000,133190.7187500000,144280.2500000000,,,
43.1279999304,336,146574.8281250000,195518.9843750000,172273.9062500000,147543.4843750000,119494.7343750000,151510.8750000000,133171.9687500000,144243.5625000000,,,
43.1319999304,336,146926.6093750000,195058.3906250000,173392.9218750000,148035.1562500000,119824.5937500000,151828.4531250000,133486.8750000000,144503.2812500000,,,
43.1359999303,337,147160.3593750000,193986.2656250000,174731.0312500000,148367.9218750000,120045.6875000000,152045.3281250000,133701.1875000000,144706.0000000000,,,
43.1399999303,337,146949.7031250000,193813.4687500000,174467.1250000000,148072.5781250000,119850.6406250000,151861.1718750000,133513.4062500000,144562.2343750000,,,
43.1439999302,337,146587.5468750000,194704.5625000000,172846.8281250000,147559.9218750000,119510.4765625000,151532.5937500000,133186.3437500000,144269.6562500000,,,
43.1479999302,337,146570.2968750000,195493.9375000000,172255.0781250000,147551.4531250000,119485.5859375000,151509.1093750000,133168.3125000000,144234.2031250000,,,
43.1519999302,337,146913.4375000000,195048.5781250000,173366.1093750000,148030.1406250000,119803.5937500000,151821.7656250000,133474.9531250000,144491.9062500000,,,
43.1559999301,337,147152.1718750000,193997.9218750000,174711.7187500000,148359.0937500000,120026.8828125000,152043.3437500000,133692.8750000000,144701.2812500000,,,
43.1599999303,337,146948.4062500000,193826.4531250000,174459.9843750000,148069.8906250000,119837.1718750000,151859.0781250000,133511.6093750000,144564.1406250000,,,
43.1639999303,337,146589.1875000000,194692.6718750000,172838.9218750000,147552.7656250000,119501.3593750000,151525.8593750000,133182.5781250000,144272.5000000000,,,
43.1679999302,337,146578.7968750000,195463.5156250000,172242.7968750000,147543.4843750000,119490.0390625000,151507.0625000000,133166.7812500000,144241.7968750000,,,
43.1719999302,337,146930.6718750000,195035.5625000000,173361.5781250000,148039.0781250000,119822.2343750000,151825.3906250000,133485.1406250000,144507.9531250000,,,
43.1759999301,337,147160.8437500000,194025.2343750000,174725.4687500000,148368.3750000000,120042.1484375000,152041.2500000000,133702.2031250000,144709.6718750000,,,
43.1799999303,337,146957.2812500000,193854.6406250000,174484.6875000000,148071.1875000000,119854.8750000000,151864.8437500000,133527.5156250000,144572.8906250000,,,
43.1839999303,337,146597.5156250000,194686.0468750000,172853.3437500000,147550.4843750000,119515.9218750000,151540.2187500000,133197.6093750000,144281.6718750000,,,
43.1879999302,337,146580.0937500000,195427.6875000000,172231.2343750000,147541.0937500000,119492.0781250000,151513.9531250000,133167.6406250000,144244.1718750000,,,
43.1919999302,337,146917.1093750000,195014.8906250000,173337.3593750000,148024.7812500000,119808.0937500000,151818.3281250000,133470.7343750000,144497.5937500000,,,
43.1959999301,337,147148.6875000000,194033.3281250000,174705.9531250000,148356.0312500000,120028.1171875000,152033.3906250000,133688.6718750000,144700.8750000000,,,
43.1999999301,337,146942.4062500000,193874.0625000000,174476.5468750000,148067.2187500000,119837.9218750000,151848.4218750000,133508.0156250000,144558.6718750000,,,
43.2039999303,337,146587.2812500000,194683.7656250000,172842.1406250000,147552.8437500000,119507.0468750000,151525.3281250000,133186.4687500000,144270.8437500000,,,
43.2079999303,337,146566.0000000000,195409.1250000000,172207.9843750000,147532.0625000000,119483.8203125000,151501.4531250000,133162.5468750000,144232.7187500000,,,
43.2119999302,337,146901.0625000000,195008.8593750000,173310.9843750000,148001.0937500000,119798.4921875000,151808.3281250000,133468.1406250000,144485.6875000000,,,
43.2159999302,337,147138.6562500000,194052.2500000000,174691.3281250000,148339.6093750000,120023.1562500000,152026.7187500000,133689.9218750000,144692.4531250000,,,
43.2199999301,337,146943.0781250000,193888.2031250000,174473.1875000000,148068.9218750000,119841.4375000000,151850.7656250000,133516.4687500000,144559.0625000000,,,
43.2239999303,337,146581.7500000000,194662.9843750000,172834.3906250000,147553.3281250000,119502.7031250000,151521.2031250000,133188.7500000000,144263.5937500000,,,
43.2279999303,337,146559.3593750000,195370.5468750000,172192.0000000000,147534.4218750000,119477.3515625000,151497.6718750000,133159.6250000000,144224.8125000000,,,
43.2319999302,337,146887.0468750000,194992.9531250000,173293.6093750000,148007.2031250000,119781.7343750000,151796.1250000000,133449.7031250000,144473.0312500000,,,
43.2359999302,337,147123.3125000000,194056.8906250000,174677.2968750000,148343.1093750000,120004.0078125000,152015.3750000000,133671.5781250000,144683.3437500000,,,
43.2399999301,337,146935.4843750000,193899.5468750000,174474.0937500000,148068.5312500000,119829.2343750000,151848.0781250000,133507.6093750000,144558.3750000000,,,
43.2439999301,337,146580.0625000000,194645.2500000000,172830.9531250000,147553.8437500000,119497.8750000000,151519.9687500000,133184.3906250000,144265.3750000000,,,
43.2479999303,337,146558.7031250000,195338.6093750000,172183.5781250000,147529.5937500000,119473.2734375000,151487.5156250000,133154.3125000000,144223.8281250000,,,
43.2519999302,337,146888.0312500000,194980.4531250000,173286.8125000000,148000.0000000000,119781.0859375000,151782.9062500000,133445.9843750000,144471.0468750000,,,
43.2559999302,337,147126.9062500000,194086.7656250000,174691.0312500000,148333.2031250000,120008.1093750000,152004.0000000000,133667.3125000000,144679.5468750000,,,
43.2599999302,337,146948.5468750000,193932.4062500000,174505.0468750000,148065.7968750000,119845.8359375000,151844.5937500000,133512.0468750000,144557.5937500000,,,
43.2639999301,338,146613.2187500000,194651.2343750000,172869.0312500000,147570.3125000000,119532.6093750000,151539.3906250000,133204.5312500000,144281.8437500000,,,
43.2679999301,338,146584.9687500000,195328.7812500000,172209.0000000000,147545.8125000000,119499.0234375000,151504.2812500000,133167.5937500000,144237.4531250000,,,
43.2719999300,338,146913.6718750000,194985.5156250000,173307.9531250000,148000.6093750000,119804.2109375000,151798.7812500000,133460.5156250000,144487.5625000000,,,
43.2759999300,338,147151.5000000000,194120.2031250000,174719.1406250000,148335.2500000000,120026.9687500000,152016.9062500000,133677.2968750000,144697.3593750000,,,
43.2799999299,338,146968.1562500000,193966.6875000000,174538.9843750000,148074.4062500000,119856.9375000000,151853.0937500000,133513.1093750000,144570.5000000000,,,
43.2839999299,338,146628.7656250000,194658.7656250000,172896.7656250000,147566.2500000000,119542.2656250000,151546.4375000000,133203.1093750000,144294.0937500000,,,
43.2879999301,338,146607.3906250000,195315.6406250000,172224.0156250000,147548.2343750000,119517.8281250000,151515.1406250000,133175.4843750000,144257.7031250000,,,
43.2919999301,338,146917.5156250000,194982.0312500000,173308.2031250000,148003.7968750000,119807.3437500000,151792.0156250000,133456.5937500000,144490.3750000000,,,
43.2959999300,338,147146.0000000000,194139.8750000000,174722.0468750000,148338.8593750000,120022.5156250000,152003.4687500000,133672.3281250000,144691.8906250000,,,
43.2999999300,338,146961.9218750000,193987.5156250000,174548.9531250000,148073.7343750000,119852.4609375000,151839.5468750000,133510.7343750000,144563.7656250000,,,
43.3039999299,338,146617.8593750000,194637.0937500000,172895.5312500000,147572.0781250000,119532.9062500000,151530.1250000000,133198.3593750000,144278.2656250000,,,
43.3079999301,338,146587.0937500000,195263.0468750000,172202.6093750000,147541.7968750000,119500.3671875000,151501.0625000000,133166.1406250000,144234.8437500000,,,
43.3119999301,338,146901.5000000000,194946.5781250000,173289.2656250000,148001.2812500000,119794.4218750000,151792.7187500000,133452.4687500000,144479.5937500000,,,
43.3159999300,338,147126.3750000000,194137.4843750000,174714.1250000000,148331.7656250000,120005.2421875000,152009.2031250000,133661.8437500000,144684.6250000000,,,
43.3199999300,338,146949.5312500000,194002.4062500000,174558.0312500000,148075.6406250000,119842.0781250000,151857.7343750000,133507.3281250000,144567.0156250000,,,
43.3239999299,338,146613.0312500000,194634.2812500000,172900.4218750000,147579.7187500000,119530.4921875000,151553.3593750000,133204.2343750000,144290.4687500000,,,
43.3279999299,338,146580.3750000000,195234.4218750000,172188.1406250000,147544.6562500000,119496.1015625000,151513.7656250000,133166.2812500000,144244.8281250000,,,
43.3319999301,338,146892.7031250000,194932.2812500000,173270.7031250000,147995.7031250000,119788.7578125000,151793.8125000000,133447.3750000000,144482.8125000000,,,
43.3359999300,338,147126.2343750000,194154.7031250000,174710.3750000000,148327.6875000000,120011.1171875000,152011.7968750000,133667.7187500000,144690.8125000000,,,
43.3399999300,338,146957.3437500000,194023.6250000000,174572.1875000000,148074.8593750000,119856.0312500000,151867.6406250000,133523.4375000000,144578.0312500000,,,
43.3439999300,338,146620.6406250000,194628.4375000000,172917.9687500000,147575.5156250000,119543.1484375000,151559.5312500000,133219.0625000000,144295.8437500000,,,
43.3479999299,338,146589.0781250000,195207.8750000000,172198.6406250000,147543.6250000000,119510.3437500000,151520.5625000000,133183.1250000000,144244.6093750000,,,
43.3519999301,338,146899.1093750000,194918.4375000000,173280.1718750000,147992.5468750000,119800.3750000000,151801.7343750000,133464.8125000000,144484.2031250000,,,
43.3559999301,338,147130.9375000000,194169.4062500000,174725.1250000000,148333.1875000000,120018.0625000000,152016.7187500000,133683.8125000000,144693.9843750000,,,
43.3599999300,338,146962.1093750000,194043.2031250000,174592.0625000000,148084.8593750000,119861.2578125000,151869.6250000000,133534.7031250000,144579.4218750000,,,
43.3639999300,338,146629.1718750000,194618.4843750000,172931.7968750000,147582.1093750000,119552.4843750000,151570.2500000000,133230.7656250000,144301.2343750000,,,
43.3679999299,338,146593.5781250000,195176.3281250000,172198.0000000000,147537.6406250000,119513.4531250000,151528.0937500000,133195.0000000000,144248.1718750000,,,
43.3719999299,338,146901.2812500000,194907.4687500000,173272.8125000000,147987.6562500000,119798.1718750000,151800.6093750000,133467.1718750000,144482.1718750000,,,
43.3759999301,338,147136.8593750000,194200.7343750000,174731.2187500000,148330.5000000000,120018.3046875000,152015.5000000000,133679.8906250000,144690.4687500000,,,
43.3799999300,338,146975.1562500000,194090.0625000000,174617.3593750000,148084.5312500000,119869.1171875000,151873.3750000000,133534.3593750000,144579.6093750000,,,
43.3839999300,338,146642.8437500000,194634.8125000000,172950.5000000000,147588.9531250000,119560.3125000000,151572.4062500000,133230.5937500000,144301.2812500000,,,
43.3879999300,338,146603.2812500000,195155.2812500000,172191.7343750000,147547.1875000000,119516.5390625000,151527.2343750000,133188.2187500000,144247.5625000000,,,
43.3919999299,339,146894.3125000000,194914.2187500000,173264.4531250000,147991.2500000000,119785.7578125000,151792.9687500000,133451.4218750000,144475.8750000000,,,
43.3959999299,339,147130.9375000000,194253.0625000000,174735.4531250000,148338.0937500000,120007.7578125000,152014.3750000000,133674.3125000000,144689.7968750000,,,
43.3999999298,339,146970.8125000000,194146.8750000000,174629.6093750000,148100.2343750000,119862.1953125000,151876.5937500000,133536.3750000000,144581.1250000000,,,
43.4039999298,339,146642.3125000000,194650.3281250000,172952.2656250000,147605.0937500000,119562.9453125000,151584.9531250000,133242.9375000000,144308.0468750000,,,
43.4079999297,339,146600.5468750000,195140.0625000000,172178.0781250000,147554.3125000000,119521.8750000000,151537.4218750000,133199.3281250000,144255.6093750000,,,
43.4119999297,339,146891.1718750000,194908.1875000000,173247.6562500000,147986.8593750000,119791.6562500000,151799.0156250000,133460.5625000000,144483.6718750000,,,
43.4159999299,339,147114.8593750000,194276.0468750000,174726.0468750000,148324.8593750000,120001.3515625000,152009.7656250000,133666.7187500000,144686.3750000000,,,
43.4199999298,339,146949.5625000000,194174.2500000000,174625.1875000000,148087.1093750000,119849.9140625000,151863.8593750000,133521.2968750000,144570.5468750000,,,
43.4239999298,339,146621.7656250000,194643.0312500000,172938.7812500000,147594.1562500000,119546.8203125000,151565.1562500000,133223.1718750000,144291.5937500000,,,
43.4279999298,339,146577.9375000000,195095.1406250000,172142.3281250000,147539.1875000000,119497.6875000000,151513.9843750000,133171.8593750000,144231.2031250000,,,
43.4319999297,339,146879.2343750000,194873.1875000000,173214.1250000000,147991.2500000000,119775.3750000000,151783.4062500000,133441.9062500000,144467.0937500000,,,
43.4359999299,339,147111.4531250000,194288.0312500000,174716.0937500000,148335.8281250000,119994.7500000000,151997.7968750000,133658.1718750000,144677.1093750000,,,
43.4399999299,339,146960.6093750000,194202.2656250000,174639.1562500000,148097.3281250000,119859.5156250000,151863.9062500000,133528.3437500000,144571.5625000000,,,
43.4439999298,339,146648.2968750000,194645.0156250000,172954.5937500000,147609.5000000000,119567.8515625000,151577.7187500000,133241.0781250000,144304.3437500000,,,
43.4479999298,339,146614.9062500000,195075.5312500000,172151.1406250000,147557.4375000000,119528.0468750000,151535.0625000000,133199.9687500000,144257.3750000000,,,
43.4519999297,339,146908.1718750000,194874.4218750000,173223.2500000000,147995.7500000000,119798.0390625000,151796.6875000000,133460.3281250000,144489.3906250000,,,
43.4559999297,339,147141.5468750000,194319.3593750000,174737.9687500000,148338.9531250000,120018.6484375000,152012.5781250000,133676.4687500000,144701.1250000000,,,
43.4599999299,339,146986.8437500000,194235.3906250000,174670.6562500000,148103.8437500000,119879.3671875000,151877.7968750000,133542.8593750000,144590.8750000000,,,
43.4639999298,339,146662.6406250000,194655.4531250000,172979.7656250000,147608.9531250000,119581.6406250000,151586.4531250000,133246.5625000000,144314.4531250000,,,
43.4679999298,339,146615.5937500000,195069.6875000000,172157.2812500000,147551.6718750000,119532.7421875000,151537.0000000000,133201.2031250000,144254.9375000000,,,
43.4719999298,339,146899.1875000000,194872.3281250000,173215.6093750000,147983.5781250000,119793.9062500000,151793.0156250000,133461.3437500000,144477.9531250000,,,
43.4759999297,339,147132.9687500000,194336.9843750000,174734.4843750000,148331.8593750000,120012.6171875000,152011.2343750000,133677.3125000000,144688.6406250000,,,
43.4799999299,339,146979.9531250000,194247.7500000000,174671.2343750000,148100.2812500000,119872.6015625000,151874.4218750000,133540.5781250000,144578.7812500000,,,
43.4839999299,339,146658.3281250000,194647.4843750000,172973.9687500000,147604.9531250000,119574.5312500000,151583.4843750000,133246.5312500000,144302.0937500000,,,
43.4879999298,339,146608.5156250000,195053.9687500000,172140.1250000000,147543.0000000000,119524.5859375000,151534.3906250000,133200.7187500000,144245.9218750000,,,
43.4919999298,339,146887.2343750000,194869.5156250000,173194.6093750000,147972.2656250000,119785.5390625000,151790.9218750000,133457.7500000000,144473.1093750000,,,
43.4959999297,339,147117.8906250000,194349.1093750000,174719.9531250000,148325.7968750000,120002.6093750000,152007.4843750000,133670.3437500000,144685.9687500000,,,
43.4999999297,339,146974.7812500000,194268.4218750000,174676.4218750000,148106.2343750000,119873.4609375000,151882.5781250000,133542.3281250000,144587.9062500000,,,
43.5039999299,339,146655.4062500000,194654.5312500000,172983.8906250000,147598.1250000000,119581.8281250000,151594.2031250000,133252.5625000000,144315.1718750000,,,
43.5079999298,339,146602.0312500000,195048.5781250000,172137.1250000000,147533.5312500000,119528.4765625000,151539.8906250000,133198.0625000000,144252.9218750000,,,
43.5119999298,339,146881.5625000000,194868.3593750000,173182.5937500000,147961.5625000000,119784.9531250000,151791.3593750000,133448.3906250000,144477.0781250000,,,
43.5159999297,339,147115.4531250000,194356.6250000000,174712.4375000000,148314.6718750000,120001.7265625000,152007.1562500000,133660.9531250000,144691.7031250000,,,
43.5199999297,340,146972.0156250000,194281.3906250000,174680.1250000000,148095.5937500000,119868.6640625000,151876.7031250000,133527.6718750000,144590.7187500000,,,
43.5239999297,340,146656.0156250000,194662.9843750000,172987.7812500000,147607.7500000000,119577.7734375000,151587.6875000000,133242.7187500000,144317.1875000000,,,
43.5279999296,340,146604.2343750000,195045.3593750000,172128.4531250000,147543.4531250000,119528.7968750000,151537.5312500000,133201.4218750000,144255.6093750000,,,
43.5319999296,340,146881.4062500000,194870.4531250000,173168.0312500000,147969.0468750000,119784.2812500000,151782.9843750000,133453.0625000000,144473.4062500000,,,
43.5359999295,340,147122.8906250000,194365.1250000000,174702.2500000000,148327.3906250000,120007.7890625000,152002.1250000000,133673.9375000000,144689.0000000000,,,
43.5399999295,340,146985.0937500000,194286.3437500000,174685.9375000000,148107.0625000000,119879.9531250000,151880.2656250000,133549.7031250000,144593.3281250000,,,
43.5439999297,340,146655.4531250000,194671.2500000000,173002.5625000000,147595.2187500000,119574.4218750000,151583.9375000000,133250.7187500000,144311.9062500000,,,
43.5479999296,340,146597.7656250000,195075.7187500000,172137.0312500000,147525.7031250000,119515.9218750000,151522.9375000000,133193.9843750000,144243.3437500000,,,
43.5519999296,340,146885.1875000000,194904.5625000000,173167.5625000000,147954.8593750000,119781.9765625000,151778.4843750000,133449.1093750000,144467.7968750000,,,
43.5559999296,340,147117.5781250000,194377.5156250000,174696.0000000000,148307.6250000000,119997.6250000000,151987.0781250000,133660.9062500000,144674.2500000000,,,
43.5599999295,340,146982.6875000000,194282.1875000000,174686.7500000000,148099.3906250000,119875.0703125000,151871.2031250000,133545.5156250000,144581.8750000000,,,
43.5639999297,340,146660.2812500000,194665.8593750000,173008.5156250000,147605.2031250000,119578.7421875000,151585.5156250000,133252.7500000000,144308.2031250000,,,
43.5679999297,340,146604.5781250000,195086.8281250000,172142.6093750000,147537.0781250000,119521.1562500000,151524.3125000000,133192.3437500000,144242.1875000000,,,
43.5719999296,340,146885.3281250000,194919.2968750000,173162.6562500000,147964.4062500000,119778.4062500000,151768.9062500000,133443.0312500000,144459.8281250000,,,
43.5759999296,340,147129.0625000000,194366.4687500000,174685.1406250000,148318.2968750000,120005.6171875000,151988.4375000000,133667.1875000000,144675.9843750000,,,
43.5799999295,340,146989.3906250000,194259.8437500000,174686.4218750000,148104.2187500000,119881.0234375000,151870.5625000000,133548.1250000000,144582.2500000000,,,
43.5839999295,340,146659.6093750000,194661.9375000000,173016.1250000000,147612.7968750000,119580.9687500000,151580.1875000000,133252.2500000000,144304.8281250000,,,
43.5879999297,340,146595.1875000000,195099.3750000000,172138.9375000000,147529.5312500000,119519.2500000000,151519.7812500000,133187.4687500000,144235.3593750000,,,
43.5919999296,340,146869.4687500000,194934.1250000000,173143.7500000000,147949.2968750000,119773.0937500000,151770.3750000000,133435.0625000000,144453.2343750000,,,
43.5959999296,340,147100.1718750000,194381.6250000000,174667.5156250000,148307.7812500000,119988.9843750000,151989.4531250000,133654.6875000000,144664.0781250000,,,
43.5999999295,340,146960.7500000000,194279.0468750000,174682.6718750000,148096.9375000000,119864.2656250000,151871.3906250000,133535.5625000000,144573.0468750000,,,
43.6039999295,340,146648.1406250000,194693.1562500000,173023.9062500000,147611.0468750000,119578.6328125000,151592.7656250000,133252.9375000000,144312.3125000000,,,
43.6079999297,340,146582.6875000000,195136.2656250000,172135.7812500000,147528.9687500000,119510.1875000000,151525.2500000000,133192.8593750000,144240.7968750000,,,
43.6119999296,340,146857.7812500000,194942.6875000000,173120.8906250000,147947.8593750000,119760.7578125000,151769.3906250000,133438.8750000000,144453.5781250000,,,
43.6159999296,340,147099.8125000000,194363.8906250000,174647.4531250000,148309.8437500000,119984.5625000000,151989.0312500000,133658.1406250000,144669.0625000000,,,
43.6199999296,340,146967.4218750000,194259.3906250000,174681.8593750000,148106.7968750000,119862.1406250000,151870.2968750000,133538.3750000000,144580.7968750000,,,
43.6239999295,340,146652.6406250000,194685.1875000000,173029.7500000000,147610.6718750000,119572.0390625000,151587.9531250000,133251.1718750000,144315.0625000000,,,
43.6279999295,340,146590.4218750000,195140.6093750000,172138.5312500000,147533.7968750000,119510.6171875000,151523.2656250000,133187.1718750000,144241.7343750000,,,
43.6319999297,340,146865.6093750000,194958.9062500000,173126.7968750000,147950.1406250000,119766.3125000000,151769.2500000000,133435.8437500000,144451.8281250000,,,
43.6359999296,340,147108.0000000000,194356.1875000000,174655.7343750000,148311.2656250000,119993.5468750000,151988.3906250000,133660.8437500000,144665.2031250000,,,
43.6399999296,340,146977.1093750000,194224.9843750000,174701.2812500000,148110.6093750000,119874.6953125000,151872.1718750000,133547.9218750000,144580.4218750000,,,
43.6439999295,340,146652.8281250000,194660.6562500000,173059.0000000000,147610.2187500000,119575.2031250000,151578.6250000000,133250.9062500000,144306.4375000000,,,
43.6479999295,341,146592.2343750000,195137.6875000000,172164.7968750000,147528.4375000000,119515.1484375000,151511.6562500000,133186.3750000000,144233.7656250000,,,
43.6519999295,341,146870.7031250000,194969.4843750000,173151.5781250000,147948.1562500000,119771.8906250000,151760.3750000000,133433.5625000000,144446.6562500000,,,
43.6559999294,341,147114.5937500000,194360.4062500000,174681.9375000000,148312.6875000000,119998.5078125000,151985.0937500000,133656.6406250000,144664.0312500000,,,
43.6599999294,341,146985.2656250000,194229.5625000000,174740.3125000000,148114.0468750000,119879.6328125000,151869.8593750000,133544.5781250000,144581.7812500000,,,
43.6639999293,341,146660.2812500000,194671.7500000000,173099.0937500000,147617.6406250000,119580.5625000000,151577.0937500000,133251.4687500000,144308.7343750000,,,
43.6679999293,341,146595.3281250000,195156.8593750000,172190.6875000000,147536.0781250000,119516.1093750000,151510.7968750000,133185.2656250000,144234.1250000000,,,
43.6719999295,341,146867.1093750000,194984.5781250000,173161.6875000000,147953.4375000000,119762.7656250000,151751.6562500000,133423.9531250000,144441.5312500000,,,
43.6759999294,341,147116.1875000000,194359.8593750000,174687.0156250000,148314.8906250000,119995.5859375000,151983.6875000000,133652.4843750000,144663.1875000000,,,
43.6799999294,341,146995.2343750000,194205.7187500000,174754.7968750000,148119.4062500000,119889.6093750000,151881.8750000000,133553.6718750000,144586.7812500000,,,
43.6839999293,341,146664.8437500000,194651.2812500000,173124.2500000000,147621.3437500000,119586.3593750000,151587.9062500000,133254.3281250000,144312.8125000000,,,
43.6879999293,341,146588.6718750000,195159.8593750000,172210.7968750000,147522.6718750000,119510.2343750000,151516.0781250000,133179.0781250000,144234.2500000000,,,
43.6919999295,341,146866.0156250000,194980.3125000000,173161.0312500000,147943.9687500000,119765.7968750000,151770.0781250000,133430.0937500000,144451.6250000000,,,
43.6959999294,341,147111.9375000000,194340.3125000000,174679.5781250000,148316.2343750000,119993.3281250000,152001.0937500000,133660.4218750000,144674.6406250000,,,
43.6999999294,341,146980.3593750000,194191.8593750000,174751.2500000000,148121.4218750000,119870.7812500000,151889.6093750000,133546.6406250000,144592.5156250000,,,
43.7039999294,341,146651.9375000000,194644.8281250000,173116.7968750000,147623.7031250000,119567.7734375000,151596.6250000000,133252.3750000000,144319.3281250000,,,
43.7079999293,341,146575.0156250000,195147.3281250000,172186.3593750000,147525.7812500000,119493.2578125000,151519.9375000000,133178.5156250000,144236.6875000000,,,
43.7119999293,341,146840.7187500000,194979.5156250000,173135.0937500000,147930.5468750000,119739.2421875000,151753.6093750000,133416.2031250000,144438.5625000000,,,
43.7159999295,341,147093.0000000000,194337.5781250000,174662.3437500000,148305.6093750000,119974.6328125000,151981.1250000000,133648.7031250000,144657.6875000000,,,
43.7199999294,341,146964.9375000000,194162.5312500000,174739.2031250000,148110.9062500000,119856.3750000000,151866.6406250000,133535.9687500000,144571.5625000000,,,
43.7239999294,341,146632.9218750000,194615.1093750000,173115.1250000000,147608.2343750000,119548.1640625000,151565.6250000000,133230.8437500000,144290.9843750000,,,
43.7279999293,341,146567.7500000000,195140.8750000000,172191.6718750000,147514.1093750000,119481.4062500000,151496.5000000000,133162.1250000000,144216.0625000000,,,
43.7319999293,341,146842.5468750000,194982.6406250000,173135.7343750000,147927.8906250000,119732.0859375000,151741.4843750000,133406.7187500000,144424.2656250000,,,
43.7359999295,341,147098.0468750000,194326.3593750000,174661.4218750000,148307.5625000000,119969.9140625000,151977.0156250000,133639.0937500000,144645.5937500000,,,
43.7399999294,341,146970.6718750000,194159.6718750000,174759.5156250000,148115.1406250000,119852.8671875000,151865.3281250000,133526.5312500000,144563.1250000000,,,
43.7439999294,341,146645.9375000000,194638.7656250000,173148.7968750000,147617.2500000000,119553.3437500000,151573.5625000000,133229.9843750000,144292.3281250000,,,
43.7479999294,341,146578.7968750000,195192.0468750000,172215.5156250000,147522.7500000000,119487.1953125000,151504.6718750000,133158.9843750000,144217.0000000000,,,
43.7519999293,341,146859.5156250000,195030.3125000000,173152.4687500000,147937.3125000000,119746.7031250000,151757.2812500000,133409.7968750000,144434.0000000000,,,
43.7559999293,341,147111.9375000000,194346.7031250000,174677.8906250000,148314.2187500000,119983.3828125000,151986.1406250000,133644.2187500000,144655.2500000000,,,
43.7599999295,341,146993.4218750000,194158.5937500000,174784.8281250000,148125.1718750000,119876.9531250000,151885.2031250000,133546.0468750000,144583.6718750000,,,
43.7639999294,341,146664.6562500000,194646.4843750000,173179.2031250000,147621.6718750000,119571.8984375000,151590.4531250000,133249.9687500000,144314.2343750000,,,
43.7679999294,341,146579.9531250000,195216.8593750000,172227.5156250000,147509.2343750000,119487.0937500000,151508.1875000000,133168.9375000000,144225.5625000000,,,
43.7719999293,341,146851.2656250000,195040.0781250000,173134.5468750000,147920.0156250000,119739.0000000000,151753.7812500000,133414.8125000000,144431.1875000000,,,
43.7759999293,342,147103.1250000000,194318.1875000000,174643.3125000000,148292.7343750000,119976.5703125000,151990.2187500000,133653.6875000000,144650.8281250000,,,
43.7799999292,342,146976.8437500000,194116.7187500000,174761.0937500000,148105.6718750000,119862.0078125000,151881.3906250000,133548.8906250000,144571.5937500000,,,
43.7839999292,342,146644.3593750000,194627.6562500000,173165.8750000000,147605.2343750000,119555.3828125000,151581.9843750000,133248.0000000000,144298.2812500000,,,
43.7879999292,342,146560.6406250000,195217.9843750000,172208.7343750000,147492.5468750000,119472.9296875000,151499.6093750000,133162.8125000000,144211.1562500000,,,
43.7919999291,342,146832.6250000000,195041.8437500000,173108.4843750000,147902.2343750000,119722.8046875000,151742.1406250000,133401.9375000000,144415.5468750000,,,
43.7959999291,342,147092.3437500000,194293.3750000000,174619.1250000000,148287.6875000000,119966.9921875000,151981.3281250000,133642.3125000000,144638.1875000000,,,
43.7999999293,342,146974.5937500000,194073.2968750000,174750.3906250000,148111.3906250000,119859.7578125000,151876.6250000000,133541.6562500000,144562.3906250000,,,
43.8039999292,342,146637.0781250000,194585.6562500000,173161.8750000000,147603.5625000000,119548.7031250000,151570.0156250000,133237.4062500000,144283.9843750000,,,
43.8079999292,342,146554.7343750000,195191.9375000000,172202.6406250000,147493.0625000000,119468.7187500000,151485.3593750000,133156.4843750000,144197.6718750000,,,
43.8119999291,342,146838.4843750000,195018.5156250000,173098.9531250000,147909.0468750000,119730.9296875000,151738.5625000000,133408.4843750000,144412.7031250000,,,
43.8159999291,342,147109.9062500000,194262.9375000000,174620.4375000000,148299.7343750000,119986.1171875000,151991.7343750000,133655.1875000000,144649.0781250000,,,
43.8199999293,342,146988.1093750000,194047.0937500000,174768.4531250000,148123.4062500000,119874.6718750000,151887.8281250000,133549.1093750000,144577.7187500000,,,
43.8239999292,342,146649.6406250000,194589.9531250000,173190.3750000000,147618.0468750000,119561.7343750000,151581.5468750000,133247.6250000000,144302.5156250000,,,
43.8279999292,342,146564.2343750000,195231.7968750000,172225.7656250000,147501.4218750000,119477.9140625000,151495.1093750000,133160.8125000000,144212.5000000000,,,
43.8319999292,342,146843.8906250000,195054.3750000000,173104.8281250000,147910.1406250000,119737.4453125000,151747.9062500000,133408.9843750000,144422.3593750000,,,
43.8359999291,342,147116.4687500000,194257.4062500000,174610.1406250000,148297.4531250000,119993.6796875000,151997.2187500000,133657.0156250000,144659.4843750000,,,
43.8399999291,342,147006.4531250000,194023.9687500000,174769.4375000000,148129.3281250000,119893.4218750000,151898.1875000000,133563.9375000000,144598.9843750000,,,
43.8439999293,342,146664.6250000000,194582.5156250000,173199.6718750000,147615.0468750000,119577.1328125000,151591.5468750000,133253.1562500000,144321.3750000000,,,
43.8479999292,342,146566.4843750000,195251.6718750000,172225.4218750000,147482.8437500000,119480.1953125000,151498.3437500000,133155.3125000000,144220.2500000000,,,
43.8519999292,342,146845.2968750000,195079.1875000000,173093.3593750000,147895.0156250000,119737.2578125000,151748.6562500000,133408.5625000000,144427.0468750000,,,
43.8559999291,342,147120.6406250000,194264.0312500000,174596.7343750000,148295.5000000000,119994.7500000000,151999.1718750000,133664.5468750000,144659.0937500000,,,
43.8599999291,342,147005.6718750000,194017.9843750000,174769.7812500000,148128.9843750000,119887.4609375000,151896.0156250000,133562.4375000000,144589.6250000000,,,
43.8639999293,342,146656.0000000000,194599.4687500000,173214.5312500000,147617.4843750000,119563.2890625000,151579.1406250000,133246.3906250000,144303.7812500000,,,
43.8679999292,342,146568.1562500000,195283.9687500000,172232.6250000000,147491.9531250000,119477.5156250000,151489.7968750000,133159.6562500000,144210.6562500000,,,
43.8719999292,342,146851.7968750000,195102.5468750000,173086.0312500000,147902.4687500000,119740.6953125000,151740.3437500000,133409.9062500000,144420.0312500000,,,
43.8759999292,342,147122.2500000000,194264.6718750000,174585.9218750000,148297.3750000000,119995.3125000000,151990.2968750000,133657.7343750000,144651.6250000000,,,
43.8799999291,342,147006.7500000000,194000.6718750000,174762.8593750000,148131.3750000000,119891.1640625000,151891.0000000000,133558.9843750000,144587.3593750000,,,
43.8839999291,342,146667.5312500000,194593.1718750000,173215.3906250000,147625.6093750000,119577.5312500000,151583.4218750000,133252.4531250000,144313.0312500000,,,
43.8879999293,342,146576.6875000000,195301.0781250000,172232.0156250000,147502.4531250000,119489.2656250000,151490.8906250000,133161.2656250000,144218.0468750000,,,
43.8919999292,342,146853.4531250000,195126.6562500000,173078.2187500000,147907.6250000000,119744.9296875000,151737.9531250000,133404.0781250000,144422.3281250000,,,
43.8959999292,342,147132.0937500000,194268.8281250000,174581.0937500000,148309.5468750000,120006.4765625000,151994.3437500000,133655.2500000000,144660.0625000000,,,
43.8999999291,342,147018.5781250000,193990.2500000000,174770.6718750000,148149.1562500000,119898.0625000000,151892.7656250000,133555.2031250000,144595.5156250000,,,
43.9039999291,343,146675.0937500000,194602.1718750000,173234.1093750000,147636.7968750000,119575.6015625000,151582.8125000000,133243.6875000000,144320.1093750000,,,
43.9079999290,343,146582.9531250000,195344.8593750000,172249.4531250000,147510.5156250000,119483.3125000000,151493.7031250000,133152.4687500000,144227.0937500000,,,
43.9119999290,343,146867.4843750000,195178.5781250000,173087.5312500000,147917.9687500000,119745.8437500000,151752.1093750000,133400.4062500000,144439.4375000000,,,
43.9159999290,343,147151.9843750000,194303.7343750000,174590.8281250000,148320.3906250000,120010.8750000000,152014.8281250000,133660.4218750000,144682.5000000000,,,
43.9199999289,343,147046.2500000000,194008.5156250000,174793.1250000000,148170.6406250000,119912.1640625000,151923.2031250000,133569.7656250000,144625.2343750000,,,
43.9239999289,343,146682.9531250000,194613.5468750000,173251.5156250000,147643.8593750000,119573.1640625000,151593.2500000000,133240.0625000000,144328.1093750000,,,
43.9279999291,343,146576.8125000000,195366.9218750000,172252.1093750000,147502.1562500000,119470.5156250000,151490.7812500000,133138.2500000000,144221.5937500000,,,
43.9319999290,343,146860.0625000000,195194.3750000000,173074.2812500000,147911.6406250000,119733.2656250000,151744.6562500000,133391.5000000000,144432.3125000000,,,
43.9359999290,343,147141.6093750000,194293.6406250000,174572.5625000000,148315.3750000000,119995.8281250000,152000.1406250000,133648.0312500000,144669.6875000000,,,
43.9399999289,343,147030.7031250000,193979.8281250000,174782.1250000000,148158.0781250000,119895.5390625000,151903.2500000000,133553.6718750000,144606.6562500000,,,
43.9439999289,343,146679.5468750000,194604.6406250000,173259.6718750000,147641.1406250000,119572.4140625000,151587.4531250000,133239.1875000000,144326.1250000000,,,
43.9479999291,343,146577.8906250000,195387.6562500000,172263.2812500000,147503.0625000000,119475.7734375000,151488.4531250000,133144.0625000000,144224.2500000000,,,
43.9519999290,343,146860.8125000000,195225.5781250000,173082.5937500000,147914.8906250000,119740.8046875000,151741.6718750000,133396.5781250000,144429.2968750000,,,
43.9559999290,343,147149.6562500000,194298.1718750000,174581.6093750000,148325.5156250000,120013.7968750000,152011.1093750000,133664.6875000000,144674.3437500000,,,
43.9599999289,343,147037.4531250000,193962.0937500000,174802.9062500000,148169.2500000000,119911.2031250000,151914.9531250000,133567.8125000000,144612.7343750000,,,
43.9639999289,343,146675.0625000000,194606.3125000000,173290.5781250000,147641.7031250000,119574.4765625000,151589.4843750000,133238.8593750000,144322.7187500000,,,
43.9679999289,343,146566.9687500000,195423.5156250000,172285.3437500000,147499.1406250000,119471.0781250000,151484.7187500000,133143.8593750000,144215.5000000000,,,
43.9719999291,343,146848.0468750000,195261.9687500000,173089.1875000000,147906.7656250000,119733.9375000000,151733.6093750000,133401.6093750000,144418.0156250000,,,
43.9759999290,343,147136.4062500000,194302.8125000000,174580.2812500000,148320.1250000000,120005.0781250000,151994.7968750000,133660.7968750000,144659.5937500000,,,
43.9799999290,343,147035.3125000000,193941.1250000000,174809.4531250000,148176.5937500000,119911.1484375000,151909.4531250000,133572.5468750000,144610.1718750000,,,
43.9839999289,343,146682.9531250000,194596.0625000000,173303.0000000000,147657.7968750000,119582.8437500000,151591.8437500000,133254.0468750000,144331.0781250000,,,
43.9879999289,343,146566.3281250000,195434.5156250000,172288.5625000000,147501.1093750000,119469.5468750000,151479.3593750000,133144.4218750000,144219.8437500000,,,
43.9919999291,343,146848.9218750000,195268.2812500000,173079.5937500000,147907.6406250000,119733.2343750000,151737.5156250000,133402.0937500000,144424.0937500000,,,
43.9959999290,343,147140.4218750000,194274.8906250000,174564.3281250000,148321.9687500000,120009.7968750000,152008.8593750000,133674.8281250000,144668.4843750000,,,
43.9999999290,343,147037.4843750000,193885.9218750000,174802.0312500000,148173.9062500000,119913.0234375000,151919.9375000000,133584.9218750000,144613.6250000000,,,
44.0039999289,343,146676.4531250000,194561.5468750000,173307.2812500000,147651.7031250000,119572.7343750000,151593.1562500000,133255.9375000000,144326.1718750000,,,
44.0079999289,343,146565.7187500000,195435.6406250000,172293.4375000000,147499.6875000000,119462.8437500000,151484.2968750000,133144.1562500000,144218.8281250000,,,
44.0119999289,343,146848.0937500000,195287.2187500000,173072.8593750000,147902.5468750000,119726.5312500000,151734.8125000000,133394.7500000000,144422.5937500000,,,
44.0159999290,343,147149.0312500000,194262.2656250000,174543.8593750000,148327.6250000000,120010.2578125000,152010.0000000000,133674.5781250000,144672.8281250000,,,
44.0199999290,343,147047.6718750000,193807.1718750000,174734.6718750000,148183.2656250000,119916.9687500000,151922.4531250000,133590.4687500000,144616.7343750000,,,
44.0239999290,343,146678.6562500000,194465.5937500000,173226.8125000000,147638.8437500000,119574.1796875000,151588.7656250000,133257.5000000000,144327.2187500000,,,
44.0279999289,343,146568.3437500000,195390.9843750000,172247.8906250000,147493.6406250000,119469.4687500000,151480.4843750000,133154.5000000000,144221.5468750000,,,
44.0319999289,344,146852.4375000000,195305.1250000000,173097.7500000000,147901.1093750000,119736.4531250000,151734.9531250000,133408.3750000000,144427.3437500000,,,
44.0359999288,344,147155.9843750000,194322.0156250000,174634.4687500000,148325.3437500000,120022.5703125000,152014.3281250000,133684.0468750000,144677.9375000000,,,
44.0399999288,344,147057.1250000000,193835.2812500000,174804.0937500000,148177.6406250000,119934.5390625000,151930.3437500000,133602.0000000000,144624.2968750000,,,
44.0439999287,344,146684.0156250000,194483.7500000000,173277.5937500000,147648.7656250000,119587.0546875000,151593.0625000000,133264.3437500000,144330.5781250000,,,
44.0479999287,344,146565.6875000000,195424.7343750000,172277.3437500000,147495.3125000000,119472.3906250000,151475.6093750000,133149.8437500000,144215.7812500000,,,
44.0519999287,344,146848.0625000000,195338.8750000000,173110.0312500000,147898.5781250000,119736.4296875000,151727.7343750000,133399.1250000000,144419.4375000000,,,
44.0559999289,344,147154.2968750000,194318.9843750000,174637.5468750000,148327.3906250000,120028.0156250000,152013.9218750000,133686.3593750000,144674.7187500000,,,
44.0599999288,344,147054.4375000000,193801.7812500000,174805.2187500000,148187.8906250000,119937.4843750000,151933.6406250000,133607.3125000000,144622.0781250000,,,
44.0639999288,344,146675.7812500000,194471.1562500000,173283.7343750000,147655.1718750000,119581.3671875000,151591.0937500000,133265.7812500000,144325.3437500000,,,
44.0679999287,344,146548.0625000000,195456.7031250000,172277.6718750000,147488.9062500000,119456.4296875000,151468.0625000000,133144.0468750000,144204.7812500000,,,
44.0719999287,344,146834.9843750000,195377.1250000000,173095.0468750000,147898.4687500000,119722.5312500000,151725.7187500000,133396.0312500000,144413.1250000000,,,
44.0759999289,344,147147.1562500000,194330.2031250000,174617.7656250000,148334.6562500000,120016.7187500000,152016.5781250000,133681.6875000000,144670.8906250000,,,
44.0799999288,344,147046.3125000000,193781.6093750000,174791.4843750000,148185.7187500000,119924.7734375000,151931.2500000000,133597.0625000000,144615.5000000000,,,
44.0839999288,344,146670.6718750000,194459.4062500000,173280.2187500000,147654.2031250000,119570.9062500000,151586.5625000000,133252.4531250000,144322.3906250000,,,
44.0879999287,344,146542.8593750000,195476.6875000000,172270.2968750000,147487.5312500000,119443.0468750000,151460.6093750000,133125.0000000000,144201.9531250000,,,
44.0919999287,344,146815.3125000000,195411.1250000000,173074.4218750000,147886.3281250000,119694.0468750000,151701.5781250000,133362.5156250000,144393.0156250000,,,
44.0959999287,344,147126.6406250000,194320.0625000000,174586.3437500000,148322.8750000000,119987.6406250000,151985.8906250000,133644.8906250000,144643.7187500000,,,
44.0999999288,344,147033.9218750000,193746.9218750000,174775.9062500000,148184.2031250000,119904.6562500000,151905.6875000000,133567.6093750000,144595.8125000000,,,
44.1039999288,344,146662.1562500000,194449.3437500000,173282.6875000000,147648.7812500000,119559.2187500000,151569.6718750000,133237.8125000000,144309.5468750000,,,
44.1079999288,344,146531.4375000000,195518.2656250000,172276.1875000000,147476.5312500000,119431.9453125000,151440.3281250000,133114.9687500000,144188.3593750000,,,
44.1119999287,344,146824.5781250000,195462.7031250000,173075.5625000000,147886.4531250000,119705.0703125000,151702.7812500000,133375.9218750000,144397.7343750000,,,
44.1159999287,344,147152.9218750000,194322.5312500000,174585.1406250000,148333.5625000000,120018.5703125000,152012.2812500000,133681.2812500000,144668.3906250000,,,
44.1199999289,344,147062.0000000000,193708.1718750000,174784.4375000000,148196.4062500000,119936.3359375000,151937.0468750000,133604.8125000000,144623.9062500000,,,
44.1239999288,344,146683.7500000000,194431.0468750000,173305.4062500000,147661.1250000000,119583.2187500000,151595.2343750000,133262.1875000000,144332.6718750000,,,
44.1279999288,344,146537.9218750000,195555.6250000000,172295.8750000000,147476.0000000000,119444.2265625000,151455.2187500000,133125.0000000000,144198.2656250000,,,
44.1319999287,344,146826.3906250000,195511.2031250000,173082.4687500000,147880.4687500000,119717.2265625000,151716.9687500000,133389.2031250000,144402.8906250000,,,
44.1359999287,344,147158.6718750000,194340.2343750000,174590.7812500000,148332.0781250000,120036.4062500000,152027.0156250000,133698.4531250000,144672.7187500000,,,
44.1399999287,344,147071.7968750000,193696.2343750000,174798.8125000000,148202.2812500000,119957.7890625000,151952.7187500000,133627.2968750000,144631.3750000000,,,
44.1439999288,344,146684.0781250000,194438.8281250000,173322.8750000000,147657.6093750000,119592.6093750000,151598.9843750000,133277.4843750000,144333.4218750000,,,
44.1479999288,344,146540.7343750000,195598.7500000000,172307.4687500000,147470.0156250000,119452.8906250000,151464.3125000000,133143.4062500000,144203.9218750000,,,
44.1519999288,344,146827.8125000000,195562.8437500000,173084.6093750000,147874.0156250000,119719.8281250000,151725.5781250000,133399.1718750000,144407.9843750000,,,
44.1559999287,344,147158.7812500000,194347.9062500000,174582.9687500000,148331.4687500000,120029.9140625000,152033.0937500000,133697.7656250000,144674.7500000000,,,
44.1599999287,345,147059.4843750000,193665.0625000000,174786.7187500000,148198.5312500000,119935.5312500000,151945.4375000000,133610.2656250000,144621.7500000000,,,
44.1639999286,345,146665.2500000000,194425.7968750000,173316.4531250000,147655.8750000000,119563.5312500000,151584.0781250000,133254.0625000000,144318.9062500000,,,
44.1679999286,345,146518.0468750000,195634.6718750000,172299.3437500000,147473.3125000000,119418.5859375000,151443.4687500000,133114.8281250000,144186.4375000000,,,
44.1719999285,345,146798.7187500000,195599.1562500000,173056.7656250000,147865.2187500000,119682.6484375000,151701.7343750000,133368.8593750000,144386.7656250000,,,
44.1759999285,345,147128.3281250000,194346.2656250000,174546.4375000000,148318.4218750000,119999.8984375000,152010.8125000000,133675.7343750000,144652.7812500000,,,
44.1799999285,345,147044.7343750000,193616.9218750000,174755.5468750000,148197.4062500000,119925.6328125000,151945.2500000000,133609.5468750000,144614.1093750000,,,
44.1839999286,345,146649.0781250000,194368.3906250000,173287.8906250000,147652.0937500000,119552.3515625000,151587.1562500000,133251.1718750000,144312.4687500000,,,
44.1879999286,345,146487.3125000000,195618.0625000000,172274.2343750000,147454.3593750000,119394.1484375000,151429.2343750000,133096.8125000000,144165.6406250000,,,
44.1919999286,345,146772.6718750000,195606.9375000000,173030.7968750000,147853.8125000000,119660.6796875000,151685.2968750000,133347.9375000000,144362.3281250000,,,
44.1959999285,345,147117.4375000000,194325.6093750000,174515.8125000000,148316.4218750000,119987.9140625000,152009.1406250000,133664.1250000000,144637.6562500000,,,
44.1999999285,345,147033.1875000000,193575.0312500000,174735.4531250000,148197.4062500000,119912.9453125000,151942.8437500000,133599.9843750000,144598.9218750000,,,
44.2039999287,345,146637.8906250000,194337.2343750000,173281.0000000000,147648.5937500000,119543.5000000000,151581.3281250000,133243.9218750000,144296.5937500000,,,
44.2079999286,345,146478.8593750000,195614.4218750000,172268.7031250000,147444.8593750000,119389.4609375000,151424.6875000000,133092.5937500000,144152.2343750000,,,
44.2119999286,345,146768.4375000000,195610.6875000000,173019.4375000000,147842.2500000000,119661.9140625000,151684.0625000000,133353.1718750000,144352.7031250000,,,
44.2159999285,345,147119.6093750000,194313.8437500000,174510.1562500000,148308.5781250000,119997.4609375000,152010.4843750000,133675.3906250000,144633.8281250000,,,
44.2199999285,345,147044.0312500000,193548.7656250000,174749.9843750000,148193.5781250000,119930.3828125000,151948.5625000000,133612.8906250000,144602.8906250000,,,
44.2239999285,345,146642.6562500000,194333.5312500000,173309.0781250000,147644.3125000000,119553.1796875000,151584.9218750000,133249.9843750000,144299.0000000000,,,
44.2279999286,345,146478.2187500000,195641.5312500000,172281.0781250000,147437.6406250000,119392.6250000000,151427.8281250000,133100.2343750000,144153.0156250000,,,
44.2319999286,345,146767.1250000000,195646.6250000000,173012.4062500000,147835.3906250000,119661.8671875000,151687.2031250000,133362.6406250000,144353.5625000000,,,
44.2359999286,345,147121.6250000000,194321.0312500000,174495.6093750000,148304.5000000000,119999.7421875000,152015.5625000000,133685.2343750000,144637.5781250000,,,
44.2399999285,345,147046.4687500000,193514.3750000000,174735.9062500000,148194.6406250000,119931.5859375000,151953.3593750000,133616.7500000000,144608.4687500000,,,
44.2439999285,345,146639.5000000000,194316.2031250000,173301.0625000000,147638.0312500000,119546.1015625000,151577.4531250000,133240.8125000000,144299.5156250000,,,
44.2479999287,345,146475.0468750000,195675.2500000000,172275.4687500000,147425.1718750000,119383.1562500000,151418.7343750000,133086.7500000000,144154.2187500000,,,
44.2519999286,345,146765.6093750000,195691.1562500000,172997.0937500000,147831.9062500000,119655.0000000000,151677.5156250000,133344.3437500000,144353.8750000000,,,
44.2559999286,345,147126.5312500000,194320.8125000000,174477.3437500000,148314.4375000000,120000.2500000000,152013.2031250000,133677.9062500000,144640.5781250000,,,
44.2599999285,345,147050.7656250000,193478.5468750000,174726.4687500000,148209.4687500000,119931.9062500000,151954.6250000000,133620.2656250000,144611.1875000000,,,
44.2639999285,345,146634.3281250000,194297.6875000000,173301.0156250000,147645.1875000000,119536.7890625000,151576.3125000000,133243.8750000000,144298.0625000000,,,
44.2679999284,345,146455.5468750000,195706.6875000000,172277.7500000000,147422.2187500000,119362.6875000000,151405.2500000000,133074.5781250000,144142.9531250000,,,
44.2719999286,345,146741.3125000000,195740.9375000000,172991.1093750000,147818.0000000000,119631.2890625000,151666.0937500000,133327.1093750000,144340.4687500000,,,
44.2759999286,345,147109.2812500000,194330.3593750000,174458.3593750000,148302.7343750000,119982.9531250000,152009.5000000000,133663.9843750000,144633.7968750000,,,
44.2799999285,345,147042.3906250000,193456.4218750000,174717.9375000000,148204.3750000000,119924.3437500000,151955.2343750000,133610.7500000000,144610.7500000000,,,
44.2839999285,345,146632.0156250000,194289.0781250000,173314.6406250000,147650.3750000000,119537.1953125000,151582.2187500000,133240.5781250000,144304.2343750000,,,
