Time:250Hz,Epoch,Channel 1,Channel 2,Channel 3,Channel 4,Channel 5,Channel 6,Channel 7,Channel 8,Event Id,Event Date,Event Duration
0.0000000000,0,225000.0000000000,222552.9375000000,225000.0000000000,225000.0000000000,0.0000000000,0.0000000000,0.0000000000,0.0000000000,,,
0.0040000000,0,211308.0156250000,219061.5156250000,225000.0000000000,194364.0781250000,0.0000000000,0.0000000000,0.0000000000,0.0000000000,,,
0.0079999999,0,206601.8437500000,217264.6250000000,224700.9062500000,178267.5000000000,0.0000000000,0.0000000000,0.0000000000,0.0000000000,,,
0.0119999999,0,225000.0000000000,218220.1562500000,225000.0000000000,225000.0000000000,0.0000000000,0.0000000000,0.0000000000,0.0000000000,,,
0.0159999998,0,225000.0000000000,219410.8125000000,225000.0000000000,225000.0000000000,0.0000000000,0.0000000000,0.0000000000,0.0000000000,,,
0.0199999998,0,225000.0000000000,218504.2500000000,225000.0000000000,225000.0000000000,0.0000000000,0.0000000000,0.0000000000,0.0000000000,,,
0.0240000000,0,211455.6562500000,216491.2343750000,225000.0000000000,194682.1562500000,0.0000000000,0.0000000000,0.0000000000,0.0000000000,,,
0.0279999999,0,206452.3906250000,216300.9531250000,225000.0000000000,177840.9218750000,0.0000000000,0.0000000000,0.0000000000,0.0000000000,,,
0.0319999999,0,225000.0000000000,218506.9687500000,225000.0000000000,225000.0000000000,0.0000000000,0.0000000000,0.0000000000,0.0000000000,,,
0.0359999998,0,225000.0000000000,220563.8437500000,225000.0000000000,225000.0000000000,0.0000000000,0.0000000000,0.0000000000,0.0000000000,,,
0.0399999998,0,225000.0000000000,219988.2656250000,225000.0000000000,225000.0000000000,0.0000000000,0.0000000000,0.0000000000,0.0000000000,,,
0.0440000000,0,211150.0468750000,217772.3125000000,225000.0000000000,194047.0156250000,0.0000000000,0.0000000000,0.0000000000,0.0000000000,,,
0.0480000000,0,205869.4687500000,217869.6250000000,224355.4687500000,176342.3906250000,0.0000000000,0.0000000000,0.0000000000,0.0000000000,,,
0.0519999999,0,225000.0000000000,220524.3125000000,225000.0000000000,225000.0000000000,0.0000000000,0.0000000000,0.0000000000,0.0000000000,,,
0.0559999999,0,225000.0000000000,222435.2031250000,225000.0000000000,225000.0000000000,0.0000000000,0.0000000000,0.0000000000,0.0000000000,,,
0.0599999998,0,225000.0000000000,221458.4375000000,225000.0000000000,225000.0000000000,0.0000000000,0.0000000000,0.0000000000,0.0000000000,,,
0.0639999998,0,210447.1093750000,218773.9062500000,225000.0000000000,193101.5000000000,0.0000000000,0.0000000000,0.0000000000,0.0000000000,,,
0.0680000000,0,204995.2812500000,217437.2812500000,223606.0937500000,174769.8906250000,0.0000000000,0.0000000000,0.0000000000,0.0000000000,,,
0.0719999999,0,225000.0000000000,218314.1718750000,225000.0000000000,225000.0000000000,0.0000000000,0.0000000000,0.0000000000,0.0000000000,,,
0.0759999999,0,225000.0000000000,219071.1875000000,225000.0000000000,225000.0000000000,0.0000000000,0.0000000000,0.0000000000,0.0000000000,,,
0.0799999998,0,225000.0000000000,217457.0156250000,225000.0000000000,225000.0000000000,0.0000000000,0.0000000000,0.0000000000,0.0000000000,,,
0.0839999998,0,209832.3750000000,214619.5781250000,225000.0000000000,191332.5312500000,0.0000000000,0.0000000000,0.0000000000,0.0000000000,,,
0.0880000000,0,204195.7656250000,213727.0000000000,222693.7343750000,172197.1406250000,0.0000000000,0.0000000000,0.0000000000,0.0000000000,,,
0.0919999999,0,225000.0000000000,215469.6093750000,225000.0000000000,224686.7031250000,0.0000000000,0.0000000000,0.0000000000,0.0000000000,,,
0.0959999999,0,225000.0000000000,217134.7500000000,225000.0000000000,225000.0000000000,0.0000000000,0.0000000000,0.0000000000,0.0000000000,,,
0.0999999999,0,225000.0000000000,216218.2343750000,225000.0000000000,225000.0000000000,0.0000000000,0.0000000000,0.0000000000,0.0000000000,,,
0.1039999998,0,209341.7968750000,213709.3281250000,225000.0000000000,190013.8750000000,0.0000000000,0.0000000000,0.0000000000,0.0000000000,,,
0.1079999998,0,203563.5937500000,212879.7968750000,221954.7812500000,170234.5000000000,0.0000000000,0.0000000000,0.0000000000,0.0000000000,,,
0.1120000000,0,225000.0000000000,214678.6250000000,225000.0000000000,223271.2343750000,0.0000000000,0.0000000000,0.0000000000,0.0000000000,,,
0.1159999999,0,225000.0000000000,216464.4687500000,225000.0000000000,225000.0000000000,0.0000000000,0.0000000000,0.0000000000,0.0000000000,,,
0.1199999999,0,225000.0000000000,215695.5781250000,225000.0000000000,225000.0000000000,0.0000000000,0.0000000000,0.0000000000,0.0000000000,,,
0.1239999998,0,209125.5625000000,213418.2031250000,225000.0000000000,189463.2031250000,0.0000000000,0.0000000000,0.0000000000,0.0000000000,,,
0.1279999998,1,203234.2500000000,212846.2968750000,221225.7031250000,169228.9843750000,0.0000000000,0.0000000000,0.0000000000,0.0000000000,,,
0.1319999998,1,225000.0000000000,214793.2812500000,225000.0000000000,222511.9062500000,0.0000000000,0.0000000000,0.0000000000,0.0000000000,,,
0.1359999997,1,225000.0000000000,216707.3593750000,225000.0000000000,225000.0000000000,0.0000000000,0.0000000000,0.0000000000,0.0000000000,,,
0.1399999997,1,225000.0000000000,216080.9531250000,225000.0000000000,225000.0000000000,0.0000000000,0.0000000000,0.0000000000,0.0000000000,,,
0.1439999996,1,209146.1562500000,213925.5625000000,225000.0000000000,189328.0625000000,0.0000000000,0.0000000000,0.0000000000,0.0000000000,,,
0.1479999996,1,203083.3281250000,213396.2812500000,220497.8281250000,168525.5000000000,0.0000000000,0.0000000000,0.0000000000,0.0000000000,,,
0.1519999998,1,225000.0000000000,215321.0156250000,225000.0000000000,221792.9687500000,0.0000000000,0.0000000000,0.0000000000,0.0000000000,,,
0.1559999997,1,225000.0000000000,217225.6406250000,225000.0000000000,225000.0000000000,0.0000000000,0.0000000000,0.0000000000,0.0000000000,,,
0.1599999997,1,225000.0000000000,216676.9531250000,225000.0000000000,225000.0000000000,0.0000000000,0.0000000000,0.0000000000,0.0000000000,,,
0.1639999996,1,209210.4843750000,214610.3906250000,225000.0000000000,189385.2500000000,0.0000000000,0.0000000000,0.0000000000,0.0000000000,,,
0.1679999996,1,202989.3437500000,214094.0625000000,219742.7656250000,168170.1875000000,0.0000000000,0.0000000000,0.0000000000,0.0000000000,,,
0.1719999998,1,224946.5156250000,215982.4375000000,225000.0000000000,221458.9218750000,0.0000000000,0.0000000000,0.0000000000,0.0000000000,,,
0.1759999997,1,225000.0000000000,217899.5000000000,225000.0000000000,225000.0000000000,0.0000000000,0.0000000000,0.0000000000,0.0000000000,,,
0.1799999997,1,225000.0000000000,217401.3125000000,225000.0000000000,225000.0000000000,0.0000000000,0.0000000000,0.0000000000,0.0000000000,,,
0.1839999997,1,209607.9843750000,215397.6718750000,225000.0000000000,190350.0156250000,0.0000000000,0.0000000000,0.0000000000,0.0000000000,,,
0.1879999996,1,203165.9375000000,214893.2812500000,219147.1875000000,168740.0156250000,0.0000000000,0.0000000000,0.0000000000,0.0000000000,,,
0.1919999996,1,225000.0000000000,216715.4375000000,225000.0000000000,221646.2187500000,0.0000000000,0.0000000000,0.0000000000,0.0000000000,,,
0.1959999998,1,225000.0000000000,218503.1875000000,225000.0000000000,225000.0000000000,0.0000000000,0.0000000000,0.0000000000,0.0000000000,,,
0.1999999997,1,225000.0000000000,217929.7343750000,225000.0000000000,225000.0000000000,0.0000000000,0.0000000000,0.0000000000,0.0000000000,,,
0.2039999997,1,210074.4218750000,215869.9218750000,225000.0000000000,192086.4531250000,0.0000000000,0.0000000000,0.0000000000,0.0000000000,,,
0.2079999996,1,203429.2968750000,215309.8281250000,218923.9218750000,170238.4062500000,0.0000000000,0.0000000000,0.0000000000,0.0000000000,,,
0.2119999996,1,225000.0000000000,217124.3125000000,225000.0000000000,222471.7812500000,0.0000000000,0.0000000000,0.0000000000,0.0000000000,,,
0.2159999998,1,225000.0000000000,219035.0937500000,225000.0000000000,225000.0000000000,0.0000000000,0.0000000000,0.0000000000,0.0000000000,,,
0.2199999997,1,225000.0000000000,218666.9375000000,225000.0000000000,225000.0000000000,0.0000000000,0.0000000000,0.0000000000,0.0000000000,,,
0.2239999997,1,210432.1406250000,216868.1406250000,225000.0000000000,193888.9843750000,0.0000000000,0.0000000000,0.0000000000,0.0000000000,,,
0.2279999997,1,203520.4687500000,216607.7812500000,219403.0156250000,171331.2968750000,0.0000000000,0.0000000000,0.0000000000,0.0000000000,,,
0.2319999996,1,225000.0000000000,218702.1718750000,225000.0000000000,222815.2968750000,0.0000000000,0.0000000000,0.0000000000,0.0000000000,,,
0.2359999996,1,225000.0000000000,220753.5625000000,225000.0000000000,225000.0000000000,0.0000000000,0.0000000000,0.0000000000,0.0000000000,,,
0.2399999998,1,225000.0000000000,220297.0468750000,225000.0000000000,225000.0000000000,0.0000000000,0.0000000000,0.0000000000,0.0000000000,,,
0.2439999997,1,210774.9375000000,218145.4062500000,225000.0000000000,194984.0468750000,0.0000000000,0.0000000000,0.0000000000,0.0000000000,,,
0.2479999997,1,203707.6875000000,217406.5625000000,220077.9843750000,172238.1875000000,0.0000000000,0.0000000000,0.0000000000,0.0000000000,,,
0.2519999996,1,225000.0000000000,219110.6562500000,225000.0000000000,223229.2968750000,0.0000000000,0.0000000000,0.0000000000,0.0000000000,,,
0.2559999996,2,225000.0000000000,220995.1718750000,225000.0000000000,225000.0000000000,0.0000000000,0.0000000000,0.0000000000,0.0000000000,,,
0.2599999995,2,225000.0000000000,220530.9843750000,225000.0000000000,225000.0000000000,0.0000000000,0.0000000000,0.0000000000,0.0000000000,,,
0.2639999995,2,211439.6093750000,218441.9531250000,225000.0000000000,197525.8906250000,0.0000000000,0.0000000000,0.0000000000,0.0000000000,,,
0.2679999995,2,204268.8906250000,217732.1875000000,222270.7968750000,174617.2968750000,0.0000000000,0.0000000000,0.0000000000,0.0000000000,,,
0.2719999994,2,225000.0000000000,219379.3281250000,225000.0000000000,224453.6875000000,0.0000000000,0.0000000000,0.0000000000,0.0000000000,,,
0.2759999994,2,225000.0000000000,221072.6562500000,225000.0000000000,225000.0000000000,0.0000000000,0.0000000000,0.0000000000,0.0000000000,,,
0.2799999996,2,225000.0000000000,220365.3906250000,225000.0000000000,225000.0000000000,0.0000000000,0.0000000000,0.0000000000,0.0000000000,,,
0.2839999995,2,212572.8125000000,217979.2968750000,225000.0000000000,200132.0000000000,0.0000000000,0.0000000000,0.0000000000,0.0000000000,,,
0.2879999995,2,205334.7656250000,216832.1093750000,225000.0000000000,177127.9531250000,0.0000000000,0.0000000000,0.0000000000,0.0000000000,,,
0.2919999994,2,225000.0000000000,217985.8125000000,225000.0000000000,225000.0000000000,0.0000000000,0.0000000000,0.0000000000,0.0000000000,,,
0.2959999994,2,225000.0000000000,219426.2187500000,225000.0000000000,225000.0000000000,0.0000000000,0.0000000000,0.0000000000,0.0000000000,,,
0.2999999996,2,225000.0000000000,218855.8750000000,225000.0000000000,225000.0000000000,0.0000000000,0.0000000000,0.0000000000,0.0000000000,,,
0.3039999995,2,213967.4531250000,216814.4687500000,225000.0000000000,203064.5937500000,0.0000000000,0.0000000000,0.0000000000,0.0000000000,,,
0.3079999995,2,206557.1562500000,216125.1562500000,225000.0000000000,179952.8125000000,0.0000000000,0.0000000000,0.0000000000,0.0000000000,,,
0.3119999995,2,225000.0000000000,217765.6875000000,225000.0000000000,225000.0000000000,0.0000000000,0.0000000000,0.0000000000,0.0000000000,,,
0.3159999994,2,225000.0000000000,219505.6250000000,225000.0000000000,225000.0000000000,0.0000000000,0.0000000000,0.0000000000,0.0000000000,,,
0.3199999994,2,225000.0000000000,218926.1093750000,225000.0000000000,225000.0000000000,0.0000000000,0.0000000000,0.0000000000,0.0000000000,,,
0.3239999996,2,214520.6093750000,216740.4843750000,225000.0000000000,203798.1875000000,0.0000000000,0.0000000000,0.0000000000,0.0000000000,,,
0.3279999995,2,206691.7812500000,215933.6562500000,225000.0000000000,179564.5625000000,0.0000000000,0.0000000000,0.0000000000,0.0000000000,,,
0.3319999995,2,225000.0000000000,217511.0312500000,225000.0000000000,225000.0000000000,0.0000000000,0.0000000000,0.0000000000,0.0000000000,,,
0.3359999994,2,225000.0000000000,219258.3125000000,225000.0000000000,225000.0000000000,0.0000000000,0.0000000000,0.0000000000,0.0000000000,,,
0.3399999994,2,225000.0000000000,218716.9843750000,225000.0000000000,225000.0000000000,0.0000000000,0.0000000000,0.0000000000,0.0000000000,,,
0.3439999996,2,214023.0312500000,216555.6562500000,225000.0000000000,202042.3593750000,0.0000000000,0.0000000000,0.0000000000,0.0000000000,,,
0.3479999995,2,206065.2187500000,215743.5312500000,225000.0000000000,176969.5156250000,0.0000000000,0.0000000000,0.0000000000,0.0000000000,,,
0.3519999995,2,225000.0000000000,217315.0937500000,225000.0000000000,224404.1718750000,0.0000000000,0.0000000000,0.0000000000,0.0000000000,,,
0.3559999994,2,225000.0000000000,219072.1093750000,225000.0000000000,225000.0000000000,0.0000000000,0.0000000000,0.0000000000,0.0000000000,,,
0.3599999994,2,225000.0000000000,218550.8437500000,225000.0000000000,225000.0000000000,0.0000000000,0.0000000000,0.0000000000,0.0000000000,,,
0.3639999994,2,213676.4687500000,216387.2656250000,225000.0000000000,201602.9843750000,0.0000000000,0.0000000000,0.0000000000,0.0000000000,,,
0.3679999996,2,205659.1093750000,215544.9218750000,225000.0000000000,176797.2343750000,0.0000000000,0.0000000000,0.0000000000,0.0000000000,,,
0.3719999995,2,225000.0000000000,217114.4687500000,225000.0000000000,223859.6875000000,0.0000000000,0.0000000000,0.0000000000,0.0000000000,,,
0.3759999995,2,225000.0000000000,218889.5781250000,225000.0000000000,225000.0000000000,0.0000000000,0.0000000000,0.0000000000,0.0000000000,,,
0.3799999994,2,225000.0000000000,218354.5937500000,225000.0000000000,225000.0000000000,0.0000000000,0.0000000000,0.0000000000,0.0000000000,,,
0.3839999994,3,213291.3750000000,216157.7187500000,225000.0000000000,201521.5468750000,0.0000000000,0.0000000000,0.0000000000,0.0000000000,,,
0.3879999993,3,205236.3125000000,215299.2031250000,225000.0000000000,176849.9531250000,0.0000000000,0.0000000000,0.0000000000,0.0000000000,,,
0.3919999993,3,224992.6875000000,216853.7343750000,225000.0000000000,223288.1718750000,0.0000000000,0.0000000000,0.0000000000,0.0000000000,,,
0.3959999993,3,225000.0000000000,218613.3125000000,225000.0000000000,225000.0000000000,0.0000000000,0.0000000000,0.0000000000,0.0000000000,,,
0.3999999992,3,225000.0000000000,218062.5468750000,225000.0000000000,225000.0000000000,0.0000000000,0.0000000000,0.0000000000,0.0000000000,,,
0.4039999992,3,212960.6093750000,215836.7656250000,225000.0000000000,200948.2812500000,0.0000000000,0.0000000000,0.0000000000,0.0000000000,,,
0.4079999994,3,204879.4062500000,214949.1250000000,225000.0000000000,176052.0468750000,0.0000000000,0.0000000000,0.0000000000,0.0000000000,,,
0.4119999993,3,224388.0312500000,216503.3593750000,225000.0000000000,222042.8906250000,0.0000000000,0.0000000000,0.0000000000,0.0000000000,,,
0.4159999993,3,225000.0000000000,218294.2343750000,225000.0000000000,225000.0000000000,0.0000000000,0.0000000000,0.0000000000,0.0000000000,,,
0.4199999992,3,225000.0000000000,217785.0468750000,225000.0000000000,225000.0000000000,0.0000000000,0.0000000000,0.0000000000,0.0000000000,,,
0.4239999992,3,213067.2500000000,215592.5625000000,225000.0000000000,201012.7031250000,0.0000000000,0.0000000000,0.0000000000,0.0000000000,,,
0.4279999994,3,204921.5781250000,214749.2187500000,225000.0000000000,176082.3750000000,0.0000000000,0.0000000000,0.0000000000,0.0000000000,,,
0.4319999993,3,224201.0312500000,216322.3593750000,225000.0000000000,221578.3437500000,0.0000000000,0.0000000000,0.0000000000,0.0000000000,,,
0.4359999993,3,225000.0000000000,218106.2968750000,225000.0000000000,225000.0000000000,0.0000000000,0.0000000000,0.0000000000,0.0000000000,,,
0.4399999992,3,225000.0000000000,217530.5000000000,225000.0000000000,225000.0000000000,0.0000000000,0.0000000000,0.0000000000,0.0000000000,,,
0.4439999992,3,213219.8750000000,215227.4531250000,225000.0000000000,201587.0468750000,0.0000000000,0.0000000000,0.0000000000,0.0000000000,,,
0.4479999992,3,204932.9531250000,214298.2343750000,225000.0000000000,176523.0468750000,0.0000000000,0.0000000000,0.0000000000,0.0000000000,,,
0.4519999993,3,223944.6406250000,215874.5937500000,225000.0000000000,221336.7031250000,0.0000000000,0.0000000000,0.0000000000,0.0000000000,,,
0.4559999993,3,225000.0000000000,217697.0468750000,225000.0000000000,225000.0000000000,0.0000000000,0.0000000000,0.0000000000,0.0000000000,,,
0.4599999993,3,225000.0000000000,217181.9062500000,225000.0000000000,225000.0000000000,0.0000000000,0.0000000000,0.0000000000,0.0000000000,,,
0.4639999992,3,213100.7812500000,214953.9531250000,225000.0000000000,201887.7343750000,0.0000000000,0.0000000000,0.0000000000,0.0000000000,,,
0.4679999992,3,204681.4843750000,214079.5000000000,225000.0000000000,176625.2656250000,0.0000000000,0.0000000000,0.0000000000,0.0000000000,,,
0.4719999994,3,223412.3437500000,215688.2812500000,225000.0000000000,220866.5781250000,0.0000000000,0.0000000000,0.0000000000,0.0000000000,,,
0.4759999993,3,225000.0000000000,217578.0312500000,225000.0000000000,225000.0000000000,0.0000000000,0.0000000000,0.0000000000,0.0000000000,,,
0.4799999993,3,225000.0000000000,217136.1406250000,225000.0000000000,225000.0000000000,0.0000000000,0.0000000000,0.0000000000,0.0000000000,,,
0.4839999992,3,212958.6562500000,214936.2187500000,225000.0000000000,202709.2343750000,0.0000000000,0.0000000000,0.0000000000,0.0000000000,,,
0.4879999992,3,204472.7031250000,214030.5937500000,225000.0000000000,177767.6718750000,0.0000000000,0.0000000000,0.0000000000,0.0000000000,,,
0.4919999992,3,222987.5937500000,215613.2343750000,225000.0000000000,221248.9375000000,0.0000000000,0.0000000000,0.0000000000,0.0000000000,,,
0.4959999993,3,225000.0000000000,217501.3281250000,225000.0000000000,225000.0000000000,0.0000000000,0.0000000000,0.0000000000,0.0000000000,,,
0.4999999993,3,225000.0000000000,217113.5625000000,225000.0000000000,225000.0000000000,0.0000000000,0.0000000000,0.0000000000,0.0000000000,,,
0.5039999993,3,213074.2031250000,214954.7812500000,225000.0000000000,206077.1250000000,0.0000000000,0.0000000000,0.0000000000,0.0000000000,,,
0.5079999992,3,204584.9531250000,214067.3750000000,225000.0000000000,182179.7656250000,0.0000000000,0.0000000000,0.0000000000,0.0000000000,,,
0.5119999992,4,222931.7187500000,215657.7031250000,225000.0000000000,224053.1562500000,0.0000000000,0.0000000000,0.0000000000,0.0000000000,,,
0.5159999991,4,225000.0000000000,217554.2500000000,225000.0000000000,225000.0000000000,0.0000000000,0.0000000000,0.0000000000,0.0000000000,,,
0.5199999991,4,225000.0000000000,217163.2343750000,225000.0000000000,225000.0000000000,0.0000000000,0.0000000000,0.0000000000,0.0000000000,,,
0.5239999990,4,213690.7031250000,215031.0937500000,225000.0000000000,212672.5625000000,0.0000000000,0.0000000000,0.0000000000,0.0000000000,,,
0.5279999990,4,205237.9218750000,214166.7187500000,225000.0000000000,190459.5625000000,0.0000000000,0.0000000000,0.0000000000,0.0000000000,,,
0.5319999990,4,223477.4218750000,215807.2656250000,225000.0000000000,225000.0000000000,0.0000000000,0.0000000000,0.0000000000,0.0000000000,,,
0.5359999991,4,225000.0000000000,217823.6406250000,225000.0000000000,225000.0000000000,0.0000000000,0.0000000000,0.0000000000,0.0000000000,,,
0.5399999991,4,225000.0000000000,217605.3906250000,225000.0000000000,225000.0000000000,0.0000000000,0.0000000000,0.0000000000,0.0000000000,,,
0.5439999991,4,215006.2812500000,215559.8906250000,225000.0000000000,219913.6562500000,0.0000000000,0.0000000000,0.0000000000,0.0000000000,,,
0.5479999990,4,206532.5625000000,214666.8437500000,225000.0000000000,198882.2031250000,0.0000000000,0.0000000000,0.0000000000,0.0000000000,,,
0.5519999990,4,224594.2343750000,216311.7968750000,225000.0000000000,225000.0000000000,0.0000000000,0.0000000000,0.0000000000,0.0000000000,,,
0.5559999992,4,225000.0000000000,218420.3281250000,225000.0000000000,225000.0000000000,0.0000000000,0.0000000000,0.0000000000,0.0000000000,,,
0.5599999991,4,225000.0000000000,218260.2812500000,225000.0000000000,225000.0000000000,0.0000000000,0.0000000000,0.0000000000,0.0000000000,,,
0.5639999991,4,216558.2812500000,216194.5468750000,225000.0000000000,224656.3906250000,0.0000000000,0.0000000000,0.0000000000,0.0000000000,,,
0.5679999990,4,207952.3906250000,215304.4687500000,225000.0000000000,204670.0312500000,0.0000000000,0.0000000000,0.0000000000,0.0000000000,,,
0.5719999990,4,225000.0000000000,216925.8281250000,225000.0000000000,225000.0000000000,0.0000000000,0.0000000000,0.0000000000,0.0000000000,,,
0.5759999990,4,225000.0000000000,218936.8125000000,225000.0000000000,225000.0000000000,0.0000000000,0.0000000000,0.0000000000,0.0000000000,,,
0.5799999991,4,225000.0000000000,218665.2656250000,225000.0000000000,225000.0000000000,0.0000000000,0.0000000000,0.0000000000,0.0000000000,,,
0.5839999991,4,218124.3437500000,216541.0156250000,225000.0000000000,225000.0000000000,0.0000000000,0.0000000000,0.0000000000,0.0000000000,,,
0.5879999991,4,209362.6406250000,215639.0625000000,225000.0000000000,207246.9218750000,0.0000000000,0.0000000000,0.0000000000,0.0000000000,,,
0.5919999990,4,225000.0000000000,217283.2031250000,225000.0000000000,225000.0000000000,0.0000000000,0.0000000000,0.0000000000,0.0000000000,,,
0.5959999990,4,225000.0000000000,219309.3437500000,225000.0000000000,225000.0000000000,0.0000000000,0.0000000000,0.0000000000,0.0000000000,,,
0.5999999992,4,225000.0000000000,219005.6718750000,225000.0000000000,225000.0000000000,0.0000000000,0.0000000000,0.0000000000,0.0000000000,,,
0.6039999991,4,219576.1406250000,216790.5468750000,225000.0000000000,225000.0000000000,0.0000000000,0.0000000000,0.0000000000,0.0000000000,,,
0.6079999991,4,210348.2500000000,215779.8593750000,225000.0000000000,206611.2812500000,0.0000000000,0.0000000000,0.0000000000,0.0000000000,,,
0.6119999990,4,225000.0000000000,217347.7343750000,225000.0000000000,225000.0000000000,0.0000000000,0.0000000000,0.0000000000,0.0000000000,,,
0.6159999990,4,225000.0000000000,219324.3437500000,225000.0000000000,225000.0000000000,0.0000000000,0.0000000000,0.0000000000,0.0000000000,,,
0.6199999989,4,225000.0000000000,218949.2343750000,225000.0000000000,225000.0000000000,0.0000000000,0.0000000000,0.0000000000,0.0000000000,,,
0.6239999991,4,219508.7968750000,216639.3437500000,225000.0000000000,224943.0000000000,0.0000000000,0.0000000000,0.0000000000,0.0000000000,,,
0.6279999991,4,209827.5781250000,215564.8281250000,225000.0000000000,202243.0625000000,0.0000000000,0.0000000000,0.0000000000,0.0000000000,,,
0.6319999991,4,225000.0000000000,217110.5781250000,225000.0000000000,225000.0000000000,0.0000000000,0.0000000000,0.0000000000,0.0000000000,,,
0.6359999990,4,225000.0000000000,219095.0468750000,225000.0000000000,225000.0000000000,0.0000000000,0.0000000000,0.0000000000,0.0000000000,,,
0.6399999990,5,225000.0000000000,218726.2656250000,225000.0000000000,225000.0000000000,0.0000000000,0.0000000000,0.0000000000,0.0000000000,,,
0.6439999989,5,218497.0937500000,216402.5625000000,225000.0000000000,221137.3750000000,0.0000000000,0.0000000000,0.0000000000,0.0000000000,,,
0.6479999989,5,208474.5312500000,215308.1562500000,225000.0000000000,196089.8125000000,0.0000000000,0.0000000000,0.0000000000,0.0000000000,,,
0.6519999988,5,225000.0000000000,216858.8750000000,225000.0000000000,225000.0000000000,0.0000000000,0.0000000000,0.0000000000,0.0000000000,,,
0.6559999988,5,225000.0000000000,218863.7500000000,225000.0000000000,225000.0000000000,0.0000000000,0.0000000000,0.0000000000,0.0000000000,,,
0.6599999988,5,225000.0000000000,218537.2812500000,225000.0000000000,225000.0000000000,0.0000000000,0.0000000000,0.0000000000,0.0000000000,,,
0.6639999989,5,217534.1875000000,216280.1093750000,225000.0000000000,217463.6406250000,0.0000000000,0.0000000000,0.0000000000,0.0000000000,,,
0.6679999989,5,207340.2343750000,215197.1718750000,225000.0000000000,190557.0781250000,0.0000000000,0.0000000000,0.0000000000,0.0000000000,,,
0.6719999989,5,224618.2500000000,216723.3750000000,225000.0000000000,225000.0000000000,0.0000000000,0.0000000000,0.0000000000,0.0000000000,,,
0.6759999988,5,225000.0000000000,218723.6093750000,225000.0000000000,225000.0000000000,0.0000000000,0.0000000000,0.0000000000,0.0000000000,,,
0.6799999988,5,225000.0000000000,218456.6406250000,225000.0000000000,225000.0000000000,0.0000000000,0.0000000000,0.0000000000,0.0000000000,,,
0.6839999990,5,216830.8593750000,216273.0937500000,225000.0000000000,213722.0937500000,0.0000000000,0.0000000000,0.0000000000,0.0000000000,,,
0.6879999989,5,206473.6093750000,215238.6093750000,225000.0000000000,184607.0625000000,0.0000000000,0.0000000000,0.0000000000,0.0000000000,,,
0.6919999989,5,223825.7812500000,216786.7812500000,225000.0000000000,223196.4531250000,0.0000000000,0.0000000000,0.0000000000,0.0000000000,,,
0.6959999988,5,225000.0000000000,218806.1406250000,225000.0000000000,225000.0000000000,0.0000000000,0.0000000000,0.0000000000,0.0000000000,,,
0.6999999988,5,225000.0000000000,218544.5468750000,225000.0000000000,225000.0000000000,0.0000000000,0.0000000000,0.0000000000,0.0000000000,,,
0.7039999987,5,216392.0937500000,216349.3750000000,225000.0000000000,207071.9062500000,0.0000000000,0.0000000000,0.0000000000,0.0000000000,33029,0.7058531351,0.0000000000
0.7079999989,5,205716.8437500000,215280.8281250000,225000.0000000000,174836.6875000000,0.0000000000,0.0000000000,0.0000000000,0.0000000000,,,
0.7119999989,5,223100.5781250000,216752.5000000000,225000.0000000000,216490.7187500000,0.0000000000,0.0000000000,0.0000000000,0.0000000000,,,
0.7159999989,5,225000.0000000000,218735.4687500000,225000.0000000000,225000.0000000000,0.0000000000,0.0000000000,0.0000000000,0.0000000000,,,
0.7199999988,5,225000.0000000000,218487.8906250000,225000.0000000000,225000.0000000000,0.0000000000,0.0000000000,0.0000000000,0.0000000000,,,
0.7239999988,5,215702.8437500000,216299.5937500000,225000.0000000000,201086.0156250000,0.0000000000,0.0000000000,0.0000000000,0.0000000000,,,
0.7279999990,5,204664.6718750000,215212.7343750000,225000.0000000000,167227.7343750000,0.0000000000,0.0000000000,0.0000000000,0.0000000000,,,
0.7319999989,5,222193.3906250000,216679.9843750000,225000.0000000000,211737.8437500000,0.0000000000,0.0000000000,0.0000000000,0.0000000000,,,
0.7359999989,5,225000.0000000000,218671.7343750000,225000.0000000000,225000.0000000000,0.0000000000,0.0000000000,0.0000000000,0.0000000000,,,
0.7399999988,5,225000.0000000000,218475.6406250000,225000.0000000000,225000.0000000000,0.0000000000,0.0000000000,0.0000000000,0.0000000000,,,
0.7439999988,5,215160.2187500000,216341.9687500000,225000.0000000000,198442.9687500000,0.0000000000,0.0000000000,0.0000000000,0.0000000000,,,
0.7479999987,5,203895.4687500000,215277.3125000000,223572.5937500000,163000.3281250000,0.0000000000,0.0000000000,0.0000000000,0.0000000000,,,
0.7519999989,5,221490.9843750000,216713.1093750000,225000.0000000000,209197.0156250000,0.0000000000,0.0000000000,0.0000000000,0.0000000000,,,
0.7559999989,5,225000.0000000000,218681.2812500000,225000.0000000000,225000.0000000000,0.0000000000,0.0000000000,0.0000000000,0.0000000000,,,
0.7599999988,5,225000.0000000000,218526.5781250000,225000.0000000000,225000.0000000000,0.0000000000,0.0000000000,0.0000000000,0.0000000000,,,
0.7639999988,5,214824.7187500000,216467.4062500000,225000.0000000000,197610.4687500000,0.0000000000,0.0000000000,0.0000000000,0.0000000000,,,
0.7679999988,6,203287.5468750000,215419.4218750000,222071.0781250000,160922.7500000000,0.0000000000,0.0000000000,0.0000000000,0.0000000000,,,
0.7719999987,6,220883.7812500000,216818.5625000000,225000.0000000000,207970.0156250000,0.0000000000,0.0000000000,0.0000000000,0.0000000000,,,
0.7759999987,6,225000.0000000000,218771.5312500000,225000.0000000000,225000.0000000000,0.0000000000,0.0000000000,0.0000000000,0.0000000000,,,
0.7799999986,6,225000.0000000000,218640.2656250000,225000.0000000000,225000.0000000000,0.0000000000,0.0000000000,0.0000000000,0.0000000000,,,
0.7839999986,6,214462.0312500000,216585.3750000000,225000.0000000000,198196.1562500000,0.0000000000,0.0000000000,0.0000000000,0.0000000000,,,
0.7879999985,6,202560.6093750000,215477.8593750000,220585.4687500000,160975.5781250000,0.0000000000,0.0000000000,0.0000000000,0.0000000000,,,
0.7919999987,6,220272.7656250000,216787.8593750000,225000.0000000000,207829.6250000000,0.0000000000,0.0000000000,0.0000000000,0.0000000000,,,
0.7959999987,6,225000.0000000000,218668.2500000000,225000.0000000000,225000.0000000000,0.0000000000,0.0000000000,0.0000000000,0.0000000000,,,
0.7999999986,6,225000.0000000000,218523.7343750000,225000.0000000000,225000.0000000000,0.0000000000,0.0000000000,0.0000000000,0.0000000000,,,
0.8039999986,6,214062.7343750000,216503.4687500000,225000.0000000000,198943.5468750000,0.0000000000,0.0000000000,0.0000000000,0.0000000000,,,
0.8079999986,6,201732.0781250000,215428.0312500000,218851.7343750000,161205.8281250000,0.0000000000,0.0000000000,0.0000000000,0.0000000000,,,
0.8119999988,6,219617.3750000000,216715.7031250000,225000.0000000000,207851.7343750000,0.0000000000,0.0000000000,0.0000000000,0.0000000000,,,
0.8159999987,6,225000.0000000000,218575.3906250000,225000.0000000000,225000.0000000000,0.0000000000,0.0000000000,0.0000000000,0.0000000000,,,
0.8199999987,6,225000.0000000000,218450.5781250000,225000.0000000000,225000.0000000000,0.0000000000,0.0000000000,0.0000000000,0.0000000000,,,
0.8239999986,6,213511.7500000000,216459.7187500000,225000.0000000000,199807.6406250000,0.0000000000,0.0000000000,0.0000000000,0.0000000000,,,
0.8279999986,6,200631.6562500000,215365.5937500000,216693.5468750000,161412.0312500000,0.0000000000,0.0000000000,0.0000000000,0.0000000000,,,
0.8319999985,6,218723.3437500000,216621.0781250000,225000.0000000000,207839.3437500000,0.0000000000,0.0000000000,0.0000000000,0.0000000000,,,
0.8359999987,6,225000.0000000000,218489.9843750000,225000.0000000000,225000.0000000000,0.0000000000,0.0000000000,0.0000000000,0.0000000000,,,
0.8399999987,6,225000.0000000000,218399.1718750000,225000.0000000000,225000.0000000000,0.0000000000,0.0000000000,0.0000000000,0.0000000000,,,
0.8439999986,6,212820.9531250000,216408.8125000000,225000.0000000000,200169.5625000000,0.0000000000,0.0000000000,0.0000000000,0.0000000000,,,
0.8479999986,6,199377.5781250000,215282.4062500000,213589.6718750000,160831.4687500000,0.0000000000,0.0000000000,0.0000000000,0.0000000000,,,
0.8519999986,6,217810.5000000000,216516.7656250000,225000.0000000000,207376.3906250000,0.0000000000,0.0000000000,0.0000000000,0.0000000000,,,
0.8559999987,6,225000.0000000000,218382.1093750000,225000.0000000000,225000.0000000000,0.0000000000,0.0000000000,0.0000000000,0.0000000000,,,
0.8599999987,6,225000.0000000000,218327.0937500000,225000.0000000000,225000.0000000000,0.0000000000,0.0000000000,0.0000000000,0.0000000000,,,
0.8639999987,6,212235.6093750000,216399.0156250000,225000.0000000000,201077.9687500000,0.0000000000,0.0000000000,0.0000000000,0.0000000000,,,
0.8679999986,6,198205.5625000000,215304.5468750000,211591.0468750000,161241.2343750000,0.0000000000,0.0000000000,0.0000000000,0.0000000000,,,
0.8719999986,6,217032.1250000000,216537.6406250000,225000.0000000000,207564.7343750000,0.0000000000,0.0000000000,0.0000000000,0.0000000000,,,
0.8759999985,6,225000.0000000000,218413.3281250000,225000.0000000000,225000.0000000000,0.0000000000,0.0000000000,0.0000000000,0.0000000000,,,
0.8799999987,6,225000.0000000000,218397.3906250000,225000.0000000000,225000.0000000000,0.0000000000,0.0000000000,0.0000000000,0.0000000000,,,
0.8839999987,6,211591.5937500000,216519.9375000000,225000.0000000000,202263.1562500000,0.0000000000,0.0000000000,0.0000000000,0.0000000000,,,
0.8879999986,6,196793.1093750000,215424.6250000000,210928.2187500000,161803.1875000000,0.0000000000,0.0000000000,0.0000000000,0.0000000000,,,
0.8919999986,6,215984.2656250000,216613.7812500000,225000.0000000000,207659.1250000000,0.0000000000,0.0000000000,0.0000000000,0.0000000000,,,
0.8959999986,7,225000.0000000000,218474.3437500000,225000.0000000000,225000.0000000000,0.0000000000,0.0000000000,0.0000000000,0.0000000000,,,
0.8999999985,7,225000.0000000000,218509.3750000000,225000.0000000000,225000.0000000000,0.0000000000,0.0000000000,0.0000000000,0.0000000000,,,
0.9039999985,7,210475.8750000000,216664.3906250000,225000.0000000000,202215.0625000000,0.0000000000,0.0000000000,0.0000000000,0.0000000000,,,
0.9079999984,7,195011.2343750000,215538.1875000000,209968.1718750000,160751.0000000000,0.0000000000,0.0000000000,0.0000000000,0.0000000000,,,
0.9119999984,7,214600.0625000000,216619.0156250000,225000.0000000000,206614.4531250000,0.0000000000,0.0000000000,0.0000000000,0.0000000000,,,
0.9159999983,7,225000.0000000000,218385.4375000000,225000.0000000000,225000.0000000000,0.0000000000,0.0000000000,0.0000000000,0.0000000000,,,
0.9199999985,7,225000.0000000000,218432.0312500000,225000.0000000000,225000.0000000000,0.0000000000,0.0000000000,0.0000000000,0.0000000000,,,
0.9239999985,7,210072.7343750000,216628.8281250000,225000.0000000000,201813.8593750000,0.0000000000,0.0000000000,0.0000000000,0.0000000000,,,
0.9279999984,7,194403.1562500000,215497.3593750000,208794.9531250000,159492.2656250000,0.0000000000,0.0000000000,0.0000000000,0.0000000000,,,
0.9319999984,7,214129.0625000000,216578.5312500000,225000.0000000000,205511.9843750000,0.0000000000,0.0000000000,0.0000000000,0.0000000000,,,
0.9359999984,7,225000.0000000000,218376.5312500000,225000.0000000000,225000.0000000000,0.0000000000,0.0000000000,0.0000000000,0.0000000000,,,
0.9399999985,7,225000.0000000000,218416.6875000000,225000.0000000000,225000.0000000000,0.0000000000,0.0000000000,0.0000000000,0.0000000000,,,
0.9439999985,7,210481.8437500000,216594.6562500000,225000.0000000000,201975.9218750000,0.0000000000,0.0000000000,0.0000000000,0.0000000000,,,
0.9479999985,7,194642.5937500000,215450.4218750000,208522.0937500000,159061.6718750000,0.0000000000,0.0000000000,0.0000000000,0.0000000000,,,
0.9519999984,7,214298.8281250000,216516.0625000000,225000.0000000000,204958.5156250000,0.0000000000,0.0000000000,0.0000000000,0.0000000000,,,
0.9559999984,7,225000.0000000000,218289.4843750000,225000.0000000000,225000.0000000000,0.0000000000,0.0000000000,0.0000000000,0.0000000000,,,
0.9599999983,7,225000.0000000000,218333.7187500000,225000.0000000000,225000.0000000000,0.0000000000,0.0000000000,0.0000000000,0.0000000000,,,
0.9639999985,7,211136.1718750000,216508.5625000000,225000.0000000000,202674.2656250000,0.0000000000,0.0000000000,0.0000000000,0.0000000000,,,
0.9679999985,7,195123.7812500000,215344.6093750000,208793.9843750000,159469.0156250000,0.0000000000,0.0000000000,0.0000000000,0.0000000000,,,
0.9719999984,7,214615.8593750000,216414.3125000000,225000.0000000000,204986.0000000000,0.0000000000,0.0000000000,0.0000000000,0.0000000000,,,
0.9759999984,7,225000.0000000000,218241.8906250000,225000.0000000000,225000.0000000000,0.0000000000,0.0000000000,0.0000000000,0.0000000000,,,
0.9799999984,7,225000.0000000000,218303.9531250000,225000.0000000000,225000.0000000000,0.0000000000,0.0000000000,0.0000000000,0.0000000000,,,
0.9839999985,7,211942.9843750000,216421.5000000000,225000.0000000000,203843.7031250000,0.0000000000,0.0000000000,0.0000000000,0.0000000000,,,
0.9879999985,7,195858.1718750000,215191.4531250000,210178.0156250000,160684.6718750000,0.0000000000,0.0000000000,0.0000000000,0.0000000000,,,
0.9919999985,7,215056.8593750000,216253.2968750000,225000.0000000000,205534.9218750000,0.0000000000,0.0000000000,0.0000000000,0.0000000000,,,
0.9959999984,7,225000.0000000000,218106.1562500000,225000.0000000000,225000.0000000000,0.0000000000,0.0000000000,0.0000000000,0.0000000000,,,
0.9999999984,7,225000.0000000000,218182.4375000000,225000.0000000000,225000.0000000000,0.0000000000,0.0000000000,0.0000000000,0.0000000000,,,
1.0039999983,7,213034.3125000000,216320.1562500000,225000.0000000000,205607.2500000000,0.0000000000,0.0000000000,0.0000000000,0.0000000000,,,
1.0079999985,7,197133.7187500000,215142.6718750000,212001.1875000000,162690.7031250000,0.0000000000,0.0000000000,0.0000000000,0.0000000000,,,
1.0119999985,7,216053.9531250000,216278.7812500000,225000.0000000000,206572.3437500000,0.0000000000,0.0000000000,0.0000000000,0.0000000000,,,
1.0159999984,7,225000.0000000000,218196.3593750000,225000.0000000000,225000.0000000000,0.0000000000,0.0000000000,0.0000000000,0.0000000000,,,
1.0199999984,7,225000.0000000000,218325.9687500000,225000.0000000000,225000.0000000000,0.0000000000,0.0000000000,0.0000000000,0.0000000000,,,
1.0239999983,8,214849.5781250000,216474.2812500000,225000.0000000000,207742.7187500000,0.0000000000,0.0000000000,0.0000000000,0.0000000000,,,
1.0279999983,8,199217.5937500000,215255.1562500000,214507.3125000000,165258.4843750000,0.0000000000,0.0000000000,0.0000000000,0.0000000000,,,
1.0319999983,8,217596.1406250000,216330.1406250000,225000.0000000000,207976.5000000000,0.0000000000,0.0000000000,0.0000000000,0.0000000000,,,
1.0359999982,8,225000.0000000000,218234.4531250000,225000.0000000000,225000.0000000000,0.0000000000,0.0000000000,0.0000000000,0.0000000000,,,
1.0399999982,8,225000.0000000000,218379.2343750000,225000.0000000000,225000.0000000000,0.0000000000,0.0000000000,0.0000000000,0.0000000000,,,
1.0439999981,8,216875.9062500000,216527.1250000000,225000.0000000000,209736.3281250000,0.0000000000,0.0000000000,0.0000000000,0.0000000000,,,
1.0479999983,8,201500.7187500000,215299.1718750000,218047.8593750000,167492.2500000000,0.0000000000,0.0000000000,0.0000000000,0.0000000000,,,
1.0519999983,8,219246.3125000000,216385.5000000000,225000.0000000000,208961.1718750000,0.0000000000,0.0000000000,0.0000000000,0.0000000000,,,
1.0559999982,8,225000.0000000000,218307.7812500000,225000.0000000000,225000.0000000000,0.0000000000,0.0000000000,0.0000000000,0.0000000000,,,
1.0599999982,8,225000.0000000000,218445.4687500000,225000.0000000000,225000.0000000000,0.0000000000,0.0000000000,0.0000000000,0.0000000000,,,
1.0639999982,8,218911.3125000000,216558.3750000000,225000.0000000000,211108.2187500000,0.0000000000,0.0000000000,0.0000000000,0.0000000000,,,
1.0679999983,8,203834.5312500000,215281.8750000000,224026.5156250000,169025.5937500000,0.0000000000,0.0000000000,0.0000000000,0.0000000000,,,
1.0719999983,8,220994.5781250000,216365.0000000000,225000.0000000000,209538.1875000000,0.0000000000,0.0000000000,0.0000000000,0.0000000000,,,
1.0759999983,8,225000.0000000000,218316.9843750000,225000.0000000000,225000.0000000000,0.0000000000,0.0000000000,0.0000000000,0.0000000000,,,
1.0799999982,8,225000.0000000000,218458.5000000000,225000.0000000000,225000.0000000000,0.0000000000,0.0000000000,0.0000000000,0.0000000000,,,
1.0839999982,8,221450.8750000000,216534.1718750000,225000.0000000000,212341.0156250000,0.0000000000,0.0000000000,0.0000000000,0.0000000000,,,
1.0879999981,8,206931.8906250000,215216.2500000000,225000.0000000000,170459.0781250000,0.0000000000,0.0000000000,0.0000000000,0.0000000000,,,
1.0919999983,8,223654.7187500000,216282.7500000000,225000.0000000000,210109.4843750000,0.0000000000,0.0000000000,0.0000000000,0.0000000000,,,
1.0959999983,8,225000.0000000000,218235.2343750000,225000.0000000000,225000.0000000000,0.0000000000,0.0000000000,0.0000000000,0.0000000000,,,
1.0999999982,8,225000.0000000000,218373.3593750000,225000.0000000000,225000.0000000000,0.0000000000,0.0000000000,0.0000000000,0.0000000000,,,
1.1039999982,8,224890.8125000000,216428.4218750000,225000.0000000000,213683.5156250000,0.0000000000,0.0000000000,0.0000000000,0.0000000000,,,
1.1079999981,8,210765.6875000000,215100.9062500000,225000.0000000000,172095.1093750000,0.0000000000,0.0000000000,0.0000000000,0.0000000000,,,
1.1119999983,8,225000.0000000000,216193.4218750000,225000.0000000000,210811.2500000000,0.0000000000,0.0000000000,0.0000000000,0.0000000000,,,
1.1159999983,8,225000.0000000000,218180.4843750000,225000.0000000000,225000.0000000000,0.0000000000,0.0000000000,0.0000000000,0.0000000000,,,
1.1199999982,8,225000.0000000000,218342.2812500000,225000.0000000000,225000.0000000000,0.0000000000,0.0000000000,0.0000000000,0.0000000000,,,
1.1239999982,8,225000.0000000000,216399.3437500000,225000.0000000000,214644.3125000000,0.0000000000,0.0000000000,0.0000000000,0.0000000000,,,
1.1279999982,8,212350.7031250000,215058.1875000000,225000.0000000000,173070.4687500000,0.0000000000,0.0000000000,0.0000000000,0.0000000000,,,
1.1319999981,8,225000.0000000000,216143.5156250000,225000.0000000000,211035.5625000000,0.0000000000,0.0000000000,0.0000000000,0.0000000000,,,
1.1359999983,8,225000.0000000000,218122.8125000000,225000.0000000000,225000.0000000000,0.0000000000,0.0000000000,0.0000000000,0.0000000000,,,
1.1399999983,8,225000.0000000000,218277.4218750000,225000.0000000000,225000.0000000000,0.0000000000,0.0000000000,0.0000000000,0.0000000000,,,
1.1439999982,8,225000.0000000000,216340.7343750000,225000.0000000000,215370.1250000000,0.0000000000,0.0000000000,0.0000000000,0.0000000000,,,
1.1479999982,8,211665.8593750000,214991.1718750000,225000.0000000000,174008.3593750000,0.0000000000,0.0000000000,0.0000000000,0.0000000000,,,
1.1519999981,9,225000.0000000000,216068.4687500000,225000.0000000000,211702.4375000000,0.0000000000,0.0000000000,0.0000000000,0.0000000000,,,
1.1559999981,9,225000.0000000000,218067.0781250000,225000.0000000000,225000.0000000000,0.0000000000,0.0000000000,0.0000000000,0.0000000000,,,
1.1599999981,9,225000.0000000000,218259.5312500000,225000.0000000000,225000.0000000000,0.0000000000,0.0000000000,0.0000000000,0.0000000000,,,
1.1639999980,9,225000.0000000000,216321.1562500000,225000.0000000000,217383.2343750000,0.0000000000,0.0000000000,0.0000000000,0.0000000000,,,
1.1679999980,9,211014.5156250000,214941.6875000000,225000.0000000000,178031.7343750000,0.0000000000,0.0000000000,0.0000000000,0.0000000000,,,
1.1719999979,9,225000.0000000000,216029.2812500000,225000.0000000000,213323.0312500000,0.0000000000,0.0000000000,0.0000000000,0.0000000000,,,
1.1759999981,9,225000.0000000000,218071.5625000000,225000.0000000000,225000.0000000000,0.0000000000,0.0000000000,0.0000000000,0.0000000000,,,
1.1799999981,9,225000.0000000000,218273.1250000000,225000.0000000000,225000.0000000000,0.0000000000,0.0000000000,0.0000000000,0.0000000000,,,
1.1839999980,9,224722.0468750000,216303.0000000000,225000.0000000000,218131.5937500000,0.0000000000,0.0000000000,0.0000000000,0.0000000000,,,
1.1879999980,9,210098.9062500000,214905.4843750000,225000.0000000000,179188.5937500000,0.0000000000,0.0000000000,0.0000000000,0.0000000000,,,
1.1919999979,9,223923.1250000000,216020.4218750000,225000.0000000000,213453.2812500000,0.0000000000,0.0000000000,0.0000000000,0.0000000000,,,
1.1959999981,9,225000.0000000000,218113.3437500000,225000.0000000000,225000.0000000000,0.0000000000,0.0000000000,0.0000000000,0.0000000000,,,
1.1999999981,9,225000.0000000000,218346.4687500000,225000.0000000000,225000.0000000000,0.0000000000,0.0000000000,0.0000000000,0.0000000000,,,
1.2039999980,9,223715.7343750000,216365.4062500000,225000.0000000000,218488.7500000000,0.0000000000,0.0000000000,0.0000000000,0.0000000000,,,
1.2079999980,9,209196.8593750000,214945.7968750000,225000.0000000000,179514.0781250000,0.0000000000,0.0000000000,0.0000000000,0.0000000000,,,
1.2119999980,9,222811.4218750000,216055.5312500000,225000.0000000000,213132.0625000000,0.0000000000,0.0000000000,0.0000000000,0.0000000000,,,
1.2159999979,9,225000.0000000000,218166.8593750000,225000.0000000000,225000.0000000000,0.0000000000,0.0000000000,0.0000000000,0.0000000000,,,
1.2199999981,9,225000.0000000000,218421.5625000000,225000.0000000000,225000.0000000000,0.0000000000,0.0000000000,0.0000000000,0.0000000000,,,
1.2239999981,9,223065.7343750000,216437.2187500000,225000.0000000000,218627.4531250000,0.0000000000,0.0000000000,0.0000000000,0.0000000000,,,
1.2279999980,9,208565.5468750000,215005.6562500000,225000.0000000000,179435.0937500000,0.0000000000,0.0000000000,0.0000000000,0.0000000000,,,
1.2319999980,9,221848.4375000000,216100.3593750000,225000.0000000000,212591.6718750000,0.0000000000,0.0000000000,0.0000000000,0.0000000000,,,
1.2359999979,9,225000.0000000000,218211.2187500000,225000.0000000000,225000.0000000000,0.0000000000,0.0000000000,0.0000000000,0.0000000000,,,
1.2399999981,9,225000.0000000000,218479.6875000000,225000.0000000000,225000.0000000000,0.0000000000,0.0000000000,0.0000000000,0.0000000000,,,
1.2439999981,9,222324.9062500000,216496.5156250000,225000.0000000000,218734.2343750000,0.0000000000,0.0000000000,0.0000000000,0.0000000000,,,
1.2479999980,9,207849.3437500000,215055.2031250000,225000.0000000000,179364.7812500000,0.0000000000,0.0000000000,0.0000000000,0.0000000000,,,
1.2519999980,9,220958.1562500000,216143.6718750000,225000.0000000000,212124.5156250000,0.0000000000,0.0000000000,0.0000000000,0.0000000000,,,
1.2559999980,9,225000.0000000000,218256.3125000000,225000.0000000000,225000.0000000000,0.0000000000,0.0000000000,0.0000000000,0.0000000000,,,
1.2599999979,9,225000.0000000000,218513.5625000000,225000.0000000000,225000.0000000000,0.0000000000,0.0000000000,0.0000000000,0.0000000000,,,
1.2639999981,9,221789.3125000000,216467.9531250000,225000.0000000000,218914.2343750000,0.0000000000,0.0000000000,0.0000000000,0.0000000000,,,
1.2679999981,9,207224.5468750000,214944.9687500000,225000.0000000000,179217.2656250000,0.0000000000,0.0000000000,0.0000000000,0.0000000000,,,
1.2719999980,9,220179.5156250000,216005.0468750000,225000.0000000000,211558.4843750000,0.0000000000,0.0000000000,0.0000000000,0.0000000000,,,
1.2759999980,9,225000.0000000000,218143.9843750000,225000.0000000000,225000.0000000000,0.0000000000,0.0000000000,0.0000000000,0.0000000000,,,
1.2799999979,10,225000.0000000000,218424.1406250000,225000.0000000000,225000.0000000000,0.0000000000,0.0000000000,0.0000000000,0.0000000000,,,
1.2839999979,10,221301.9687500000,216378.0937500000,225000.0000000000,218609.2187500000,0.0000000000,0.0000000000,0.0000000000,0.0000000000,,,
1.2879999978,10,206659.4843750000,214854.1250000000,225000.0000000000,178227.2656250000,0.0000000000,0.0000000000,0.0000000000,0.0000000000,,,
1.2919999978,10,219436.4843750000,215921.5312500000,225000.0000000000,210319.6093750000,0.0000000000,0.0000000000,0.0000000000,0.0000000000,,,
1.2959999978,10,225000.0000000000,218075.6406250000,225000.0000000000,225000.0000000000,0.0000000000,0.0000000000,0.0000000000,0.0000000000,,,
1.2999999977,10,225000.0000000000,218381.8437500000,225000.0000000000,225000.0000000000,0.0000000000,0.0000000000,0.0000000000,0.0000000000,,,
1.3039999979,10,220821.2031250000,216347.2500000000,225000.0000000000,218085.1093750000,0.0000000000,0.0000000000,0.0000000000,0.0000000000,,,
1.3079999979,10,206092.8125000000,214808.3281250000,225000.0000000000,176930.2187500000,0.0000000000,0.0000000000,0.0000000000,0.0000000000,,,
1.3119999978,10,218724.5468750000,215868.3906250000,225000.0000000000,209110.9687500000,0.0000000000,0.0000000000,0.0000000000,0.0000000000,,,
1.3159999978,10,225000.0000000000,218041.8750000000,225000.0000000000,225000.0000000000,0.0000000000,0.0000000000,0.0000000000,0.0000000000,,,
1.3199999977,10,225000.0000000000,218366.8125000000,225000.0000000000,225000.0000000000,0.0000000000,0.0000000000,0.0000000000,0.0000000000,,,
1.3239999979,10,220444.1093750000,216331.9687500000,225000.0000000000,217462.7500000000,0.0000000000,0.0000000000,0.0000000000,0.0000000000,,,
1.3279999979,10,205565.7656250000,214779.6875000000,225000.0000000000,175299.7031250000,0.0000000000,0.0000000000,0.0000000000,0.0000000000,,,
1.3319999978,10,218077.2812500000,215842.4375000000,225000.0000000000,207618.3750000000,0.0000000000,0.0000000000,0.0000000000,0.0000000000,,,
1.3359999978,10,225000.0000000000,218067.0000000000,225000.0000000000,225000.0000000000,0.0000000000,0.0000000000,0.0000000000,0.0000000000,,,
1.3399999978,10,225000.0000000000,218453.8906250000,225000.0000000000,225000.0000000000,0.0000000000,0.0000000000,0.0000000000,0.0000000000,,,
1.3439999977,10,220118.9687500000,216467.5937500000,225000.0000000000,216701.3593750000,0.0000000000,0.0000000000,0.0000000000,0.0000000000,,,
1.3479999979,10,204990.8906250000,214955.3750000000,225000.0000000000,173013.2656250000,0.0000000000,0.0000000000,0.0000000000,0.0000000000,,,
1.3519999979,10,217518.5781250000,216049.9843750000,225000.0000000000,205763.7031250000,0.0000000000,0.0000000000,0.0000000000,0.0000000000,,,
1.3559999978,10,225000.0000000000,218276.7031250000,225000.0000000000,225000.0000000000,0.0000000000,0.0000000000,0.0000000000,0.0000000000,,,
1.3599999978,10,225000.0000000000,218667.6093750000,225000.0000000000,225000.0000000000,0.0000000000,0.0000000000,0.0000000000,0.0000000000,,,
1.3639999977,10,220072.0312500000,216711.4687500000,225000.0000000000,215001.0156250000,0.0000000000,0.0000000000,0.0000000000,0.0000000000,,,
1.3679999979,10,204520.8750000000,215158.9843750000,223590.6718750000,168314.9687500000,0.0000000000,0.0000000000,0.0000000000,0.0000000000,,,
1.3719999979,10,216989.6875000000,216114.1406250000,225000.0000000000,202310.9843750000,0.0000000000,0.0000000000,0.0000000000,0.0000000000,,,
1.3759999978,10,225000.0000000000,218239.3281250000,225000.0000000000,225000.0000000000,0.0000000000,0.0000000000,0.0000000000,0.0000000000,,,
1.3799999978,10,225000.0000000000,218612.2187500000,225000.0000000000,225000.0000000000,0.0000000000,0.0000000000,0.0000000000,0.0000000000,,,
1.3839999977,10,219713.3125000000,216659.2656250000,225000.0000000000,214975.1093750000,0.0000000000,0.0000000000,0.0000000000,0.0000000000,,,
1.3879999977,10,203746.9531250000,215129.2343750000,221705.7656250000,167510.7812500000,0.0000000000,0.0000000000,0.0000000000,0.0000000000,,,
1.3919999979,10,216429.0312500000,216086.0625000000,225000.0000000000,201308.3437500000,0.0000000000,0.0000000000,0.0000000000,0.0000000000,,,
1.3959999979,10,225000.0000000000,218180.8281250000,225000.0000000000,225000.0000000000,0.0000000000,0.0000000000,0.0000000000,0.0000000000,,,
1.3999999978,10,225000.0000000000,218541.9375000000,225000.0000000000,225000.0000000000,0.0000000000,0.0000000000,0.0000000000,0.0000000000,,,
1.4039999978,10,219687.1875000000,216597.2812500000,225000.0000000000,214844.1406250000,0.0000000000,0.0000000000,0.0000000000,0.0000000000,,,
1.4079999977,11,203051.7187500000,215042.7656250000,219845.3125000000,166714.6875000000,0.0000000000,0.0000000000,0.0000000000,0.0000000000,,,
1.4119999977,11,215813.8593750000,215941.4062500000,225000.0000000000,200241.1406250000,0.0000000000,0.0000000000,0.0000000000,0.0000000000,,,
1.4159999976,11,225000.0000000000,217979.1406250000,225000.0000000000,225000.0000000000,0.0000000000,0.0000000000,0.0000000000,0.0000000000,,,
1.4199999976,11,225000.0000000000,218333.1562500000,225000.0000000000,225000.0000000000,0.0000000000,0.0000000000,0.0000000000,0.0000000000,,,
1.4239999976,11,219306.8593750000,216435.7656250000,225000.0000000000,214776.9218750000,0.0000000000,0.0000000000,0.0000000000,0.0000000000,,,
1.4279999975,11,202034.4375000000,214889.8125000000,217821.9531250000,166105.7343750000,0.0000000000,0.0000000000,0.0000000000,0.0000000000,,,
1.4319999977,11,214794.7031250000,215760.2500000000,225000.0000000000,199363.7343750000,0.0000000000,0.0000000000,0.0000000000,0.0000000000,,,
1.4359999977,11,225000.0000000000,217777.4375000000,225000.0000000000,225000.0000000000,0.0000000000,0.0000000000,0.0000000000,0.0000000000,,,
1.4399999976,11,225000.0000000000,218181.2656250000,225000.0000000000,225000.0000000000,0.0000000000,0.0000000000,0.0000000000,0.0000000000,,,
1.4439999976,11,218481.3437500000,216399.1562500000,225000.0000000000,214808.5937500000,0.0000000000,0.0000000000,0.0000000000,0.0000000000,,,
1.4479999975,11,200556.7031250000,214921.7343750000,215326.9375000000,165560.6875000000,0.0000000000,0.0000000000,0.0000000000,0.0000000000,,,
1.4519999977,11,213410.2812500000,215743.0781250000,225000.0000000000,198542.0781250000,0.0000000000,0.0000000000,0.0000000000,0.0000000000,,,
1.4559999977,11,225000.0000000000,217689.6718750000,225000.0000000000,225000.0000000000,0.0000000000,0.0000000000,0.0000000000,0.0000000000,,,
1.4599999976,11,225000.0000000000,218096.3437500000,225000.0000000000,225000.0000000000,0.0000000000,0.0000000000,0.0000000000,0.0000000000,,,
1.4639999976,11,217579.2500000000,216348.5625000000,225000.0000000000,214877.0468750000,0.0000000000,0.0000000000,0.0000000000,0.0000000000,,,
1.4679999975,11,198987.5625000000,214877.6406250000,212548.8125000000,165145.4062500000,0.0000000000,0.0000000000,0.0000000000,0.0000000000,,,
1.4719999975,11,212027.0625000000,215660.2500000000,225000.0000000000,197872.6406250000,0.0000000000,0.0000000000,0.0000000000,0.0000000000,,,
1.4759999977,11,225000.0000000000,217565.2187500000,225000.0000000000,225000.0000000000,0.0000000000,0.0000000000,0.0000000000,0.0000000000,,,
1.4799999977,11,225000.0000000000,217993.1562500000,225000.0000000000,225000.0000000000,0.0000000000,0.0000000000,0.0000000000,0.0000000000,,,
1.4839999976,11,216664.8437500000,216297.2812500000,225000.0000000000,215143.3125000000,0.0000000000,0.0000000000,0.0000000000,0.0000000000,,,
1.4879999976,11,197379.9843750000,214856.4843750000,210032.1718750000,164969.7187500000,0.0000000000,0.0000000000,0.0000000000,0.0000000000,,,
1.4919999975,11,210587.1250000000,215619.9218750000,225000.0000000000,197316.5781250000,0.0000000000,0.0000000000,0.0000000000,0.0000000000,,,
1.4959999977,11,225000.0000000000,217520.5000000000,225000.0000000000,225000.0000000000,0.0000000000,0.0000000000,0.0000000000,0.0000000000,,,
1.4999999977,11,225000.0000000000,217989.9218750000,225000.0000000000,225000.0000000000,0.0000000000,0.0000000000,0.0000000000,0.0000000000,,,
1.5039999976,11,216167.3281250000,216334.8906250000,225000.0000000000,215371.5937500000,0.0000000000,0.0000000000,0.0000000000,0.0000000000,,,
1.5079999976,11,196281.3125000000,214891.0468750000,209373.5625000000,164756.2187500000,0.0000000000,0.0000000000,0.0000000000,0.0000000000,,,
1.5119999975,11,209746.4062500000,215625.3906250000,225000.0000000000,196777.3750000000,0.0000000000,0.0000000000,0.0000000000,0.0000000000,,,
1.5159999975,11,225000.0000000000,217510.6875000000,225000.0000000000,225000.0000000000,0.0000000000,0.0000000000,0.0000000000,0.0000000000,,,
1.5199999977,11,225000.0000000000,217968.0781250000,225000.0000000000,225000.0000000000,0.0000000000,0.0000000000,0.0000000000,0.0000000000,,,
1.5239999976,11,215812.3906250000,216333.3906250000,225000.0000000000,215579.3125000000,0.0000000000,0.0000000000,0.0000000000,0.0000000000,,,
1.5279999976,11,195134.1718750000,214901.3750000000,209202.0937500000,164450.6875000000,0.0000000000,0.0000000000,0.0000000000,0.0000000000,,,
1.5319999976,11,208771.2656250000,215646.2500000000,225000.0000000000,196114.3593750000,0.0000000000,0.0000000000,0.0000000000,0.0000000000,,,
1.5359999975,12,225000.0000000000,217561.4531250000,225000.0000000000,225000.0000000000,0.0000000000,0.0000000000,0.0000000000,0.0000000000,,,
1.5399999975,12,225000.0000000000,218073.0625000000,225000.0000000000,225000.0000000000,0.0000000000,0.0000000000,0.0000000000,0.0000000000,,,
1.5439999974,12,215514.8593750000,216459.3437500000,225000.0000000000,215801.7968750000,0.0000000000,0.0000000000,0.0000000000,0.0000000000,,,
1.5479999974,12,194090.3281250000,215020.6875000000,209294.3750000000,164197.2656250000,0.0000000000,0.0000000000,0.0000000000,0.0000000000,,,
1.5519999973,12,207937.6406250000,215766.8750000000,225000.0000000000,195552.7500000000,0.0000000000,0.0000000000,0.0000000000,0.0000000000,,,
1.5559999973,12,225000.0000000000,217696.1875000000,225000.0000000000,225000.0000000000,0.0000000000,0.0000000000,0.0000000000,0.0000000000,,,
1.5599999975,12,225000.0000000000,218226.9218750000,225000.0000000000,225000.0000000000,0.0000000000,0.0000000000,0.0000000000,0.0000000000,,,
1.5639999975,12,215551.5781250000,216609.3281250000,225000.0000000000,216111.4843750000,0.0000000000,0.0000000000,0.0000000000,0.0000000000,,,
1.5679999974,12,193667.3125000000,215149.8281250000,209823.9843750000,164063.4843750000,0.0000000000,0.0000000000,0.0000000000,0.0000000000,,,
1.5719999974,12,207542.7968750000,215864.1562500000,225000.0000000000,195092.3437500000,0.0000000000,0.0000000000,0.0000000000,0.0000000000,,,
1.5759999973,12,225000.0000000000,217756.5312500000,225000.0000000000,225000.0000000000,0.0000000000,0.0000000000,0.0000000000,0.0000000000,,,
1.5799999975,12,225000.0000000000,218261.7343750000,225000.0000000000,225000.0000000000,0.0000000000,0.0000000000,0.0000000000,0.0000000000,,,
1.5839999975,12,215889.2343750000,216617.2656250000,225000.0000000000,216538.7343750000,0.0000000000,0.0000000000,0.0000000000,0.0000000000,,,
1.5879999974,12,193943.2187500000,215099.3750000000,210741.5937500000,164283.1250000000,0.0000000000,0.0000000000,0.0000000000,0.0000000000,,,
1.5919999974,12,207715.2812500000,215753.7343750000,225000.0000000000,194898.5312500000,0.0000000000,0.0000000000,0.0000000000,0.0000000000,,,
1.5959999973,12,225000.0000000000,217616.2343750000,225000.0000000000,225000.0000000000,0.0000000000,0.0000000000,0.0000000000,0.0000000000,,,
1.5999999973,12,225000.0000000000,218106.9062500000,225000.0000000000,225000.0000000000,0.0000000000,0.0000000000,0.0000000000,0.0000000000,,,
1.6039999975,12,216645.9218750000,216456.5000000000,225000.0000000000,217225.1875000000,0.0000000000,0.0000000000,0.0000000000,0.0000000000,,,
1.6079999974,12,195051.5312500000,214933.6406250000,212113.1093750000,165038.7343750000,0.0000000000,0.0000000000,0.0000000000,0.0000000000,,,
1.6119999974,12,208506.6093750000,215561.9531250000,225000.0000000000,195156.8593750000,0.0000000000,0.0000000000,0.0000000000,0.0000000000,,,
1.6159999974,12,225000.0000000000,217389.7968750000,225000.0000000000,225000.0000000000,0.0000000000,0.0000000000,0.0000000000,0.0000000000,,,
1.6199999973,12,225000.0000000000,217896.0312500000,225000.0000000000,225000.0000000000,0.0000000000,0.0000000000,0.0000000000,0.0000000000,,,
1.6239999975,12,217791.2656250000,216294.3281250000,225000.0000000000,218174.6093750000,0.0000000000,0.0000000000,0.0000000000,0.0000000000,,,
1.6279999975,12,196708.2968750000,214787.5156250000,214307.1093750000,166246.4687500000,0.0000000000,0.0000000000,0.0000000000,0.0000000000,,,
1.6319999974,12,209664.0937500000,215420.6562500000,225000.0000000000,195653.1250000000,0.0000000000,0.0000000000,0.0000000000,0.0000000000,,,
1.6359999974,12,225000.0000000000,217270.4375000000,225000.0000000000,225000.0000000000,0.0000000000,0.0000000000,0.0000000000,0.0000000000,,,
1.6399999973,12,225000.0000000000,217810.0781250000,225000.0000000000,225000.0000000000,0.0000000000,0.0000000000,0.0000000000,0.0000000000,,,
1.6439999973,12,219047.0312500000,216222.3125000000,225000.0000000000,219075.0781250000,0.0000000000,0.0000000000,0.0000000000,0.0000000000,,,
1.6479999975,12,198432.1875000000,214731.0781250000,219642.9375000000,167455.9375000000,0.0000000000,0.0000000000,0.0000000000,0.0000000000,,,
1.6519999974,12,210893.7812500000,215372.8281250000,225000.0000000000,196140.6093750000,0.0000000000,0.0000000000,0.0000000000,0.0000000000,,,
1.6559999974,12,225000.0000000000,217240.0781250000,225000.0000000000,225000.0000000000,0.0000000000,0.0000000000,0.0000000000,0.0000000000,,,
1.6599999974,12,225000.0000000000,217798.1093750000,225000.0000000000,225000.0000000000,0.0000000000,0.0000000000,0.0000000000,0.0000000000,,,
1.6639999973,13,220277.8750000000,216204.7500000000,225000.0000000000,219956.2500000000,0.0000000000,0.0000000000,0.0000000000,0.0000000000,,,
1.6679999973,13,200058.0312500000,214694.2031250000,223213.0312500000,168667.4062500000,0.0000000000,0.0000000000,0.0000000000,0.0000000000,,,
1.6719999972,13,212079.9687500000,215345.2500000000,225000.0000000000,196620.1406250000,0.0000000000,0.0000000000,0.0000000000,0.0000000000,,,
1.6759999972,13,225000.0000000000,217246.1875000000,225000.0000000000,225000.0000000000,0.0000000000,0.0000000000,0.0000000000,0.0000000000,,,
1.6799999971,13,225000.0000000000,217824.2031250000,225000.0000000000,225000.0000000000,0.0000000000,0.0000000000,0.0000000000,0.0000000000,,,
1.6839999971,13,221523.2187500000,216219.4375000000,225000.0000000000,220815.5625000000,0.0000000000,0.0000000000,0.0000000000,0.0000000000,,,
1.6879999973,13,201635.7343750000,214677.0937500000,225000.0000000000,169791.3593750000,0.0000000000,0.0000000000,0.0000000000,0.0000000000,,,
1.6919999972,13,213179.2968750000,215317.3281250000,225000.0000000000,197045.5156250000,0.0000000000,0.0000000000,0.0000000000,0.0000000000,,,
1.6959999972,13,225000.0000000000,217239.3281250000,225000.0000000000,225000.0000000000,0.0000000000,0.0000000000,0.0000000000,0.0000000000,,,
1.6999999972,13,225000.0000000000,217822.4687500000,225000.0000000000,225000.0000000000,0.0000000000,0.0000000000,0.0000000000,0.0000000000,,,
1.7039999971,13,222575.1875000000,216190.6875000000,225000.0000000000,221709.6562500000,0.0000000000,0.0000000000,0.0000000000,0.0000000000,,,
1.7079999973,13,203025.2187500000,214625.9218750000,225000.0000000000,171078.6562500000,0.0000000000,0.0000000000,0.0000000000,0.0000000000,,,
1.7119999973,13,214122.2187500000,215255.9062500000,225000.0000000000,197579.2968750000,0.0000000000,0.0000000000,0.0000000000,0.0000000000,,,
1.7159999972,13,225000.0000000000,217187.2343750000,225000.0000000000,225000.0000000000,0.0000000000,0.0000000000,0.0000000000,0.0000000000,,,
1.7199999972,13,225000.0000000000,217773.0312500000,225000.0000000000,225000.0000000000,0.0000000000,0.0000000000,0.0000000000,0.0000000000,,,
1.7239999971,13,223523.0937500000,216119.2656250000,225000.0000000000,222397.6250000000,0.0000000000,0.0000000000,0.0000000000,0.0000000000,,,
1.7279999971,13,204353.8906250000,214528.8125000000,225000.0000000000,172058.6093750000,0.0000000000,0.0000000000,0.0000000000,0.0000000000,,,
1.7319999973,13,215115.3437500000,215173.0312500000,225000.0000000000,197812.0625000000,0.0000000000,0.0000000000,0.0000000000,0.0000000000,,,
1.7359999972,13,225000.0000000000,217145.6093750000,225000.0000000000,225000.0000000000,0.0000000000,0.0000000000,0.0000000000,0.0000000000,,,
1.7399999972,13,225000.0000000000,217778.2968750000,225000.0000000000,225000.0000000000,0.0000000000,0.0000000000,0.0000000000,0.0000000000,,,
1.7439999972,13,224613.6250000000,216149.2968750000,225000.0000000000,222984.9218750000,0.0000000000,0.0000000000,0.0000000000,0.0000000000,,,
1.7479999971,13,205729.1406250000,214548.5312500000,225000.0000000000,172810.6718750000,0.0000000000,0.0000000000,0.0000000000,0.0000000000,,,
1.7519999973,13,216039.5468750000,215187.7031250000,225000.0000000000,198027.7031250000,0.0000000000,0.0000000000,0.0000000000,0.0000000000,,,
1.7559999973,13,225000.0000000000,217179.8593750000,225000.0000000000,225000.0000000000,0.0000000000,0.0000000000,0.0000000000,0.0000000000,,,
1.7599999972,13,225000.0000000000,217820.5937500000,225000.0000000000,225000.0000000000,0.0000000000,0.0000000000,0.0000000000,0.0000000000,,,
1.7639999972,13,225000.0000000000,216178.1718750000,225000.0000000000,223444.3437500000,0.0000000000,0.0000000000,0.0000000000,0.0000000000,,,
1.7679999971,13,206232.1875000000,214554.9687500000,225000.0000000000,173390.3750000000,0.0000000000,0.0000000000,0.0000000000,0.0000000000,,,
1.7719999971,13,216059.2031250000,215173.7500000000,225000.0000000000,197808.5156250000,0.0000000000,0.0000000000,0.0000000000,0.0000000000,,,
1.7759999973,13,225000.0000000000,217164.0625000000,225000.0000000000,225000.0000000000,0.0000000000,0.0000000000,0.0000000000,0.0000000000,,,
1.7799999972,13,225000.0000000000,217812.2656250000,225000.0000000000,225000.0000000000,0.0000000000,0.0000000000,0.0000000000,0.0000000000,,,
1.7839999972,13,225000.0000000000,216169.3593750000,225000.0000000000,223777.9687500000,0.0000000000,0.0000000000,0.0000000000,0.0000000000,,,
1.7879999971,13,206454.1875000000,214523.2656250000,225000.0000000000,173740.5468750000,0.0000000000,0.0000000000,0.0000000000,0.0000000000,,,
1.7919999971,14,215908.5781250000,215128.8281250000,225000.0000000000,197708.0937500000,0.0000000000,0.0000000000,0.0000000000,0.0000000000,,,
1.7959999971,14,225000.0000000000,217144.5312500000,225000.0000000000,225000.0000000000,0.0000000000,0.0000000000,0.0000000000,0.0000000000,,,
1.7999999970,14,225000.0000000000,217816.8125000000,225000.0000000000,225000.0000000000,0.0000000000,0.0000000000,0.0000000000,0.0000000000,,,
1.8039999970,14,224860.7500000000,216162.6875000000,225000.0000000000,224632.6718750000,0.0000000000,0.0000000000,0.0000000000,0.0000000000,,,
1.8079999969,14,206226.5781250000,214508.4375000000,225000.0000000000,176079.4843750000,0.0000000000,0.0000000000,0.0000000000,0.0000000000,,,
1.8119999969,14,215310.3593750000,215151.2343750000,225000.0000000000,199195.7031250000,0.0000000000,0.0000000000,0.0000000000,0.0000000000,,,
1.8159999971,14,225000.0000000000,217195.5312500000,225000.0000000000,225000.0000000000,0.0000000000,0.0000000000,0.0000000000,0.0000000000,,,
1.8199999970,14,225000.0000000000,217873.4218750000,225000.0000000000,225000.0000000000,0.0000000000,0.0000000000,0.0000000000,0.0000000000,,,
1.8239999970,14,224188.8750000000,216200.8593750000,225000.0000000000,225000.0000000000,0.0000000000,0.0000000000,0.0000000000,0.0000000000,,,
1.8279999970,14,205620.3437500000,214509.1562500000,225000.0000000000,178008.4218750000,0.0000000000,0.0000000000,0.0000000000,0.0000000000,,,
1.8319999969,14,214384.9218750000,215142.2343750000,225000.0000000000,200146.3593750000,0.0000000000,0.0000000000,0.0000000000,0.0000000000,,,
1.8359999971,14,225000.0000000000,217231.1406250000,225000.0000000000,225000.0000000000,0.0000000000,0.0000000000,0.0000000000,0.0000000000,,,
1.8399999971,14,225000.0000000000,217962.0781250000,225000.0000000000,225000.0000000000,0.0000000000,0.0000000000,0.0000000000,0.0000000000,,,
1.8439999970,14,223484.5000000000,216290.3906250000,225000.0000000000,225000.0000000000,0.0000000000,0.0000000000,0.0000000000,0.0000000000,,,
1.8479999970,14,205008.9062500000,214565.8593750000,225000.0000000000,177892.2500000000,0.0000000000,0.0000000000,0.0000000000,0.0000000000,,,
1.8519999969,14,213656.8281250000,215175.1250000000,225000.0000000000,199401.5625000000,0.0000000000,0.0000000000,0.0000000000,0.0000000000,,,
1.8559999969,14,225000.0000000000,217265.3437500000,225000.0000000000,225000.0000000000,0.0000000000,0.0000000000,0.0000000000,0.0000000000,,,
1.8599999971,14,225000.0000000000,217993.4843750000,225000.0000000000,225000.0000000000,0.0000000000,0.0000000000,0.0000000000,0.0000000000,,,
1.8639999970,14,223145.9531250000,216290.6875000000,225000.0000000000,225000.0000000000,0.0000000000,0.0000000000,0.0000000000,0.0000000000,,,
1.8679999970,14,204680.9062500000,214537.7187500000,225000.0000000000,177503.4687500000,0.0000000000,0.0000000000,0.0000000000,0.0000000000,,,
1.8719999969,14,213148.4687500000,215157.9062500000,225000.0000000000,198588.5781250000,0.0000000000,0.0000000000,0.0000000000,0.0000000000,,,
1.8759999969,14,225000.0000000000,217277.2187500000,225000.0000000000,225000.0000000000,0.0000000000,0.0000000000,0.0000000000,0.0000000000,,,
1.8799999971,14,225000.0000000000,218021.7343750000,225000.0000000000,225000.0000000000,0.0000000000,0.0000000000,0.0000000000,0.0000000000,,,
1.8839999971,14,222937.6562500000,216318.7343750000,225000.0000000000,225000.0000000000,0.0000000000,0.0000000000,0.0000000000,0.0000000000,,,
1.8879999970,14,204459.7500000000,214553.8437500000,225000.0000000000,176569.8437500000,0.0000000000,0.0000000000,0.0000000000,0.0000000000,,,
1.8919999970,14,212827.6562500000,215156.6718750000,225000.0000000000,197356.0625000000,0.0000000000,0.0000000000,0.0000000000,0.0000000000,,,
1.8959999969,14,225000.0000000000,217270.5781250000,225000.0000000000,225000.0000000000,0.0000000000,0.0000000000,0.0000000000,0.0000000000,,,
1.8999999969,14,225000.0000000000,218037.1718750000,225000.0000000000,225000.0000000000,0.0000000000,0.0000000000,0.0000000000,0.0000000000,,,
1.9039999971,14,222981.5000000000,216357.5468750000,225000.0000000000,225000.0000000000,0.0000000000,0.0000000000,0.0000000000,0.0000000000,,,
1.9079999970,14,204363.5937500000,214598.8593750000,225000.0000000000,175547.7031250000,0.0000000000,0.0000000000,0.0000000000,0.0000000000,,,
1.9119999970,14,212586.7343750000,215195.2968750000,225000.0000000000,195988.0000000000,0.0000000000,0.0000000000,0.0000000000,0.0000000000,,,
1.9159999969,14,225000.0000000000,217310.8125000000,225000.0000000000,225000.0000000000,0.0000000000,0.0000000000,0.0000000000,0.0000000000,,,
1.9199999969,15,225000.0000000000,218102.3593750000,225000.0000000000,225000.0000000000,0.0000000000,0.0000000000,0.0000000000,0.0000000000,,,
1.9239999969,15,223036.5156250000,216465.6406250000,225000.0000000000,224558.6718750000,0.0000000000,0.0000000000,0.0000000000,0.0000000000,,,
1.9279999968,15,204177.8593750000,214735.5625000000,225000.0000000000,173274.1093750000,0.0000000000,0.0000000000,0.0000000000,0.0000000000,,,
1.9319999968,15,212316.6875000000,215334.3125000000,225000.0000000000,193392.8281250000,0.0000000000,0.0000000000,0.0000000000,0.0000000000,,,
1.9359999967,15,225000.0000000000,217425.9531250000,225000.0000000000,225000.0000000000,0.0000000000,0.0000000000,0.0000000000,0.0000000000,,,
1.9399999967,15,225000.0000000000,218219.8906250000,225000.0000000000,225000.0000000000,0.0000000000,0.0000000000,0.0000000000,0.0000000000,,,
1.9439999969,15,223347.4218750000,216607.8281250000,225000.0000000000,223648.0156250000,0.0000000000,0.0000000000,0.0000000000,0.0000000000,,,
1.9479999968,15,204219.0312500000,214861.6875000000,224821.5312500000,170391.3281250000,0.0000000000,0.0000000000,0.0000000000,0.0000000000,,,
1.9519999968,15,212268.0625000000,215389.3750000000,225000.0000000000,190600.5625000000,0.0000000000,0.0000000000,0.0000000000,0.0000000000,,,
1.9559999967,15,225000.0000000000,217430.5156250000,225000.0000000000,225000.0000000000,0.0000000000,0.0000000000,0.0000000000,0.0000000000,,,
1.9599999967,15,225000.0000000000,218223.6718750000,225000.0000000000,225000.0000000000,0.0000000000,0.0000000000,0.0000000000,0.0000000000,,,
1.9639999969,15,223715.6875000000,216608.8125000000,225000.0000000000,223564.1093750000,0.0000000000,0.0000000000,0.0000000000,0.0000000000,,,
1.9679999969,15,204106.6406250000,214836.6093750000,224070.7812500000,169894.1718750000,0.0000000000,0.0000000000,0.0000000000,0.0000000000,,,
1.9719999968,15,212078.5156250000,215344.4062500000,225000.0000000000,189925.7500000000,0.0000000000,0.0000000000,0.0000000000,0.0000000000,,,
1.9759999968,15,225000.0000000000,217389.1250000000,225000.0000000000,225000.0000000000,0.0000000000,0.0000000000,0.0000000000,0.0000000000,,,
1.9799999967,15,225000.0000000000,218187.7500000000,225000.0000000000,225000.0000000000,0.0000000000,0.0000000000,0.0000000000,0.0000000000,,,
1.9839999967,15,223965.1875000000,216575.4062500000,225000.0000000000,223979.1562500000,0.0000000000,0.0000000000,0.0000000000,0.0000000000,,,
1.9879999969,15,203929.9375000000,214788.7187500000,223245.8906250000,170081.8750000000,0.0000000000,0.0000000000,0.0000000000,0.0000000000,,,
1.9919999968,15,211815.8125000000,215259.2187500000,225000.0000000000,189682.7656250000,0.0000000000,0.0000000000,0.0000000000,0.0000000000,,,
1.9959999968,15,225000.0000000000,217264.7343750000,225000.0000000000,225000.0000000000,0.0000000000,0.0000000000,0.0000000000,0.0000000000,,,
1.9999999967,15,225000.0000000000,218065.6093750000,225000.0000000000,225000.0000000000,0.0000000000,0.0000000000,0.0000000000,0.0000000000,,,
2.0039999967,15,224014.7812500000,216457.2968750000,225000.0000000000,224372.1250000000,0.0000000000,0.0000000000,0.0000000000,0.0000000000,,,
2.0079999969,15,203463.4687500000,214661.9687500000,222382.2187500000,170233.4531250000,0.0000000000,0.0000000000,0.0000000000,0.0000000000,,,
2.0119999968,15,211245.8750000000,215131.8593750000,225000.0000000000,189305.1406250000,0.0000000000,0.0000000000,0.0000000000,0.0000000000,,,
2.0159999968,15,225000.0000000000,217162.8906250000,225000.0000000000,225000.0000000000,0.0000000000,0.0000000000,0.0000000000,0.0000000000,,,
2.0199999968,15,225000.0000000000,217995.8750000000,225000.0000000000,225000.0000000000,0.0000000000,0.0000000000,0.0000000000,0.0000000000,,,
2.0239999967,15,224000.2656250000,216428.8906250000,225000.0000000000,224720.5468750000,0.0000000000,0.0000000000,0.0000000000,0.0000000000,,,
2.0279999967,15,202946.8593750000,214665.9375000000,221547.2500000000,170412.9687500000,0.0000000000,0.0000000000,0.0000000000,0.0000000000,,,
2.0319999969,15,210625.2656250000,215119.8125000000,225000.0000000000,189084.7343750000,0.0000000000,0.0000000000,0.0000000000,0.0000000000,,,
2.0359999968,15,225000.0000000000,217112.0000000000,225000.0000000000,225000.0000000000,0.0000000000,0.0000000000,0.0000000000,0.0000000000,,,
2.0399999968,15,225000.0000000000,217949.2812500000,225000.0000000000,225000.0000000000,0.0000000000,0.0000000000,0.0000000000,0.0000000000,,,
2.0439999967,15,223720.7812500000,216423.1875000000,225000.0000000000,225000.0000000000,0.0000000000,0.0000000000,0.0000000000,0.0000000000,,,
2.0479999967,16,201992.1250000000,214669.2031250000,220594.1875000000,170426.1406250000,0.0000000000,0.0000000000,0.0000000000,0.0000000000,,,
2.0519999966,16,209524.9687500000,215096.4531250000,225000.0000000000,188531.6718750000,0.0000000000,0.0000000000,0.0000000000,0.0000000000,,,
2.0559999966,16,225000.0000000000,217063.0468750000,225000.0000000000,225000.0000000000,0.0000000000,0.0000000000,0.0000000000,0.0000000000,,,
2.0599999966,16,225000.0000000000,217912.1093750000,225000.0000000000,225000.0000000000,0.0000000000,0.0000000000,0.0000000000,0.0000000000,,,
2.0639999965,16,223187.7968750000,216409.8593750000,225000.0000000000,225000.0000000000,0.0000000000,0.0000000000,0.0000000000,0.0000000000,,,
2.0679999965,16,200919.3750000000,214670.3125000000,219719.3437500000,170187.4531250000,0.0000000000,0.0000000000,0.0000000000,0.0000000000,,,
2.0719999967,16,208408.8437500000,215081.9218750000,225000.0000000000,187805.5937500000,0.0000000000,0.0000000000,0.0000000000,0.0000000000,,,
2.0759999966,16,225000.0000000000,217054.6875000000,225000.0000000000,225000.0000000000,0.0000000000,0.0000000000,0.0000000000,0.0000000000,,,
2.0799999966,16,225000.0000000000,217926.7500000000,225000.0000000000,225000.0000000000,0.0000000000,0.0000000000,0.0000000000,0.0000000000,,,
2.0839999965,16,222961.3593750000,216454.1406250000,225000.0000000000,225000.0000000000,0.0000000000,0.0000000000,0.0000000000,0.0000000000,,,
2.0879999965,16,200216.3125000000,214718.2031250000,218952.5312500000,170011.4062500000,0.0000000000,0.0000000000,0.0000000000,0.0000000000,,,
2.0919999967,16,207631.2968750000,215107.3750000000,225000.0000000000,187087.3437500000,0.0000000000,0.0000000000,0.0000000000,0.0000000000,,,
2.0959999966,16,225000.0000000000,217073.5625000000,225000.0000000000,225000.0000000000,0.0000000000,0.0000000000,0.0000000000,0.0000000000,,,
2.0999999966,16,225000.0000000000,217962.9375000000,225000.0000000000,225000.0000000000,0.0000000000,0.0000000000,0.0000000000,0.0000000000,,,
2.1039999966,16,222761.4531250000,216509.5781250000,225000.0000000000,225000.0000000000,0.0000000000,0.0000000000,0.0000000000,0.0000000000,,,
2.1079999965,16,199487.6562500000,214745.2187500000,217968.3437500000,169703.0625000000,0.0000000000,0.0000000000,0.0000000000,0.0000000000,,,
2.1119999965,16,206819.5000000000,215095.5781250000,225000.0000000000,186264.6562500000,0.0000000000,0.0000000000,0.0000000000,0.0000000000,,,
2.1159999967,16,225000.0000000000,217048.6406250000,225000.0000000000,225000.0000000000,0.0000000000,0.0000000000,0.0000000000,0.0000000000,,,
2.1199999966,16,225000.0000000000,217943.0000000000,225000.0000000000,225000.0000000000,0.0000000000,0.0000000000,0.0000000000,0.0000000000,,,
2.1239999966,16,222619.9687500000,216489.4062500000,225000.0000000000,225000.0000000000,0.0000000000,0.0000000000,0.0000000000,0.0000000000,,,
2.1279999965,16,198855.7343750000,214722.0937500000,216937.3906250000,169458.6562500000,0.0000000000,0.0000000000,0.0000000000,0.0000000000,,,
2.1319999965,16,206110.5781250000,215069.0156250000,225000.0000000000,185536.6875000000,0.0000000000,0.0000000000,0.0000000000,0.0000000000,,,
2.1359999967,16,225000.0000000000,217012.2031250000,225000.0000000000,225000.0000000000,0.0000000000,0.0000000000,0.0000000000,0.0000000000,,,
2.1399999966,16,225000.0000000000,217914.5156250000,225000.0000000000,225000.0000000000,0.0000000000,0.0000000000,0.0000000000,0.0000000000,,,
2.1439999966,16,222603.2968750000,216492.4062500000,225000.0000000000,225000.0000000000,0.0000000000,0.0000000000,0.0000000000,0.0000000000,,,
2.1479999966,16,198458.4375000000,214738.8906250000,216192.9375000000,169383.4843750000,0.0000000000,0.0000000000,0.0000000000,0.0000000000,,,
2.1519999965,16,205616.8906250000,215075.5937500000,225000.0000000000,184954.3750000000,0.0000000000,0.0000000000,0.0000000000,0.0000000000,,,
2.1559999965,16,225000.0000000000,217006.6250000000,225000.0000000000,225000.0000000000,0.0000000000,0.0000000000,0.0000000000,0.0000000000,,,
2.1599999967,16,225000.0000000000,217914.9687500000,225000.0000000000,225000.0000000000,0.0000000000,0.0000000000,0.0000000000,0.0000000000,,,
2.1639999966,16,222793.6250000000,216505.5312500000,225000.0000000000,225000.0000000000,0.0000000000,0.0000000000,0.0000000000,0.0000000000,,,
2.1679999966,16,198422.6562500000,214742.5625000000,216034.2968750000,169539.2343750000,0.0000000000,0.0000000000,0.0000000000,0.0000000000,,,
2.1719999965,16,205474.1093750000,215038.5781250000,225000.0000000000,184633.3125000000,0.0000000000,0.0000000000,0.0000000000,0.0000000000,,,
2.1759999965,17,225000.0000000000,216938.0937500000,225000.0000000000,225000.0000000000,0.0000000000,0.0000000000,0.0000000000,0.0000000000,,,
2.1799999964,17,225000.0000000000,217841.7812500000,225000.0000000000,225000.0000000000,0.0000000000,0.0000000000,0.0000000000,0.0000000000,,,
2.1839999964,17,223202.9218750000,216442.6093750000,225000.0000000000,225000.0000000000,0.0000000000,0.0000000000,0.0000000000,0.0000000000,,,
2.1879999964,17,198819.8750000000,214678.2500000000,216629.6562500000,170016.5156250000,0.0000000000,0.0000000000,0.0000000000,0.0000000000,,,
2.1919999963,17,205721.1406250000,214972.5937500000,225000.0000000000,184565.7500000000,0.0000000000,0.0000000000,0.0000000000,0.0000000000,,,
2.1959999963,17,225000.0000000000,216886.2656250000,225000.0000000000,225000.0000000000,0.0000000000,0.0000000000,0.0000000000,0.0000000000,,,
2.1999999965,17,225000.0000000000,217825.3906250000,225000.0000000000,225000.0000000000,0.0000000000,0.0000000000,0.0000000000,0.0000000000,,,
2.2039999964,17,223870.8437500000,216450.1093750000,225000.0000000000,225000.0000000000,0.0000000000,0.0000000000,0.0000000000,0.0000000000,,,
2.2079999964,17,199694.0000000000,214677.4375000000,217880.2656250000,170817.2500000000,0.0000000000,0.0000000000,0.0000000000,0.0000000000,,,
2.2119999963,17,206365.4375000000,214956.6250000000,225000.0000000000,184778.3750000000,0.0000000000,0.0000000000,0.0000000000,0.0000000000,,,
2.2159999963,17,225000.0000000000,216870.7343750000,225000.0000000000,225000.0000000000,0.0000000000,0.0000000000,0.0000000000,0.0000000000,,,
2.2199999965,17,225000.0000000000,217826.6718750000,225000.0000000000,225000.0000000000,0.0000000000,0.0000000000,0.0000000000,0.0000000000,,,
2.2239999964,17,224676.9531250000,216457.6562500000,225000.0000000000,225000.0000000000,0.0000000000,0.0000000000,0.0000000000,0.0000000000,,,
2.2279999964,17,200860.6250000000,214674.1406250000,219863.3593750000,171887.9375000000,0.0000000000,0.0000000000,0.0000000000,0.0000000000,,,
2.2319999964,17,207272.2343750000,214959.3437500000,225000.0000000000,185219.1093750000,0.0000000000,0.0000000000,0.0000000000,0.0000000000,,,
2.2359999963,17,225000.0000000000,216896.7812500000,225000.0000000000,225000.0000000000,0.0000000000,0.0000000000,0.0000000000,0.0000000000,,,
2.2399999963,17,225000.0000000000,217864.3593750000,225000.0000000000,225000.0000000000,0.0000000000,0.0000000000,0.0000000000,0.0000000000,,,
2.2439999965,17,225000.0000000000,216491.3437500000,225000.0000000000,225000.0000000000,0.0000000000,0.0000000000,0.0000000000,0.0000000000,,,
2.2479999964,17,202109.7343750000,214687.0625000000,222109.7656250000,173057.1093750000,0.0000000000,0.0000000000,0.0000000000,0.0000000000,,,
2.2519999964,17,208211.8750000000,214959.1875000000,225000.0000000000,185773.6093750000,0.0000000000,0.0000000000,0.0000000000,0.0000000000,,,
2.2559999963,17,225000.0000000000,216903.0625000000,225000.0000000000,225000.0000000000,0.0000000000,0.0000000000,0.0000000000,0.0000000000,,,
2.2599999963,17,225000.0000000000,217885.8750000000,225000.0000000000,225000.0000000000,0.0000000000,0.0000000000,0.0000000000,0.0000000000,,,
2.2639999965,17,225000.0000000000,216507.7500000000,225000.0000000000,225000.0000000000,0.0000000000,0.0000000000,0.0000000000,0.0000000000,,,
2.2679999964,17,203217.7031250000,214684.5000000000,223990.5781250000,174133.5156250000,0.0000000000,0.0000000000,0.0000000000,0.0000000000,,,
2.2719999964,17,209019.0312500000,214943.1093750000,225000.0000000000,186247.6250000000,0.0000000000,0.0000000000,0.0000000000,0.0000000000,,,
2.2759999963,17,225000.0000000000,216893.0468750000,225000.0000000000,225000.0000000000,0.0000000000,0.0000000000,0.0000000000,0.0000000000,,,
2.2799999963,17,225000.0000000000,217890.7031250000,225000.0000000000,225000.0000000000,0.0000000000,0.0000000000,0.0000000000,0.0000000000,,,
2.2839999963,17,225000.0000000000,216506.9531250000,225000.0000000000,225000.0000000000,0.0000000000,0.0000000000,0.0000000000,0.0000000000,,,
2.2879999964,17,204364.0468750000,214675.1093750000,225000.0000000000,175252.8593750000,0.0000000000,0.0000000000,0.0000000000,0.0000000000,,,
2.2919999964,17,209924.8125000000,214921.7968750000,225000.0000000000,186713.8281250000,0.0000000000,0.0000000000,0.0000000000,0.0000000000,,,
2.2959999964,17,225000.0000000000,216868.9062500000,225000.0000000000,225000.0000000000,0.0000000000,0.0000000000,0.0000000000,0.0000000000,,,
2.2999999963,17,225000.0000000000,217881.4218750000,225000.0000000000,225000.0000000000,0.0000000000,0.0000000000,0.0000000000,0.0000000000,,,
2.3039999963,18,225000.0000000000,216504.2656250000,225000.0000000000,225000.0000000000,0.0000000000,0.0000000000,0.0000000000,0.0000000000,,,
2.3079999962,18,205368.2968750000,214657.8593750000,225000.0000000000,176124.0625000000,0.0000000000,0.0000000000,0.0000000000,0.0000000000,,,
2.3119999962,18,210634.8125000000,214904.2968750000,225000.0000000000,186958.5468750000,0.0000000000,0.0000000000,0.0000000000,0.0000000000,,,
2.3159999961,18,225000.0000000000,216876.9531250000,225000.0000000000,225000.0000000000,0.0000000000,0.0000000000,0.0000000000,0.0000000000,,,
2.3199999961,18,225000.0000000000,217914.0625000000,225000.0000000000,225000.0000000000,0.0000000000,0.0000000000,0.0000000000,0.0000000000,,,
2.3239999961,18,225000.0000000000,216533.6093750000,225000.0000000000,225000.0000000000,0.0000000000,0.0000000000,0.0000000000,0.0000000000,,,
2.3279999963,18,206346.1718750000,214646.5468750000,225000.0000000000,176830.1562500000,0.0000000000,0.0000000000,0.0000000000,0.0000000000,,,
2.3319999962,18,211322.4062500000,214879.6562500000,225000.0000000000,187081.7187500000,0.0000000000,0.0000000000,0.0000000000,0.0000000000,,,
2.3359999962,18,225000.0000000000,216889.6250000000,225000.0000000000,225000.0000000000,0.0000000000,0.0000000000,0.0000000000,0.0000000000,,,
2.3399999961,18,225000.0000000000,217954.2656250000,225000.0000000000,225000.0000000000,0.0000000000,0.0000000000,0.0000000000,0.0000000000,,,
2.3439999961,18,225000.0000000000,216568.9843750000,225000.0000000000,225000.0000000000,0.0000000000,0.0000000000,0.0000000000,0.0000000000,,,
2.3479999963,18,206814.8593750000,214673.6875000000,225000.0000000000,179054.1562500000,0.0000000000,0.0000000000,0.0000000000,0.0000000000,,,
2.3519999962,18,211437.3906250000,214904.4843750000,225000.0000000000,188977.3125000000,0.0000000000,0.0000000000,0.0000000000,0.0000000000,,,
2.3559999962,18,225000.0000000000,216918.9843750000,225000.0000000000,225000.0000000000,0.0000000000,0.0000000000,0.0000000000,0.0000000000,,,
2.3599999961,18,225000.0000000000,217999.1406250000,225000.0000000000,225000.0000000000,0.0000000000,0.0000000000,0.0000000000,0.0000000000,,,
2.3639999961,18,225000.0000000000,216608.9843750000,225000.0000000000,225000.0000000000,0.0000000000,0.0000000000,0.0000000000,0.0000000000,,,
2.3679999961,18,206887.0156250000,214682.4062500000,225000.0000000000,180623.8125000000,0.0000000000,0.0000000000,0.0000000000,0.0000000000,,,
2.3719999962,18,211250.3593750000,214890.0625000000,225000.0000000000,189739.3281250000,0.0000000000,0.0000000000,0.0000000000,0.0000000000,,,
2.3759999962,18,225000.0000000000,216926.3906250000,225000.0000000000,225000.0000000000,0.0000000000,0.0000000000,0.0000000000,0.0000000000,,,
2.3799999962,18,225000.0000000000,218031.3593750000,225000.0000000000,225000.0000000000,0.0000000000,0.0000000000,0.0000000000,0.0000000000,,,
2.3839999961,18,225000.0000000000,216641.0937500000,225000.0000000000,225000.0000000000,0.0000000000,0.0000000000,0.0000000000,0.0000000000,,,
2.3879999961,18,206860.5468750000,214691.2812500000,225000.0000000000,181366.0156250000,0.0000000000,0.0000000000,0.0000000000,0.0000000000,,,
2.3919999963,18,210950.1406250000,214879.9531250000,225000.0000000000,189788.4687500000,0.0000000000,0.0000000000,0.0000000000,0.0000000000,,,
2.3959999962,18,225000.0000000000,216902.3906250000,225000.0000000000,225000.0000000000,0.0000000000,0.0000000000,0.0000000000,0.0000000000,,,
2.3999999962,18,225000.0000000000,218017.9687500000,225000.0000000000,225000.0000000000,0.0000000000,0.0000000000,0.0000000000,0.0000000000,,,
2.4039999961,18,225000.0000000000,216641.8593750000,225000.0000000000,225000.0000000000,0.0000000000,0.0000000000,0.0000000000,0.0000000000,,,
2.4079999961,18,206714.7656250000,214702.0156250000,225000.0000000000,181780.4062500000,0.0000000000,0.0000000000,0.0000000000,0.0000000000,,,
2.4119999961,18,210535.5781250000,214873.5937500000,225000.0000000000,189524.0781250000,0.0000000000,0.0000000000,0.0000000000,0.0000000000,,,
2.4159999962,18,225000.0000000000,216878.6250000000,225000.0000000000,225000.0000000000,0.0000000000,0.0000000000,0.0000000000,0.0000000000,,,
2.4199999962,18,225000.0000000000,217996.0625000000,225000.0000000000,225000.0000000000,0.0000000000,0.0000000000,0.0000000000,0.0000000000,,,
2.4239999962,18,225000.0000000000,216614.1093750000,225000.0000000000,225000.0000000000,0.0000000000,0.0000000000,0.0000000000,0.0000000000,,,
2.4279999961,18,206415.2656250000,214641.6875000000,225000.0000000000,182033.8593750000,0.0000000000,0.0000000000,0.0000000000,0.0000000000,,,
2.4319999961,19,209952.1875000000,214785.9062500000,225000.0000000000,189376.4218750000,0.0000000000,0.0000000000,0.0000000000,0.0000000000,,,
2.4359999960,19,225000.0000000000,216790.2187500000,225000.0000000000,225000.0000000000,0.0000000000,0.0000000000,0.0000000000,0.0000000000,,,
2.4399999960,19,225000.0000000000,217916.9531250000,225000.0000000000,225000.0000000000,0.0000000000,0.0000000000,0.0000000000,0.0000000000,,,
2.4439999959,19,225000.0000000000,216565.1875000000,225000.0000000000,225000.0000000000,0.0000000000,0.0000000000,0.0000000000,0.0000000000,,,
2.4479999959,19,205908.5937500000,214636.3281250000,225000.0000000000,182851.0937500000,0.0000000000,0.0000000000,0.0000000000,0.0000000000,,,
2.4519999959,19,209453.4375000000,214820.5937500000,225000.0000000000,189928.1250000000,0.0000000000,0.0000000000,0.0000000000,0.0000000000,,,
2.4559999960,19,225000.0000000000,216839.0000000000,225000.0000000000,225000.0000000000,0.0000000000,0.0000000000,0.0000000000,0.0000000000,,,
2.4599999960,19,225000.0000000000,217969.4843750000,225000.0000000000,225000.0000000000,0.0000000000,0.0000000000,0.0000000000,0.0000000000,,,
2.4639999960,19,225000.0000000000,216607.7187500000,225000.0000000000,225000.0000000000,0.0000000000,0.0000000000,0.0000000000,0.0000000000,,,
2.4679999959,19,205585.8281250000,214651.0781250000,225000.0000000000,183626.9218750000,0.0000000000,0.0000000000,0.0000000000,0.0000000000,,,
2.4719999959,19,208966.7500000000,214811.0156250000,225000.0000000000,190321.7656250000,0.0000000000,0.0000000000,0.0000000000,0.0000000000,,,
2.4759999961,19,225000.0000000000,216830.5625000000,225000.0000000000,225000.0000000000,0.0000000000,0.0000000000,0.0000000000,0.0000000000,,,
2.4799999960,19,225000.0000000000,217969.6875000000,225000.0000000000,225000.0000000000,0.0000000000,0.0000000000,0.0000000000,0.0000000000,,,
2.4839999960,19,225000.0000000000,216611.6562500000,225000.0000000000,225000.0000000000,0.0000000000,0.0000000000,0.0000000000,0.0000000000,,,
2.4879999959,19,205446.5312500000,214636.5156250000,225000.0000000000,184361.5625000000,0.0000000000,0.0000000000,0.0000000000,0.0000000000,,,
2.4919999959,19,208759.1406250000,214789.0937500000,225000.0000000000,190275.1093750000,0.0000000000,0.0000000000,0.0000000000,0.0000000000,,,
2.4959999959,19,225000.0000000000,216804.5468750000,225000.0000000000,225000.0000000000,0.0000000000,0.0000000000,0.0000000000,0.0000000000,,,
2.4999999960,19,225000.0000000000,217941.4687500000,225000.0000000000,225000.0000000000,0.0000000000,0.0000000000,0.0000000000,0.0000000000,,,
2.5039999960,19,225000.0000000000,216590.6406250000,225000.0000000000,225000.0000000000,0.0000000000,0.0000000000,0.0000000000,0.0000000000,,,
2.5079999960,19,205583.5468750000,214629.1406250000,225000.0000000000,183730.7500000000,0.0000000000,0.0000000000,0.0000000000,0.0000000000,,,
2.5119999959,19,208748.4218750000,214761.0468750000,225000.0000000000,188881.1250000000,0.0000000000,0.0000000000,0.0000000000,0.0000000000,,,
2.5159999959,19,225000.0000000000,216761.8906250000,225000.0000000000,225000.0000000000,0.0000000000,0.0000000000,0.0000000000,0.0000000000,,,
2.5199999961,19,225000.0000000000,217925.7343750000,225000.0000000000,225000.0000000000,0.0000000000,0.0000000000,0.0000000000,0.0000000000,,,
2.5239999960,19,225000.0000000000,216629.1250000000,225000.0000000000,225000.0000000000,0.0000000000,0.0000000000,0.0000000000,0.0000000000,,,
2.5279999960,19,205843.9843750000,214700.7968750000,225000.0000000000,180391.7968750000,0.0000000000,0.0000000000,0.0000000000,0.0000000000,,,
2.5319999959,19,208955.3281250000,214806.3750000000,225000.0000000000,185233.8437500000,0.0000000000,0.0000000000,0.0000000000,0.0000000000,,,
2.5359999959,19,225000.0000000000,216752.0781250000,225000.0000000000,225000.0000000000,0.0000000000,0.0000000000,0.0000000000,0.0000000000,,,
2.5399999958,19,225000.0000000000,217902.9531250000,225000.0000000000,225000.0000000000,0.0000000000,0.0000000000,0.0000000000,0.0000000000,,,
2.5439999960,19,225000.0000000000,216652.8906250000,225000.0000000000,225000.0000000000,0.0000000000,0.0000000000,0.0000000000,0.0000000000,,,
2.5479999960,19,205894.2187500000,214768.7500000000,225000.0000000000,180833.1093750000,0.0000000000,0.0000000000,0.0000000000,0.0000000000,,,
2.5519999960,19,208692.5156250000,214869.1406250000,225000.0000000000,185238.7187500000,0.0000000000,0.0000000000,0.0000000000,0.0000000000,,,
2.5559999959,19,225000.0000000000,216772.1406250000,225000.0000000000,225000.0000000000,0.0000000000,0.0000000000,0.0000000000,0.0000000000,,,
2.5599999959,20,225000.0000000000,217903.8437500000,225000.0000000000,225000.0000000000,0.0000000000,0.0000000000,0.0000000000,0.0000000000,,,
2.5639999958,20,225000.0000000000,216674.5625000000,225000.0000000000,225000.0000000000,0.0000000000,0.0000000000,0.0000000000,0.0000000000,,,
2.5679999958,20,205432.7187500000,214794.6562500000,224931.4218750000,181132.1250000000,0.0000000000,0.0000000000,0.0000000000,0.0000000000,,,
2.5719999957,20,208044.5781250000,214850.3906250000,225000.0000000000,184977.5781250000,0.0000000000,0.0000000000,0.0000000000,0.0000000000,,,
2.5759999957,20,225000.0000000000,216697.5468750000,225000.0000000000,225000.0000000000,0.0000000000,0.0000000000,0.0000000000,0.0000000000,,,
2.5799999957,20,225000.0000000000,217810.0468750000,225000.0000000000,225000.0000000000,0.0000000000,0.0000000000,0.0000000000,0.0000000000,,,
2.5839999958,20,225000.0000000000,216588.6718750000,225000.0000000000,225000.0000000000,0.0000000000,0.0000000000,0.0000000000,0.0000000000,,,
2.5879999958,20,204738.5625000000,214707.1093750000,224148.8281250000,181292.6562500000,0.0000000000,0.0000000000,0.0000000000,0.0000000000,,,
2.5919999958,20,207162.8281250000,214749.2500000000,225000.0000000000,184553.3281250000,0.0000000000,0.0000000000,0.0000000000,0.0000000000,,,
2.5959999957,20,225000.0000000000,216593.4843750000,225000.0000000000,225000.0000000000,0.0000000000,0.0000000000,0.0000000000,0.0000000000,,,
2.5999999957,20,225000.0000000000,217730.8125000000,225000.0000000000,225000.0000000000,0.0000000000,0.0000000000,0.0000000000,0.0000000000,,,
2.6039999959,20,225000.0000000000,216557.5937500000,225000.0000000000,225000.0000000000,0.0000000000,0.0000000000,0.0000000000,0.0000000000,,,
2.6079999958,20,203971.0781250000,214711.6093750000,223299.7031250000,181339.4531250000,0.0000000000,0.0000000000,0.0000000000,0.0000000000,,,
2.6119999958,20,206205.5468750000,214754.0156250000,225000.0000000000,184017.3437500000,0.0000000000,0.0000000000,0.0000000000,0.0000000000,,,
2.6159999957,20,225000.0000000000,216588.9218750000,225000.0000000000,225000.0000000000,0.0000000000,0.0000000000,0.0000000000,0.0000000000,,,
2.6199999957,20,225000.0000000000,217741.7812500000,225000.0000000000,225000.0000000000,0.0000000000,0.0000000000,0.0000000000,0.0000000000,,,
2.6239999956,20,225000.0000000000,216596.6406250000,225000.0000000000,225000.0000000000,0.0000000000,0.0000000000,0.0000000000,0.0000000000,,,
2.6279999958,20,203138.6562500000,214753.4843750000,222430.9531250000,181200.7812500000,0.0000000000,0.0000000000,0.0000000000,0.0000000000,,,
2.6319999958,20,205179.3125000000,214771.6875000000,225000.0000000000,183330.9218750000,0.0000000000,0.0000000000,0.0000000000,0.0000000000,,,
2.6359999957,20,225000.0000000000,216575.1562500000,225000.0000000000,225000.0000000000,0.0000000000,0.0000000000,0.0000000000,0.0000000000,,,
2.6399999957,20,225000.0000000000,217715.2343750000,225000.0000000000,225000.0000000000,0.0000000000,0.0000000000,0.0000000000,0.0000000000,,,
2.6439999957,20,225000.0000000000,216581.7500000000,225000.0000000000,225000.0000000000,0.0000000000,0.0000000000,0.0000000000,0.0000000000,,,
2.6479999959,20,202255.1406250000,214743.7187500000,221423.8437500000,180967.4531250000,0.0000000000,0.0000000000,0.0000000000,0.0000000000,,,
2.6519999958,20,204085.5000000000,214735.3750000000,224666.7343750000,182488.1093750000,0.0000000000,0.0000000000,0.0000000000,0.0000000000,,,
2.6559999958,20,225000.0000000000,216510.7031250000,225000.0000000000,225000.0000000000,0.0000000000,0.0000000000,0.0000000000,0.0000000000,,,
2.6599999957,20,225000.0000000000,217659.9843750000,225000.0000000000,225000.0000000000,0.0000000000,0.0000000000,0.0000000000,0.0000000000,,,
2.6639999957,20,225000.0000000000,216563.6562500000,225000.0000000000,225000.0000000000,0.0000000000,0.0000000000,0.0000000000,0.0000000000,,,
2.6679999956,20,201446.5312500000,214745.3750000000,220293.2343750000,180770.2031250000,0.0000000000,0.0000000000,0.0000000000,0.0000000000,,,
2.6719999958,20,203134.0625000000,214729.6875000000,223366.9375000000,181776.7031250000,0.0000000000,0.0000000000,0.0000000000,0.0000000000,,,
2.6759999958,20,225000.0000000000,216497.9687500000,225000.0000000000,225000.0000000000,0.0000000000,0.0000000000,0.0000000000,0.0000000000,,,
2.6799999957,20,225000.0000000000,217660.8593750000,225000.0000000000,225000.0000000000,0.0000000000,0.0000000000,0.0000000000,0.0000000000,,,
2.6839999957,20,225000.0000000000,216594.2500000000,225000.0000000000,225000.0000000000,0.0000000000,0.0000000000,0.0000000000,0.0000000000,,,
2.6879999957,21,200864.9218750000,214786.9062500000,219251.2031250000,180966.5468750000,0.0000000000,0.0000000000,0.0000000000,0.0000000000,,,
2.6919999956,21,202402.5781250000,214758.3437500000,222176.4375000000,181513.0000000000,0.0000000000,0.0000000000,0.0000000000,0.0000000000,,,
2.6959999956,21,225000.0000000000,216510.7812500000,225000.0000000000,225000.0000000000,0.0000000000,0.0000000000,0.0000000000,0.0000000000,,,
2.6999999955,21,225000.0000000000,217682.9375000000,225000.0000000000,225000.0000000000,0.0000000000,0.0000000000,0.0000000000,0.0000000000,,,
2.7039999955,21,225000.0000000000,216636.0156250000,225000.0000000000,225000.0000000000,0.0000000000,0.0000000000,0.0000000000,0.0000000000,,,
2.7079999954,21,200547.6093750000,214824.1093750000,218745.4062500000,181597.7500000000,0.0000000000,0.0000000000,0.0000000000,0.0000000000,,,
2.7119999956,21,201870.2656250000,214772.9843750000,221531.5781250000,181550.4375000000,0.0000000000,0.0000000000,0.0000000000,0.0000000000,,,
2.7159999956,21,225000.0000000000,216509.5312500000,225000.0000000000,225000.0000000000,0.0000000000,0.0000000000,0.0000000000,0.0000000000,,,
2.7199999955,21,225000.0000000000,217688.8437500000,225000.0000000000,225000.0000000000,0.0000000000,0.0000000000,0.0000000000,0.0000000000,,,
2.7239999955,21,225000.0000000000,216655.2812500000,225000.0000000000,225000.0000000000,0.0000000000,0.0000000000,0.0000000000,0.0000000000,,,
2.7279999955,21,200392.8593750000,214846.6875000000,218865.9062500000,182053.5468750000,0.0000000000,0.0000000000,0.0000000000,0.0000000000,,,
2.7319999957,21,201483.5781250000,214780.1406250000,221439.9843750000,181395.2968750000,0.0000000000,0.0000000000,0.0000000000,0.0000000000,,,
2.7359999956,21,225000.0000000000,216510.5781250000,225000.0000000000,225000.0000000000,0.0000000000,0.0000000000,0.0000000000,0.0000000000,,,
2.7399999956,21,225000.0000000000,217704.0937500000,225000.0000000000,225000.0000000000,0.0000000000,0.0000000000,0.0000000000,0.0000000000,,,
2.7439999955,21,225000.0000000000,216696.9531250000,225000.0000000000,225000.0000000000,0.0000000000,0.0000000000,0.0000000000,0.0000000000,,,
2.7479999955,21,200509.9843750000,214897.0000000000,219199.7031250000,182341.8750000000,0.0000000000,0.0000000000,0.0000000000,0.0000000000,,,
2.7519999954,21,201422.7968750000,214822.0312500000,221569.4062500000,181130.0312500000,0.0000000000,0.0000000000,0.0000000000,0.0000000000,,,
2.7559999956,21,225000.0000000000,216546.7812500000,225000.0000000000,225000.0000000000,0.0000000000,0.0000000000,0.0000000000,0.0000000000,,,
2.7599999956,21,225000.0000000000,217748.3281250000,225000.0000000000,225000.0000000000,0.0000000000,0.0000000000,0.0000000000,0.0000000000,,,
2.7639999955,21,225000.0000000000,216750.5468750000,225000.0000000000,225000.0000000000,0.0000000000,0.0000000000,0.0000000000,0.0000000000,,,
2.7679999955,21,201051.0156250000,214942.4687500000,219773.7968750000,182692.5000000000,0.0000000000,0.0000000000,0.0000000000,0.0000000000,,,
2.7719999955,21,201822.6875000000,214853.5781250000,221939.2500000000,180944.2812500000,0.0000000000,0.0000000000,0.0000000000,0.0000000000,,,
2.7759999956,21,225000.0000000000,216611.4218750000,225000.0000000000,225000.0000000000,0.0000000000,0.0000000000,0.0000000000,0.0000000000,,,
2.7799999956,21,225000.0000000000,217868.5156250000,225000.0000000000,225000.0000000000,0.0000000000,0.0000000000,0.0000000000,0.0000000000,,,
2.7839999956,21,225000.0000000000,216861.5937500000,225000.0000000000,225000.0000000000,0.0000000000,0.0000000000,0.0000000000,0.0000000000,,,
2.7879999955,21,202278.4687500000,214995.8750000000,220961.3750000000,183893.0312500000,0.0000000000,0.0000000000,0.0000000000,0.0000000000,,,
2.7919999955,21,202933.5781250000,214863.3437500000,222978.1875000000,181745.0000000000,0.0000000000,0.0000000000,0.0000000000,0.0000000000,,,
2.7959999954,21,225000.0000000000,216596.4218750000,225000.0000000000,225000.0000000000,0.0000000000,0.0000000000,0.0000000000,0.0000000000,,,
2.7999999956,21,225000.0000000000,217826.0000000000,225000.0000000000,225000.0000000000,0.0000000000,0.0000000000,0.0000000000,0.0000000000,,,
2.8039999956,21,225000.0000000000,216809.0000000000,225000.0000000000,225000.0000000000,0.0000000000,0.0000000000,0.0000000000,0.0000000000,,,
2.8079999955,21,203335.3125000000,214918.5781250000,222474.3281250000,184396.9375000000,0.0000000000,0.0000000000,0.0000000000,0.0000000000,,,
2.8119999955,21,203726.2187500000,214767.0781250000,224288.6093750000,181461.6875000000,0.0000000000,0.0000000000,0.0000000000,0.0000000000,,,
2.8159999955,22,225000.0000000000,216526.2656250000,225000.0000000000,225000.0000000000,0.0000000000,0.0000000000,0.0000000000,0.0000000000,,,
2.8199999954,22,225000.0000000000,217791.8593750000,225000.0000000000,225000.0000000000,0.0000000000,0.0000000000,0.0000000000,0.0000000000,,,
2.8239999954,22,225000.0000000000,216785.4218750000,225000.0000000000,225000.0000000000,0.0000000000,0.0000000000,0.0000000000,0.0000000000,,,
2.8279999953,22,204410.3437500000,214894.2187500000,224445.6250000000,184929.2656250000,0.0000000000,0.0000000000,0.0000000000,0.0000000000,,,
2.8319999953,22,204603.2968750000,214754.2812500000,225000.0000000000,181437.2031250000,0.0000000000,0.0000000000,0.0000000000,0.0000000000,,,
2.8359999952,22,225000.0000000000,216545.5781250000,225000.0000000000,225000.0000000000,0.0000000000,0.0000000000,0.0000000000,0.0000000000,,,
2.8399999954,22,225000.0000000000,217854.5156250000,225000.0000000000,225000.0000000000,0.0000000000,0.0000000000,0.0000000000,0.0000000000,,,
2.8439999954,22,225000.0000000000,216859.2812500000,225000.0000000000,225000.0000000000,0.0000000000,0.0000000000,0.0000000000,0.0000000000,,,
2.8479999953,22,205472.6093750000,214957.4375000000,225000.0000000000,185731.9531250000,0.0000000000,0.0000000000,0.0000000000,0.0000000000,,,
2.8519999953,22,205522.5468750000,214813.7031250000,225000.0000000000,181799.7187500000,0.0000000000,0.0000000000,0.0000000000,0.0000000000,,,
2.8559999953,22,225000.0000000000,216608.4687500000,225000.0000000000,225000.0000000000,0.0000000000,0.0000000000,0.0000000000,0.0000000000,,,
2.8599999954,22,225000.0000000000,217928.8750000000,225000.0000000000,225000.0000000000,0.0000000000,0.0000000000,0.0000000000,0.0000000000,,,
2.8639999954,22,225000.0000000000,216935.1093750000,225000.0000000000,225000.0000000000,0.0000000000,0.0000000000,0.0000000000,0.0000000000,,,
2.8679999954,22,206600.6406250000,215012.4218750000,225000.0000000000,186831.0156250000,0.0000000000,0.0000000000,0.0000000000,0.0000000000,,,
2.8719999953,22,206472.9687500000,214854.9218750000,225000.0000000000,182407.2500000000,0.0000000000,0.0000000000,0.0000000000,0.0000000000,,,
2.8759999953,22,225000.0000000000,216666.6718750000,225000.0000000000,225000.0000000000,0.0000000000,0.0000000000,0.0000000000,0.0000000000,,,
2.8799999952,22,225000.0000000000,217999.7656250000,225000.0000000000,225000.0000000000,0.0000000000,0.0000000000,0.0000000000,0.0000000000,,,
2.8839999954,22,225000.0000000000,217005.1718750000,225000.0000000000,225000.0000000000,0.0000000000,0.0000000000,0.0000000000,0.0000000000,,,
2.8879999954,22,207654.0781250000,215054.4531250000,225000.0000000000,187901.8593750000,0.0000000000,0.0000000000,0.0000000000,0.0000000000,,,
2.8919999953,22,207315.5781250000,214885.2812500000,225000.0000000000,182923.5468750000,0.0000000000,0.0000000000,0.0000000000,0.0000000000,,,
2.8959999953,22,225000.0000000000,216724.1562500000,225000.0000000000,225000.0000000000,0.0000000000,0.0000000000,0.0000000000,0.0000000000,,,
2.8999999953,22,225000.0000000000,218100.1250000000,225000.0000000000,225000.0000000000,0.0000000000,0.0000000000,0.0000000000,0.0000000000,,,
2.9039999954,22,225000.0000000000,217108.2812500000,225000.0000000000,225000.0000000000,0.0000000000,0.0000000000,0.0000000000,0.0000000000,,,
2.9079999954,22,208461.3906250000,215131.1406250000,225000.0000000000,188683.7500000000,0.0000000000,0.0000000000,0.0000000000,0.0000000000,,,
2.9119999954,22,207904.5468750000,214951.0312500000,225000.0000000000,183169.7656250000,0.0000000000,0.0000000000,0.0000000000,0.0000000000,,,
2.9159999953,22,225000.0000000000,216798.1093750000,225000.0000000000,225000.0000000000,0.0000000000,0.0000000000,0.0000000000,0.0000000000,,,
2.9199999953,22,225000.0000000000,218193.6562500000,225000.0000000000,225000.0000000000,0.0000000000,0.0000000000,0.0000000000,0.0000000000,,,
2.9239999952,22,225000.0000000000,217208.0312500000,225000.0000000000,225000.0000000000,0.0000000000,0.0000000000,0.0000000000,0.0000000000,,,
2.9279999954,22,209007.2187500000,215202.0781250000,225000.0000000000,189678.7343750000,0.0000000000,0.0000000000,0.0000000000,0.0000000000,,,
2.9319999954,22,208254.9375000000,214987.7656250000,225000.0000000000,184031.8906250000,0.0000000000,0.0000000000,0.0000000000,0.0000000000,,,
2.9359999953,22,225000.0000000000,216842.0625000000,225000.0000000000,225000.0000000000,0.0000000000,0.0000000000,0.0000000000,0.0000000000,,,
2.9399999953,22,225000.0000000000,218260.8125000000,225000.0000000000,225000.0000000000,0.0000000000,0.0000000000,0.0000000000,0.0000000000,,,
2.9439999952,23,225000.0000000000,217268.0000000000,225000.0000000000,225000.0000000000,0.0000000000,0.0000000000,0.0000000000,0.0000000000,,,
2.9479999952,23,209313.6875000000,215233.0937500000,225000.0000000000,191349.4375000000,0.0000000000,0.0000000000,0.0000000000,0.0000000000,,,
2.9519999952,23,208309.7343750000,214990.3437500000,225000.0000000000,185277.2656250000,0.0000000000,0.0000000000,0.0000000000,0.0000000000,,,
2.9559999951,23,225000.0000000000,216841.5781250000,225000.0000000000,225000.0000000000,0.0000000000,0.0000000000,0.0000000000,0.0000000000,,,
2.9599999951,23,225000.0000000000,218274.0625000000,225000.0000000000,225000.0000000000,0.0000000000,0.0000000000,0.0000000000,0.0000000000,,,
2.9639999950,23,225000.0000000000,217287.5468750000,225000.0000000000,225000.0000000000,0.0000000000,0.0000000000,0.0000000000,0.0000000000,,,
2.9679999952,23,209280.7500000000,215241.2968750000,225000.0000000000,191913.0156250000,0.0000000000,0.0000000000,0.0000000000,0.0000000000,,,
2.9719999952,23,208065.9062500000,214981.7656250000,225000.0000000000,185334.2031250000,0.0000000000,0.0000000000,0.0000000000,0.0000000000,,,
2.9759999951,23,225000.0000000000,216791.0468750000,225000.0000000000,225000.0000000000,0.0000000000,0.0000000000,0.0000000000,0.0000000000,,,
2.9799999951,23,225000.0000000000,218178.5312500000,225000.0000000000,225000.0000000000,0.0000000000,0.0000000000,0.0000000000,0.0000000000,,,
2.9839999950,23,225000.0000000000,217179.1093750000,225000.0000000000,225000.0000000000,0.0000000000,0.0000000000,0.0000000000,0.0000000000,,,
2.9879999952,23,208961.2500000000,215147.2031250000,225000.0000000000,191592.4687500000,0.0000000000,0.0000000000,0.0000000000,0.0000000000,,,
2.9919999952,23,207709.4687500000,214894.6718750000,225000.0000000000,184821.1718750000,0.0000000000,0.0000000000,0.0000000000,0.0000000000,,,
2.9959999952,23,225000.0000000000,216707.7343750000,225000.0000000000,225000.0000000000,0.0000000000,0.0000000000,0.0000000000,0.0000000000,,,
2.9999999951,23,225000.0000000000,218108.3906250000,225000.0000000000,225000.0000000000,0.0000000000,0.0000000000,0.0000000000,0.0000000000,,,
3.0039999951,23,225000.0000000000,217121.1250000000,225000.0000000000,225000.0000000000,0.0000000000,0.0000000000,0.0000000000,0.0000000000,,,
3.0079999950,23,208773.7968750000,215089.0781250000,225000.0000000000,191686.3125000000,0.0000000000,0.0000000000,0.0000000000,0.0000000000,,,
3.0119999952,23,207333.3906250000,214827.3750000000,225000.0000000000,184553.4687500000,0.0000000000,0.0000000000,0.0000000000,0.0000000000,,,
3.0159999952,23,225000.0000000000,216636.5312500000,225000.0000000000,225000.0000000000,0.0000000000,0.0000000000,0.0000000000,0.0000000000,,,
3.0199999951,23,225000.0000000000,218045.5468750000,225000.0000000000,225000.0000000000,0.0000000000,0.0000000000,0.0000000000,0.0000000000,,,
3.0239999951,23,225000.0000000000,217068.8125000000,225000.0000000000,225000.0000000000,0.0000000000,0.0000000000,0.0000000000,0.0000000000,,,
3.0279999950,23,208334.7343750000,215033.5000000000,225000.0000000000,192213.4062500000,0.0000000000,0.0000000000,0.0000000000,0.0000000000,,,
3.0319999952,23,206728.5312500000,214757.0156250000,225000.0000000000,184680.2031250000,0.0000000000,0.0000000000,0.0000000000,0.0000000000,,,
3.0359999952,23,225000.0000000000,216567.5156250000,225000.0000000000,225000.0000000000,0.0000000000,0.0000000000,0.0000000000,0.0000000000,,,
3.0399999951,23,225000.0000000000,217993.8906250000,225000.0000000000,225000.0000000000,0.0000000000,0.0000000000,0.0000000000,0.0000000000,,,
3.0439999951,23,225000.0000000000,217029.2031250000,225000.0000000000,225000.0000000000,0.0000000000,0.0000000000,0.0000000000,0.0000000000,,,
3.0479999951,23,207987.7656250000,214987.3437500000,225000.0000000000,192989.2812500000,0.0000000000,0.0000000000,0.0000000000,0.0000000000,,,
3.0519999950,23,206238.5468750000,214702.3593750000,225000.0000000000,185056.9218750000,0.0000000000,0.0000000000,0.0000000000,0.0000000000,,,
3.0559999952,23,225000.0000000000,216515.6875000000,225000.0000000000,225000.0000000000,0.0000000000,0.0000000000,0.0000000000,0.0000000000,,,
3.0599999952,23,225000.0000000000,217959.5781250000,225000.0000000000,225000.0000000000,0.0000000000,0.0000000000,0.0000000000,0.0000000000,,,
3.0639999951,23,225000.0000000000,217018.8437500000,225000.0000000000,225000.0000000000,0.0000000000,0.0000000000,0.0000000000,0.0000000000,,,
3.0679999951,23,207782.0781250000,214988.0156250000,225000.0000000000,194107.1718750000,0.0000000000,0.0000000000,0.0000000000,0.0000000000,,,
3.0719999950,24,205903.8750000000,214692.5625000000,225000.0000000000,185810.2656250000,0.0000000000,0.0000000000,0.0000000000,0.0000000000,,,
3.0759999950,24,225000.0000000000,216496.6250000000,225000.0000000000,225000.0000000000,0.0000000000,0.0000000000,0.0000000000,0.0000000000,,,
3.0799999950,24,225000.0000000000,217955.0937500000,225000.0000000000,225000.0000000000,0.0000000000,0.0000000000,0.0000000000,0.0000000000,,,
3.0839999949,24,225000.0000000000,217037.4375000000,225000.0000000000,225000.0000000000,0.0000000000,0.0000000000,0.0000000000,0.0000000000,,,
3.0879999949,24,207729.4218750000,215007.0000000000,225000.0000000000,195583.5156250000,0.0000000000,0.0000000000,0.0000000000,0.0000000000,,,
3.0919999948,24,205705.2031250000,214699.2968750000,225000.0000000000,186908.3906250000,0.0000000000,0.0000000000,0.0000000000,0.0000000000,,,
3.0959999950,24,225000.0000000000,216494.6093750000,225000.0000000000,225000.0000000000,0.0000000000,0.0000000000,0.0000000000,0.0000000000,,,
3.0999999950,24,225000.0000000000,217951.2656250000,225000.0000000000,225000.0000000000,0.0000000000,0.0000000000,0.0000000000,0.0000000000,,,
3.1039999949,24,225000.0000000000,217036.8437500000,225000.0000000000,225000.0000000000,0.0000000000,0.0000000000,0.0000000000,0.0000000000,,,
3.1079999949,24,207738.0000000000,215007.9375000000,225000.0000000000,196884.3125000000,0.0000000000,0.0000000000,0.0000000000,0.0000000000,,,
3.1119999948,24,205592.9375000000,214690.7187500000,225000.0000000000,187795.9375000000,0.0000000000,0.0000000000,0.0000000000,0.0000000000,,,
3.1159999950,24,225000.0000000000,216473.8281250000,225000.0000000000,225000.0000000000,0.0000000000,0.0000000000,0.0000000000,0.0000000000,,,
3.1199999950,24,225000.0000000000,217935.4687500000,225000.0000000000,225000.0000000000,0.0000000000,0.0000000000,0.0000000000,0.0000000000,,,
3.1239999949,24,225000.0000000000,217037.5781250000,225000.0000000000,225000.0000000000,0.0000000000,0.0000000000,0.0000000000,0.0000000000,,,
3.1279999949,24,207889.8750000000,215015.6406250000,225000.0000000000,197779.0468750000,0.0000000000,0.0000000000,0.0000000000,0.0000000000,,,
3.1319999949,24,205593.0937500000,214687.6875000000,225000.0000000000,188159.3750000000,0.0000000000,0.0000000000,0.0000000000,0.0000000000,,,
3.1359999948,24,225000.0000000000,216467.9531250000,225000.0000000000,225000.0000000000,0.0000000000,0.0000000000,0.0000000000,0.0000000000,,,
3.1399999950,24,225000.0000000000,217943.5468750000,225000.0000000000,225000.0000000000,0.0000000000,0.0000000000,0.0000000000,0.0000000000,,,
3.1439999950,24,225000.0000000000,217064.4218750000,225000.0000000000,225000.0000000000,0.0000000000,0.0000000000,0.0000000000,0.0000000000,,,
3.1479999949,24,208069.1406250000,215049.9218750000,225000.0000000000,198158.2812500000,0.0000000000,0.0000000000,0.0000000000,0.0000000000,,,
3.1519999949,24,205627.4062500000,214713.8906250000,225000.0000000000,188037.0625000000,0.0000000000,0.0000000000,0.0000000000,0.0000000000,,,
3.1559999948,24,225000.0000000000,216478.1718750000,225000.0000000000,225000.0000000000,0.0000000000,0.0000000000,0.0000000000,0.0000000000,,,
3.1599999950,24,225000.0000000000,217950.6562500000,225000.0000000000,225000.0000000000,0.0000000000,0.0000000000,0.0000000000,0.0000000000,,,
3.1639999950,24,225000.0000000000,217090.0937500000,225000.0000000000,225000.0000000000,0.0000000000,0.0000000000,0.0000000000,0.0000000000,,,
3.1679999949,24,208300.4062500000,215087.2031250000,225000.0000000000,198122.0937500000,0.0000000000,0.0000000000,0.0000000000,0.0000000000,,,
3.1719999949,24,205692.8906250000,214738.7343750000,225000.0000000000,187462.4062500000,0.0000000000,0.0000000000,0.0000000000,0.0000000000,,,
3.1759999949,24,225000.0000000000,216482.7031250000,225000.0000000000,225000.0000000000,0.0000000000,0.0000000000,0.0000000000,0.0000000000,,,
3.1799999948,24,225000.0000000000,217955.0781250000,225000.0000000000,225000.0000000000,0.0000000000,0.0000000000,0.0000000000,0.0000000000,,,
3.1839999950,24,225000.0000000000,217115.3281250000,225000.0000000000,225000.0000000000,0.0000000000,0.0000000000,0.0000000000,0.0000000000,,,
3.1879999950,24,208542.4531250000,215124.0312500000,225000.0000000000,197687.7968750000,0.0000000000,0.0000000000,0.0000000000,0.0000000000,,,
3.1919999949,24,205781.8593750000,214763.1718750000,225000.0000000000,186471.4375000000,0.0000000000,0.0000000000,0.0000000000,0.0000000000,,,
3.1959999949,24,225000.0000000000,216491.9218750000,225000.0000000000,225000.0000000000,0.0000000000,0.0000000000,0.0000000000,0.0000000000,,,
3.1999999948,25,225000.0000000000,217971.1093750000,225000.0000000000,225000.0000000000,0.0000000000,0.0000000000,0.0000000000,0.0000000000,,,
3.2039999948,25,225000.0000000000,217156.7187500000,225000.0000000000,225000.0000000000,0.0000000000,0.0000000000,0.0000000000,0.0000000000,,,
3.2079999947,25,208815.8750000000,215180.0625000000,225000.0000000000,197087.2500000000,0.0000000000,0.0000000000,0.0000000000,0.0000000000,,,
3.2119999947,25,205854.4218750000,214808.7343750000,225000.0000000000,185308.7031250000,0.0000000000,0.0000000000,0.0000000000,0.0000000000,,,
3.2159999947,25,225000.0000000000,216524.1093750000,225000.0000000000,225000.0000000000,0.0000000000,0.0000000000,0.0000000000,0.0000000000,,,
3.2199999946,25,225000.0000000000,218007.5156250000,225000.0000000000,225000.0000000000,0.0000000000,0.0000000000,0.0000000000,0.0000000000,,,
3.2239999948,25,225000.0000000000,217210.6562500000,225000.0000000000,225000.0000000000,0.0000000000,0.0000000000,0.0000000000,0.0000000000,,,
3.2279999948,25,209013.9531250000,215238.0468750000,225000.0000000000,196498.0156250000,0.0000000000,0.0000000000,0.0000000000,0.0000000000,,,
3.2319999947,25,205821.4218750000,214848.0000000000,225000.0000000000,184148.3437500000,0.0000000000,0.0000000000,0.0000000000,0.0000000000,,,
3.2359999947,25,225000.0000000000,216532.2500000000,225000.0000000000,225000.0000000000,0.0000000000,0.0000000000,0.0000000000,0.0000000000,,,
3.2399999946,25,225000.0000000000,217997.1562500000,225000.0000000000,225000.0000000000,0.0000000000,0.0000000000,0.0000000000,0.0000000000,,,
3.2439999948,25,225000.0000000000,217199.1406250000,225000.0000000000,225000.0000000000,0.0000000000,0.0000000000,0.0000000000,0.0000000000,,,
3.2479999948,25,209059.9218750000,215221.2656250000,225000.0000000000,195947.3593750000,0.0000000000,0.0000000000,0.0000000000,0.0000000000,,,
3.2519999947,25,205679.2968750000,214808.0625000000,225000.0000000000,183067.5781250000,0.0000000000,0.0000000000,0.0000000000,0.0000000000,,,
3.2559999947,25,225000.0000000000,216472.6093750000,225000.0000000000,225000.0000000000,0.0000000000,0.0000000000,0.0000000000,0.0000000000,,,
3.2599999947,25,225000.0000000000,217938.6250000000,225000.0000000000,225000.0000000000,0.0000000000,0.0000000000,0.0000000000,0.0000000000,,,
3.2639999946,25,225000.0000000000,217155.0312500000,225000.0000000000,225000.0000000000,0.0000000000,0.0000000000,0.0000000000,0.0000000000,,,
3.2679999948,25,209120.9218750000,215176.0937500000,225000.0000000000,195517.2656250000,0.0000000000,0.0000000000,0.0000000000,0.0000000000,,,
3.2719999948,25,205532.1875000000,214747.6875000000,225000.0000000000,182081.4375000000,0.0000000000,0.0000000000,0.0000000000,0.0000000000,,,
3.2759999947,25,225000.0000000000,216403.6093750000,225000.0000000000,225000.0000000000,0.0000000000,0.0000000000,0.0000000000,0.0000000000,,,
3.2799999947,25,225000.0000000000,217884.6093750000,225000.0000000000,225000.0000000000,0.0000000000,0.0000000000,0.0000000000,0.0000000000,,,
3.2839999946,25,225000.0000000000,217136.6718750000,225000.0000000000,225000.0000000000,0.0000000000,0.0000000000,0.0000000000,0.0000000000,,,
3.2879999948,25,209298.1875000000,215185.1875000000,225000.0000000000,195257.8125000000,0.0000000000,0.0000000000,0.0000000000,0.0000000000,,,
3.2919999948,25,205540.1250000000,214766.4687500000,225000.0000000000,181340.2656250000,0.0000000000,0.0000000000,0.0000000000,0.0000000000,,,
3.2959999947,25,225000.0000000000,216434.0468750000,225000.0000000000,225000.0000000000,0.0000000000,0.0000000000,0.0000000000,0.0000000000,,,
3.2999999947,25,225000.0000000000,217942.0156250000,225000.0000000000,225000.0000000000,0.0000000000,0.0000000000,0.0000000000,0.0000000000,,,
3.3039999946,25,225000.0000000000,217217.3125000000,225000.0000000000,225000.0000000000,0.0000000000,0.0000000000,0.0000000000,0.0000000000,,,
3.3079999946,25,209441.0468750000,215263.5625000000,225000.0000000000,195216.1406250000,0.0000000000,0.0000000000,0.0000000000,0.0000000000,,,
3.3119999948,25,205480.5156250000,214825.1250000000,225000.0000000000,180801.3750000000,0.0000000000,0.0000000000,0.0000000000,0.0000000000,,,
3.3159999948,25,225000.0000000000,216474.7031250000,225000.0000000000,225000.0000000000,0.0000000000,0.0000000000,0.0000000000,0.0000000000,,,
3.3199999947,25,225000.0000000000,217973.9843750000,225000.0000000000,225000.0000000000,0.0000000000,0.0000000000,0.0000000000,0.0000000000,,,
3.3239999947,25,225000.0000000000,217238.8125000000,225000.0000000000,225000.0000000000,0.0000000000,0.0000000000,0.0000000000,0.0000000000,,,
3.3279999946,26,209531.1406250000,215261.1406250000,225000.0000000000,195266.7500000000,0.0000000000,0.0000000000,0.0000000000,0.0000000000,,,
3.3319999946,26,205374.8437500000,214791.3593750000,225000.0000000000,180366.7812500000,0.0000000000,0.0000000000,0.0000000000,0.0000000000,,,
3.3359999945,26,225000.0000000000,216428.3125000000,225000.0000000000,225000.0000000000,0.0000000000,0.0000000000,0.0000000000,0.0000000000,,,
3.3399999945,26,225000.0000000000,217940.6093750000,225000.0000000000,225000.0000000000,0.0000000000,0.0000000000,0.0000000000,0.0000000000,,,
3.3439999945,26,225000.0000000000,217222.4062500000,225000.0000000000,225000.0000000000,0.0000000000,0.0000000000,0.0000000000,0.0000000000,,,
3.3479999944,26,209606.8593750000,215249.6093750000,225000.0000000000,195384.2500000000,0.0000000000,0.0000000000,0.0000000000,0.0000000000,,,
3.3519999946,26,205298.5937500000,214783.2812500000,225000.0000000000,180066.9843750000,0.0000000000,0.0000000000,0.0000000000,0.0000000000,,,
3.3559999946,26,225000.0000000000,216429.9218750000,225000.0000000000,225000.0000000000,0.0000000000,0.0000000000,0.0000000000,0.0000000000,,,
3.3599999945,26,225000.0000000000,217951.5625000000,225000.0000000000,225000.0000000000,0.0000000000,0.0000000000,0.0000000000,0.0000000000,,,
3.3639999945,26,225000.0000000000,217247.6406250000,225000.0000000000,225000.0000000000,0.0000000000,0.0000000000,0.0000000000,0.0000000000,,,
3.3679999944,26,209734.4531250000,215275.7812500000,225000.0000000000,195538.9843750000,0.0000000000,0.0000000000,0.0000000000,0.0000000000,,,
3.3719999946,26,205266.4843750000,214792.7187500000,225000.0000000000,179787.5625000000,0.0000000000,0.0000000000,0.0000000000,0.0000000000,,,
3.3759999946,26,225000.0000000000,216423.3437500000,225000.0000000000,225000.0000000000,0.0000000000,0.0000000000,0.0000000000,0.0000000000,,,
3.3799999945,26,225000.0000000000,217944.2343750000,225000.0000000000,225000.0000000000,0.0000000000,0.0000000000,0.0000000000,0.0000000000,,,
3.3839999945,26,225000.0000000000,217243.9062500000,225000.0000000000,225000.0000000000,0.0000000000,0.0000000000,0.0000000000,0.0000000000,,,
3.3879999944,26,209858.3125000000,215257.9218750000,225000.0000000000,195706.0937500000,0.0000000000,0.0000000000,0.0000000000,0.0000000000,,,
3.3919999944,26,205212.4843750000,214750.3750000000,225000.0000000000,179517.1875000000,0.0000000000,0.0000000000,0.0000000000,0.0000000000,,,
3.3959999946,26,225000.0000000000,216367.4687500000,225000.0000000000,225000.0000000000,0.0000000000,0.0000000000,0.0000000000,0.0000000000,,,
3.3999999946,26,225000.0000000000,217891.5312500000,225000.0000000000,225000.0000000000,0.0000000000,0.0000000000,0.0000000000,0.0000000000,,,
3.4039999945,26,225000.0000000000,217195.3906250000,225000.0000000000,225000.0000000000,0.0000000000,0.0000000000,0.0000000000,0.0000000000,,,
3.4079999945,26,209961.0781250000,215209.5937500000,225000.0000000000,195864.8281250000,0.0000000000,0.0000000000,0.0000000000,0.0000000000,,,
3.4119999944,26,205134.0625000000,214693.9375000000,225000.0000000000,179186.0468750000,0.0000000000,0.0000000000,0.0000000000,0.0000000000,,,
3.4159999946,26,225000.0000000000,216311.9531250000,225000.0000000000,225000.0000000000,0.0000000000,0.0000000000,0.0000000000,0.0000000000,,,
3.4199999946,26,225000.0000000000,217853.7968750000,225000.0000000000,225000.0000000000,0.0000000000,0.0000000000,0.0000000000,0.0000000000,,,
3.4239999945,26,225000.0000000000,217187.2343750000,225000.0000000000,225000.0000000000,0.0000000000,0.0000000000,0.0000000000,0.0000000000,,,
3.4279999945,26,210055.9062500000,215220.7187500000,225000.0000000000,195941.5937500000,0.0000000000,0.0000000000,0.0000000000,0.0000000000,,,
3.4319999944,26,205045.8750000000,214710.2968750000,225000.0000000000,178783.9531250000,0.0000000000,0.0000000000,0.0000000000,0.0000000000,,,
3.4359999944,26,225000.0000000000,216332.4218750000,225000.0000000000,225000.0000000000,0.0000000000,0.0000000000,0.0000000000,0.0000000000,,,
3.4399999946,26,225000.0000000000,217895.9375000000,225000.0000000000,225000.0000000000,0.0000000000,0.0000000000,0.0000000000,0.0000000000,,,
3.4439999945,26,225000.0000000000,217252.0625000000,225000.0000000000,225000.0000000000,0.0000000000,0.0000000000,0.0000000000,0.0000000000,,,
3.4479999945,26,210137.5000000000,215284.1250000000,225000.0000000000,196005.3281250000,0.0000000000,0.0000000000,0.0000000000,0.0000000000,,,
3.4519999945,26,204948.0468750000,214754.1562500000,225000.0000000000,178366.5000000000,0.0000000000,0.0000000000,0.0000000000,0.0000000000,,,
3.4559999944,27,225000.0000000000,216363.5781250000,225000.0000000000,225000.0000000000,0.0000000000,0.0000000000,0.0000000000,0.0000000000,,,
3.4599999944,27,225000.0000000000,217924.5781250000,225000.0000000000,225000.0000000000,0.0000000000,0.0000000000,0.0000000000,0.0000000000,,,
3.4639999943,27,225000.0000000000,217288.7031250000,225000.0000000000,225000.0000000000,0.0000000000,0.0000000000,0.0000000000,0.0000000000,,,
3.4679999943,27,210266.0156250000,215318.0625000000,225000.0000000000,196158.0937500000,0.0000000000,0.0000000000,0.0000000000,0.0000000000,,,
3.4719999942,27,204888.9843750000,214772.0625000000,225000.0000000000,178028.9062500000,0.0000000000,0.0000000000,0.0000000000,0.0000000000,,,
3.4759999942,27,225000.0000000000,216373.7500000000,225000.0000000000,225000.0000000000,0.0000000000,0.0000000000,0.0000000000,0.0000000000,,,
3.4799999944,27,225000.0000000000,217946.7812500000,225000.0000000000,225000.0000000000,0.0000000000,0.0000000000,0.0000000000,0.0000000000,,,
3.4839999944,27,225000.0000000000,217320.2187500000,225000.0000000000,225000.0000000000,0.0000000000,0.0000000000,0.0000000000,0.0000000000,,,
3.4879999943,27,210379.4687500000,215342.4687500000,225000.0000000000,196279.6093750000,0.0000000000,0.0000000000,0.0000000000,0.0000000000,,,
3.4919999943,27,204814.7500000000,214780.0625000000,225000.0000000000,177687.1406250000,0.0000000000,0.0000000000,0.0000000000,0.0000000000,,,
3.4959999942,27,225000.0000000000,216366.1562500000,225000.0000000000,225000.0000000000,0.0000000000,0.0000000000,0.0000000000,0.0000000000,,,
3.4999999944,27,225000.0000000000,217940.1562500000,225000.0000000000,225000.0000000000,0.0000000000,0.0000000000,0.0000000000,0.0000000000,,,
3.5039999944,27,225000.0000000000,217325.7500000000,225000.0000000000,225000.0000000000,0.0000000000,0.0000000000,0.0000000000,0.0000000000,,,
3.5079999943,27,210504.5625000000,215347.8125000000,225000.0000000000,196505.4218750000,0.0000000000,0.0000000000,0.0000000000,0.0000000000,,,
3.5119999943,27,204762.4687500000,214766.0937500000,225000.0000000000,177439.2500000000,0.0000000000,0.0000000000,0.0000000000,0.0000000000,,,
3.5159999942,27,225000.0000000000,216343.9218750000,225000.0000000000,225000.0000000000,0.0000000000,0.0000000000,0.0000000000,0.0000000000,,,
3.5199999942,27,225000.0000000000,217931.4218750000,225000.0000000000,225000.0000000000,0.0000000000,0.0000000000,0.0000000000,0.0000000000,,,
3.5239999944,27,225000.0000000000,217330.9218750000,225000.0000000000,225000.0000000000,0.0000000000,0.0000000000,0.0000000000,0.0000000000,,,
3.5279999943,27,210622.0781250000,215350.5937500000,225000.0000000000,196724.3125000000,0.0000000000,0.0000000000,0.0000000000,0.0000000000,,,
3.5319999943,27,204709.8750000000,214752.9531250000,225000.0000000000,177195.9531250000,0.0000000000,0.0000000000,0.0000000000,0.0000000000,,,
3.5359999943,27,225000.0000000000,216318.4218750000,225000.0000000000,225000.0000000000,0.0000000000,0.0000000000,0.0000000000,0.0000000000,,,
3.5399999942,27,225000.0000000000,217903.5781250000,225000.0000000000,225000.0000000000,0.0000000000,0.0000000000,0.0000000000,0.0000000000,,,
3.5439999944,27,225000.0000000000,217308.7968750000,225000.0000000000,225000.0000000000,0.0000000000,0.0000000000,0.0000000000,0.0000000000,,,
3.5479999944,27,210724.7968750000,215322.2500000000,225000.0000000000,196939.7187500000,0.0000000000,0.0000000000,0.0000000000,0.0000000000,,,
3.5519999943,27,204641.3906250000,214709.7656250000,225000.0000000000,176950.1875000000,0.0000000000,0.0000000000,0.0000000000,0.0000000000,,,
3.5559999943,27,225000.0000000000,216266.8593750000,225000.0000000000,224671.7343750000,0.0000000000,0.0000000000,0.0000000000,0.0000000000,,,
3.5599999942,27,225000.0000000000,217861.5156250000,225000.0000000000,225000.0000000000,0.0000000000,0.0000000000,0.0000000000,0.0000000000,,,
3.5639999942,27,225000.0000000000,217283.5000000000,225000.0000000000,225000.0000000000,0.0000000000,0.0000000000,0.0000000000,0.0000000000,,,
3.5679999944,27,210824.0156250000,215301.2968750000,225000.0000000000,197156.7656250000,0.0000000000,0.0000000000,0.0000000000,0.0000000000,,,
3.5719999943,27,204562.9062500000,214675.5156250000,225000.0000000000,176692.0937500000,0.0000000000,0.0000000000,0.0000000000,0.0000000000,,,
3.5759999943,27,224874.6875000000,216222.5000000000,225000.0000000000,224311.4843750000,0.0000000000,0.0000000000,0.0000000000,0.0000000000,,,
3.5799999943,27,225000.0000000000,217830.0781250000,225000.0000000000,225000.0000000000,0.0000000000,0.0000000000,0.0000000000,0.0000000000,,,
3.5839999942,28,225000.0000000000,217276.5625000000,225000.0000000000,225000.0000000000,0.0000000000,0.0000000000,0.0000000000,0.0000000000,,,
3.5879999942,28,210909.3437500000,215307.8125000000,225000.0000000000,197355.5781250000,0.0000000000,0.0000000000,0.0000000000,0.0000000000,,,
3.5919999941,28,204468.5468750000,214677.8437500000,225000.0000000000,176412.3437500000,0.0000000000,0.0000000000,0.0000000000,0.0000000000,,,
3.5959999941,28,224698.3593750000,216219.9062500000,225000.0000000000,223968.8750000000,0.0000000000,0.0000000000,0.0000000000,0.0000000000,,,
3.5999999940,28,225000.0000000000,217827.6718750000,225000.0000000000,225000.0000000000,0.0000000000,0.0000000000,0.0000000000,0.0000000000,,,
3.6039999940,28,225000.0000000000,217281.2968750000,225000.0000000000,225000.0000000000,0.0000000000,0.0000000000,0.0000000000,0.0000000000,,,
3.6079999942,28,210980.2500000000,215305.0000000000,225000.0000000000,197572.7187500000,0.0000000000,0.0000000000,0.0000000000,0.0000000000,,,
3.6119999941,28,204355.4218750000,214653.0625000000,225000.0000000000,176148.2343750000,0.0000000000,0.0000000000,0.0000000000,0.0000000000,,,
3.6159999941,28,224525.6093750000,216178.2968750000,225000.0000000000,223631.2500000000,0.0000000000,0.0000000000,0.0000000000,0.0000000000,,,
3.6199999941,28,225000.0000000000,217793.4687500000,225000.0000000000,225000.0000000000,0.0000000000,0.0000000000,0.0000000000,0.0000000000,,,
3.6239999940,28,225000.0000000000,217267.0625000000,225000.0000000000,225000.0000000000,0.0000000000,0.0000000000,0.0000000000,0.0000000000,,,
3.6279999942,28,211063.0781250000,215300.2968750000,225000.0000000000,197839.2031250000,0.0000000000,0.0000000000,0.0000000000,0.0000000000,,,
3.6319999942,28,204261.4062500000,214645.2343750000,225000.0000000000,175948.6406250000,0.0000000000,0.0000000000,0.0000000000,0.0000000000,,,
3.6359999941,28,224369.3437500000,216168.0468750000,225000.0000000000,223352.4375000000,0.0000000000,0.0000000000,0.0000000000,0.0000000000,,,
3.6399999941,28,225000.0000000000,217796.2812500000,225000.0000000000,225000.0000000000,0.0000000000,0.0000000000,0.0000000000,0.0000000000,,,
3.6439999940,28,225000.0000000000,217295.3906250000,225000.0000000000,225000.0000000000,0.0000000000,0.0000000000,0.0000000000,0.0000000000,,,
3.6479999940,28,211197.6250000000,215337.2187500000,225000.0000000000,198232.7031250000,0.0000000000,0.0000000000,0.0000000000,0.0000000000,,,
3.6519999942,28,204214.8125000000,214671.1093750000,225000.0000000000,175891.0312500000,0.0000000000,0.0000000000,0.0000000000,0.0000000000,,,
3.6559999941,28,224251.5937500000,216182.9375000000,225000.0000000000,223124.6875000000,0.0000000000,0.0000000000,0.0000000000,0.0000000000,,,
3.6599999941,28,225000.0000000000,217807.7656250000,225000.0000000000,225000.0000000000,0.0000000000,0.0000000000,0.0000000000,0.0000000000,,,
3.6639999941,28,225000.0000000000,217307.5937500000,225000.0000000000,225000.0000000000,0.0000000000,0.0000000000,0.0000000000,0.0000000000,,,
3.6679999940,28,211312.5312500000,215343.8437500000,225000.0000000000,198673.4687500000,0.0000000000,0.0000000000,0.0000000000,0.0000000000,,,
3.6719999942,28,204138.9062500000,214657.7812500000,225000.0000000000,175875.2812500000,0.0000000000,0.0000000000,0.0000000000,0.0000000000,,,
3.6759999942,28,224095.4843750000,216156.8750000000,225000.0000000000,222942.5312500000,0.0000000000,0.0000000000,0.0000000000,0.0000000000,,,
3.6799999941,28,225000.0000000000,217789.6093750000,225000.0000000000,225000.0000000000,0.0000000000,0.0000000000,0.0000000000,0.0000000000,,,
3.6839999941,28,225000.0000000000,217305.4687500000,225000.0000000000,225000.0000000000,0.0000000000,0.0000000000,0.0000000000,0.0000000000,,,
3.6879999940,28,211397.4687500000,215342.2343750000,225000.0000000000,199142.7343750000,0.0000000000,0.0000000000,0.0000000000,0.0000000000,,,
3.6919999940,28,204021.1562500000,214641.4531250000,225000.0000000000,175869.2812500000,0.0000000000,0.0000000000,0.0000000000,0.0000000000,,,
3.6959999942,28,223920.7343750000,216128.0312500000,225000.0000000000,222738.5468750000,0.0000000000,0.0000000000,0.0000000000,0.0000000000,,,
3.6999999941,28,225000.0000000000,217769.7812500000,225000.0000000000,225000.0000000000,0.0000000000,0.0000000000,0.0000000000,0.0000000000,,,
3.7039999941,28,225000.0000000000,217308.2812500000,225000.0000000000,225000.0000000000,0.0000000000,0.0000000000,0.0000000000,0.0000000000,,,
3.7079999940,28,211464.9375000000,215354.9062500000,225000.0000000000,199606.6093750000,0.0000000000,0.0000000000,0.0000000000,0.0000000000,,,
3.7119999940,29,203908.6875000000,214647.1875000000,225000.0000000000,175925.6093750000,0.0000000000,0.0000000000,0.0000000000,0.0000000000,,,
3.7159999940,29,223760.6093750000,216123.8750000000,225000.0000000000,222624.6093750000,0.0000000000,0.0000000000,0.0000000000,0.0000000000,,,
3.7199999939,29,225000.0000000000,217766.8906250000,225000.0000000000,225000.0000000000,0.0000000000,0.0000000000,0.0000000000,0.0000000000,,,
3.7239999939,29,225000.0000000000,217316.1250000000,225000.0000000000,225000.0000000000,0.0000000000,0.0000000000,0.0000000000,0.0000000000,,,
3.7279999938,29,211525.3125000000,215365.8593750000,225000.0000000000,200119.4062500000,0.0000000000,0.0000000000,0.0000000000,0.0000000000,,,
3.7319999938,29,203771.8125000000,214648.1250000000,225000.0000000000,175984.8281250000,0.0000000000,0.0000000000,0.0000000000,0.0000000000,,,
3.7359999940,29,223591.2812500000,216115.4531250000,225000.0000000000,222511.5781250000,0.0000000000,0.0000000000,0.0000000000,0.0000000000,,,
3.7399999939,29,225000.0000000000,217760.4843750000,225000.0000000000,225000.0000000000,0.0000000000,0.0000000000,0.0000000000,0.0000000000,,,
3.7439999939,29,225000.0000000000,217320.8593750000,225000.0000000000,225000.0000000000,0.0000000000,0.0000000000,0.0000000000,0.0000000000,,,
3.7479999939,29,211610.9843750000,215377.1562500000,225000.0000000000,200714.6562500000,0.0000000000,0.0000000000,0.0000000000,0.0000000000,,,
3.7519999938,29,203652.2968750000,214643.4062500000,225000.0000000000,176144.0625000000,0.0000000000,0.0000000000,0.0000000000,0.0000000000,,,
3.7559999940,29,223422.0937500000,216095.7187500000,225000.0000000000,222449.7812500000,0.0000000000,0.0000000000,0.0000000000,0.0000000000,,,
3.7599999940,29,225000.0000000000,217744.1250000000,225000.0000000000,225000.0000000000,0.0000000000,0.0000000000,0.0000000000,0.0000000000,,,
3.7639999939,29,225000.0000000000,217320.0625000000,225000.0000000000,225000.0000000000,0.0000000000,0.0000000000,0.0000000000,0.0000000000,,,
3.7679999939,29,211690.5312500000,215376.3906250000,225000.0000000000,201356.2500000000,0.0000000000,0.0000000000,0.0000000000,0.0000000000,,,
3.7719999938,29,203536.4062500000,214627.6875000000,225000.0000000000,176373.2343750000,0.0000000000,0.0000000000,0.0000000000,0.0000000000,,,
3.7759999938,29,223243.4843750000,216064.8750000000,225000.0000000000,222400.7812500000,0.0000000000,0.0000000000,0.0000000000,0.0000000000,,,
3.7799999940,29,225000.0000000000,217717.1093750000,225000.0000000000,225000.0000000000,0.0000000000,0.0000000000,0.0000000000,0.0000000000,,,
3.7839999939,29,225000.0000000000,217307.0000000000,225000.0000000000,225000.0000000000,0.0000000000,0.0000000000,0.0000000000,0.0000000000,,,
3.7879999939,29,211776.2031250000,215364.0000000000,225000.0000000000,201963.4531250000,0.0000000000,0.0000000000,0.0000000000,0.0000000000,,,
3.7919999938,29,203435.4218750000,214603.3593750000,225000.0000000000,176565.8437500000,0.0000000000,0.0000000000,0.0000000000,0.0000000000,,,
3.7959999938,29,223078.3593750000,216031.6875000000,225000.0000000000,222318.0156250000,0.0000000000,0.0000000000,0.0000000000,0.0000000000,,,
3.7999999940,29,225000.0000000000,217690.3437500000,225000.0000000000,225000.0000000000,0.0000000000,0.0000000000,0.0000000000,0.0000000000,,,
3.8039999940,29,225000.0000000000,217296.6406250000,225000.0000000000,225000.0000000000,0.0000000000,0.0000000000,0.0000000000,0.0000000000,,,
3.8079999939,29,211885.4531250000,215360.8906250000,225000.0000000000,202519.2500000000,0.0000000000,0.0000000000,0.0000000000,0.0000000000,,,
3.8119999939,29,203350.0468750000,214587.1093750000,225000.0000000000,176658.1093750000,0.0000000000,0.0000000000,0.0000000000,0.0000000000,,,
3.8159999938,29,222914.3437500000,216009.0000000000,225000.0000000000,222138.1093750000,0.0000000000,0.0000000000,0.0000000000,0.0000000000,,,
3.8199999938,29,225000.0000000000,217682.8593750000,225000.0000000000,225000.0000000000,0.0000000000,0.0000000000,0.0000000000,0.0000000000,,,
3.8239999940,29,225000.0000000000,217304.2656250000,225000.0000000000,225000.0000000000,0.0000000000,0.0000000000,0.0000000000,0.0000000000,,,
3.8279999939,29,212007.0000000000,215368.6406250000,225000.0000000000,202930.8125000000,0.0000000000,0.0000000000,0.0000000000,0.0000000000,,,
3.8319999939,29,203290.4375000000,214586.6718750000,225000.0000000000,176652.2968750000,0.0000000000,0.0000000000,0.0000000000,0.0000000000,,,
3.8359999938,29,222764.6250000000,216000.6875000000,225000.0000000000,221889.0937500000,0.0000000000,0.0000000000,0.0000000000,0.0000000000,,,
3.8399999938,30,225000.0000000000,217682.1093750000,225000.0000000000,225000.0000000000,0.0000000000,0.0000000000,0.0000000000,0.0000000000,,,
3.8439999938,30,225000.0000000000,217325.4218750000,225000.0000000000,225000.0000000000,0.0000000000,0.0000000000,0.0000000000,0.0000000000,,,
3.8479999937,30,212140.2812500000,215399.4062500000,225000.0000000000,203224.3750000000,0.0000000000,0.0000000000,0.0000000000,0.0000000000,,,
3.8519999937,30,203233.9531250000,214599.2343750000,225000.0000000000,176499.6562500000,0.0000000000,0.0000000000,0.0000000000,0.0000000000,,,
3.8559999936,30,222618.7343750000,215996.8125000000,225000.0000000000,221552.9375000000,0.0000000000,0.0000000000,0.0000000000,0.0000000000,,,
3.8599999936,30,225000.0000000000,217675.8593750000,225000.0000000000,225000.0000000000,0.0000000000,0.0000000000,0.0000000000,0.0000000000,,,
3.8639999938,30,225000.0000000000,217324.7343750000,225000.0000000000,225000.0000000000,0.0000000000,0.0000000000,0.0000000000,0.0000000000,,,
3.8679999937,30,212261.1250000000,215388.7031250000,225000.0000000000,203468.7031250000,0.0000000000,0.0000000000,0.0000000000,0.0000000000,,,
3.8719999937,30,203170.6093750000,214573.6406250000,225000.0000000000,176260.2968750000,0.0000000000,0.0000000000,0.0000000000,0.0000000000,,,
3.8759999936,30,222460.4062500000,215964.3906250000,225000.0000000000,221159.1093750000,0.0000000000,0.0000000000,0.0000000000,0.0000000000,,,
3.8799999936,30,225000.0000000000,217652.8750000000,225000.0000000000,225000.0000000000,0.0000000000,0.0000000000,0.0000000000,0.0000000000,,,
3.8839999938,30,225000.0000000000,217320.0937500000,225000.0000000000,225000.0000000000,0.0000000000,0.0000000000,0.0000000000,0.0000000000,,,
3.8879999937,30,212411.0000000000,215391.3593750000,225000.0000000000,203630.2031250000,0.0000000000,0.0000000000,0.0000000000,0.0000000000,,,
3.8919999937,30,203158.7656250000,214570.5312500000,225000.0000000000,176018.7500000000,0.0000000000,0.0000000000,0.0000000000,0.0000000000,,,
3.8959999937,30,222342.4375000000,215952.3750000000,225000.0000000000,220765.6875000000,0.0000000000,0.0000000000,0.0000000000,0.0000000000,,,
3.8999999936,30,225000.0000000000,217646.8593750000,225000.0000000000,225000.0000000000,0.0000000000,0.0000000000,0.0000000000,0.0000000000,,,
3.9039999936,30,225000.0000000000,217324.2968750000,225000.0000000000,225000.0000000000,0.0000000000,0.0000000000,0.0000000000,0.0000000000,,,
3.9079999938,30,212572.1406250000,215398.5468750000,225000.0000000000,203819.5156250000,0.0000000000,0.0000000000,0.0000000000,0.0000000000,,,
3.9119999937,30,203164.1875000000,214568.7812500000,225000.0000000000,175778.9375000000,0.0000000000,0.0000000000,0.0000000000,0.0000000000,,,
3.9159999937,30,222225.4687500000,215945.2343750000,225000.0000000000,220371.5000000000,0.0000000000,0.0000000000,0.0000000000,0.0000000000,,,
3.9199999936,30,225000.0000000000,217648.5000000000,225000.0000000000,225000.0000000000,0.0000000000,0.0000000000,0.0000000000,0.0000000000,,,
3.9239999936,30,225000.0000000000,217343.0468750000,225000.0000000000,225000.0000000000,0.0000000000,0.0000000000,0.0000000000,0.0000000000,,,
3.9279999938,30,212749.2812500000,215414.8281250000,225000.0000000000,204007.7187500000,0.0000000000,0.0000000000,0.0000000000,0.0000000000,,,
3.9319999937,30,203172.7500000000,214559.4218750000,225000.0000000000,175556.2031250000,0.0000000000,0.0000000000,0.0000000000,0.0000000000,,,
3.9359999937,30,222083.0000000000,215912.4843750000,225000.0000000000,219931.5468750000,0.0000000000,0.0000000000,0.0000000000,0.0000000000,,,
3.9399999937,30,225000.0000000000,217614.4375000000,225000.0000000000,225000.0000000000,0.0000000000,0.0000000000,0.0000000000,0.0000000000,,,
3.9439999936,30,225000.0000000000,217323.4375000000,225000.0000000000,225000.0000000000,0.0000000000,0.0000000000,0.0000000000,0.0000000000,,,
3.9479999936,30,212903.9375000000,215402.5000000000,225000.0000000000,204195.0468750000,0.0000000000,0.0000000000,0.0000000000,0.0000000000,,,
3.9519999938,30,203192.1406250000,214546.2031250000,225000.0000000000,175353.4375000000,0.0000000000,0.0000000000,0.0000000000,0.0000000000,,,
3.9559999937,30,221963.3125000000,215901.0312500000,225000.0000000000,219518.1562500000,0.0000000000,0.0000000000,0.0000000000,0.0000000000,,,
3.9599999937,30,225000.0000000000,217615.0468750000,225000.0000000000,225000.0000000000,0.0000000000,0.0000000000,0.0000000000,0.0000000000,,,
3.9639999936,30,225000.0000000000,217345.2187500000,225000.0000000000,225000.0000000000,0.0000000000,0.0000000000,0.0000000000,0.0000000000,,,
3.9679999936,31,213064.3906250000,215422.0156250000,225000.0000000000,204404.5468750000,0.0000000000,0.0000000000,0.0000000000,0.0000000000,,,
3.9719999935,31,203183.3437500000,214543.8125000000,225000.0000000000,175134.5156250000,0.0000000000,0.0000000000,0.0000000000,0.0000000000,,,
3.9759999935,31,221806.5468750000,215891.9531250000,225000.0000000000,219123.8125000000,0.0000000000,0.0000000000,0.0000000000,0.0000000000,,,
3.9799999935,31,225000.0000000000,217615.2187500000,225000.0000000000,225000.0000000000,0.0000000000,0.0000000000,0.0000000000,0.0000000000,,,
3.9839999934,31,225000.0000000000,217356.2187500000,225000.0000000000,225000.0000000000,0.0000000000,0.0000000000,0.0000000000,0.0000000000,,,
3.9879999934,31,213221.3281250000,215438.2968750000,225000.0000000000,204603.5781250000,0.0000000000,0.0000000000,0.0000000000,0.0000000000,,,
3.9919999936,31,203173.8750000000,214550.3281250000,225000.0000000000,174910.5781250000,0.0000000000,0.0000000000,0.0000000000,0.0000000000,,,
3.9959999935,31,221647.2656250000,215889.0000000000,225000.0000000000,218666.0156250000,0.0000000000,0.0000000000,0.0000000000,0.0000000000,,,
3.9999999935,31,225000.0000000000,217620.9218750000,225000.0000000000,225000.0000000000,0.0000000000,0.0000000000,0.0000000000,0.0000000000,,,
4.0039999934,31,225000.0000000000,217373.1718750000,225000.0000000000,225000.0000000000,0.0000000000,0.0000000000,0.0000000000,0.0000000000,,,
4.0079999934,31,213361.3906250000,215450.6093750000,225000.0000000000,204800.9218750000,0.0000000000,0.0000000000,0.0000000000,0.0000000000,,,
4.0119999936,31,203171.2187500000,214546.8437500000,225000.0000000000,174715.6093750000,0.0000000000,0.0000000000,0.0000000000,0.0000000000,,,
4.0159999935,31,221514.6562500000,215874.9062500000,225000.0000000000,218295.8750000000,0.0000000000,0.0000000000,0.0000000000,0.0000000000,,,
4.0199999935,31,225000.0000000000,217613.2812500000,225000.0000000000,225000.0000000000,0.0000000000,0.0000000000,0.0000000000,0.0000000000,,,
4.0239999935,31,225000.0000000000,217375.9843750000,225000.0000000000,225000.0000000000,0.0000000000,0.0000000000,0.0000000000,0.0000000000,,,
4.0279999934,31,213516.8750000000,215450.1875000000,225000.0000000000,205010.1875000000,0.0000000000,0.0000000000,0.0000000000,0.0000000000,,,
4.0319999934,31,203166.0156250000,214530.7187500000,225000.0000000000,174493.2500000000,0.0000000000,0.0000000000,0.0000000000,0.0000000000,,,
4.0359999936,31,221366.0468750000,215852.6562500000,225000.0000000000,217849.0781250000,0.0000000000,0.0000000000,0.0000000000,0.0000000000,,,
4.0399999935,31,225000.0000000000,217606.0156250000,225000.0000000000,225000.0000000000,0.0000000000,0.0000000000,0.0000000000,0.0000000000,,,
4.0439999935,31,225000.0000000000,217388.9687500000,225000.0000000000,225000.0000000000,0.0000000000,0.0000000000,0.0000000000,0.0000000000,,,
4.0479999934,31,213655.3125000000,215469.9843750000,225000.0000000000,205201.2812500000,0.0000000000,0.0000000000,0.0000000000,0.0000000000,,,
4.0519999934,31,203142.4375000000,214541.6093750000,225000.0000000000,174262.4218750000,0.0000000000,0.0000000000,0.0000000000,0.0000000000,,,
4.0559999936,31,221209.5625000000,215850.4531250000,225000.0000000000,217445.5312500000,0.0000000000,0.0000000000,0.0000000000,0.0000000000,,,
4.0599999935,31,225000.0000000000,217601.0468750000,225000.0000000000,225000.0000000000,0.0000000000,0.0000000000,0.0000000000,0.0000000000,,,
4.0639999935,31,225000.0000000000,217395.4531250000,225000.0000000000,225000.0000000000,0.0000000000,0.0000000000,0.0000000000,0.0000000000,,,
4.0679999935,31,213789.6875000000,215482.9687500000,225000.0000000000,205407.2500000000,0.0000000000,0.0000000000,0.0000000000,0.0000000000,,,
4.0719999934,31,203115.0312500000,214541.2968750000,225000.0000000000,174027.6250000000,0.0000000000,0.0000000000,0.0000000000,0.0000000000,,,
4.0759999934,31,221058.6875000000,215838.1406250000,225000.0000000000,217014.6875000000,0.0000000000,0.0000000000,0.0000000000,0.0000000000,,,
4.0799999936,31,225000.0000000000,217591.5312500000,225000.0000000000,225000.0000000000,0.0000000000,0.0000000000,0.0000000000,0.0000000000,,,
4.0839999935,31,225000.0000000000,217397.8437500000,225000.0000000000,225000.0000000000,0.0000000000,0.0000000000,0.0000000000,0.0000000000,,,
4.0879999935,31,213922.6093750000,215491.4062500000,225000.0000000000,205576.8125000000,0.0000000000,0.0000000000,0.0000000000,0.0000000000,,,
4.0919999934,31,203084.6406250000,214548.0312500000,225000.0000000000,173771.9218750000,0.0000000000,0.0000000000,0.0000000000,0.0000000000,,,
4.0959999934,32,220908.4062500000,215835.4531250000,225000.0000000000,216559.5156250000,0.0000000000,0.0000000000,0.0000000000,0.0000000000,,,
4.0999999933,32,225000.0000000000,217594.4218750000,225000.0000000000,225000.0000000000,0.0000000000,0.0000000000,0.0000000000,0.0000000000,,,
4.1039999933,32,225000.0000000000,217422.6250000000,225000.0000000000,225000.0000000000,0.0000000000,0.0000000000,0.0000000000,0.0000000000,,,
4.1079999933,32,214057.8281250000,215527.4375000000,225000.0000000000,205760.6718750000,0.0000000000,0.0000000000,0.0000000000,0.0000000000,,,
4.1119999932,32,203037.6718750000,214577.5312500000,225000.0000000000,173477.3125000000,0.0000000000,0.0000000000,0.0000000000,0.0000000000,,,
4.1159999932,32,220746.9375000000,215863.4531250000,225000.0000000000,216089.5468750000,0.0000000000,0.0000000000,0.0000000000,0.0000000000,,,
4.1199999934,32,225000.0000000000,217640.9843750000,225000.0000000000,225000.0000000000,0.0000000000,0.0000000000,0.0000000000,0.0000000000,,,
4.1239999933,32,225000.0000000000,217505.8281250000,225000.0000000000,225000.0000000000,0.0000000000,0.0000000000,0.0000000000,0.0000000000,,,
4.1279999933,32,214197.2656250000,215633.0312500000,225000.0000000000,205971.1562500000,0.0000000000,0.0000000000,0.0000000000,0.0000000000,,,
4.1319999932,32,203009.2968750000,214680.1250000000,225000.0000000000,173282.2812500000,0.0000000000,0.0000000000,0.0000000000,0.0000000000,,,
4.1359999932,32,220605.7656250000,215960.7656250000,225000.0000000000,215712.4843750000,0.0000000000,0.0000000000,0.0000000000,0.0000000000,,,
4.1399999934,32,225000.0000000000,217736.9062500000,225000.0000000000,225000.0000000000,0.0000000000,0.0000000000,0.0000000000,0.0000000000,,,
4.1439999933,32,225000.0000000000,217606.3281250000,225000.0000000000,225000.0000000000,0.0000000000,0.0000000000,0.0000000000,0.0000000000,,,
4.1479999933,32,214325.9843750000,215725.0312500000,225000.0000000000,206180.1718750000,0.0000000000,0.0000000000,0.0000000000,0.0000000000,,,
4.1519999932,32,202954.2812500000,214744.9062500000,225000.0000000000,173046.5781250000,0.0000000000,0.0000000000,0.0000000000,0.0000000000,,,
4.1559999932,32,220440.8437500000,215991.0781250000,225000.0000000000,215255.3750000000,0.0000000000,0.0000000000,0.0000000000,0.0000000000,,,
4.1599999932,32,225000.0000000000,217753.1562500000,225000.0000000000,225000.0000000000,0.0000000000,0.0000000000,0.0000000000,0.0000000000,,,
4.1639999934,32,225000.0000000000,217618.4843750000,225000.0000000000,225000.0000000000,0.0000000000,0.0000000000,0.0000000000,0.0000000000,,,
4.1679999933,32,214447.6250000000,215731.0937500000,225000.0000000000,206409.0468750000,0.0000000000,0.0000000000,0.0000000000,0.0000000000,,,
4.1719999933,32,202881.1093750000,214734.3593750000,225000.0000000000,172780.6875000000,0.0000000000,0.0000000000,0.0000000000,0.0000000000,,,
4.1759999932,32,220267.0312500000,215970.7968750000,225000.0000000000,214817.1562500000,0.0000000000,0.0000000000,0.0000000000,0.0000000000,,,
4.1799999932,32,225000.0000000000,217745.8125000000,225000.0000000000,225000.0000000000,0.0000000000,0.0000000000,0.0000000000,0.0000000000,,,
4.1839999934,32,225000.0000000000,217637.0937500000,225000.0000000000,225000.0000000000,0.0000000000,0.0000000000,0.0000000000,0.0000000000,,,
4.1879999933,32,214557.5156250000,215756.1250000000,225000.0000000000,206589.5312500000,0.0000000000,0.0000000000,0.0000000000,0.0000000000,,,
4.1919999933,32,202802.1406250000,214750.8750000000,225000.0000000000,172545.0781250000,0.0000000000,0.0000000000,0.0000000000,0.0000000000,,,
4.1959999932,32,220095.2031250000,215987.4062500000,225000.0000000000,214375.2031250000,0.0000000000,0.0000000000,0.0000000000,0.0000000000,,,
4.1999999932,32,225000.0000000000,217775.7656250000,225000.0000000000,225000.0000000000,0.0000000000,0.0000000000,0.0000000000,0.0000000000,,,
4.2039999932,32,225000.0000000000,217682.3750000000,225000.0000000000,225000.0000000000,0.0000000000,0.0000000000,0.0000000000,0.0000000000,,,
4.2079999933,32,214682.8281250000,215805.5000000000,225000.0000000000,206850.5468750000,0.0000000000,0.0000000000,0.0000000000,0.0000000000,,,
4.2119999933,32,202785.4375000000,214792.7187500000,224994.7968750000,172470.6562500000,0.0000000000,0.0000000000,0.0000000000,0.0000000000,,,
4.2159999933,32,220009.5156250000,216007.9843750000,225000.0000000000,214137.5468750000,0.0000000000,0.0000000000,0.0000000000,0.0000000000,,,
4.2199999932,32,225000.0000000000,217782.3437500000,225000.0000000000,225000.0000000000,0.0000000000,0.0000000000,0.0000000000,0.0000000000,,,
4.2239999932,33,225000.0000000000,217689.2968750000,225000.0000000000,225000.0000000000,0.0000000000,0.0000000000,0.0000000000,0.0000000000,,,
4.2279999931,33,214805.4375000000,215889.0156250000,225000.0000000000,207076.6562500000,0.0000000000,0.0000000000,0.0000000000,0.0000000000,,,
4.2319999931,33,202707.5156250000,214921.9843750000,224895.7812500000,172205.0000000000,0.0000000000,0.0000000000,0.0000000000,0.0000000000,,,
4.2359999930,33,219770.2656250000,216118.9687500000,225000.0000000000,213578.5156250000,0.0000000000,0.0000000000,0.0000000000,0.0000000000,,,
4.2399999930,33,225000.0000000000,217890.2187500000,225000.0000000000,225000.0000000000,0.0000000000,0.0000000000,0.0000000000,0.0000000000,,,
4.2439999930,33,225000.0000000000,217805.1875000000,225000.0000000000,225000.0000000000,0.0000000000,0.0000000000,0.0000000000,0.0000000000,,,
4.2479999932,33,214934.6093750000,215928.4218750000,225000.0000000000,207323.5937500000,0.0000000000,0.0000000000,0.0000000000,0.0000000000,,,
4.2519999931,33,202683.1406250000,214884.0781250000,224853.3906250000,172052.2187500000,0.0000000000,0.0000000000,0.0000000000,0.0000000000,,,
4.2559999931,33,219630.5468750000,216068.2812500000,225000.0000000000,213175.7812500000,0.0000000000,0.0000000000,0.0000000000,0.0000000000,,,
4.2599999930,33,225000.0000000000,217842.7187500000,225000.0000000000,225000.0000000000,0.0000000000,0.0000000000,0.0000000000,0.0000000000,,,
4.2639999930,33,225000.0000000000,217780.3281250000,225000.0000000000,225000.0000000000,0.0000000000,0.0000000000,0.0000000000,0.0000000000,,,
4.2679999932,33,215096.2656250000,215921.7968750000,225000.0000000000,207572.0781250000,0.0000000000,0.0000000000,0.0000000000,0.0000000000,,,
4.2719999931,33,202684.1093750000,214868.3906250000,224814.0781250000,171904.9218750000,0.0000000000,0.0000000000,0.0000000000,0.0000000000,,,
4.2759999931,33,219499.4375000000,216038.1250000000,225000.0000000000,212815.2656250000,0.0000000000,0.0000000000,0.0000000000,0.0000000000,,,
4.2799999930,33,225000.0000000000,217818.1250000000,225000.0000000000,225000.0000000000,0.0000000000,0.0000000000,0.0000000000,0.0000000000,,,
4.2839999930,33,225000.0000000000,217772.8125000000,225000.0000000000,225000.0000000000,0.0000000000,0.0000000000,0.0000000000,0.0000000000,,,
4.2879999930,33,215266.2343750000,215912.3281250000,225000.0000000000,207873.7187500000,0.0000000000,0.0000000000,0.0000000000,0.0000000000,,,
4.2919999931,33,202691.0468750000,214842.3906250000,224812.3281250000,171796.3750000000,0.0000000000,0.0000000000,0.0000000000,0.0000000000,,,
4.2959999931,33,219374.7968750000,216002.0000000000,225000.0000000000,212420.2031250000,0.0000000000,0.0000000000,0.0000000000,0.0000000000,,,
4.2999999931,33,225000.0000000000,217785.4218750000,225000.0000000000,225000.0000000000,0.0000000000,0.0000000000,0.0000000000,0.0000000000,,,
4.3039999930,33,225000.0000000000,217748.5156250000,225000.0000000000,225000.0000000000,0.0000000000,0.0000000000,0.0000000000,0.0000000000,,,
4.3079999930,33,215427.7656250000,215894.0312500000,225000.0000000000,208177.4843750000,0.0000000000,0.0000000000,0.0000000000,0.0000000000,,,
4.3119999932,33,202702.5000000000,214816.9375000000,224811.0156250000,171718.3906250000,0.0000000000,0.0000000000,0.0000000000,0.0000000000,,,
4.3159999931,33,219255.4843750000,215972.0156250000,225000.0000000000,212088.7343750000,0.0000000000,0.0000000000,0.0000000000,0.0000000000,,,
4.3199999931,33,225000.0000000000,217767.9062500000,225000.0000000000,225000.0000000000,0.0000000000,0.0000000000,0.0000000000,0.0000000000,,,
4.3239999930,33,225000.0000000000,217750.9843750000,225000.0000000000,225000.0000000000,0.0000000000,0.0000000000,0.0000000000,0.0000000000,,,
4.3279999930,33,215594.7500000000,215904.0156250000,225000.0000000000,208471.9062500000,0.0000000000,0.0000000000,0.0000000000,0.0000000000,,,
4.3319999930,33,202712.6406250000,214813.6093750000,224806.7500000000,171643.1562500000,0.0000000000,0.0000000000,0.0000000000,0.0000000000,,,
4.3359999931,33,219128.8906250000,215954.8125000000,225000.0000000000,211739.0781250000,0.0000000000,0.0000000000,0.0000000000,0.0000000000,,,
4.3399999931,33,225000.0000000000,217748.5937500000,225000.0000000000,225000.0000000000,0.0000000000,0.0000000000,0.0000000000,0.0000000000,,,
4.3439999931,33,225000.0000000000,217745.0312500000,225000.0000000000,225000.0000000000,0.0000000000,0.0000000000,0.0000000000,0.0000000000,,,
4.3479999930,33,215739.0000000000,215898.8437500000,225000.0000000000,208757.9375000000,0.0000000000,0.0000000000,0.0000000000,0.0000000000,,,
4.3519999930,34,202697.2656250000,214798.2968750000,224778.6406250000,171542.1718750000,0.0000000000,0.0000000000,0.0000000000,0.0000000000,,,
4.3559999929,34,218978.8125000000,215926.0156250000,225000.0000000000,211357.5156250000,0.0000000000,0.0000000000,0.0000000000,0.0000000000,,,
4.3599999929,34,225000.0000000000,217718.5000000000,225000.0000000000,225000.0000000000,0.0000000000,0.0000000000,0.0000000000,0.0000000000,,,
4.3639999928,34,225000.0000000000,217727.8593750000,225000.0000000000,225000.0000000000,0.0000000000,0.0000000000,0.0000000000,0.0000000000,,,
4.3679999928,34,215885.6406250000,215890.0625000000,225000.0000000000,209051.2343750000,0.0000000000,0.0000000000,0.0000000000,0.0000000000,,,
4.3719999928,34,202686.0937500000,214777.5468750000,224758.1718750000,171454.9843750000,0.0000000000,0.0000000000,0.0000000000,0.0000000000,,,
4.3759999929,34,218849.9062500000,215894.5000000000,225000.0000000000,211026.7968750000,0.0000000000,0.0000000000,0.0000000000,0.0000000000,,,
4.3799999929,34,225000.0000000000,217690.2812500000,225000.0000000000,225000.0000000000,0.0000000000,0.0000000000,0.0000000000,0.0000000000,,,
4.3839999929,34,225000.0000000000,217705.9531250000,225000.0000000000,225000.0000000000,0.0000000000,0.0000000000,0.0000000000,0.0000000000,,,
4.3879999928,34,216025.3125000000,215869.5156250000,225000.0000000000,209340.2187500000,0.0000000000,0.0000000000,0.0000000000,0.0000000000,,,
4.3919999928,34,202656.8437500000,214745.0000000000,224730.4687500000,171378.5312500000,0.0000000000,0.0000000000,0.0000000000,0.0000000000,,,
4.3959999930,34,218685.1718750000,215850.0156250000,225000.0000000000,210642.1406250000,0.0000000000,0.0000000000,0.0000000000,0.0000000000,,,
4.3999999929,34,225000.0000000000,217652.5156250000,225000.0000000000,225000.0000000000,0.0000000000,0.0000000000,0.0000000000,0.0000000000,,,
4.4039999929,34,225000.0000000000,217693.5000000000,225000.0000000000,225000.0000000000,0.0000000000,0.0000000000,0.0000000000,0.0000000000,,,
4.4079999928,34,216152.7343750000,215874.7812500000,225000.0000000000,209616.7031250000,0.0000000000,0.0000000000,0.0000000000,0.0000000000,,,
4.4119999928,34,202641.3281250000,214750.9375000000,224703.0312500000,171292.5625000000,0.0000000000,0.0000000000,0.0000000000,0.0000000000,,,
4.4159999928,34,218525.4531250000,215845.6562500000,225000.0000000000,210240.9375000000,0.0000000000,0.0000000000,0.0000000000,0.0000000000,,,
4.4199999929,34,225000.0000000000,217657.0781250000,225000.0000000000,225000.0000000000,0.0000000000,0.0000000000,0.0000000000,0.0000000000,,,
4.4239999929,34,225000.0000000000,217713.0625000000,225000.0000000000,225000.0000000000,0.0000000000,0.0000000000,0.0000000000,0.0000000000,,,
4.4279999929,34,216273.3593750000,215891.3750000000,225000.0000000000,209878.0312500000,0.0000000000,0.0000000000,0.0000000000,0.0000000000,,,
4.4319999928,34,202593.3437500000,214752.2500000000,224620.6562500000,171142.9062500000,0.0000000000,0.0000000000,0.0000000000,0.0000000000,,,
4.4359999928,34,218355.2343750000,215838.2500000000,225000.0000000000,209855.5781250000,0.0000000000,0.0000000000,0.0000000000,0.0000000000,,,
4.4399999930,34,225000.0000000000,217650.5156250000,225000.0000000000,225000.0000000000,0.0000000000,0.0000000000,0.0000000000,0.0000000000,,,
4.4439999929,34,225000.0000000000,217719.0156250000,225000.0000000000,225000.0000000000,0.0000000000,0.0000000000,0.0000000000,0.0000000000,,,
4.4479999929,34,216402.0156250000,215902.5156250000,225000.0000000000,210144.4062500000,0.0000000000,0.0000000000,0.0000000000,0.0000000000,,,
4.4519999928,34,202561.7656250000,214752.8125000000,224563.7187500000,171006.7500000000,0.0000000000,0.0000000000,0.0000000000,0.0000000000,,,
4.4559999928,34,218193.3593750000,215818.5625000000,225000.0000000000,209443.0312500000,0.0000000000,0.0000000000,0.0000000000,0.0000000000,,,
4.4599999927,34,225000.0000000000,217626.2343750000,225000.0000000000,225000.0000000000,0.0000000000,0.0000000000,0.0000000000,0.0000000000,,,
4.4639999929,34,225000.0000000000,217713.5937500000,225000.0000000000,225000.0000000000,0.0000000000,0.0000000000,0.0000000000,0.0000000000,,,
4.4679999929,34,216525.9687500000,215913.4531250000,225000.0000000000,210441.4218750000,0.0000000000,0.0000000000,0.0000000000,0.0000000000,,,
4.4719999928,34,202522.8281250000,214758.4375000000,224510.9375000000,170879.7187500000,0.0000000000,0.0000000000,0.0000000000,0.0000000000,,,
4.4759999928,34,218033.0000000000,215818.9687500000,225000.0000000000,209063.2343750000,0.0000000000,0.0000000000,0.0000000000,0.0000000000,,,
4.4799999928,35,225000.0000000000,217634.7187500000,225000.0000000000,225000.0000000000,0.0000000000,0.0000000000,0.0000000000,0.0000000000,,,
4.4839999927,35,225000.0000000000,217737.9218750000,225000.0000000000,225000.0000000000,0.0000000000,0.0000000000,0.0000000000,0.0000000000,,,
4.4879999927,35,216659.7343750000,215948.6718750000,225000.0000000000,210673.4687500000,0.0000000000,0.0000000000,0.0000000000,0.0000000000,,,
4.4919999926,35,202494.4218750000,214784.2812500000,224440.4687500000,170732.1718750000,0.0000000000,0.0000000000,0.0000000000,0.0000000000,,,
4.4959999926,35,217889.5937500000,215833.7343750000,225000.0000000000,208645.8437500000,0.0000000000,0.0000000000,0.0000000000,0.0000000000,,,
4.4999999925,35,225000.0000000000,217652.4687500000,225000.0000000000,225000.0000000000,0.0000000000,0.0000000000,0.0000000000,0.0000000000,,,
4.5039999927,35,225000.0000000000,217764.5000000000,225000.0000000000,225000.0000000000,0.0000000000,0.0000000000,0.0000000000,0.0000000000,,,
4.5079999927,35,216780.1250000000,215970.9062500000,225000.0000000000,210901.6406250000,0.0000000000,0.0000000000,0.0000000000,0.0000000000,,,
4.5119999927,35,202455.4687500000,214792.1875000000,224363.3750000000,170530.9843750000,0.0000000000,0.0000000000,0.0000000000,0.0000000000,,,
4.5159999926,35,217732.5000000000,215826.3906250000,225000.0000000000,208208.3750000000,0.0000000000,0.0000000000,0.0000000000,0.0000000000,,,
4.5199999926,35,225000.0000000000,217638.2500000000,225000.0000000000,225000.0000000000,0.0000000000,0.0000000000,0.0000000000,0.0000000000,,,
4.5239999928,35,225000.0000000000,217756.1875000000,225000.0000000000,225000.0000000000,0.0000000000,0.0000000000,0.0000000000,0.0000000000,,,
4.5279999927,35,216908.7500000000,215968.7343750000,225000.0000000000,211128.1250000000,0.0000000000,0.0000000000,0.0000000000,0.0000000000,,,
4.5319999927,35,202416.7343750000,214783.8906250000,224292.7812500000,170312.8593750000,0.0000000000,0.0000000000,0.0000000000,0.0000000000,,,
4.5359999926,35,217582.1093750000,215808.4687500000,225000.0000000000,207780.9687500000,0.0000000000,0.0000000000,0.0000000000,0.0000000000,,,
4.5399999926,35,225000.0000000000,217622.9687500000,225000.0000000000,225000.0000000000,0.0000000000,0.0000000000,0.0000000000,0.0000000000,,,
4.5439999925,35,225000.0000000000,217759.5625000000,225000.0000000000,225000.0000000000,0.0000000000,0.0000000000,0.0000000000,0.0000000000,,,
4.5479999927,35,217031.6406250000,215982.8437500000,225000.0000000000,211348.2812500000,0.0000000000,0.0000000000,0.0000000000,0.0000000000,,,
4.5519999927,35,202383.3750000000,214787.5468750000,224223.4218750000,170045.5312500000,0.0000000000,0.0000000000,0.0000000000,0.0000000000,,,
4.5559999926,35,217425.5312500000,215795.1718750000,225000.0000000000,207274.1093750000,0.0000000000,0.0000000000,0.0000000000,0.0000000000,,,
4.5599999926,35,225000.0000000000,217608.3437500000,225000.0000000000,225000.0000000000,0.0000000000,0.0000000000,0.0000000000,0.0000000000,,,
4.5639999926,35,225000.0000000000,217757.3906250000,225000.0000000000,225000.0000000000,0.0000000000,0.0000000000,0.0000000000,0.0000000000,,,
4.5679999928,35,217173.0000000000,215994.8593750000,225000.0000000000,211578.8750000000,0.0000000000,0.0000000000,0.0000000000,0.0000000000,,,
4.5719999927,35,202365.4218750000,214798.1875000000,224173.0468750000,169823.0468750000,0.0000000000,0.0000000000,0.0000000000,0.0000000000,,,
4.5759999927,35,217284.6875000000,215795.2500000000,225000.0000000000,206834.3906250000,0.0000000000,0.0000000000,0.0000000000,0.0000000000,,,
4.5799999926,35,225000.0000000000,217603.1406250000,225000.0000000000,225000.0000000000,0.0000000000,0.0000000000,0.0000000000,0.0000000000,,,
4.5839999926,35,225000.0000000000,217759.0000000000,225000.0000000000,225000.0000000000,0.0000000000,0.0000000000,0.0000000000,0.0000000000,,,
4.5879999925,35,217322.1875000000,216004.7656250000,225000.0000000000,211827.2968750000,0.0000000000,0.0000000000,0.0000000000,0.0000000000,,,
4.5919999927,35,202359.9062500000,214800.4687500000,224161.2968750000,169594.2500000000,0.0000000000,0.0000000000,0.0000000000,0.0000000000,,,
4.5959999927,35,217159.6875000000,215780.1562500000,225000.0000000000,206329.2031250000,0.0000000000,0.0000000000,0.0000000000,0.0000000000,,,
4.5999999926,35,225000.0000000000,217584.4687500000,225000.0000000000,225000.0000000000,0.0000000000,0.0000000000,0.0000000000,0.0000000000,,,
4.6039999926,35,225000.0000000000,217753.4218750000,225000.0000000000,225000.0000000000,0.0000000000,0.0000000000,0.0000000000,0.0000000000,,,
4.6079999926,36,217464.8750000000,216002.6093750000,225000.0000000000,211990.2656250000,0.0000000000,0.0000000000,0.0000000000,0.0000000000,,,
4.6119999925,36,202342.2812500000,214781.3750000000,224157.3593750000,169176.8750000000,0.0000000000,0.0000000000,0.0000000000,0.0000000000,,,
4.6159999925,36,217020.6718750000,215745.9843750000,225000.0000000000,205759.8125000000,0.0000000000,0.0000000000,0.0000000000,0.0000000000,,,
4.6199999924,36,225000.0000000000,217551.4218750000,225000.0000000000,225000.0000000000,0.0000000000,0.0000000000,0.0000000000,0.0000000000,,,
4.6239999924,36,225000.0000000000,217735.6093750000,225000.0000000000,225000.0000000000,0.0000000000,0.0000000000,0.0000000000,0.0000000000,,,
4.6279999923,36,217599.2187500000,215992.9375000000,225000.0000000000,212218.2343750000,0.0000000000,0.0000000000,0.0000000000,0.0000000000,,,
4.6319999925,36,202322.5625000000,214763.9375000000,224115.8437500000,168924.9843750000,0.0000000000,0.0000000000,0.0000000000,0.0000000000,,,
4.6359999925,36,216872.2968750000,215712.8281250000,225000.0000000000,205262.6250000000,0.0000000000,0.0000000000,0.0000000000,0.0000000000,,,
4.6399999924,36,225000.0000000000,217515.7500000000,225000.0000000000,225000.0000000000,0.0000000000,0.0000000000,0.0000000000,0.0000000000,,,
4.6439999924,36,225000.0000000000,217714.9687500000,225000.0000000000,225000.0000000000,0.0000000000,0.0000000000,0.0000000000,0.0000000000,,,
4.6479999924,36,217727.5937500000,215986.3906250000,225000.0000000000,212471.2500000000,0.0000000000,0.0000000000,0.0000000000,0.0000000000,,,
4.6519999926,36,202285.0781250000,214751.4375000000,224053.6406250000,168704.6718750000,0.0000000000,0.0000000000,0.0000000000,0.0000000000,,,
4.6559999925,36,216704.2500000000,215689.3593750000,225000.0000000000,204760.0312500000,0.0000000000,0.0000000000,0.0000000000,0.0000000000,,,
4.6599999925,36,225000.0000000000,217494.9375000000,225000.0000000000,225000.0000000000,0.0000000000,0.0000000000,0.0000000000,0.0000000000,,,
4.6639999924,36,225000.0000000000,217707.9843750000,225000.0000000000,225000.0000000000,0.0000000000,0.0000000000,0.0000000000,0.0000000000,,,
4.6679999924,36,217848.7500000000,215982.1718750000,225000.0000000000,212779.2343750000,0.0000000000,0.0000000000,0.0000000000,0.0000000000,,,
4.6719999923,36,202241.2187500000,214740.1250000000,224006.9218750000,168685.2500000000,0.0000000000,0.0000000000,0.0000000000,0.0000000000,,,
4.6759999925,36,216539.7500000000,215670.0000000000,225000.0000000000,204410.4218750000,0.0000000000,0.0000000000,0.0000000000,0.0000000000,,,
4.6799999925,36,225000.0000000000,217477.9843750000,225000.0000000000,225000.0000000000,0.0000000000,0.0000000000,0.0000000000,0.0000000000,,,
4.6839999924,36,225000.0000000000,217702.6250000000,225000.0000000000,225000.0000000000,0.0000000000,0.0000000000,0.0000000000,0.0000000000,,,
4.6879999924,36,217968.1406250000,215985.7968750000,225000.0000000000,213086.4687500000,0.0000000000,0.0000000000,0.0000000000,0.0000000000,,,
4.6919999924,36,202199.7968750000,214732.0781250000,223957.5937500000,168693.0781250000,0.0000000000,0.0000000000,0.0000000000,0.0000000000,,,
4.6959999925,36,216370.4531250000,215648.1250000000,225000.0000000000,204049.3750000000,0.0000000000,0.0000000000,0.0000000000,0.0000000000,,,
4.6999999925,36,225000.0000000000,217458.8437500000,225000.0000000000,225000.0000000000,0.0000000000,0.0000000000,0.0000000000,0.0000000000,,,
4.7039999925,36,225000.0000000000,217705.2500000000,225000.0000000000,225000.0000000000,0.0000000000,0.0000000000,0.0000000000,0.0000000000,,,
4.7079999924,36,218092.0000000000,216005.1093750000,225000.0000000000,213394.1093750000,0.0000000000,0.0000000000,0.0000000000,0.0000000000,,,
4.7119999924,36,202166.7656250000,214752.1875000000,223933.9375000000,168707.1093750000,0.0000000000,0.0000000000,0.0000000000,0.0000000000,,,
4.7159999923,36,216209.6250000000,215660.2031250000,225000.0000000000,203699.0000000000,0.0000000000,0.0000000000,0.0000000000,0.0000000000,,,
4.7199999925,36,225000.0000000000,217467.0468750000,225000.0000000000,225000.0000000000,0.0000000000,0.0000000000,0.0000000000,0.0000000000,,,
4.7239999925,36,225000.0000000000,217718.5312500000,225000.0000000000,225000.0000000000,0.0000000000,0.0000000000,0.0000000000,0.0000000000,,,
4.7279999924,36,218214.0156250000,216018.0937500000,225000.0000000000,213705.3750000000,0.0000000000,0.0000000000,0.0000000000,0.0000000000,,,
4.7319999924,36,202135.4375000000,214750.6093750000,223921.5937500000,168741.0625000000,0.0000000000,0.0000000000,0.0000000000,0.0000000000,,,
4.7359999924,37,216037.3281250000,215640.7031250000,225000.0000000000,203353.7656250000,0.0000000000,0.0000000000,0.0000000000,0.0000000000,,,
4.7399999923,37,225000.0000000000,217446.7968750000,225000.0000000000,225000.0000000000,0.0000000000,0.0000000000,0.0000000000,0.0000000000,,,
4.7439999923,37,225000.0000000000,217713.6718750000,225000.0000000000,225000.0000000000,0.0000000000,0.0000000000,0.0000000000,0.0000000000,,,
4.7479999922,37,218345.6562500000,216022.5468750000,225000.0000000000,214024.8125000000,0.0000000000,0.0000000000,0.0000000000,0.0000000000,,,
4.7519999922,37,202103.1093750000,214750.3750000000,223895.0937500000,168750.0781250000,0.0000000000,0.0000000000,0.0000000000,0.0000000000,,,
4.7559999921,37,215882.9375000000,215633.7500000000,225000.0000000000,202994.4843750000,0.0000000000,0.0000000000,0.0000000000,0.0000000000,,,
4.7599999923,37,225000.0000000000,217446.2343750000,225000.0000000000,225000.0000000000,0.0000000000,0.0000000000,0.0000000000,0.0000000000,,,
4.7639999923,37,225000.0000000000,217729.9062500000,225000.0000000000,225000.0000000000,0.0000000000,0.0000000000,0.0000000000,0.0000000000,,,
4.7679999922,37,218490.8437500000,216043.4843750000,225000.0000000000,214348.5781250000,0.0000000000,0.0000000000,0.0000000000,0.0000000000,,,
4.7719999922,37,202102.7656250000,214757.6875000000,223879.2187500000,168810.5625000000,0.0000000000,0.0000000000,0.0000000000,0.0000000000,,,
4.7759999922,37,215760.4062500000,215628.5781250000,225000.0000000000,202678.8750000000,0.0000000000,0.0000000000,0.0000000000,0.0000000000,,,
4.7799999923,37,225000.0000000000,217438.7187500000,225000.0000000000,225000.0000000000,0.0000000000,0.0000000000,0.0000000000,0.0000000000,,,
4.7839999923,37,225000.0000000000,217731.6718750000,225000.0000000000,225000.0000000000,0.0000000000,0.0000000000,0.0000000000,0.0000000000,,,
4.7879999923,37,218652.5781250000,216052.0000000000,225000.0000000000,214644.5312500000,0.0000000000,0.0000000000,0.0000000000,0.0000000000,,,
4.7919999922,37,202098.4687500000,214761.8750000000,223864.1406250000,168860.1875000000,0.0000000000,0.0000000000,0.0000000000,0.0000000000,,,
4.7959999922,37,215617.5312500000,215623.6250000000,225000.0000000000,202338.6406250000,0.0000000000,0.0000000000,0.0000000000,0.0000000000,,,
4.7999999921,37,225000.0000000000,217437.4375000000,225000.0000000000,225000.0000000000,0.0000000000,0.0000000000,0.0000000000,0.0000000000,,,
4.8039999923,37,225000.0000000000,217744.5156250000,225000.0000000000,225000.0000000000,0.0000000000,0.0000000000,0.0000000000,0.0000000000,,,
4.8079999923,37,218766.6875000000,216067.5468750000,225000.0000000000,214973.6718750000,0.0000000000,0.0000000000,0.0000000000,0.0000000000,,,
4.8119999922,37,202044.2031250000,214764.1250000000,223855.4843750000,168900.2031250000,0.0000000000,0.0000000000,0.0000000000,0.0000000000,,,
4.8159999922,37,215431.8125000000,215616.0000000000,225000.0000000000,201985.9531250000,0.0000000000,0.0000000000,0.0000000000,0.0000000000,,,
4.8199999921,37,225000.0000000000,217429.4218750000,225000.0000000000,225000.0000000000,0.0000000000,0.0000000000,0.0000000000,0.0000000000,,,
4.8239999923,37,225000.0000000000,217745.5937500000,225000.0000000000,225000.0000000000,0.0000000000,0.0000000000,0.0000000000,0.0000000000,,,
4.8279999923,37,218901.8437500000,216080.0156250000,225000.0000000000,215256.4531250000,0.0000000000,0.0000000000,0.0000000000,0.0000000000,,,
4.8319999923,37,202033.1562500000,214776.3906250000,223863.8437500000,168949.4687500000,0.0000000000,0.0000000000,0.0000000000,0.0000000000,,,
4.8359999922,37,215288.5312500000,215618.9531250000,225000.0000000000,201637.1875000000,0.0000000000,0.0000000000,0.0000000000,0.0000000000,,,
4.8399999922,37,225000.0000000000,217439.2031250000,225000.0000000000,225000.0000000000,0.0000000000,0.0000000000,0.0000000000,0.0000000000,,,
4.8439999921,37,225000.0000000000,217771.7500000000,225000.0000000000,225000.0000000000,0.0000000000,0.0000000000,0.0000000000,0.0000000000,,,
4.8479999923,37,219048.2031250000,216108.7500000000,225000.0000000000,215578.3750000000,0.0000000000,0.0000000000,0.0000000000,0.0000000000,,,
4.8519999923,37,202001.8281250000,214785.1093750000,223838.2656250000,168961.2187500000,0.0000000000,0.0000000000,0.0000000000,0.0000000000,,,
4.8559999922,37,215126.3125000000,215614.5000000000,225000.0000000000,201289.6562500000,0.0000000000,0.0000000000,0.0000000000,0.0000000000,,,
4.8599999922,37,225000.0000000000,217433.0156250000,225000.0000000000,225000.0000000000,0.0000000000,0.0000000000,0.0000000000,0.0000000000,,,
4.8639999921,38,225000.0000000000,217774.8593750000,225000.0000000000,225000.0000000000,0.0000000000,0.0000000000,0.0000000000,0.0000000000,,,
4.8679999921,38,219179.3750000000,216122.2187500000,225000.0000000000,215862.3125000000,0.0000000000,0.0000000000,0.0000000000,0.0000000000,,,
4.8719999921,38,201992.9531250000,214797.3281250000,223841.0781250000,169030.5625000000,0.0000000000,0.0000000000,0.0000000000,0.0000000000,,,
4.8759999920,38,214980.8593750000,215615.6562500000,225000.0000000000,200954.9062500000,0.0000000000,0.0000000000,0.0000000000,0.0000000000,,,
4.8799999920,38,225000.0000000000,217435.5312500000,225000.0000000000,225000.0000000000,0.0000000000,0.0000000000,0.0000000000,0.0000000000,,,
4.8839999919,38,225000.0000000000,217788.8593750000,225000.0000000000,225000.0000000000,0.0000000000,0.0000000000,0.0000000000,0.0000000000,,,
4.8879999921,38,219328.7343750000,216137.0468750000,225000.0000000000,216212.9531250000,0.0000000000,0.0000000000,0.0000000000,0.0000000000,,,
4.8919999921,38,201957.5156250000,214796.1875000000,223809.7187500000,169087.1718750000,0.0000000000,0.0000000000,0.0000000000,0.0000000000,,,
4.8959999920,38,214805.2187500000,215597.7031250000,225000.0000000000,200576.2343750000,0.0000000000,0.0000000000,0.0000000000,0.0000000000,,,
4.8999999920,38,225000.0000000000,217417.2656250000,225000.0000000000,225000.0000000000,0.0000000000,0.0000000000,0.0000000000,0.0000000000,,,
4.9039999919,38,225000.0000000000,217780.0625000000,225000.0000000000,225000.0000000000,0.0000000000,0.0000000000,0.0000000000,0.0000000000,,,
4.9079999921,38,219462.0000000000,216128.7812500000,225000.0000000000,216527.1718750000,0.0000000000,0.0000000000,0.0000000000,0.0000000000,,,
4.9119999921,38,201919.4531250000,214774.4062500000,223797.8906250000,169160.6718750000,0.0000000000,0.0000000000,0.0000000000,0.0000000000,,,
4.9159999921,38,214625.0781250000,215556.2343750000,225000.0000000000,200240.9375000000,0.0000000000,0.0000000000,0.0000000000,0.0000000000,,,
4.9199999920,38,225000.0000000000,217370.5937500000,225000.0000000000,225000.0000000000,0.0000000000,0.0000000000,0.0000000000,0.0000000000,,,
4.9239999920,38,225000.0000000000,217750.4531250000,225000.0000000000,225000.0000000000,0.0000000000,0.0000000000,0.0000000000,0.0000000000,,,
4.9279999919,38,219575.6093750000,216110.3281250000,225000.0000000000,216816.8281250000,0.0000000000,0.0000000000,0.0000000000,0.0000000000,,,
4.9319999921,38,201859.0781250000,214748.3281250000,223762.7031250000,169220.3281250000,0.0000000000,0.0000000000,0.0000000000,0.0000000000,,,
4.9359999921,38,214431.4218750000,215520.4375000000,225000.0000000000,199878.3281250000,0.0000000000,0.0000000000,0.0000000000,0.0000000000,,,
4.9399999920,38,225000.0000000000,217345.3593750000,225000.0000000000,225000.0000000000,0.0000000000,0.0000000000,0.0000000000,0.0000000000,,,
4.9439999920,38,225000.0000000000,217742.6093750000,225000.0000000000,225000.0000000000,0.0000000000,0.0000000000,0.0000000000,0.0000000000,,,
4.9479999919,38,219710.8750000000,216110.5937500000,225000.0000000000,217160.0468750000,0.0000000000,0.0000000000,0.0000000000,0.0000000000,,,
4.9519999921,38,201828.5625000000,214744.5000000000,223764.6093750000,169306.3125000000,0.0000000000,0.0000000000,0.0000000000,0.0000000000,,,
4.9559999921,38,214253.8125000000,215512.0156250000,225000.0000000000,199527.0312500000,0.0000000000,0.0000000000,0.0000000000,0.0000000000,,,
4.9599999920,38,225000.0000000000,217338.3750000000,225000.0000000000,225000.0000000000,0.0000000000,0.0000000000,0.0000000000,0.0000000000,,,
4.9639999920,38,225000.0000000000,217751.7968750000,225000.0000000000,225000.0000000000,0.0000000000,0.0000000000,0.0000000000,0.0000000000,,,
4.9679999920,38,219861.7968750000,216133.7500000000,225000.0000000000,217471.9531250000,0.0000000000,0.0000000000,0.0000000000,0.0000000000,,,
4.9719999919,38,201801.7656250000,214755.5000000000,223759.5156250000,169361.6406250000,0.0000000000,0.0000000000,0.0000000000,0.0000000000,,,
4.9759999921,38,214079.2343750000,215506.6406250000,225000.0000000000,199160.3437500000,0.0000000000,0.0000000000,0.0000000000,0.0000000000,,,
4.9799999921,38,225000.0000000000,217332.6093750000,225000.0000000000,225000.0000000000,0.0000000000,0.0000000000,0.0000000000,0.0000000000,,,
4.9839999920,38,225000.0000000000,217755.5468750000,225000.0000000000,225000.0000000000,0.0000000000,0.0000000000,0.0000000000,0.0000000000,,,
4.9879999920,38,219996.3437500000,216142.8906250000,225000.0000000000,217794.4375000000,0.0000000000,0.0000000000,0.0000000000,0.0000000000,,,
4.9919999919,39,201751.9843750000,214760.2343750000,223715.4687500000,169412.9843750000,0.0000000000,0.0000000000,0.0000000000,0.0000000000,,,
4.9959999919,39,213904.2968750000,215504.2656250000,225000.0000000000,198787.2031250000,0.0000000000,0.0000000000,0.0000000000,0.0000000000,,,
4.9999999919,39,225000.0000000000,217331.5468750000,225000.0000000000,225000.0000000000,0.0000000000,0.0000000000,0.0000000000,0.0000000000,,,
5.0039999918,39,225000.0000000000,217762.7031250000,225000.0000000000,225000.0000000000,0.0000000000,0.0000000000,0.0000000000,0.0000000000,,,
5.0079999918,39,220140.7031250000,216150.5625000000,225000.0000000000,218080.4687500000,0.0000000000,0.0000000000,0.0000000000,0.0000000000,,,
5.0119999917,39,201710.8437500000,214754.0781250000,223688.0312500000,169466.6875000000,0.0000000000,0.0000000000,0.0000000000,0.0000000000,,,
5.0159999919,39,213726.9218750000,215480.2500000000,225000.0000000000,198424.0312500000,0.0000000000,0.0000000000,0.0000000000,0.0000000000,,,
5.0199999919,39,225000.0000000000,217300.5937500000,225000.0000000000,225000.0000000000,0.0000000000,0.0000000000,0.0000000000,0.0000000000,,,
5.0239999918,39,225000.0000000000,217737.3281250000,225000.0000000000,225000.0000000000,0.0000000000,0.0000000000,0.0000000000,0.0000000000,,,
5.0279999918,39,220277.9531250000,216131.9531250000,225000.0000000000,218417.9218750000,0.0000000000,0.0000000000,0.0000000000,0.0000000000,,,
5.0319999917,39,201682.5312500000,214727.8125000000,223730.2656250000,169566.2656250000,0.0000000000,0.0000000000,0.0000000000,0.0000000000,,,
5.0359999919,39,213559.5000000000,215440.2343750000,225000.0000000000,198117.6718750000,0.0000000000,0.0000000000,0.0000000000,0.0000000000,,,
5.0399999919,39,225000.0000000000,217256.9687500000,225000.0000000000,225000.0000000000,0.0000000000,0.0000000000,0.0000000000,0.0000000000,,,
5.0439999918,39,225000.0000000000,217711.0000000000,225000.0000000000,225000.0000000000,0.0000000000,0.0000000000,0.0000000000,0.0000000000,,,
5.0479999918,39,220397.2187500000,216115.1562500000,225000.0000000000,218703.7343750000,0.0000000000,0.0000000000,0.0000000000,0.0000000000,,,
5.0519999918,39,201656.2187500000,214707.6093750000,223756.4218750000,169660.2031250000,0.0000000000,0.0000000000,0.0000000000,0.0000000000,,,
5.0559999917,39,213393.0312500000,215426.3437500000,225000.0000000000,197796.6406250000,0.0000000000,0.0000000000,0.0000000000,0.0000000000,,,
5.0599999919,39,225000.0000000000,217271.4843750000,225000.0000000000,225000.0000000000,0.0000000000,0.0000000000,0.0000000000,0.0000000000,,,
5.0639999919,39,225000.0000000000,217761.1562500000,225000.0000000000,225000.0000000000,0.0000000000,0.0000000000,0.0000000000,0.0000000000,,,
5.0679999918,39,220561.3750000000,216188.2968750000,225000.0000000000,219064.7343750000,0.0000000000,0.0000000000,0.0000000000,0.0000000000,,,
5.0719999918,39,201671.8906250000,214784.0625000000,223815.9375000000,169793.5156250000,0.0000000000,0.0000000000,0.0000000000,0.0000000000,,,
5.0759999917,39,213248.3281250000,215497.3906250000,225000.0000000000,197482.7968750000,0.0000000000,0.0000000000,0.0000000000,0.0000000000,,,
5.0799999919,39,225000.0000000000,217341.9218750000,225000.0000000000,225000.0000000000,0.0000000000,0.0000000000,0.0000000000,0.0000000000,,,
5.0839999919,39,225000.0000000000,217836.4687500000,225000.0000000000,225000.0000000000,0.0000000000,0.0000000000,0.0000000000,0.0000000000,,,
5.0879999918,39,220719.2812500000,216264.1250000000,225000.0000000000,219361.7656250000,0.0000000000,0.0000000000,0.0000000000,0.0000000000,,,
5.0919999918,39,201676.9062500000,214840.2031250000,223827.5000000000,169901.1718750000,0.0000000000,0.0000000000,0.0000000000,0.0000000000,,,
5.0959999918,39,213101.7187500000,215521.5000000000,225000.0000000000,197154.3750000000,0.0000000000,0.0000000000,0.0000000000,0.0000000000,,,
5.0999999917,39,225000.0000000000,217349.9218750000,225000.0000000000,225000.0000000000,0.0000000000,0.0000000000,0.0000000000,0.0000000000,,,
5.1039999919,39,225000.0000000000,217847.1718750000,225000.0000000000,225000.0000000000,0.0000000000,0.0000000000,0.0000000000,0.0000000000,,,
5.1079999919,39,220869.8593750000,216273.1875000000,225000.0000000000,219679.6562500000,0.0000000000,0.0000000000,0.0000000000,0.0000000000,,,
5.1119999918,39,201664.5468750000,214833.3281250000,223837.3125000000,169993.7656250000,0.0000000000,0.0000000000,0.0000000000,0.0000000000,,,
5.1159999918,39,212943.4531250000,215501.1250000000,225000.0000000000,196831.9843750000,0.0000000000,0.0000000000,0.0000000000,0.0000000000,,,
5.1199999917,40,225000.0000000000,217328.8593750000,225000.0000000000,225000.0000000000,0.0000000000,0.0000000000,0.0000000000,0.0000000000,,,
5.1239999917,40,225000.0000000000,217839.0156250000,225000.0000000000,225000.0000000000,0.0000000000,0.0000000000,0.0000000000,0.0000000000,,,
5.1279999916,40,221015.2343750000,216269.5781250000,225000.0000000000,219963.9218750000,0.0000000000,0.0000000000,0.0000000000,0.0000000000,,,
5.1319999916,40,201671.8593750000,214821.4531250000,223870.7656250000,170098.2343750000,0.0000000000,0.0000000000,0.0000000000,0.0000000000,,,
5.1359999916,40,212803.7343750000,215476.6562500000,225000.0000000000,196504.2656250000,0.0000000000,0.0000000000,0.0000000000,0.0000000000,,,
5.1399999915,40,225000.0000000000,217309.0312500000,225000.0000000000,225000.0000000000,0.0000000000,0.0000000000,0.0000000000,0.0000000000,,,
5.1439999917,40,225000.0000000000,217836.2031250000,225000.0000000000,225000.0000000000,0.0000000000,0.0000000000,0.0000000000,0.0000000000,,,
5.1479999917,40,221191.4218750000,216277.7500000000,225000.0000000000,220238.3281250000,0.0000000000,0.0000000000,0.0000000000,0.0000000000,,,
5.1519999916,40,201761.5625000000,214823.7343750000,223944.0468750000,170198.9062500000,0.0000000000,0.0000000000,0.0000000000,0.0000000000,,,
5.1559999916,40,212727.2656250000,215463.5156250000,225000.0000000000,196181.8125000000,0.0000000000,0.0000000000,0.0000000000,0.0000000000,,,
5.1599999915,40,225000.0000000000,217284.4218750000,225000.0000000000,225000.0000000000,0.0000000000,0.0000000000,0.0000000000,0.0000000000,,,
5.1639999917,40,225000.0000000000,217808.1093750000,225000.0000000000,225000.0000000000,0.0000000000,0.0000000000,0.0000000000,0.0000000000,,,
5.1679999917,40,221369.5781250000,216246.7187500000,225000.0000000000,220525.3281250000,0.0000000000,0.0000000000,0.0000000000,0.0000000000,,,
5.1719999916,40,201847.1718750000,214783.5156250000,224017.9062500000,170320.5625000000,0.0000000000,0.0000000000,0.0000000000,0.0000000000,,,
5.1759999916,40,212627.5625000000,215407.5156250000,225000.0000000000,195868.2031250000,0.0000000000,0.0000000000,0.0000000000,0.0000000000,,,
5.1799999916,40,225000.0000000000,217220.3125000000,225000.0000000000,225000.0000000000,0.0000000000,0.0000000000,0.0000000000,0.0000000000,,,
5.1839999915,40,225000.0000000000,217759.5937500000,225000.0000000000,225000.0000000000,0.0000000000,0.0000000000,0.0000000000,0.0000000000,,,
5.1879999917,40,221544.6718750000,216214.0781250000,225000.0000000000,220850.8437500000,0.0000000000,0.0000000000,0.0000000000,0.0000000000,,,
5.1919999917,40,201921.8437500000,214743.0156250000,224092.2343750000,170442.5468750000,0.0000000000,0.0000000000,0.0000000000,0.0000000000,,,
5.1959999916,40,212512.1250000000,215357.5937500000,225000.0000000000,195526.3281250000,0.0000000000,0.0000000000,0.0000000000,0.0000000000,,,
5.1999999916,40,225000.0000000000,217177.5781250000,225000.0000000000,225000.0000000000,0.0000000000,0.0000000000,0.0000000000,0.0000000000,,,
5.2039999915,40,225000.0000000000,217731.7031250000,225000.0000000000,225000.0000000000,0.0000000000,0.0000000000,0.0000000000,0.0000000000,,,
5.2079999917,40,221711.1093750000,216199.2187500000,225000.0000000000,221154.5468750000,0.0000000000,0.0000000000,0.0000000000,0.0000000000,,,
5.2119999917,40,202001.8281250000,214725.9843750000,224159.3125000000,170579.1093750000,0.0000000000,0.0000000000,0.0000000000,0.0000000000,,,
5.2159999916,40,212403.6562500000,215330.9687500000,225000.0000000000,195209.0781250000,0.0000000000,0.0000000000,0.0000000000,0.0000000000,,,
5.2199999916,40,225000.0000000000,217158.3437500000,225000.0000000000,225000.0000000000,0.0000000000,0.0000000000,0.0000000000,0.0000000000,,,
5.2239999915,40,225000.0000000000,217727.5625000000,225000.0000000000,225000.0000000000,0.0000000000,0.0000000000,0.0000000000,0.0000000000,,,
5.2279999915,40,221873.3750000000,216197.9843750000,225000.0000000000,221456.2187500000,0.0000000000,0.0000000000,0.0000000000,0.0000000000,,,
5.2319999917,40,202084.8750000000,214713.3750000000,224235.8125000000,170713.2343750000,0.0000000000,0.0000000000,0.0000000000,0.0000000000,,,
5.2359999917,40,212315.8125000000,215305.4531250000,225000.0000000000,194909.7500000000,0.0000000000,0.0000000000,0.0000000000,0.0000000000,,,
5.2399999916,40,225000.0000000000,217128.9531250000,225000.0000000000,225000.0000000000,0.0000000000,0.0000000000,0.0000000000,0.0000000000,,,
5.2439999916,40,225000.0000000000,217709.8593750000,225000.0000000000,225000.0000000000,0.0000000000,0.0000000000,0.0000000000,0.0000000000,,,
5.2479999915,41,222032.4843750000,216188.2500000000,225000.0000000000,221759.7656250000,0.0000000000,0.0000000000,0.0000000000,0.0000000000,,,
5.2519999915,41,202157.7500000000,214695.2031250000,224318.0781250000,170872.3437500000,0.0000000000,0.0000000000,0.0000000000,0.0000000000,,,
5.2559999914,41,212216.6250000000,215280.7812500000,225000.0000000000,194632.7500000000,0.0000000000,0.0000000000,0.0000000000,0.0000000000,,,
5.2599999914,41,225000.0000000000,217106.5000000000,225000.0000000000,225000.0000000000,0.0000000000,0.0000000000,0.0000000000,0.0000000000,,,
5.2639999914,41,225000.0000000000,217701.1562500000,225000.0000000000,225000.0000000000,0.0000000000,0.0000000000,0.0000000000,0.0000000000,,,
5.2679999913,41,222182.6718750000,216185.0312500000,225000.0000000000,222038.2031250000,0.0000000000,0.0000000000,0.0000000000,0.0000000000,,,
5.2719999915,41,202214.6875000000,214687.8750000000,224387.8125000000,171019.8437500000,0.0000000000,0.0000000000,0.0000000000,0.0000000000,,,
5.2759999915,41,212102.8750000000,215268.8906250000,225000.0000000000,194334.3593750000,0.0000000000,0.0000000000,0.0000000000,0.0000000000,,,
5.2799999914,41,225000.0000000000,217103.7343750000,225000.0000000000,225000.0000000000,0.0000000000,0.0000000000,0.0000000000,0.0000000000,,,
5.2839999914,41,225000.0000000000,217710.8281250000,225000.0000000000,225000.0000000000,0.0000000000,0.0000000000,0.0000000000,0.0000000000,,,
5.2879999913,41,222334.9843750000,216203.4843750000,225000.0000000000,222333.6406250000,0.0000000000,0.0000000000,0.0000000000,0.0000000000,,,
5.2919999915,41,202268.0156250000,214696.1562500000,224441.3593750000,171159.0468750000,0.0000000000,0.0000000000,0.0000000000,0.0000000000,,,
5.2959999915,41,211978.3906250000,215256.3906250000,225000.0000000000,194017.0781250000,0.0000000000,0.0000000000,0.0000000000,0.0000000000,,,
5.2999999914,41,225000.0000000000,217081.7500000000,225000.0000000000,225000.0000000000,0.0000000000,0.0000000000,0.0000000000,0.0000000000,,,
5.3039999914,41,225000.0000000000,217699.1875000000,225000.0000000000,225000.0000000000,0.0000000000,0.0000000000,0.0000000000,0.0000000000,,,
5.3079999913,41,222485.4843750000,216198.2500000000,225000.0000000000,222614.7656250000,0.0000000000,0.0000000000,0.0000000000,0.0000000000,,,
5.3119999913,41,202317.7187500000,214677.1718750000,224479.4218750000,171282.1562500000,0.0000000000,0.0000000000,0.0000000000,0.0000000000,,,
5.3159999915,41,211848.2812500000,215219.2812500000,225000.0000000000,193682.4531250000,0.0000000000,0.0000000000,0.0000000000,0.0000000000,,,
5.3199999915,41,225000.0000000000,217042.4062500000,225000.0000000000,225000.0000000000,0.0000000000,0.0000000000,0.0000000000,0.0000000000,,,
5.3239999914,41,225000.0000000000,217670.5156250000,225000.0000000000,225000.0000000000,0.0000000000,0.0000000000,0.0000000000,0.0000000000,,,
5.3279999914,41,222629.1250000000,216182.9687500000,225000.0000000000,222894.0937500000,0.0000000000,0.0000000000,0.0000000000,0.0000000000,,,
5.3319999913,41,202376.8281250000,214660.1093750000,224528.9062500000,171421.1875000000,0.0000000000,0.0000000000,0.0000000000,0.0000000000,,,
5.3359999915,41,211774.1093750000,215201.3906250000,225000.0000000000,193428.4687500000,0.0000000000,0.0000000000,0.0000000000,0.0000000000,,,
5.3399999915,41,225000.0000000000,217036.0468750000,225000.0000000000,225000.0000000000,0.0000000000,0.0000000000,0.0000000000,0.0000000000,,,
5.3439999914,41,225000.0000000000,217681.3750000000,225000.0000000000,225000.0000000000,0.0000000000,0.0000000000,0.0000000000,0.0000000000,,,
5.3479999914,41,222771.7656250000,216204.7187500000,225000.0000000000,223156.6250000000,0.0000000000,0.0000000000,0.0000000000,0.0000000000,,,
5.3519999913,41,202433.5781250000,214680.7968750000,224551.5625000000,171539.6562500000,0.0000000000,0.0000000000,0.0000000000,0.0000000000,,,
5.3559999913,41,211618.6718750000,215213.4843750000,225000.0000000000,193019.3750000000,0.0000000000,0.0000000000,0.0000000000,0.0000000000,,,
5.3599999915,41,225000.0000000000,217047.3281250000,225000.0000000000,225000.0000000000,0.0000000000,0.0000000000,0.0000000000,0.0000000000,,,
5.3639999914,41,225000.0000000000,217703.2187500000,225000.0000000000,225000.0000000000,0.0000000000,0.0000000000,0.0000000000,0.0000000000,,,
5.3679999914,41,222939.0156250000,216227.2812500000,225000.0000000000,223468.7812500000,0.0000000000,0.0000000000,0.0000000000,0.0000000000,,,
5.3719999914,41,202492.3593750000,214685.5937500000,224601.2656250000,171691.9843750000,0.0000000000,0.0000000000,0.0000000000,0.0000000000,,,
5.3759999913,42,211490.9687500000,215194.6718750000,225000.0000000000,192714.2187500000,0.0000000000,0.0000000000,0.0000000000,0.0000000000,,,
5.3799999913,42,225000.0000000000,217022.7656250000,225000.0000000000,225000.0000000000,0.0000000000,0.0000000000,0.0000000000,0.0000000000,,,
5.3839999912,42,225000.0000000000,217689.5312500000,225000.0000000000,225000.0000000000,0.0000000000,0.0000000000,0.0000000000,0.0000000000,,,
5.3879999912,42,223071.6093750000,216223.3593750000,225000.0000000000,223710.5625000000,0.0000000000,0.0000000000,0.0000000000,0.0000000000,,,
5.3919999911,42,202540.3125000000,214675.6406250000,224657.2187500000,171849.1562500000,0.0000000000,0.0000000000,0.0000000000,0.0000000000,,,
5.3959999911,42,211373.7343750000,215180.1406250000,225000.0000000000,192420.8437500000,0.0000000000,0.0000000000,0.0000000000,0.0000000000,,,
5.3999999913,42,225000.0000000000,217012.2187500000,225000.0000000000,225000.0000000000,0.0000000000,0.0000000000,0.0000000000,0.0000000000,,,
5.4039999912,42,225000.0000000000,217694.2343750000,225000.0000000000,225000.0000000000,0.0000000000,0.0000000000,0.0000000000,0.0000000000,,,
5.4079999912,42,223220.2031250000,216236.1875000000,225000.0000000000,224027.3281250000,0.0000000000,0.0000000000,0.0000000000,0.0000000000,,,
5.4119999912,42,202622.5000000000,214680.9062500000,224741.2812500000,172032.9062500000,0.0000000000,0.0000000000,0.0000000000,0.0000000000,,,
5.4159999911,42,211268.0625000000,215169.3593750000,225000.0000000000,192129.5781250000,0.0000000000,0.0000000000,0.0000000000,0.0000000000,,,
5.4199999913,42,225000.0000000000,216993.6562500000,225000.0000000000,225000.0000000000,0.0000000000,0.0000000000,0.0000000000,0.0000000000,,,
5.4239999913,42,225000.0000000000,217684.5937500000,225000.0000000000,225000.0000000000,0.0000000000,0.0000000000,0.0000000000,0.0000000000,,,
5.4279999912,42,223367.0000000000,216226.2031250000,225000.0000000000,224306.8437500000,0.0000000000,0.0000000000,0.0000000000,0.0000000000,,,
5.4319999912,42,202689.5781250000,214656.0625000000,224801.2812500000,172200.6875000000,0.0000000000,0.0000000000,0.0000000000,0.0000000000,,,
5.4359999911,42,211151.9218750000,215132.9375000000,225000.0000000000,191825.6875000000,0.0000000000,0.0000000000,0.0000000000,0.0000000000,,,
5.4399999911,42,225000.0000000000,216962.1250000000,225000.0000000000,225000.0000000000,0.0000000000,0.0000000000,0.0000000000,0.0000000000,,,
5.4439999913,42,225000.0000000000,217665.8437500000,225000.0000000000,225000.0000000000,0.0000000000,0.0000000000,0.0000000000,0.0000000000,,,
5.4479999912,42,223519.7500000000,216221.3281250000,225000.0000000000,224615.4843750000,0.0000000000,0.0000000000,0.0000000000,0.0000000000,,,
5.4519999912,42,202770.9843750000,214650.6718750000,224867.9375000000,172381.8125000000,0.0000000000,0.0000000000,0.0000000000,0.0000000000,,,
5.4559999912,42,211055.0156250000,215123.2187500000,225000.0000000000,191524.1250000000,0.0000000000,0.0000000000,0.0000000000,0.0000000000,,,
5.4599999911,42,225000.0000000000,216952.1718750000,225000.0000000000,225000.0000000000,0.0000000000,0.0000000000,0.0000000000,0.0000000000,,,
5.4639999913,42,225000.0000000000,217664.6718750000,225000.0000000000,225000.0000000000,0.0000000000,0.0000000000,0.0000000000,0.0000000000,,,
5.4679999913,42,223676.8750000000,216224.9687500000,225000.0000000000,224891.7968750000,0.0000000000,0.0000000000,0.0000000000,0.0000000000,,,
5.4719999912,42,202854.4531250000,214647.4062500000,224953.2343750000,172567.6093750000,0.0000000000,0.0000000000,0.0000000000,0.0000000000,,,
5.4759999912,42,210953.8593750000,215102.7031250000,225000.0000000000,191241.1250000000,0.0000000000,0.0000000000,0.0000000000,0.0000000000,,,
5.4799999911,42,225000.0000000000,216928.9375000000,225000.0000000000,225000.0000000000,0.0000000000,0.0000000000,0.0000000000,0.0000000000,,,
5.4839999911,42,225000.0000000000,217658.2656250000,225000.0000000000,225000.0000000000,0.0000000000,0.0000000000,0.0000000000,0.0000000000,,,
5.4879999913,42,223841.9843750000,216234.2968750000,225000.0000000000,225000.0000000000,0.0000000000,0.0000000000,0.0000000000,0.0000000000,,,
5.4919999912,42,202944.8437500000,214650.1406250000,225000.0000000000,172738.5781250000,0.0000000000,0.0000000000,0.0000000000,0.0000000000,,,
5.4959999912,42,210864.4062500000,215091.8125000000,225000.0000000000,190931.5156250000,0.0000000000,0.0000000000,0.0000000000,0.0000000000,,,
5.4999999912,42,225000.0000000000,216914.4062500000,225000.0000000000,225000.0000000000,0.0000000000,0.0000000000,0.0000000000,0.0000000000,,,
5.5039999911,43,225000.0000000000,217653.3593750000,225000.0000000000,225000.0000000000,0.0000000000,0.0000000000,0.0000000000,0.0000000000,,,
5.5079999911,43,223993.2031250000,216238.7812500000,225000.0000000000,225000.0000000000,0.0000000000,0.0000000000,0.0000000000,0.0000000000,,,
5.5119999910,43,203020.3750000000,214653.3750000000,225000.0000000000,172894.7031250000,0.0000000000,0.0000000000,0.0000000000,0.0000000000,,,
5.5159999910,43,210769.5937500000,215084.0625000000,225000.0000000000,190637.4218750000,0.0000000000,0.0000000000,0.0000000000,0.0000000000,,,
5.5199999909,43,225000.0000000000,216905.8437500000,225000.0000000000,225000.0000000000,0.0000000000,0.0000000000,0.0000000000,0.0000000000,,,
5.5239999909,43,225000.0000000000,217653.3593750000,225000.0000000000,225000.0000000000,0.0000000000,0.0000000000,0.0000000000,0.0000000000,,,
5.5279999911,43,224158.6250000000,216244.2500000000,225000.0000000000,225000.0000000000,0.0000000000,0.0000000000,0.0000000000,0.0000000000,,,
5.5319999910,43,203091.2812500000,214651.1562500000,225000.0000000000,173039.7812500000,0.0000000000,0.0000000000,0.0000000000,0.0000000000,,,
5.5359999910,43,210665.8281250000,215070.6562500000,225000.0000000000,190307.0468750000,0.0000000000,0.0000000000,0.0000000000,0.0000000000,,,
5.5399999910,43,225000.0000000000,216896.6250000000,225000.0000000000,225000.0000000000,0.0000000000,0.0000000000,0.0000000000,0.0000000000,,,
5.5439999909,43,225000.0000000000,217661.2187500000,225000.0000000000,225000.0000000000,0.0000000000,0.0000000000,0.0000000000,0.0000000000,,,
5.5479999911,43,224319.4531250000,216260.9687500000,225000.0000000000,225000.0000000000,0.0000000000,0.0000000000,0.0000000000,0.0000000000,,,
5.5519999911,43,203168.9375000000,214660.0312500000,225000.0000000000,173189.7500000000,0.0000000000,0.0000000000,0.0000000000,0.0000000000,,,
5.5559999910,43,210577.6562500000,215066.9843750000,225000.0000000000,190014.2812500000,0.0000000000,0.0000000000,0.0000000000,0.0000000000,,,
5.5599999910,43,225000.0000000000,216890.2656250000,225000.0000000000,225000.0000000000,0.0000000000,0.0000000000,0.0000000000,0.0000000000,,,
5.5639999909,43,225000.0000000000,217662.1250000000,225000.0000000000,225000.0000000000,0.0000000000,0.0000000000,0.0000000000,0.0000000000,,,
5.5679999909,43,224467.6406250000,216265.1718750000,225000.0000000000,225000.0000000000,0.0000000000,0.0000000000,0.0000000000,0.0000000000,,,
5.5719999911,43,203229.5625000000,214648.7343750000,225000.0000000000,173353.9843750000,0.0000000000,0.0000000000,0.0000000000,0.0000000000,,,
5.5759999910,43,210456.6875000000,215040.7187500000,225000.0000000000,189698.6093750000,0.0000000000,0.0000000000,0.0000000000,0.0000000000,,,
5.5799999910,43,225000.0000000000,216867.1093750000,225000.0000000000,225000.0000000000,0.0000000000,0.0000000000,0.0000000000,0.0000000000,,,
5.5839999910,43,225000.0000000000,217660.0312500000,225000.0000000000,225000.0000000000,0.0000000000,0.0000000000,0.0000000000,0.0000000000,,,
5.5879999909,43,224617.1718750000,216282.2031250000,225000.0000000000,225000.0000000000,0.0000000000,0.0000000000,0.0000000000,0.0000000000,,,
5.5919999911,43,203296.1250000000,214668.9843750000,225000.0000000000,173529.2343750000,0.0000000000,0.0000000000,0.0000000000,0.0000000000,,,
5.5959999911,43,210346.5625000000,215052.3906250000,225000.0000000000,189379.9687500000,0.0000000000,0.0000000000,0.0000000000,0.0000000000,,,
5.5999999910,43,225000.0000000000,216874.3281250000,225000.0000000000,225000.0000000000,0.0000000000,0.0000000000,0.0000000000,0.0000000000,,,
5.6039999910,43,225000.0000000000,217670.1718750000,225000.0000000000,225000.0000000000,0.0000000000,0.0000000000,0.0000000000,0.0000000000,,,
5.6079999909,43,224749.3750000000,216290.8906250000,225000.0000000000,225000.0000000000,0.0000000000,0.0000000000,0.0000000000,0.0000000000,,,
5.6119999909,43,203336.2343750000,214667.3906250000,225000.0000000000,173671.4531250000,0.0000000000,0.0000000000,0.0000000000,0.0000000000,,,
5.6159999911,43,210217.6250000000,215043.0312500000,225000.0000000000,189067.9531250000,0.0000000000,0.0000000000,0.0000000000,0.0000000000,,,
5.6199999910,43,225000.0000000000,216868.2500000000,225000.0000000000,225000.0000000000,0.0000000000,0.0000000000,0.0000000000,0.0000000000,,,
5.6239999910,43,225000.0000000000,217683.8281250000,225000.0000000000,225000.0000000000,0.0000000000,0.0000000000,0.0000000000,0.0000000000,,,
5.6279999909,43,224867.0781250000,216313.1562500000,225000.0000000000,225000.0000000000,0.0000000000,0.0000000000,0.0000000000,0.0000000000,,,
5.6319999909,44,203366.8125000000,214677.5781250000,225000.0000000000,173816.0937500000,0.0000000000,0.0000000000,0.0000000000,0.0000000000,,,
5.6359999909,44,210076.6406250000,215035.1093750000,225000.0000000000,188739.5156250000,0.0000000000,0.0000000000,0.0000000000,0.0000000000,,,
5.6399999908,44,225000.0000000000,216849.4375000000,225000.0000000000,225000.0000000000,0.0000000000,0.0000000000,0.0000000000,0.0000000000,,,
5.6439999908,44,225000.0000000000,217665.3906250000,225000.0000000000,225000.0000000000,0.0000000000,0.0000000000,0.0000000000,0.0000000000,,,
5.6479999907,44,224973.4843750000,216301.2500000000,225000.0000000000,225000.0000000000,0.0000000000,0.0000000000,0.0000000000,0.0000000000,,,
5.6519999907,44,203391.4843750000,214658.2656250000,225000.0000000000,173933.2031250000,0.0000000000,0.0000000000,0.0000000000,0.0000000000,,,
5.6559999909,44,209936.1875000000,215009.5468750000,225000.0000000000,188388.8906250000,0.0000000000,0.0000000000,0.0000000000,0.0000000000,,,
5.6599999908,44,225000.0000000000,216840.5156250000,225000.0000000000,225000.0000000000,0.0000000000,0.0000000000,0.0000000000,0.0000000000,,,
5.6639999908,44,225000.0000000000,217686.0468750000,225000.0000000000,225000.0000000000,0.0000000000,0.0000000000,0.0000000000,0.0000000000,,,
5.6679999908,44,225000.0000000000,216339.4218750000,225000.0000000000,225000.0000000000,0.0000000000,0.0000000000,0.0000000000,0.0000000000,,,
5.6719999907,44,203428.5156250000,214694.0468750000,225000.0000000000,174013.6406250000,0.0000000000,0.0000000000,0.0000000000,0.0000000000,,,
5.6759999909,44,209810.1718750000,215033.5312500000,225000.0000000000,188035.0625000000,0.0000000000,0.0000000000,0.0000000000,0.0000000000,,,
5.6799999909,44,225000.0000000000,216860.0937500000,225000.0000000000,225000.0000000000,0.0000000000,0.0000000000,0.0000000000,0.0000000000,,,
5.6839999908,44,225000.0000000000,217708.1718750000,225000.0000000000,225000.0000000000,0.0000000000,0.0000000000,0.0000000000,0.0000000000,,,
5.6879999908,44,225000.0000000000,216365.1093750000,225000.0000000000,225000.0000000000,0.0000000000,0.0000000000,0.0000000000,0.0000000000,,,
5.6919999907,44,203510.2500000000,214713.5781250000,225000.0000000000,174211.3750000000,0.0000000000,0.0000000000,0.0000000000,0.0000000000,,,
5.6959999907,44,209730.7968750000,215036.6093750000,225000.0000000000,187776.0312500000,0.0000000000,0.0000000000,0.0000000000,0.0000000000,,,
5.6999999909,44,225000.0000000000,216853.4843750000,225000.0000000000,225000.0000000000,0.0000000000,0.0000000000,0.0000000000,0.0000000000,,,
5.7039999908,44,225000.0000000000,217706.6406250000,225000.0000000000,225000.0000000000,0.0000000000,0.0000000000,0.0000000000,0.0000000000,,,
5.7079999908,44,225000.0000000000,216371.2500000000,225000.0000000000,225000.0000000000,0.0000000000,0.0000000000,0.0000000000,0.0000000000,,,
5.7119999907,44,203601.5468750000,214709.8125000000,225000.0000000000,174432.8281250000,0.0000000000,0.0000000000,0.0000000000,0.0000000000,,,
5.7159999907,44,209651.7031250000,215022.4843750000,225000.0000000000,187534.7187500000,0.0000000000,0.0000000000,0.0000000000,0.0000000000,,,
5.7199999909,44,225000.0000000000,216842.4687500000,225000.0000000000,225000.0000000000,0.0000000000,0.0000000000,0.0000000000,0.0000000000,,,
5.7239999908,44,225000.0000000000,217710.2656250000,225000.0000000000,225000.0000000000,0.0000000000,0.0000000000,0.0000000000,0.0000000000,,,
5.7279999908,44,225000.0000000000,216381.9843750000,225000.0000000000,225000.0000000000,0.0000000000,0.0000000000,0.0000000000,0.0000000000,,,
5.7319999908,44,203696.9843750000,214715.2656250000,225000.0000000000,174647.8593750000,0.0000000000,0.0000000000,0.0000000000,0.0000000000,,,
5.7359999907,44,209566.7812500000,215013.4375000000,225000.0000000000,187252.1406250000,0.0000000000,0.0000000000,0.0000000000,0.0000000000,,,
5.7399999907,44,225000.0000000000,216830.4843750000,225000.0000000000,225000.0000000000,0.0000000000,0.0000000000,0.0000000000,0.0000000000,,,
5.7439999909,44,225000.0000000000,217708.9531250000,225000.0000000000,225000.0000000000,0.0000000000,0.0000000000,0.0000000000,0.0000000000,,,
5.7479999908,44,225000.0000000000,216388.1875000000,225000.0000000000,225000.0000000000,0.0000000000,0.0000000000,0.0000000000,0.0000000000,,,
5.7519999908,44,203791.1562500000,214713.5468750000,225000.0000000000,174869.5312500000,0.0000000000,0.0000000000,0.0000000000,0.0000000000,,,
5.7559999907,44,209499.2968750000,215001.6406250000,225000.0000000000,187036.6093750000,0.0000000000,0.0000000000,0.0000000000,0.0000000000,,,
5.7599999907,45,225000.0000000000,216818.2500000000,225000.0000000000,225000.0000000000,0.0000000000,0.0000000000,0.0000000000,0.0000000000,,,
5.7639999907,45,225000.0000000000,217706.1875000000,225000.0000000000,225000.0000000000,0.0000000000,0.0000000000,0.0000000000,0.0000000000,,,
5.7679999906,45,225000.0000000000,216394.2500000000,225000.0000000000,225000.0000000000,0.0000000000,0.0000000000,0.0000000000,0.0000000000,,,
5.7719999906,45,203879.1562500000,214710.2500000000,225000.0000000000,175294.1250000000,0.0000000000,0.0000000000,0.0000000000,0.0000000000,,,
5.7759999905,45,209415.1093750000,214984.9531250000,225000.0000000000,187027.6718750000,0.0000000000,0.0000000000,0.0000000000,0.0000000000,,,
5.7799999905,45,225000.0000000000,216802.9531250000,225000.0000000000,225000.0000000000,0.0000000000,0.0000000000,0.0000000000,0.0000000000,,,
5.7839999907,45,225000.0000000000,217703.6718750000,225000.0000000000,225000.0000000000,0.0000000000,0.0000000000,0.0000000000,0.0000000000,,,
5.7879999906,45,225000.0000000000,216401.1406250000,225000.0000000000,225000.0000000000,0.0000000000,0.0000000000,0.0000000000,0.0000000000,,,
5.7919999906,45,203973.2812500000,214711.7656250000,225000.0000000000,175667.7656250000,0.0000000000,0.0000000000,0.0000000000,0.0000000000,,,
5.7959999905,45,209331.9843750000,214972.7812500000,225000.0000000000,186920.1875000000,0.0000000000,0.0000000000,0.0000000000,0.0000000000,,,
5.7999999905,45,225000.0000000000,216789.1250000000,225000.0000000000,225000.0000000000,0.0000000000,0.0000000000,0.0000000000,0.0000000000,,,
5.8039999907,45,225000.0000000000,217696.7187500000,225000.0000000000,225000.0000000000,0.0000000000,0.0000000000,0.0000000000,0.0000000000,,,
5.8079999906,45,225000.0000000000,216393.5781250000,225000.0000000000,225000.0000000000,0.0000000000,0.0000000000,0.0000000000,0.0000000000,,,
5.8119999906,45,204048.2187500000,214693.4531250000,225000.0000000000,176020.1718750000,0.0000000000,0.0000000000,0.0000000000,0.0000000000,,,
5.8159999906,45,209232.3906250000,214938.3437500000,225000.0000000000,186806.0156250000,0.0000000000,0.0000000000,0.0000000000,0.0000000000,,,
5.8199999905,45,225000.0000000000,216750.7656250000,225000.0000000000,225000.0000000000,0.0000000000,0.0000000000,0.0000000000,0.0000000000,,,
5.8239999905,45,225000.0000000000,217675.4062500000,225000.0000000000,225000.0000000000,0.0000000000,0.0000000000,0.0000000000,0.0000000000,,,
5.8279999907,45,225000.0000000000,216388.3437500000,225000.0000000000,225000.0000000000,0.0000000000,0.0000000000,0.0000000000,0.0000000000,,,
5.8319999906,45,204121.4687500000,214687.5312500000,225000.0000000000,176349.1250000000,0.0000000000,0.0000000000,0.0000000000,0.0000000000,,,
5.8359999906,45,209135.5468750000,214927.1562500000,225000.0000000000,186654.5781250000,0.0000000000,0.0000000000,0.0000000000,0.0000000000,,,
5.8399999905,45,225000.0000000000,216741.5312500000,225000.0000000000,225000.0000000000,0.0000000000,0.0000000000,0.0000000000,0.0000000000,,,
5.8439999905,45,225000.0000000000,217671.2187500000,225000.0000000000,225000.0000000000,0.0000000000,0.0000000000,0.0000000000,0.0000000000,,,
5.8479999907,45,225000.0000000000,216382.5781250000,225000.0000000000,225000.0000000000,0.0000000000,0.0000000000,0.0000000000,0.0000000000,,,
5.8519999906,45,204193.0000000000,214666.0156250000,225000.0000000000,176648.0625000000,0.0000000000,0.0000000000,0.0000000000,0.0000000000,,,
5.8559999906,45,209027.1718750000,214886.5000000000,225000.0000000000,186462.0000000000,0.0000000000,0.0000000000,0.0000000000,0.0000000000,,,
5.8599999906,45,225000.0000000000,216691.7031250000,225000.0000000000,225000.0000000000,0.0000000000,0.0000000000,0.0000000000,0.0000000000,,,
5.8639999905,45,225000.0000000000,217634.6250000000,225000.0000000000,225000.0000000000,0.0000000000,0.0000000000,0.0000000000,0.0000000000,,,
5.8679999905,45,225000.0000000000,216359.0468750000,225000.0000000000,225000.0000000000,0.0000000000,0.0000000000,0.0000000000,0.0000000000,,,
5.8719999907,45,204254.1406250000,214640.0781250000,225000.0000000000,176914.7500000000,0.0000000000,0.0000000000,0.0000000000,0.0000000000,,,
5.8759999906,45,208914.0468750000,214857.1562500000,225000.0000000000,186230.8593750000,0.0000000000,0.0000000000,0.0000000000,0.0000000000,,,
5.8799999906,45,225000.0000000000,216673.8593750000,225000.0000000000,225000.0000000000,0.0000000000,0.0000000000,0.0000000000,0.0000000000,,,
5.8839999905,45,225000.0000000000,217637.1562500000,225000.0000000000,225000.0000000000,0.0000000000,0.0000000000,0.0000000000,0.0000000000,,,
5.8879999905,46,225000.0000000000,216373.7187500000,225000.0000000000,225000.0000000000,0.0000000000,0.0000000000,0.0000000000,0.0000000000,,,
5.8919999904,46,204322.0937500000,214650.8125000000,225000.0000000000,177165.7500000000,0.0000000000,0.0000000000,0.0000000000,0.0000000000,,,
5.8959999904,46,208805.1406250000,214851.8906250000,225000.0000000000,185986.5156250000,0.0000000000,0.0000000000,0.0000000000,0.0000000000,,,
5.8999999904,46,225000.0000000000,216660.9843750000,225000.0000000000,225000.0000000000,0.0000000000,0.0000000000,0.0000000000,0.0000000000,,,
5.9039999903,46,225000.0000000000,217627.4375000000,225000.0000000000,225000.0000000000,0.0000000000,0.0000000000,0.0000000000,0.0000000000,,,
5.9079999903,46,225000.0000000000,216368.1406250000,225000.0000000000,225000.0000000000,0.0000000000,0.0000000000,0.0000000000,0.0000000000,,,
5.9119999905,46,204377.3593750000,214634.5000000000,225000.0000000000,177389.4531250000,0.0000000000,0.0000000000,0.0000000000,0.0000000000,,,
5.9159999904,46,208686.7812500000,214820.2656250000,225000.0000000000,185727.7343750000,0.0000000000,0.0000000000,0.0000000000,0.0000000000,,,
5.9199999904,46,225000.0000000000,216624.9687500000,225000.0000000000,225000.0000000000,0.0000000000,0.0000000000,0.0000000000,0.0000000000,,,
5.9239999903,46,225000.0000000000,217602.6562500000,225000.0000000000,225000.0000000000,0.0000000000,0.0000000000,0.0000000000,0.0000000000,,,
5.9279999903,46,225000.0000000000,216353.9843750000,225000.0000000000,225000.0000000000,0.0000000000,0.0000000000,0.0000000000,0.0000000000,,,
5.9319999905,46,204437.2187500000,214612.4218750000,225000.0000000000,177632.1875000000,0.0000000000,0.0000000000,0.0000000000,0.0000000000,,,
5.9359999904,46,208562.2187500000,214783.0625000000,225000.0000000000,185472.6562500000,0.0000000000,0.0000000000,0.0000000000,0.0000000000,,,
5.9399999904,46,225000.0000000000,216591.5156250000,225000.0000000000,225000.0000000000,0.0000000000,0.0000000000,0.0000000000,0.0000000000,,,
5.9439999904,46,225000.0000000000,217596.7031250000,225000.0000000000,225000.0000000000,0.0000000000,0.0000000000,0.0000000000,0.0000000000,,,
5.9479999903,46,225000.0000000000,216379.7812500000,225000.0000000000,225000.0000000000,0.0000000000,0.0000000000,0.0000000000,0.0000000000,,,
5.9519999903,46,204506.4687500000,214655.0937500000,225000.0000000000,177920.2343750000,0.0000000000,0.0000000000,0.0000000000,0.0000000000,,,
5.9559999905,46,208476.2812500000,214837.0312500000,225000.0000000000,185316.2343750000,0.0000000000,0.0000000000,0.0000000000,0.0000000000,,,
5.9599999904,46,225000.0000000000,216661.0625000000,225000.0000000000,225000.0000000000,0.0000000000,0.0000000000,0.0000000000,0.0000000000,,,
5.9639999904,46,225000.0000000000,217685.0000000000,225000.0000000000,225000.0000000000,0.0000000000,0.0000000000,0.0000000000,0.0000000000,,,
5.9679999903,46,225000.0000000000,216478.0156250000,225000.0000000000,225000.0000000000,0.0000000000,0.0000000000,0.0000000000,0.0000000000,,,
5.9719999903,46,204601.5625000000,214744.9062500000,225000.0000000000,178222.3750000000,0.0000000000,0.0000000000,0.0000000000,0.0000000000,,,
5.9759999905,46,208386.1562500000,214900.0937500000,225000.0000000000,185109.7500000000,0.0000000000,0.0000000000,0.0000000000,0.0000000000,,,
5.9799999904,46,225000.0000000000,216705.5625000000,225000.0000000000,225000.0000000000,0.0000000000,0.0000000000,0.0000000000,0.0000000000,,,
5.9839999904,46,225000.0000000000,217726.7656250000,225000.0000000000,225000.0000000000,0.0000000000,0.0000000000,0.0000000000,0.0000000000,,,
5.9879999903,46,225000.0000000000,216515.9843750000,225000.0000000000,225000.0000000000,0.0000000000,0.0000000000,0.0000000000,0.0000000000,,,
5.9919999903,46,204666.3125000000,214759.2187500000,225000.0000000000,178463.4531250000,0.0000000000,0.0000000000,0.0000000000,0.0000000000,,,
5.9959999903,46,208279.2656250000,214896.5781250000,225000.0000000000,184865.2187500000,0.0000000000,0.0000000000,0.0000000000,0.0000000000,,,
5.9999999905,46,225000.0000000000,216698.4843750000,225000.0000000000,225000.0000000000,0.0000000000,0.0000000000,0.0000000000,0.0000000000,,,
6.0039999904,46,225000.0000000000,217725.9843750000,225000.0000000000,225000.0000000000,0.0000000000,0.0000000000,0.0000000000,0.0000000000,,,
6.0079999904,46,225000.0000000000,216520.9843750000,225000.0000000000,225000.0000000000,0.0000000000,0.0000000000,0.0000000000,0.0000000000,,,
6.0119999903,46,204741.7343750000,214765.3593750000,225000.0000000000,178717.3750000000,0.0000000000,0.0000000000,0.0000000000,0.0000000000,,,
6.0159999903,47,208184.7968750000,214900.3906250000,225000.0000000000,184636.2187500000,0.0000000000,0.0000000000,0.0000000000,0.0000000000,,,
6.0199999902,47,225000.0000000000,216711.1406250000,225000.0000000000,225000.0000000000,0.0000000000,0.0000000000,0.0000000000,0.0000000000,,,
6.0239999902,47,225000.0000000000,217761.9531250000,225000.0000000000,225000.0000000000,0.0000000000,0.0000000000,0.0000000000,0.0000000000,,,
6.0279999902,47,225000.0000000000,216573.1250000000,225000.0000000000,225000.0000000000,0.0000000000,0.0000000000,0.0000000000,0.0000000000,,,
6.0319999901,47,204840.9687500000,214810.2656250000,225000.0000000000,179046.5468750000,0.0000000000,0.0000000000,0.0000000000,0.0000000000,,,
6.0359999901,47,208107.4531250000,214925.3906250000,225000.0000000000,184488.7656250000,0.0000000000,0.0000000000,0.0000000000,0.0000000000,,,
6.0399999903,47,225000.0000000000,216727.5625000000,225000.0000000000,225000.0000000000,0.0000000000,0.0000000000,0.0000000000,0.0000000000,,,
6.0439999902,47,225000.0000000000,217779.1718750000,225000.0000000000,225000.0000000000,0.0000000000,0.0000000000,0.0000000000,0.0000000000,,,
6.0479999902,47,225000.0000000000,216586.7500000000,225000.0000000000,225000.0000000000,0.0000000000,0.0000000000,0.0000000000,0.0000000000,,,
6.0519999901,47,204947.2656250000,214808.0156250000,225000.0000000000,179394.3750000000,0.0000000000,0.0000000000,0.0000000000,0.0000000000,,,
6.0559999901,47,208047.1562500000,214905.2656250000,225000.0000000000,184382.0000000000,0.0000000000,0.0000000000,0.0000000000,0.0000000000,,,
6.0599999903,47,225000.0000000000,216697.0937500000,225000.0000000000,225000.0000000000,0.0000000000,0.0000000000,0.0000000000,0.0000000000,,,
6.0639999902,47,225000.0000000000,217754.9843750000,225000.0000000000,225000.0000000000,0.0000000000,0.0000000000,0.0000000000,0.0000000000,,,
6.0679999902,47,225000.0000000000,216567.8593750000,225000.0000000000,225000.0000000000,0.0000000000,0.0000000000,0.0000000000,0.0000000000,,,
6.0719999901,47,205044.9062500000,214782.3125000000,225000.0000000000,179725.4062500000,0.0000000000,0.0000000000,0.0000000000,0.0000000000,,,
6.0759999901,47,207968.7031250000,214866.3750000000,225000.0000000000,184227.5312500000,0.0000000000,0.0000000000,0.0000000000,0.0000000000,,,
6.0799999901,47,225000.0000000000,216658.5937500000,225000.0000000000,225000.0000000000,0.0000000000,0.0000000000,0.0000000000,0.0000000000,,,
6.0839999903,47,225000.0000000000,217732.0156250000,225000.0000000000,225000.0000000000,0.0000000000,0.0000000000,0.0000000000,0.0000000000,,,
6.0879999902,47,225000.0000000000,216566.3906250000,225000.0000000000,225000.0000000000,0.0000000000,0.0000000000,0.0000000000,0.0000000000,,,
6.0919999902,47,205157.7500000000,214793.5781250000,225000.0000000000,180040.6718750000,0.0000000000,0.0000000000,0.0000000000,0.0000000000,,,
6.0959999901,47,207919.1250000000,214877.6406250000,225000.0000000000,184098.6406250000,0.0000000000,0.0000000000,0.0000000000,0.0000000000,,,
6.0999999901,47,225000.0000000000,216670.8281250000,225000.0000000000,225000.0000000000,0.0000000000,0.0000000000,0.0000000000,0.0000000000,,,
6.1039999903,47,225000.0000000000,217759.7500000000,225000.0000000000,225000.0000000000,0.0000000000,0.0000000000,0.0000000000,0.0000000000,,,
6.1079999902,47,225000.0000000000,216606.4531250000,225000.0000000000,225000.0000000000,0.0000000000,0.0000000000,0.0000000000,0.0000000000,,,
6.1119999902,47,205267.4218750000,214816.5468750000,225000.0000000000,180359.7500000000,0.0000000000,0.0000000000,0.0000000000,0.0000000000,,,
6.1159999901,47,207851.9687500000,214878.3125000000,225000.0000000000,183938.0312500000,0.0000000000,0.0000000000,0.0000000000,0.0000000000,,,
6.1199999901,47,225000.0000000000,216667.9062500000,225000.0000000000,225000.0000000000,0.0000000000,0.0000000000,0.0000000000,0.0000000000,,,
6.1239999901,47,225000.0000000000,217763.0000000000,225000.0000000000,225000.0000000000,0.0000000000,0.0000000000,0.0000000000,0.0000000000,,,
6.1279999902,47,225000.0000000000,216609.8125000000,225000.0000000000,225000.0000000000,0.0000000000,0.0000000000,0.0000000000,0.0000000000,,,
6.1319999902,47,205360.3906250000,214806.9687500000,225000.0000000000,180762.0312500000,0.0000000000,0.0000000000,0.0000000000,0.0000000000,,,
6.1359999902,47,207778.0156250000,214854.1718750000,225000.0000000000,183902.5781250000,0.0000000000,0.0000000000,0.0000000000,0.0000000000,,,
6.1399999901,47,225000.0000000000,216636.7187500000,225000.0000000000,225000.0000000000,0.0000000000,0.0000000000,0.0000000000,0.0000000000,,,
6.1439999901,48,225000.0000000000,217737.3281250000,225000.0000000000,225000.0000000000,0.0000000000,0.0000000000,0.0000000000,0.0000000000,,,
6.1479999900,48,225000.0000000000,216594.1250000000,225000.0000000000,225000.0000000000,0.0000000000,0.0000000000,0.0000000000,0.0000000000,,,
6.1519999900,48,205449.8125000000,214790.9062500000,225000.0000000000,181117.7187500000,0.0000000000,0.0000000000,0.0000000000,0.0000000000,,,
6.1559999899,48,207683.2343750000,214825.3906250000,225000.0000000000,183755.7187500000,0.0000000000,0.0000000000,0.0000000000,0.0000000000,,,
6.1599999899,48,225000.0000000000,216610.1562500000,225000.0000000000,225000.0000000000,0.0000000000,0.0000000000,0.0000000000,0.0000000000,,,
6.1639999899,48,225000.0000000000,217728.4218750000,225000.0000000000,225000.0000000000,0.0000000000,0.0000000000,0.0000000000,0.0000000000,,,
6.1679999901,48,225000.0000000000,216596.2656250000,225000.0000000000,225000.0000000000,0.0000000000,0.0000000000,0.0000000000,0.0000000000,,,
6.1719999900,48,205527.8281250000,214788.3437500000,225000.0000000000,181452.0625000000,0.0000000000,0.0000000000,0.0000000000,0.0000000000,,,
6.1759999900,48,207595.0468750000,214813.7968750000,225000.0000000000,183612.4375000000,0.0000000000,0.0000000000,0.0000000000,0.0000000000,,,
6.1799999899,48,225000.0000000000,216599.4843750000,225000.0000000000,225000.0000000000,0.0000000000,0.0000000000,0.0000000000,0.0000000000,,,
6.1839999899,48,225000.0000000000,217728.2343750000,225000.0000000000,225000.0000000000,0.0000000000,0.0000000000,0.0000000000,0.0000000000,,,
6.1879999901,48,225000.0000000000,216605.8750000000,225000.0000000000,225000.0000000000,0.0000000000,0.0000000000,0.0000000000,0.0000000000,,,
6.1919999900,48,205613.5000000000,214792.7812500000,225000.0000000000,181777.6562500000,0.0000000000,0.0000000000,0.0000000000,0.0000000000,,,
6.1959999900,48,207514.0156250000,214805.7812500000,225000.0000000000,183473.3750000000,0.0000000000,0.0000000000,0.0000000000,0.0000000000,,,
6.1999999899,48,225000.0000000000,216584.4375000000,225000.0000000000,225000.0000000000,0.0000000000,0.0000000000,0.0000000000,0.0000000000,,,
6.2039999899,48,225000.0000000000,217720.9375000000,225000.0000000000,225000.0000000000,0.0000000000,0.0000000000,0.0000000000,0.0000000000,,,
6.2079999899,48,225000.0000000000,216598.8437500000,225000.0000000000,225000.0000000000,0.0000000000,0.0000000000,0.0000000000,0.0000000000,,,
6.2119999900,48,205690.8281250000,214772.9531250000,225000.0000000000,182066.3125000000,0.0000000000,0.0000000000,0.0000000000,0.0000000000,,,
6.2159999900,48,207415.2031250000,214767.8125000000,225000.0000000000,183283.6562500000,0.0000000000,0.0000000000,0.0000000000,0.0000000000,,,
6.2199999900,48,225000.0000000000,216541.0937500000,225000.0000000000,225000.0000000000,0.0000000000,0.0000000000,0.0000000000,0.0000000000,,,
6.2239999899,48,225000.0000000000,217685.7031250000,225000.0000000000,225000.0000000000,0.0000000000,0.0000000000,0.0000000000,0.0000000000,,,
6.2279999899,48,225000.0000000000,216579.3906250000,225000.0000000000,225000.0000000000,0.0000000000,0.0000000000,0.0000000000,0.0000000000,,,
6.2319999901,48,205765.3437500000,214756.5468750000,225000.0000000000,182361.5625000000,0.0000000000,0.0000000000,0.0000000000,0.0000000000,,,
6.2359999900,48,207316.5781250000,214748.0312500000,225000.0000000000,183101.0468750000,0.0000000000,0.0000000000,0.0000000000,0.0000000000,,,
6.2399999900,48,225000.0000000000,216529.7812500000,225000.0000000000,225000.0000000000,0.0000000000,0.0000000000,0.0000000000,0.0000000000,,,
6.2439999899,48,225000.0000000000,217700.6718750000,225000.0000000000,225000.0000000000,0.0000000000,0.0000000000,0.0000000000,0.0000000000,,,
6.2479999899,48,225000.0000000000,216611.8281250000,225000.0000000000,225000.0000000000,0.0000000000,0.0000000000,0.0000000000,0.0000000000,,,
6.2519999899,48,205826.2031250000,214780.1406250000,225000.0000000000,182627.1093750000,0.0000000000,0.0000000000,0.0000000000,0.0000000000,,,
6.2559999900,48,207206.3906250000,214756.9687500000,225000.0000000000,182897.1562500000,0.0000000000,0.0000000000,0.0000000000,0.0000000000,,,
6.2599999900,48,225000.0000000000,216527.3281250000,225000.0000000000,225000.0000000000,0.0000000000,0.0000000000,0.0000000000,0.0000000000,,,
6.2639999900,48,225000.0000000000,217694.6250000000,225000.0000000000,225000.0000000000,0.0000000000,0.0000000000,0.0000000000,0.0000000000,,,
6.2679999899,48,225000.0000000000,216610.1093750000,225000.0000000000,225000.0000000000,0.0000000000,0.0000000000,0.0000000000,0.0000000000,,,
6.2719999899,49,205880.7031250000,214774.0312500000,225000.0000000000,182876.7343750000,0.0000000000,0.0000000000,0.0000000000,0.0000000000,,,
6.2759999898,49,207091.7187500000,214737.5000000000,225000.0000000000,182684.0156250000,0.0000000000,0.0000000000,0.0000000000,0.0000000000,,,
6.2799999898,49,225000.0000000000,216508.4843750000,225000.0000000000,225000.0000000000,0.0000000000,0.0000000000,0.0000000000,0.0000000000,,,
6.2839999897,49,225000.0000000000,217693.3437500000,225000.0000000000,225000.0000000000,0.0000000000,0.0000000000,0.0000000000,0.0000000000,,,
6.2879999897,49,225000.0000000000,216624.8906250000,225000.0000000000,225000.0000000000,0.0000000000,0.0000000000,0.0000000000,0.0000000000,,,
6.2919999897,49,205960.3906250000,214784.3750000000,225000.0000000000,183163.8750000000,0.0000000000,0.0000000000,0.0000000000,0.0000000000,,,
6.2959999898,49,207003.1093750000,214736.9375000000,225000.0000000000,182493.3437500000,0.0000000000,0.0000000000,0.0000000000,0.0000000000,,,
6.2999999898,49,225000.0000000000,216509.9843750000,225000.0000000000,225000.0000000000,0.0000000000,0.0000000000,0.0000000000,0.0000000000,,,
6.3039999898,49,225000.0000000000,217707.6406250000,225000.0000000000,225000.0000000000,0.0000000000,0.0000000000,0.0000000000,0.0000000000,,,
6.3079999897,49,225000.0000000000,216648.6562500000,225000.0000000000,225000.0000000000,0.0000000000,0.0000000000,0.0000000000,0.0000000000,,,
6.3119999897,49,206060.3125000000,214802.4375000000,225000.0000000000,183457.1093750000,0.0000000000,0.0000000000,0.0000000000,0.0000000000,,,
6.3159999899,49,206932.0781250000,214736.7187500000,225000.0000000000,182330.3437500000,0.0000000000,0.0000000000,0.0000000000,0.0000000000,,,
6.3199999898,49,225000.0000000000,216503.5468750000,225000.0000000000,225000.0000000000,0.0000000000,0.0000000000,0.0000000000,0.0000000000,,,
6.3239999898,49,225000.0000000000,217705.3906250000,225000.0000000000,225000.0000000000,0.0000000000,0.0000000000,0.0000000000,0.0000000000,,,
6.3279999897,49,225000.0000000000,216651.7812500000,225000.0000000000,225000.0000000000,0.0000000000,0.0000000000,0.0000000000,0.0000000000,,,
6.3319999897,49,206149.6718750000,214804.0625000000,225000.0000000000,183734.2343750000,0.0000000000,0.0000000000,0.0000000000,0.0000000000,,,
6.3359999896,49,206859.3437500000,214735.9687500000,225000.0000000000,182137.5468750000,0.0000000000,0.0000000000,0.0000000000,0.0000000000,,,
6.3399999898,49,225000.0000000000,216505.3593750000,225000.0000000000,225000.0000000000,0.0000000000,0.0000000000,0.0000000000,0.0000000000,,,
6.3439999898,49,225000.0000000000,217719.8750000000,225000.0000000000,225000.0000000000,0.0000000000,0.0000000000,0.0000000000,0.0000000000,,,
6.3479999898,49,225000.0000000000,216673.0000000000,225000.0000000000,225000.0000000000,0.0000000000,0.0000000000,0.0000000000,0.0000000000,,,
6.3519999897,49,206237.9843750000,214812.6718750000,225000.0000000000,183974.9687500000,0.0000000000,0.0000000000,0.0000000000,0.0000000000,,,
6.3559999897,49,206770.1250000000,214724.4531250000,225000.0000000000,181901.6406250000,0.0000000000,0.0000000000,0.0000000000,0.0000000000,,,
6.3599999899,49,225000.0000000000,216487.0000000000,225000.0000000000,225000.0000000000,0.0000000000,0.0000000000,0.0000000000,0.0000000000,,,
6.3639999898,49,225000.0000000000,217712.5156250000,225000.0000000000,225000.0000000000,0.0000000000,0.0000000000,0.0000000000,0.0000000000,,,
6.3679999898,49,225000.0000000000,216680.5156250000,225000.0000000000,225000.0000000000,0.0000000000,0.0000000000,0.0000000000,0.0000000000,,,
6.3719999897,49,206322.6250000000,214820.9062500000,225000.0000000000,184203.7812500000,0.0000000000,0.0000000000,0.0000000000,0.0000000000,,,
6.3759999897,49,206686.5156250000,214718.4062500000,225000.0000000000,181670.0156250000,0.0000000000,0.0000000000,0.0000000000,0.0000000000,,,
6.3799999896,49,225000.0000000000,216475.5156250000,225000.0000000000,225000.0000000000,0.0000000000,0.0000000000,0.0000000000,0.0000000000,,,
6.3839999898,49,225000.0000000000,217710.6406250000,225000.0000000000,225000.0000000000,0.0000000000,0.0000000000,0.0000000000,0.0000000000,,,
6.3879999898,49,225000.0000000000,216686.8750000000,225000.0000000000,225000.0000000000,0.0000000000,0.0000000000,0.0000000000,0.0000000000,,,
6.3919999897,49,206401.6250000000,214821.8437500000,225000.0000000000,184435.6406250000,0.0000000000,0.0000000000,0.0000000000,0.0000000000,,,
6.3959999897,49,206611.4218750000,214709.1718750000,225000.0000000000,181471.9843750000,0.0000000000,0.0000000000,0.0000000000,0.0000000000,,,
6.3999999897,50,225000.0000000000,216458.5625000000,225000.0000000000,225000.0000000000,0.0000000000,0.0000000000,0.0000000000,0.0000000000,,,
6.4039999896,50,225000.0000000000,217699.6406250000,225000.0000000000,225000.0000000000,0.0000000000,0.0000000000,0.0000000000,0.0000000000,,,
6.4079999896,50,225000.0000000000,216695.9843750000,225000.0000000000,225000.0000000000,0.0000000000,0.0000000000,0.0000000000,0.0000000000,,,
6.4119999895,50,206496.0000000000,214835.5312500000,225000.0000000000,184696.0312500000,0.0000000000,0.0000000000,0.0000000000,0.0000000000,,,
6.4159999895,50,206531.4375000000,214715.8281250000,225000.0000000000,181230.8281250000,0.0000000000,0.0000000000,0.0000000000,0.0000000000,,,
6.4199999894,50,225000.0000000000,216470.0468750000,225000.0000000000,225000.0000000000,0.0000000000,0.0000000000,0.0000000000,0.0000000000,,,
6.4239999896,50,225000.0000000000,217732.3437500000,225000.0000000000,225000.0000000000,0.0000000000,0.0000000000,0.0000000000,0.0000000000,,,
6.4279999896,50,225000.0000000000,216740.1406250000,225000.0000000000,225000.0000000000,0.0000000000,0.0000000000,0.0000000000,0.0000000000,,,
6.4319999896,50,206579.3125000000,214880.0312500000,225000.0000000000,184865.1406250000,0.0000000000,0.0000000000,0.0000000000,0.0000000000,,,
6.4359999895,50,206449.6875000000,214757.2968750000,225000.0000000000,180934.6250000000,0.0000000000,0.0000000000,0.0000000000,0.0000000000,,,
6.4399999895,50,225000.0000000000,216516.3125000000,225000.0000000000,225000.0000000000,0.0000000000,0.0000000000,0.0000000000,0.0000000000,,,
6.4439999897,50,225000.0000000000,217792.3906250000,225000.0000000000,225000.0000000000,0.0000000000,0.0000000000,0.0000000000,0.0000000000,,,
6.4479999896,50,225000.0000000000,216820.6093750000,225000.0000000000,225000.0000000000,0.0000000000,0.0000000000,0.0000000000,0.0000000000,,,
6.4519999896,50,206656.5625000000,214962.2656250000,225000.0000000000,184959.1562500000,0.0000000000,0.0000000000,0.0000000000,0.0000000000,,,
6.4559999895,50,206344.6250000000,214823.1875000000,225000.0000000000,180540.8281250000,0.0000000000,0.0000000000,0.0000000000,0.0000000000,,,
6.4599999895,50,225000.0000000000,216573.4218750000,225000.0000000000,225000.0000000000,0.0000000000,0.0000000000,0.0000000000,0.0000000000,,,
6.4639999894,50,225000.0000000000,217858.0625000000,225000.0000000000,225000.0000000000,0.0000000000,0.0000000000,0.0000000000,0.0000000000,,,
6.4679999896,50,225000.0000000000,216892.4375000000,225000.0000000000,225000.0000000000,0.0000000000,0.0000000000,0.0000000000,0.0000000000,,,
6.4719999896,50,206699.4531250000,215028.1093750000,225000.0000000000,184997.1562500000,0.0000000000,0.0000000000,0.0000000000,0.0000000000,,,
6.4759999895,50,206227.8906250000,214877.3750000000,225000.0000000000,180139.2812500000,0.0000000000,0.0000000000,0.0000000000,0.0000000000,,,
6.4799999895,50,225000.0000000000,216616.3593750000,225000.0000000000,225000.0000000000,0.0000000000,0.0000000000,0.0000000000,0.0000000000,,,
6.4839999895,50,225000.0000000000,217899.5781250000,225000.0000000000,225000.0000000000,0.0000000000,0.0000000000,0.0000000000,0.0000000000,,,
6.4879999897,50,225000.0000000000,216937.8125000000,225000.0000000000,225000.0000000000,0.0000000000,0.0000000000,0.0000000000,0.0000000000,,,
6.4919999896,50,206776.9062500000,215065.2656250000,225000.0000000000,185186.8437500000,0.0000000000,0.0000000000,0.0000000000,0.0000000000,,,
6.4959999896,50,206135.4062500000,214898.6093750000,225000.0000000000,179852.0312500000,0.0000000000,0.0000000000,0.0000000000,0.0000000000,,,
6.4999999895,50,225000.0000000000,216633.2343750000,225000.0000000000,225000.0000000000,0.0000000000,0.0000000000,0.0000000000,0.0000000000,,,
6.5039999895,50,225000.0000000000,217932.4062500000,225000.0000000000,225000.0000000000,0.0000000000,0.0000000000,0.0000000000,0.0000000000,,,
6.5079999894,50,225000.0000000000,216987.9531250000,225000.0000000000,225000.0000000000,0.0000000000,0.0000000000,0.0000000000,0.0000000000,,,
6.5119999896,50,206851.2031250000,215114.0781250000,225000.0000000000,185348.8750000000,0.0000000000,0.0000000000,0.0000000000,0.0000000000,,,
6.5159999896,50,206057.7656250000,214937.1875000000,225000.0000000000,179602.1093750000,0.0000000000,0.0000000000,0.0000000000,0.0000000000,,,
6.5199999895,50,225000.0000000000,216664.3906250000,225000.0000000000,225000.0000000000,0.0000000000,0.0000000000,0.0000000000,0.0000000000,,,
6.5239999895,50,225000.0000000000,217961.4531250000,225000.0000000000,225000.0000000000,0.0000000000,0.0000000000,0.0000000000,0.0000000000,,,
6.5279999895,51,225000.0000000000,217018.7343750000,225000.0000000000,225000.0000000000,0.0000000000,0.0000000000,0.0000000000,0.0000000000,,,
6.5319999894,51,206953.4843750000,215134.6250000000,225000.0000000000,185618.2500000000,0.0000000000,0.0000000000,0.0000000000,0.0000000000,,,
6.5359999894,51,205976.1406250000,214932.0937500000,225000.0000000000,179372.6718750000,0.0000000000,0.0000000000,0.0000000000,0.0000000000,,,
6.5399999893,51,225000.0000000000,216649.7812500000,225000.0000000000,225000.0000000000,0.0000000000,0.0000000000,0.0000000000,0.0000000000,,,
6.5439999893,51,225000.0000000000,217960.4062500000,225000.0000000000,225000.0000000000,0.0000000000,0.0000000000,0.0000000000,0.0000000000,,,
6.5479999892,51,225000.0000000000,217032.5312500000,225000.0000000000,225000.0000000000,0.0000000000,0.0000000000,0.0000000000,0.0000000000,,,
6.5519999894,51,207053.7187500000,215145.3281250000,225000.0000000000,185912.8906250000,0.0000000000,0.0000000000,0.0000000000,0.0000000000,,,
6.5559999894,51,205914.3437500000,214929.1875000000,225000.0000000000,179224.2656250000,0.0000000000,0.0000000000,0.0000000000,0.0000000000,,,
6.5599999893,51,225000.0000000000,216637.3281250000,225000.0000000000,225000.0000000000,0.0000000000,0.0000000000,0.0000000000,0.0000000000,,,
6.5639999893,51,225000.0000000000,217952.6562500000,225000.0000000000,225000.0000000000,0.0000000000,0.0000000000,0.0000000000,0.0000000000,,,
6.5679999893,51,225000.0000000000,217029.6093750000,225000.0000000000,225000.0000000000,0.0000000000,0.0000000000,0.0000000000,0.0000000000,,,
6.5719999894,51,207159.1875000000,215132.9062500000,225000.0000000000,186254.0625000000,0.0000000000,0.0000000000,0.0000000000,0.0000000000,,,
6.5759999894,51,205852.0937500000,214901.5625000000,225000.0000000000,179109.4687500000,0.0000000000,0.0000000000,0.0000000000,0.0000000000,,,
6.5799999894,51,225000.0000000000,216605.0937500000,225000.0000000000,225000.0000000000,0.0000000000,0.0000000000,0.0000000000,0.0000000000,,,
6.5839999893,51,225000.0000000000,217928.9531250000,225000.0000000000,225000.0000000000,0.0000000000,0.0000000000,0.0000000000,0.0000000000,,,
6.5879999893,51,225000.0000000000,217018.9218750000,225000.0000000000,225000.0000000000,0.0000000000,0.0000000000,0.0000000000,0.0000000000,,,
6.5919999892,51,207278.6718750000,215121.9687500000,225000.0000000000,186597.5468750000,0.0000000000,0.0000000000,0.0000000000,0.0000000000,,,
6.5959999894,51,205806.4843750000,214878.2343750000,225000.0000000000,178995.1250000000,0.0000000000,0.0000000000,0.0000000000,0.0000000000,,,
6.5999999894,51,225000.0000000000,216576.1250000000,225000.0000000000,225000.0000000000,0.0000000000,0.0000000000,0.0000000000,0.0000000000,,,
6.6039999893,51,225000.0000000000,217900.9531250000,225000.0000000000,225000.0000000000,0.0000000000,0.0000000000,0.0000000000,0.0000000000,,,
6.6079999893,51,225000.0000000000,216995.9375000000,225000.0000000000,225000.0000000000,0.0000000000,0.0000000000,0.0000000000,0.0000000000,,,
6.6119999893,51,207388.2656250000,215091.5000000000,225000.0000000000,186934.7031250000,0.0000000000,0.0000000000,0.0000000000,0.0000000000,,,
6.6159999894,51,205746.6718750000,214834.1093750000,225000.0000000000,178882.4687500000,0.0000000000,0.0000000000,0.0000000000,0.0000000000,,,
6.6199999894,51,225000.0000000000,216528.4375000000,225000.0000000000,225000.0000000000,0.0000000000,0.0000000000,0.0000000000,0.0000000000,,,
6.6239999894,51,225000.0000000000,217868.4375000000,225000.0000000000,225000.0000000000,0.0000000000,0.0000000000,0.0000000000,0.0000000000,,,
6.6279999893,51,225000.0000000000,216977.1406250000,225000.0000000000,225000.0000000000,0.0000000000,0.0000000000,0.0000000000,0.0000000000,,,
6.6319999893,51,207510.5312500000,215068.4843750000,225000.0000000000,187299.3593750000,0.0000000000,0.0000000000,0.0000000000,0.0000000000,,,
6.6359999892,51,205688.1718750000,214797.1250000000,225000.0000000000,178740.0937500000,0.0000000000,0.0000000000,0.0000000000,0.0000000000,,,
6.6399999894,51,225000.0000000000,216481.8437500000,225000.0000000000,225000.0000000000,0.0000000000,0.0000000000,0.0000000000,0.0000000000,,,
6.6439999894,51,225000.0000000000,217829.0937500000,225000.0000000000,225000.0000000000,0.0000000000,0.0000000000,0.0000000000,0.0000000000,,,
6.6479999893,51,225000.0000000000,216943.4843750000,225000.0000000000,225000.0000000000,0.0000000000,0.0000000000,0.0000000000,0.0000000000,,,
6.6519999893,51,207614.7812500000,215033.5312500000,225000.0000000000,187633.9375000000,0.0000000000,0.0000000000,0.0000000000,0.0000000000,,,
6.6559999892,52,205635.0156250000,214754.2812500000,225000.0000000000,178646.7031250000,0.0000000000,0.0000000000,0.0000000000,0.0000000000,,,
6.6599999892,52,225000.0000000000,216442.6093750000,225000.0000000000,225000.0000000000,0.0000000000,0.0000000000,0.0000000000,0.0000000000,,,
6.6639999892,52,225000.0000000000,217804.1250000000,225000.0000000000,225000.0000000000,0.0000000000,0.0000000000,0.0000000000,0.0000000000,,,
6.6679999891,52,225000.0000000000,216941.2812500000,225000.0000000000,225000.0000000000,0.0000000000,0.0000000000,0.0000000000,0.0000000000,,,
6.6719999891,52,207733.7343750000,215032.6406250000,225000.0000000000,188007.9687500000,0.0000000000,0.0000000000,0.0000000000,0.0000000000,,,
6.6759999890,52,205580.9375000000,214739.5625000000,225000.0000000000,178556.2343750000,0.0000000000,0.0000000000,0.0000000000,0.0000000000,,,
6.6799999892,52,225000.0000000000,216421.7343750000,225000.0000000000,225000.0000000000,0.0000000000,0.0000000000,0.0000000000,0.0000000000,,,
6.6839999892,52,225000.0000000000,217791.8593750000,225000.0000000000,225000.0000000000,0.0000000000,0.0000000000,0.0000000000,0.0000000000,,,
6.6879999891,52,225000.0000000000,216932.4843750000,225000.0000000000,225000.0000000000,0.0000000000,0.0000000000,0.0000000000,0.0000000000,,,
6.6919999891,52,207839.9218750000,215017.4687500000,225000.0000000000,188356.5781250000,0.0000000000,0.0000000000,0.0000000000,0.0000000000,,,
6.6959999891,52,205516.7500000000,214709.7343750000,225000.0000000000,178459.7343750000,0.0000000000,0.0000000000,0.0000000000,0.0000000000,,,
6.6999999892,52,225000.0000000000,216390.3593750000,225000.0000000000,225000.0000000000,0.0000000000,0.0000000000,0.0000000000,0.0000000000,,,
6.7039999892,52,225000.0000000000,217770.8593750000,225000.0000000000,225000.0000000000,0.0000000000,0.0000000000,0.0000000000,0.0000000000,,,
6.7079999892,52,225000.0000000000,216927.5000000000,225000.0000000000,225000.0000000000,0.0000000000,0.0000000000,0.0000000000,0.0000000000,,,
6.7119999891,52,207951.6093750000,215015.2343750000,225000.0000000000,188722.2968750000,0.0000000000,0.0000000000,0.0000000000,0.0000000000,,,
6.7159999891,52,205460.0000000000,214701.7343750000,225000.0000000000,178363.0312500000,0.0000000000,0.0000000000,0.0000000000,0.0000000000,,,
6.7199999890,52,225000.0000000000,216374.8437500000,225000.0000000000,225000.0000000000,0.0000000000,0.0000000000,0.0000000000,0.0000000000,,,
6.7239999892,52,225000.0000000000,217767.0468750000,225000.0000000000,225000.0000000000,0.0000000000,0.0000000000,0.0000000000,0.0000000000,,,
6.7279999892,52,225000.0000000000,216934.2500000000,225000.0000000000,225000.0000000000,0.0000000000,0.0000000000,0.0000000000,0.0000000000,,,
6.7319999891,52,208046.6406250000,215015.1875000000,225000.0000000000,189066.0156250000,0.0000000000,0.0000000000,0.0000000000,0.0000000000,,,
6.7359999891,52,205376.9531250000,214685.5937500000,225000.0000000000,178225.5937500000,0.0000000000,0.0000000000,0.0000000000,0.0000000000,,,
6.7399999890,52,225000.0000000000,216356.6406250000,225000.0000000000,225000.0000000000,0.0000000000,0.0000000000,0.0000000000,0.0000000000,,,
6.7439999892,52,225000.0000000000,217757.6875000000,225000.0000000000,225000.0000000000,0.0000000000,0.0000000000,0.0000000000,0.0000000000,,,
6.7479999892,52,225000.0000000000,216937.0468750000,225000.0000000000,225000.0000000000,0.0000000000,0.0000000000,0.0000000000,0.0000000000,,,
6.7519999892,52,208148.1406250000,215019.7187500000,225000.0000000000,189392.2031250000,0.0000000000,0.0000000000,0.0000000000,0.0000000000,,,
6.7559999891,52,205303.1406250000,214678.0625000000,225000.0000000000,178068.1250000000,0.0000000000,0.0000000000,0.0000000000,0.0000000000,,,
6.7599999891,52,225000.0000000000,216339.5468750000,225000.0000000000,225000.0000000000,0.0000000000,0.0000000000,0.0000000000,0.0000000000,,,
6.7639999890,52,225000.0000000000,217747.9062500000,225000.0000000000,225000.0000000000,0.0000000000,0.0000000000,0.0000000000,0.0000000000,,,
6.7679999892,52,225000.0000000000,216942.7031250000,225000.0000000000,225000.0000000000,0.0000000000,0.0000000000,0.0000000000,0.0000000000,,,
6.7719999892,52,208238.6093750000,215020.6250000000,225000.0000000000,189702.6093750000,0.0000000000,0.0000000000,0.0000000000,0.0000000000,,,
6.7759999891,52,205212.7343750000,214661.7500000000,225000.0000000000,177883.4531250000,0.0000000000,0.0000000000,0.0000000000,0.0000000000,,,
6.7799999891,52,225000.0000000000,216319.6562500000,225000.0000000000,225000.0000000000,0.0000000000,0.0000000000,0.0000000000,0.0000000000,,,
6.7839999890,53,225000.0000000000,217734.7343750000,225000.0000000000,225000.0000000000,0.0000000000,0.0000000000,0.0000000000,0.0000000000,,,
6.7879999890,53,225000.0000000000,216935.7031250000,225000.0000000000,225000.0000000000,0.0000000000,0.0000000000,0.0000000000,0.0000000000,,,
6.7919999890,53,208340.7500000000,215012.4531250000,225000.0000000000,189990.8437500000,0.0000000000,0.0000000000,0.0000000000,0.0000000000,,,
6.7959999889,53,205157.0000000000,214648.1562500000,225000.0000000000,177737.6562500000,0.0000000000,0.0000000000,0.0000000000,0.0000000000,,,
6.7999999889,53,225000.0000000000,216297.4687500000,225000.0000000000,225000.0000000000,0.0000000000,0.0000000000,0.0000000000,0.0000000000,,,
6.8039999888,53,225000.0000000000,217723.0625000000,225000.0000000000,225000.0000000000,0.0000000000,0.0000000000,0.0000000000,0.0000000000,,,
6.8079999890,53,225000.0000000000,216942.1093750000,225000.0000000000,225000.0000000000,0.0000000000,0.0000000000,0.0000000000,0.0000000000,,,
6.8119999890,53,208444.6250000000,215015.4843750000,225000.0000000000,190294.6093750000,0.0000000000,0.0000000000,0.0000000000,0.0000000000,,,
6.8159999889,53,205072.4531250000,214631.7031250000,225000.0000000000,177545.8437500000,0.0000000000,0.0000000000,0.0000000000,0.0000000000,,,
6.8199999889,53,225000.0000000000,216277.1718750000,225000.0000000000,225000.0000000000,0.0000000000,0.0000000000,0.0000000000,0.0000000000,,,
6.8239999888,53,225000.0000000000,217713.0000000000,225000.0000000000,225000.0000000000,0.0000000000,0.0000000000,0.0000000000,0.0000000000,,,
6.8279999890,53,225000.0000000000,216944.1718750000,225000.0000000000,225000.0000000000,0.0000000000,0.0000000000,0.0000000000,0.0000000000,,,
6.8319999890,53,208536.7656250000,215018.7812500000,225000.0000000000,190572.3437500000,0.0000000000,0.0000000000,0.0000000000,0.0000000000,,,
6.8359999890,53,205000.6250000000,214628.5156250000,225000.0000000000,177378.2031250000,0.0000000000,0.0000000000,0.0000000000,0.0000000000,,,
6.8399999889,53,225000.0000000000,216271.9687500000,225000.0000000000,225000.0000000000,0.0000000000,0.0000000000,0.0000000000,0.0000000000,,,
6.8439999889,53,225000.0000000000,217718.5312500000,225000.0000000000,225000.0000000000,0.0000000000,0.0000000000,0.0000000000,0.0000000000,,,
6.8479999888,53,225000.0000000000,216961.8281250000,225000.0000000000,225000.0000000000,0.0000000000,0.0000000000,0.0000000000,0.0000000000,,,
6.8519999890,53,208655.8281250000,215029.8593750000,225000.0000000000,190898.0156250000,0.0000000000,0.0000000000,0.0000000000,0.0000000000,,,
6.8559999890,53,204945.7187500000,214616.7187500000,225000.0000000000,177237.6562500000,0.0000000000,0.0000000000,0.0000000000,0.0000000000,,,
6.8599999889,53,225000.0000000000,216243.4531250000,225000.0000000000,225000.0000000000,0.0000000000,0.0000000000,0.0000000000,0.0000000000,,,
6.8639999889,53,225000.0000000000,217691.5468750000,225000.0000000000,225000.0000000000,0.0000000000,0.0000000000,0.0000000000,0.0000000000,,,
6.8679999888,53,225000.0000000000,216943.4062500000,225000.0000000000,225000.0000000000,0.0000000000,0.0000000000,0.0000000000,0.0000000000,,,
6.8719999890,53,208758.7187500000,215015.3125000000,225000.0000000000,191209.3750000000,0.0000000000,0.0000000000,0.0000000000,0.0000000000,,,
6.8759999890,53,204883.2656250000,214594.9687500000,225000.0000000000,177101.8593750000,0.0000000000,0.0000000000,0.0000000000,0.0000000000,,,
6.8799999889,53,225000.0000000000,216219.3437500000,225000.0000000000,225000.0000000000,0.0000000000,0.0000000000,0.0000000000,0.0000000000,,,
6.8839999889,53,225000.0000000000,217680.9218750000,225000.0000000000,225000.0000000000,0.0000000000,0.0000000000,0.0000000000,0.0000000000,,,
6.8879999889,53,225000.0000000000,216953.3281250000,225000.0000000000,225000.0000000000,0.0000000000,0.0000000000,0.0000000000,0.0000000000,,,
6.8919999888,53,208870.9687500000,215023.7656250000,225000.0000000000,191521.0937500000,0.0000000000,0.0000000000,0.0000000000,0.0000000000,,,
6.8959999890,53,204809.2500000000,214585.1250000000,225000.0000000000,176906.8906250000,0.0000000000,0.0000000000,0.0000000000,0.0000000000,,,
6.8999999890,53,225000.0000000000,216196.5937500000,225000.0000000000,225000.0000000000,0.0000000000,0.0000000000,0.0000000000,0.0000000000,,,
6.9039999889,53,225000.0000000000,217664.0312500000,225000.0000000000,225000.0000000000,0.0000000000,0.0000000000,0.0000000000,0.0000000000,,,
6.9079999889,53,225000.0000000000,216945.0937500000,225000.0000000000,225000.0000000000,0.0000000000,0.0000000000,0.0000000000,0.0000000000,,,
6.9119999888,54,208963.0937500000,215008.9375000000,225000.0000000000,191769.5468750000,0.0000000000,0.0000000000,0.0000000000,0.0000000000,,,
6.9159999888,54,204734.2187500000,214553.4687500000,225000.0000000000,176718.2031250000,0.0000000000,0.0000000000,0.0000000000,0.0000000000,,,
6.9199999887,54,225000.0000000000,216158.9375000000,225000.0000000000,225000.0000000000,0.0000000000,0.0000000000,0.0000000000,0.0000000000,,,
6.9239999887,54,225000.0000000000,217633.6875000000,225000.0000000000,225000.0000000000,0.0000000000,0.0000000000,0.0000000000,0.0000000000,,,
6.9279999887,54,225000.0000000000,216927.0156250000,225000.0000000000,225000.0000000000,0.0000000000,0.0000000000,0.0000000000,0.0000000000,,,
6.9319999886,54,209071.6250000000,214995.2500000000,225000.0000000000,192066.0156250000,0.0000000000,0.0000000000,0.0000000000,0.0000000000,,,
6.9359999888,54,204671.9375000000,214533.5937500000,225000.0000000000,176542.1875000000,0.0000000000,0.0000000000,0.0000000000,0.0000000000,,,
6.9399999888,54,225000.0000000000,216133.1562500000,225000.0000000000,225000.0000000000,0.0000000000,0.0000000000,0.0000000000,0.0000000000,,,
6.9439999887,54,225000.0000000000,217623.9843750000,225000.0000000000,225000.0000000000,0.0000000000,0.0000000000,0.0000000000,0.0000000000,,,
6.9479999887,54,225000.0000000000,216937.2031250000,225000.0000000000,225000.0000000000,0.0000000000,0.0000000000,0.0000000000,0.0000000000,,,
6.9519999886,54,209173.9843750000,215013.7656250000,225000.0000000000,192360.3593750000,0.0000000000,0.0000000000,0.0000000000,0.0000000000,,,
6.9559999888,54,204606.0468750000,214551.4375000000,225000.0000000000,176382.4687500000,0.0000000000,0.0000000000,0.0000000000,0.0000000000,,,
6.9599999888,54,225000.0000000000,216161.7187500000,225000.0000000000,225000.0000000000,0.0000000000,0.0000000000,0.0000000000,0.0000000000,,,
6.9639999887,54,225000.0000000000,217673.1250000000,225000.0000000000,225000.0000000000,0.0000000000,0.0000000000,0.0000000000,0.0000000000,,,
6.9679999887,54,225000.0000000000,217016.7031250000,225000.0000000000,225000.0000000000,0.0000000000,0.0000000000,0.0000000000,0.0000000000,,,
6.9719999887,54,209282.0625000000,215105.8750000000,225000.0000000000,192686.0000000000,0.0000000000,0.0000000000,0.0000000000,0.0000000000,,,
6.9759999886,54,204553.5000000000,214637.2812500000,225000.0000000000,176251.0937500000,0.0000000000,0.0000000000,0.0000000000,0.0000000000,,,
6.9799999888,54,225000.0000000000,216237.0312500000,225000.0000000000,225000.0000000000,0.0000000000,0.0000000000,0.0000000000,0.0000000000,,,
6.9839999888,54,225000.0000000000,217744.7812500000,225000.0000000000,225000.0000000000,0.0000000000,0.0000000000,0.0000000000,0.0000000000,,,
6.9879999887,54,225000.0000000000,217083.7031250000,225000.0000000000,225000.0000000000,0.0000000000,0.0000000000,0.0000000000,0.0000000000,,,
6.9919999887,54,209400.0312500000,215156.8125000000,225000.0000000000,193005.5156250000,0.0000000000,0.0000000000,0.0000000000,0.0000000000,,,
6.9959999886,54,204496.0468750000,214654.2187500000,225000.0000000000,176101.9531250000,0.0000000000,0.0000000000,0.0000000000,0.0000000000,,,
6.9999999888,54,225000.0000000000,216226.4218750000,225000.0000000000,225000.0000000000,0.0000000000,0.0000000000,0.0000000000,0.0000000000,,,
7.0039999888,54,225000.0000000000,217729.6406250000,225000.0000000000,225000.0000000000,0.0000000000,0.0000000000,0.0000000000,0.0000000000,,,
7.0079999887,54,225000.0000000000,217074.4218750000,225000.0000000000,225000.0000000000,0.0000000000,0.0000000000,0.0000000000,0.0000000000,,,
7.0119999887,54,209486.6718750000,215145.3750000000,225000.0000000000,193285.0468750000,0.0000000000,0.0000000000,0.0000000000,0.0000000000,,,
7.0159999887,54,204409.9218750000,214642.9687500000,225000.0000000000,175919.7812500000,0.0000000000,0.0000000000,0.0000000000,0.0000000000,,,
7.0199999886,54,225000.0000000000,216224.4531250000,225000.0000000000,225000.0000000000,0.0000000000,0.0000000000,0.0000000000,0.0000000000,,,
7.0239999888,54,225000.0000000000,217751.0312500000,225000.0000000000,225000.0000000000,0.0000000000,0.0000000000,0.0000000000,0.0000000000,,,
7.0279999888,54,225000.0000000000,217116.1562500000,225000.0000000000,225000.0000000000,0.0000000000,0.0000000000,0.0000000000,0.0000000000,,,
7.0319999887,54,209591.9687500000,215178.7187500000,225000.0000000000,193599.8593750000,0.0000000000,0.0000000000,0.0000000000,0.0000000000,,,
7.0359999887,54,204334.7343750000,214652.0468750000,225000.0000000000,175785.4062500000,0.0000000000,0.0000000000,0.0000000000,0.0000000000,,,
7.0399999886,55,225000.0000000000,216226.6562500000,225000.0000000000,225000.0000000000,0.0000000000,0.0000000000,0.0000000000,0.0000000000,,,
7.0439999886,55,225000.0000000000,217761.6406250000,225000.0000000000,225000.0000000000,0.0000000000,0.0000000000,0.0000000000,0.0000000000,,,
7.0479999885,55,225000.0000000000,217135.1562500000,225000.0000000000,225000.0000000000,0.0000000000,0.0000000000,0.0000000000,0.0000000000,,,
7.0519999885,55,209705.3281250000,215193.0937500000,225000.0000000000,193910.4843750000,0.0000000000,0.0000000000,0.0000000000,0.0000000000,,,
7.0559999885,55,204277.6875000000,214649.8437500000,225000.0000000000,175650.9218750000,0.0000000000,0.0000000000,0.0000000000,0.0000000000,,,
7.0599999884,55,225000.0000000000,216211.5312500000,225000.0000000000,225000.0000000000,0.0000000000,0.0000000000,0.0000000000,0.0000000000,,,
7.0639999886,55,225000.0000000000,217744.8437500000,225000.0000000000,225000.0000000000,0.0000000000,0.0000000000,0.0000000000,0.0000000000,,,
7.0679999886,55,225000.0000000000,217123.8593750000,225000.0000000000,225000.0000000000,0.0000000000,0.0000000000,0.0000000000,0.0000000000,,,
7.0719999885,55,209812.7656250000,215177.4843750000,225000.0000000000,194200.8593750000,0.0000000000,0.0000000000,0.0000000000,0.0000000000,,,
7.0759999885,55,204195.1250000000,214615.4531250000,225000.0000000000,175442.4843750000,0.0000000000,0.0000000000,0.0000000000,0.0000000000,,,
7.0799999884,55,225000.0000000000,216161.9687500000,225000.0000000000,224763.4843750000,0.0000000000,0.0000000000,0.0000000000,0.0000000000,,,
7.0839999886,55,225000.0000000000,217701.9843750000,225000.0000000000,225000.0000000000,0.0000000000,0.0000000000,0.0000000000,0.0000000000,,,
7.0879999886,55,225000.0000000000,217101.7500000000,225000.0000000000,225000.0000000000,0.0000000000,0.0000000000,0.0000000000,0.0000000000,,,
7.0919999885,55,209900.2656250000,215162.4843750000,225000.0000000000,194464.5781250000,0.0000000000,0.0000000000,0.0000000000,0.0000000000,,,
7.0959999885,55,204130.2187500000,214600.8437500000,225000.0000000000,175289.5781250000,0.0000000000,0.0000000000,0.0000000000,0.0000000000,,,
7.0999999885,55,225000.0000000000,216149.7656250000,225000.0000000000,224514.3906250000,0.0000000000,0.0000000000,0.0000000000,0.0000000000,,,
7.1039999884,55,225000.0000000000,217704.5781250000,225000.0000000000,225000.0000000000,0.0000000000,0.0000000000,0.0000000000,0.0000000000,,,
7.1079999886,55,225000.0000000000,217122.0625000000,225000.0000000000,225000.0000000000,0.0000000000,0.0000000000,0.0000000000,0.0000000000,,,
7.1119999886,55,210031.7812500000,215189.7187500000,225000.0000000000,194804.5468750000,0.0000000000,0.0000000000,0.0000000000,0.0000000000,,,
7.1159999885,55,204087.7500000000,214609.6875000000,225000.0000000000,175167.4218750000,0.0000000000,0.0000000000,0.0000000000,0.0000000000,,,
7.1199999885,55,225000.0000000000,216140.6718750000,225000.0000000000,224238.1718750000,0.0000000000,0.0000000000,0.0000000000,0.0000000000,,,
7.1239999884,55,225000.0000000000,217693.7187500000,225000.0000000000,225000.0000000000,0.0000000000,0.0000000000,0.0000000000,0.0000000000,,,
7.1279999886,55,225000.0000000000,217119.3750000000,225000.0000000000,225000.0000000000,0.0000000000,0.0000000000,0.0000000000,0.0000000000,,,
7.1319999886,55,210160.8750000000,215184.3281250000,225000.0000000000,195115.1562500000,0.0000000000,0.0000000000,0.0000000000,0.0000000000,,,
7.1359999885,55,204035.7968750000,214586.7031250000,225000.0000000000,175010.5156250000,0.0000000000,0.0000000000,0.0000000000,0.0000000000,,,
7.1399999885,55,225000.0000000000,216111.0312500000,225000.0000000000,223925.9687500000,0.0000000000,0.0000000000,0.0000000000,0.0000000000,,,
7.1439999884,55,225000.0000000000,217679.5781250000,225000.0000000000,225000.0000000000,0.0000000000,0.0000000000,0.0000000000,0.0000000000,,,
7.1479999884,55,225000.0000000000,217119.6406250000,225000.0000000000,225000.0000000000,0.0000000000,0.0000000000,0.0000000000,0.0000000000,,,
7.1519999886,55,210268.5312500000,215177.5937500000,225000.0000000000,195410.0312500000,0.0000000000,0.0000000000,0.0000000000,0.0000000000,,,
7.1559999886,55,203975.2187500000,214566.4531250000,225000.0000000000,174874.5781250000,0.0000000000,0.0000000000,0.0000000000,0.0000000000,,,
7.1599999885,55,224871.6093750000,216084.5000000000,225000.0000000000,223694.4062500000,0.0000000000,0.0000000000,0.0000000000,0.0000000000,,,
7.1639999885,55,225000.0000000000,217662.2343750000,225000.0000000000,225000.0000000000,0.0000000000,0.0000000000,0.0000000000,0.0000000000,,,
7.1679999884,56,225000.0000000000,217116.4218750000,225000.0000000000,225000.0000000000,0.0000000000,0.0000000000,0.0000000000,0.0000000000,,,
7.1719999884,56,210401.0625000000,215181.0000000000,225000.0000000000,195757.3281250000,0.0000000000,0.0000000000,0.0000000000,0.0000000000,,,
7.1759999883,56,203941.7343750000,214564.1406250000,225000.0000000000,174788.9843750000,0.0000000000,0.0000000000,0.0000000000,0.0000000000,,,
7.1799999883,56,224750.0781250000,216081.0937500000,225000.0000000000,223427.5625000000,0.0000000000,0.0000000000,0.0000000000,0.0000000000,,,
7.1839999883,56,225000.0000000000,217666.6250000000,225000.0000000000,225000.0000000000,0.0000000000,0.0000000000,0.0000000000,0.0000000000,,,
7.1879999882,56,225000.0000000000,217130.9687500000,225000.0000000000,225000.0000000000,0.0000000000,0.0000000000,0.0000000000,0.0000000000,,,
7.1919999884,56,210532.6718750000,215189.6875000000,225000.0000000000,196124.2968750000,0.0000000000,0.0000000000,0.0000000000,0.0000000000,,,
7.1959999884,56,203894.1562500000,214557.7812500000,225000.0000000000,174694.1250000000,0.0000000000,0.0000000000,0.0000000000,0.0000000000,,,
7.1999999883,56,224593.7500000000,216064.1406250000,225000.0000000000,223152.1718750000,0.0000000000,0.0000000000,0.0000000000,0.0000000000,,,
7.2039999883,56,225000.0000000000,217658.1250000000,225000.0000000000,225000.0000000000,0.0000000000,0.0000000000,0.0000000000,0.0000000000,,,
7.2079999882,56,225000.0000000000,217140.3750000000,225000.0000000000,225000.0000000000,0.0000000000,0.0000000000,0.0000000000,0.0000000000,,,
7.2119999884,56,210653.7031250000,215200.9531250000,225000.0000000000,196469.0000000000,0.0000000000,0.0000000000,0.0000000000,0.0000000000,,,
7.2159999884,56,203845.4531250000,214553.5000000000,225000.0000000000,174609.9062500000,0.0000000000,0.0000000000,0.0000000000,0.0000000000,,,
7.2199999883,56,224449.3125000000,216046.3593750000,225000.0000000000,222897.6406250000,0.0000000000,0.0000000000,0.0000000000,0.0000000000,,,
7.2239999883,56,225000.0000000000,217640.9062500000,225000.0000000000,225000.0000000000,0.0000000000,0.0000000000,0.0000000000,0.0000000000,,,
7.2279999882,56,225000.0000000000,217124.4531250000,225000.0000000000,225000.0000000000,0.0000000000,0.0000000000,0.0000000000,0.0000000000,,,
7.2319999882,56,210764.3906250000,215175.7968750000,225000.0000000000,196813.2343750000,0.0000000000,0.0000000000,0.0000000000,0.0000000000,,,
7.2359999884,56,203777.9375000000,214510.8281250000,225000.0000000000,174516.5312500000,0.0000000000,0.0000000000,0.0000000000,0.0000000000,,,
7.2399999883,56,224281.0625000000,216002.5937500000,225000.0000000000,222627.2343750000,0.0000000000,0.0000000000,0.0000000000,0.0000000000,,,
7.2439999883,56,225000.0000000000,217614.5625000000,225000.0000000000,225000.0000000000,0.0000000000,0.0000000000,0.0000000000,0.0000000000,,,
7.2479999883,56,225000.0000000000,217121.3125000000,225000.0000000000,225000.0000000000,0.0000000000,0.0000000000,0.0000000000,0.0000000000,,,
7.2519999882,56,210859.1250000000,215182.9531250000,225000.0000000000,197124.3437500000,0.0000000000,0.0000000000,0.0000000000,0.0000000000,,,
7.2559999884,56,203709.4062500000,214514.2812500000,225000.0000000000,174402.9062500000,0.0000000000,0.0000000000,0.0000000000,0.0000000000,,,
7.2599999884,56,224107.6093750000,216000.9531250000,225000.0000000000,222332.7031250000,0.0000000000,0.0000000000,0.0000000000,0.0000000000,,,
7.2639999883,56,225000.0000000000,217616.4687500000,225000.0000000000,225000.0000000000,0.0000000000,0.0000000000,0.0000000000,0.0000000000,,,
7.2679999883,56,225000.0000000000,217140.9375000000,225000.0000000000,225000.0000000000,0.0000000000,0.0000000000,0.0000000000,0.0000000000,,,
7.2719999882,56,210951.0468750000,215198.8281250000,225000.0000000000,197399.2656250000,0.0000000000,0.0000000000,0.0000000000,0.0000000000,,,
7.2759999882,56,203632.9843750000,214508.9218750000,225000.0000000000,174262.7187500000,0.0000000000,0.0000000000,0.0000000000,0.0000000000,,,
7.2799999884,56,223926.3437500000,215980.0312500000,225000.0000000000,222048.7500000000,0.0000000000,0.0000000000,0.0000000000,0.0000000000,,,
7.2839999883,56,225000.0000000000,217595.8750000000,225000.0000000000,225000.0000000000,0.0000000000,0.0000000000,0.0000000000,0.0000000000,,,
7.2879999883,56,225000.0000000000,217124.9375000000,225000.0000000000,225000.0000000000,0.0000000000,0.0000000000,0.0000000000,0.0000000000,,,
7.2919999883,56,211062.7343750000,215184.9218750000,225000.0000000000,197726.5156250000,0.0000000000,0.0000000000,0.0000000000,0.0000000000,,,
7.2959999882,57,203574.3593750000,214491.3281250000,225000.0000000000,174117.5000000000,0.0000000000,0.0000000000,0.0000000000,0.0000000000,,,
7.2999999882,57,223771.8437500000,215968.3593750000,225000.0000000000,221721.0781250000,0.0000000000,0.0000000000,0.0000000000,0.0000000000,,,
7.3039999881,57,225000.0000000000,217605.4531250000,225000.0000000000,225000.0000000000,0.0000000000,0.0000000000,0.0000000000,0.0000000000,,,
7.3079999881,57,225000.0000000000,217150.9531250000,225000.0000000000,225000.0000000000,0.0000000000,0.0000000000,0.0000000000,0.0000000000,,,
7.3119999880,57,211200.2187500000,215211.9218750000,225000.0000000000,198085.5156250000,0.0000000000,0.0000000000,0.0000000000,0.0000000000,,,
7.3159999880,57,203552.8437500000,214508.0312500000,225000.0000000000,174051.3281250000,0.0000000000,0.0000000000,0.0000000000,0.0000000000,,,
7.3199999882,57,223633.3437500000,215975.7187500000,225000.0000000000,221460.8750000000,0.0000000000,0.0000000000,0.0000000000,0.0000000000,,,
7.3239999881,57,225000.0000000000,217619.0781250000,225000.0000000000,225000.0000000000,0.0000000000,0.0000000000,0.0000000000,0.0000000000,,,
7.3279999881,57,225000.0000000000,217177.5781250000,225000.0000000000,225000.0000000000,0.0000000000,0.0000000000,0.0000000000,0.0000000000,,,
7.3319999881,57,211337.3437500000,215232.4218750000,225000.0000000000,198410.1093750000,0.0000000000,0.0000000000,0.0000000000,0.0000000000,,,
7.3359999880,57,203519.8281250000,214505.8281250000,225000.0000000000,173954.0000000000,0.0000000000,0.0000000000,0.0000000000,0.0000000000,,,
7.3399999882,57,223487.6875000000,215961.2031250000,225000.0000000000,221158.4687500000,0.0000000000,0.0000000000,0.0000000000,0.0000000000,,,
7.3439999882,57,225000.0000000000,217610.2187500000,225000.0000000000,225000.0000000000,0.0000000000,0.0000000000,0.0000000000,0.0000000000,,,
7.3479999881,57,225000.0000000000,217180.3437500000,225000.0000000000,225000.0000000000,0.0000000000,0.0000000000,0.0000000000,0.0000000000,,,
7.3519999881,57,211466.7500000000,215231.5312500000,225000.0000000000,198738.7031250000,0.0000000000,0.0000000000,0.0000000000,0.0000000000,,,
7.3559999880,57,203464.6562500000,214487.4375000000,225000.0000000000,173797.2656250000,0.0000000000,0.0000000000,0.0000000000,0.0000000000,,,
7.3599999880,57,223322.0625000000,215937.0625000000,225000.0000000000,220812.7343750000,0.0000000000,0.0000000000,0.0000000000,0.0000000000,,,
7.3639999882,57,225000.0000000000,217598.6406250000,225000.0000000000,225000.0000000000,0.0000000000,0.0000000000,0.0000000000,0.0000000000,,,
7.3679999881,57,225000.0000000000,217190.8281250000,225000.0000000000,225000.0000000000,0.0000000000,0.0000000000,0.0000000000,0.0000000000,,,
7.3719999881,57,211592.6093750000,215254.5937500000,225000.0000000000,199007.2968750000,0.0000000000,0.0000000000,0.0000000000,0.0000000000,,,
7.3759999881,57,203413.7187500000,214503.2031250000,225000.0000000000,173611.0468750000,0.0000000000,0.0000000000,0.0000000000,0.0000000000,,,
7.3799999880,57,223170.0468750000,215936.4218750000,225000.0000000000,220528.8750000000,0.0000000000,0.0000000000,0.0000000000,0.0000000000,,,
7.3839999882,57,225000.0000000000,217594.6718750000,225000.0000000000,225000.0000000000,0.0000000000,0.0000000000,0.0000000000,0.0000000000,,,
7.3879999882,57,225000.0000000000,217197.8125000000,225000.0000000000,225000.0000000000,0.0000000000,0.0000000000,0.0000000000,0.0000000000,,,
7.3919999881,57,211704.0781250000,215262.8281250000,225000.0000000000,199303.3906250000,0.0000000000,0.0000000000,0.0000000000,0.0000000000,,,
7.3959999881,57,203357.9062500000,214496.9062500000,225000.0000000000,173457.3750000000,0.0000000000,0.0000000000,0.0000000000,0.0000000000,,,
7.3999999880,57,223012.2187500000,215918.4218750000,225000.0000000000,220192.2031250000,0.0000000000,0.0000000000,0.0000000000,0.0000000000,,,
7.4039999880,57,225000.0000000000,217583.3125000000,225000.0000000000,225000.0000000000,0.0000000000,0.0000000000,0.0000000000,0.0000000000,,,
7.4079999882,57,225000.0000000000,217202.2343750000,225000.0000000000,225000.0000000000,0.0000000000,0.0000000000,0.0000000000,0.0000000000,,,
7.4119999881,57,211824.2968750000,215272.0625000000,225000.0000000000,199605.9531250000,0.0000000000,0.0000000000,0.0000000000,0.0000000000,,,
7.4159999881,57,203315.7968750000,214495.2343750000,225000.0000000000,173332.3437500000,0.0000000000,0.0000000000,0.0000000000,0.0000000000,,,
7.4199999881,57,222860.3281250000,215911.2031250000,225000.0000000000,219907.6093750000,0.0000000000,0.0000000000,0.0000000000,0.0000000000,,,
7.4239999880,58,225000.0000000000,217586.1562500000,225000.0000000000,225000.0000000000,0.0000000000,0.0000000000,0.0000000000,0.0000000000,,,
7.4279999880,58,225000.0000000000,217220.8437500000,225000.0000000000,225000.0000000000,0.0000000000,0.0000000000,0.0000000000,0.0000000000,,,
7.4319999879,58,211946.3906250000,215295.2343750000,225000.0000000000,199909.0312500000,0.0000000000,0.0000000000,0.0000000000,0.0000000000,,,
7.4359999879,58,203264.0781250000,214506.3750000000,225000.0000000000,173175.0312500000,0.0000000000,0.0000000000,0.0000000000,0.0000000000,,,
7.4399999878,58,222709.9531250000,215911.1718750000,225000.0000000000,219577.1406250000,0.0000000000,0.0000000000,0.0000000000,0.0000000000,,,
7.4439999878,58,225000.0000000000,217591.9375000000,225000.0000000000,225000.0000000000,0.0000000000,0.0000000000,0.0000000000,0.0000000000,,,
7.4479999880,58,225000.0000000000,217233.0468750000,225000.0000000000,225000.0000000000,0.0000000000,0.0000000000,0.0000000000,0.0000000000,,,
7.4519999879,58,212039.3281250000,215299.2812500000,225000.0000000000,200169.7656250000,0.0000000000,0.0000000000,0.0000000000,0.0000000000,,,
7.4559999879,58,203212.0625000000,214502.8281250000,225000.0000000000,173050.1406250000,0.0000000000,0.0000000000,0.0000000000,0.0000000000,,,
7.4599999879,58,222553.6718750000,215901.5781250000,225000.0000000000,219274.1875000000,0.0000000000,0.0000000000,0.0000000000,0.0000000000,,,
7.4639999878,58,225000.0000000000,217585.5156250000,225000.0000000000,225000.0000000000,0.0000000000,0.0000000000,0.0000000000,0.0000000000,,,
7.4679999880,58,225000.0000000000,217247.9375000000,225000.0000000000,225000.0000000000,0.0000000000,0.0000000000,0.0000000000,0.0000000000,,,
7.4719999880,58,212157.6406250000,215320.1718750000,225000.0000000000,200462.2343750000,0.0000000000,0.0000000000,0.0000000000,0.0000000000,,,
7.4759999879,58,203147.4843750000,214506.9531250000,225000.0000000000,172876.8750000000,0.0000000000,0.0000000000,0.0000000000,0.0000000000,,,
7.4799999879,58,222382.3281250000,215893.3593750000,225000.0000000000,218938.7968750000,0.0000000000,0.0000000000,0.0000000000,0.0000000000,,,
7.4839999878,58,225000.0000000000,217584.3906250000,225000.0000000000,225000.0000000000,0.0000000000,0.0000000000,0.0000000000,0.0000000000,,,
7.4879999878,58,225000.0000000000,217259.3906250000,225000.0000000000,225000.0000000000,0.0000000000,0.0000000000,0.0000000000,0.0000000000,,,
7.4919999880,58,212260.7187500000,215332.6250000000,225000.0000000000,200710.4218750000,0.0000000000,0.0000000000,0.0000000000,0.0000000000,,,
7.4959999879,58,203079.1093750000,214504.7656250000,225000.0000000000,172703.7343750000,0.0000000000,0.0000000000,0.0000000000,0.0000000000,,,
7.4999999879,58,222218.2656250000,215886.5000000000,225000.0000000000,218613.6406250000,0.0000000000,0.0000000000,0.0000000000,0.0000000000,,,
7.5039999878,58,225000.0000000000,217587.7656250000,225000.0000000000,225000.0000000000,0.0000000000,0.0000000000,0.0000000000,0.0000000000,,,
7.5079999878,58,225000.0000000000,217279.2343750000,225000.0000000000,225000.0000000000,0.0000000000,0.0000000000,0.0000000000,0.0000000000,,,
7.5119999880,58,212354.7031250000,215363.5781250000,225000.0000000000,200957.7812500000,0.0000000000,0.0000000000,0.0000000000,0.0000000000,,,
7.5159999880,58,203012.0312500000,214526.1718750000,225000.0000000000,172534.4062500000,0.0000000000,0.0000000000,0.0000000000,0.0000000000,,,
7.5199999879,58,222053.7343750000,215893.4687500000,225000.0000000000,218263.7968750000,0.0000000000,0.0000000000,0.0000000000,0.0000000000,,,
7.5239999879,58,225000.0000000000,217596.0937500000,225000.0000000000,225000.0000000000,0.0000000000,0.0000000000,0.0000000000,0.0000000000,,,
7.5279999878,58,225000.0000000000,217302.6562500000,225000.0000000000,225000.0000000000,0.0000000000,0.0000000000,0.0000000000,0.0000000000,,,
7.5319999878,58,212448.1718750000,215391.2812500000,225000.0000000000,201231.2500000000,0.0000000000,0.0000000000,0.0000000000,0.0000000000,,,
7.5359999880,58,202941.1093750000,214542.9531250000,225000.0000000000,172360.8906250000,0.0000000000,0.0000000000,0.0000000000,0.0000000000,,,
7.5399999879,58,221882.7656250000,215899.4218750000,225000.0000000000,217922.1406250000,0.0000000000,0.0000000000,0.0000000000,0.0000000000,,,
7.5439999879,58,225000.0000000000,217608.5000000000,225000.0000000000,225000.0000000000,0.0000000000,0.0000000000,0.0000000000,0.0000000000,,,
7.5479999878,58,225000.0000000000,217325.7968750000,225000.0000000000,225000.0000000000,0.0000000000,0.0000000000,0.0000000000,0.0000000000,,,
7.5519999878,59,212570.2656250000,215414.1562500000,225000.0000000000,201489.9843750000,0.0000000000,0.0000000000,0.0000000000,0.0000000000,,,
7.5559999878,59,202892.1875000000,214551.1093750000,225000.0000000000,172173.7812500000,0.0000000000,0.0000000000,0.0000000000,0.0000000000,,,
7.5599999877,59,221727.4375000000,215890.0468750000,225000.0000000000,217581.0468750000,0.0000000000,0.0000000000,0.0000000000,0.0000000000,,,
7.5639999877,59,225000.0000000000,217595.2500000000,225000.0000000000,225000.0000000000,0.0000000000,0.0000000000,0.0000000000,0.0000000000,,,
7.5679999876,59,225000.0000000000,217321.7968750000,225000.0000000000,225000.0000000000,0.0000000000,0.0000000000,0.0000000000,0.0000000000,,,
7.5719999876,59,212671.3125000000,215409.7187500000,225000.0000000000,201761.6406250000,0.0000000000,0.0000000000,0.0000000000,0.0000000000,,,
7.5759999878,59,202830.2812500000,214541.5625000000,225000.0000000000,171987.6875000000,0.0000000000,0.0000000000,0.0000000000,0.0000000000,,,
7.5799999877,59,221573.9062500000,215882.6406250000,225000.0000000000,217221.6562500000,0.0000000000,0.0000000000,0.0000000000,0.0000000000,,,
7.5839999877,59,225000.0000000000,217598.7968750000,225000.0000000000,225000.0000000000,0.0000000000,0.0000000000,0.0000000000,0.0000000000,,,
7.5879999876,59,225000.0000000000,217346.8593750000,225000.0000000000,225000.0000000000,0.0000000000,0.0000000000,0.0000000000,0.0000000000,,,
7.5919999876,59,212797.6875000000,215442.8906250000,225000.0000000000,202003.5156250000,0.0000000000,0.0000000000,0.0000000000,0.0000000000,,,
7.5959999878,59,202787.4218750000,214559.0468750000,225000.0000000000,171821.4687500000,0.0000000000,0.0000000000,0.0000000000,0.0000000000,,,
7.5999999878,59,221418.6718750000,215882.7187500000,225000.0000000000,216891.2500000000,0.0000000000,0.0000000000,0.0000000000,0.0000000000,,,
7.6039999877,59,225000.0000000000,217600.0312500000,225000.0000000000,225000.0000000000,0.0000000000,0.0000000000,0.0000000000,0.0000000000,,,
7.6079999877,59,225000.0000000000,217361.9843750000,225000.0000000000,225000.0000000000,0.0000000000,0.0000000000,0.0000000000,0.0000000000,,,
7.6119999876,59,212918.1875000000,215461.4531250000,225000.0000000000,202290.7031250000,0.0000000000,0.0000000000,0.0000000000,0.0000000000,,,
7.6159999876,59,202736.6250000000,214563.9843750000,225000.0000000000,171654.9062500000,0.0000000000,0.0000000000,0.0000000000,0.0000000000,,,
7.6199999878,59,221263.0468750000,215875.2343750000,225000.0000000000,216512.7656250000,0.0000000000,0.0000000000,0.0000000000,0.0000000000,,,
7.6239999877,59,225000.0000000000,217596.4687500000,225000.0000000000,225000.0000000000,0.0000000000,0.0000000000,0.0000000000,0.0000000000,,,
7.6279999877,59,225000.0000000000,217364.5312500000,225000.0000000000,225000.0000000000,0.0000000000,0.0000000000,0.0000000000,0.0000000000,,,
7.6319999876,59,213067.0937500000,215465.7656250000,225000.0000000000,202616.2500000000,0.0000000000,0.0000000000,0.0000000000,0.0000000000,,,
7.6359999876,59,202759.0156250000,214568.5468750000,225000.0000000000,171664.3281250000,0.0000000000,0.0000000000,0.0000000000,0.0000000000,,,
7.6399999878,59,221276.3125000000,215874.8125000000,225000.0000000000,216509.2812500000,0.0000000000,0.0000000000,0.0000000000,0.0000000000,,,
7.6439999877,59,225000.0000000000,217594.6875000000,225000.0000000000,225000.0000000000,0.0000000000,0.0000000000,0.0000000000,0.0000000000,,,
7.6479999877,59,225000.0000000000,217378.0000000000,225000.0000000000,225000.0000000000,0.0000000000,0.0000000000,0.0000000000,0.0000000000,,,
7.6519999877,59,213171.1875000000,215487.1250000000,225000.0000000000,202843.3750000000,0.0000000000,0.0000000000,0.0000000000,0.0000000000,,,
7.6559999876,59,202666.5312500000,214569.6093750000,225000.0000000000,171343.6875000000,0.0000000000,0.0000000000,0.0000000000,0.0000000000,,,
7.6599999876,59,220972.8593750000,215859.1093750000,225000.0000000000,215828.4062500000,0.0000000000,0.0000000000,0.0000000000,0.0000000000,,,
7.6639999878,59,225000.0000000000,217586.9218750000,225000.0000000000,225000.0000000000,0.0000000000,0.0000000000,0.0000000000,0.0000000000,,,
7.6679999877,59,225000.0000000000,217388.0781250000,225000.0000000000,225000.0000000000,0.0000000000,0.0000000000,0.0000000000,0.0000000000,,,
7.6719999877,59,213313.0312500000,215500.1250000000,225000.0000000000,203162.0468750000,0.0000000000,0.0000000000,0.0000000000,0.0000000000,,,
7.6759999876,59,202647.6718750000,214570.9843750000,225000.0000000000,171225.5156250000,0.0000000000,0.0000000000,0.0000000000,0.0000000000,,,
7.6799999876,60,220833.3593750000,215852.9531250000,225000.0000000000,215485.6718750000,0.0000000000,0.0000000000,0.0000000000,0.0000000000,,,
7.6839999876,60,225000.0000000000,217585.2500000000,225000.0000000000,225000.0000000000,0.0000000000,0.0000000000,0.0000000000,0.0000000000,,,
7.6879999875,60,225000.0000000000,217402.7031250000,225000.0000000000,225000.0000000000,0.0000000000,0.0000000000,0.0000000000,0.0000000000,,,
7.6919999875,60,213446.5468750000,215519.5781250000,225000.0000000000,203448.5625000000,0.0000000000,0.0000000000,0.0000000000,0.0000000000,,,
7.6959999874,60,202619.5156250000,214579.7343750000,225000.0000000000,171078.7656250000,0.0000000000,0.0000000000,0.0000000000,0.0000000000,,,
7.6999999874,60,220694.1406250000,215853.3437500000,225000.0000000000,215150.4531250000,0.0000000000,0.0000000000,0.0000000000,0.0000000000,,,
7.7039999876,60,225000.0000000000,217592.2812500000,225000.0000000000,225000.0000000000,0.0000000000,0.0000000000,0.0000000000,0.0000000000,,,
7.7079999875,60,225000.0000000000,217425.5000000000,225000.0000000000,225000.0000000000,0.0000000000,0.0000000000,0.0000000000,0.0000000000,,,
7.7119999875,60,213614.9843750000,215553.8281250000,225000.0000000000,203730.2187500000,0.0000000000,0.0000000000,0.0000000000,0.0000000000,,,
7.7159999874,60,202627.2343750000,214606.2812500000,225000.0000000000,170949.7500000000,0.0000000000,0.0000000000,0.0000000000,0.0000000000,,,
7.7199999874,60,220574.8750000000,215862.5781250000,225000.0000000000,214804.1250000000,0.0000000000,0.0000000000,0.0000000000,0.0000000000,,,
7.7239999876,60,225000.0000000000,217599.5156250000,225000.0000000000,225000.0000000000,0.0000000000,0.0000000000,0.0000000000,0.0000000000,,,
7.7279999875,60,225000.0000000000,217442.3750000000,225000.0000000000,225000.0000000000,0.0000000000,0.0000000000,0.0000000000,0.0000000000,,,
7.7319999875,60,213733.9531250000,215570.5312500000,225000.0000000000,204018.8437500000,0.0000000000,0.0000000000,0.0000000000,0.0000000000,,,
7.7359999875,60,202571.2968750000,214609.9375000000,225000.0000000000,170772.1875000000,0.0000000000,0.0000000000,0.0000000000,0.0000000000,,,
7.7399999874,60,220420.2968750000,215857.3750000000,225000.0000000000,214445.9687500000,0.0000000000,0.0000000000,0.0000000000,0.0000000000,,,
7.7439999874,60,225000.0000000000,217602.1718750000,225000.0000000000,225000.0000000000,0.0000000000,0.0000000000,0.0000000000,0.0000000000,,,
7.7479999876,60,225000.0000000000,217460.5312500000,225000.0000000000,225000.0000000000,0.0000000000,0.0000000000,0.0000000000,0.0000000000,,,
7.7519999875,60,213850.8437500000,215594.1875000000,225000.0000000000,204277.9531250000,0.0000000000,0.0000000000,0.0000000000,0.0000000000,,,
7.7559999875,60,202530.9218750000,214620.5468750000,224973.7187500000,170587.5468750000,0.0000000000,0.0000000000,0.0000000000,0.0000000000,,,
7.7599999874,60,220275.6093750000,215852.7656250000,225000.0000000000,214072.5781250000,0.0000000000,0.0000000000,0.0000000000,0.0000000000,,,
7.7639999874,60,225000.0000000000,217596.4687500000,225000.0000000000,225000.0000000000,0.0000000000,0.0000000000,0.0000000000,0.0000000000,,,
7.7679999876,60,225000.0000000000,217466.1093750000,225000.0000000000,225000.0000000000,0.0000000000,0.0000000000,0.0000000000,0.0000000000,,,
7.7719999875,60,213981.8593750000,215605.6718750000,225000.0000000000,204542.1250000000,0.0000000000,0.0000000000,0.0000000000,0.0000000000,,,
7.7759999875,60,202486.7500000000,214625.0000000000,224899.8437500000,170375.5781250000,0.0000000000,0.0000000000,0.0000000000,0.0000000000,,,
7.7799999875,60,220119.2343750000,215843.1250000000,225000.0000000000,213679.8437500000,0.0000000000,0.0000000000,0.0000000000,0.0000000000,,,
7.7839999874,60,225000.0000000000,217591.3906250000,225000.0000000000,225000.0000000000,0.0000000000,0.0000000000,0.0000000000,0.0000000000,,,
7.7879999874,60,225000.0000000000,217478.0156250000,225000.0000000000,225000.0000000000,0.0000000000,0.0000000000,0.0000000000,0.0000000000,,,
7.7919999876,60,214098.7031250000,215622.7031250000,225000.0000000000,204782.6406250000,0.0000000000,0.0000000000,0.0000000000,0.0000000000,,,
7.7959999875,60,202425.8593750000,214629.1562500000,224810.9062500000,170122.7031250000,0.0000000000,0.0000000000,0.0000000000,0.0000000000,,,
7.7999999875,60,219963.1093750000,215832.1875000000,225000.0000000000,213272.7343750000,0.0000000000,0.0000000000,0.0000000000,0.0000000000,,,
7.8039999874,60,225000.0000000000,217579.7500000000,225000.0000000000,225000.0000000000,0.0000000000,0.0000000000,0.0000000000,0.0000000000,,,
7.8079999874,61,225000.0000000000,217479.6718750000,225000.0000000000,225000.0000000000,0.0000000000,0.0000000000,0.0000000000,0.0000000000,,,
7.8119999873,61,214195.4531250000,215628.7656250000,225000.0000000000,205001.0000000000,0.0000000000,0.0000000000,0.0000000000,0.0000000000,,,
7.8159999873,61,202345.7656250000,214620.5312500000,224713.5156250000,169838.2187500000,0.0000000000,0.0000000000,0.0000000000,0.0000000000,,,
7.8199999873,61,219790.0312500000,215812.8437500000,225000.0000000000,212856.7500000000,0.0000000000,0.0000000000,0.0000000000,0.0000000000,,,
7.8239999872,61,225000.0000000000,217559.0781250000,225000.0000000000,225000.0000000000,0.0000000000,0.0000000000,0.0000000000,0.0000000000,,,
7.8279999872,61,225000.0000000000,217468.8750000000,225000.0000000000,225000.0000000000,0.0000000000,0.0000000000,0.0000000000,0.0000000000,,,
7.8319999874,61,214299.7343750000,215624.6406250000,225000.0000000000,205223.1093750000,0.0000000000,0.0000000000,0.0000000000,0.0000000000,,,
7.8359999873,61,202279.0312500000,214608.8593750000,224621.0312500000,169556.7500000000,0.0000000000,0.0000000000,0.0000000000,0.0000000000,,,
7.8399999873,61,219635.1250000000,215792.7343750000,225000.0000000000,212397.2968750000,0.0000000000,0.0000000000,0.0000000000,0.0000000000,,,
7.8439999872,61,225000.0000000000,217549.1250000000,225000.0000000000,225000.0000000000,0.0000000000,0.0000000000,0.0000000000,0.0000000000,,,
7.8479999872,61,225000.0000000000,217476.2968750000,225000.0000000000,225000.0000000000,0.0000000000,0.0000000000,0.0000000000,0.0000000000,,,
7.8519999874,61,214414.2656250000,215638.4843750000,225000.0000000000,205448.3281250000,0.0000000000,0.0000000000,0.0000000000,0.0000000000,,,
7.8559999873,61,202237.2187500000,214617.0156250000,224563.4531250000,169306.8750000000,0.0000000000,0.0000000000,0.0000000000,0.0000000000,,,
7.8599999873,61,219488.7812500000,215790.2656250000,225000.0000000000,211991.0781250000,0.0000000000,0.0000000000,0.0000000000,0.0000000000,,,
7.8639999873,61,225000.0000000000,217543.7500000000,225000.0000000000,225000.0000000000,0.0000000000,0.0000000000,0.0000000000,0.0000000000,,,
7.8679999872,61,225000.0000000000,217481.7656250000,225000.0000000000,225000.0000000000,0.0000000000,0.0000000000,0.0000000000,0.0000000000,,,
7.8719999872,61,214548.6875000000,215647.5937500000,225000.0000000000,205690.3750000000,0.0000000000,0.0000000000,0.0000000000,0.0000000000,,,
7.8759999874,61,202183.0468750000,214613.3906250000,224490.8437500000,168981.5781250000,0.0000000000,0.0000000000,0.0000000000,0.0000000000,,,
7.8799999873,61,219326.4687500000,215773.6406250000,225000.0000000000,211474.0468750000,0.0000000000,0.0000000000,0.0000000000,0.0000000000,,,
7.8839999873,61,225000.0000000000,217529.7500000000,225000.0000000000,225000.0000000000,0.0000000000,0.0000000000,0.0000000000,0.0000000000,,,
7.8879999872,61,225000.0000000000,217487.0000000000,225000.0000000000,225000.0000000000,0.0000000000,0.0000000000,0.0000000000,0.0000000000,,,
7.8919999872,61,214682.1562500000,215664.4375000000,225000.0000000000,205924.6718750000,0.0000000000,0.0000000000,0.0000000000,0.0000000000,,,
7.8959999874,61,202126.9062500000,214622.7187500000,224415.7187500000,168624.1406250000,0.0000000000,0.0000000000,0.0000000000,0.0000000000,,,
7.8999999873,61,219156.3281250000,215768.4062500000,225000.0000000000,210923.2812500000,0.0000000000,0.0000000000,0.0000000000,0.0000000000,,,
7.9039999873,61,225000.0000000000,217520.5625000000,225000.0000000000,225000.0000000000,0.0000000000,0.0000000000,0.0000000000,0.0000000000,,,
7.9079999872,61,225000.0000000000,217488.6718750000,225000.0000000000,225000.0000000000,0.0000000000,0.0000000000,0.0000000000,0.0000000000,,,
7.9119999872,61,214795.2968750000,215673.1875000000,225000.0000000000,206136.8281250000,0.0000000000,0.0000000000,0.0000000000,0.0000000000,,,
7.9159999872,61,202063.4687500000,214617.3593750000,224343.4843750000,168342.8437500000,0.0000000000,0.0000000000,0.0000000000,0.0000000000,,,
7.9199999874,61,218985.7343750000,215739.0625000000,225000.0000000000,210484.4531250000,0.0000000000,0.0000000000,0.0000000000,0.0000000000,,,
7.9239999873,61,225000.0000000000,217489.1718750000,225000.0000000000,225000.0000000000,0.0000000000,0.0000000000,0.0000000000,0.0000000000,,,
7.9279999873,61,225000.0000000000,217470.9687500000,225000.0000000000,225000.0000000000,0.0000000000,0.0000000000,0.0000000000,0.0000000000,,,
7.9319999872,61,214922.4843750000,215663.0156250000,225000.0000000000,206488.3593750000,0.0000000000,0.0000000000,0.0000000000,0.0000000000,,,
7.9359999872,62,202010.4062500000,214596.9531250000,224293.4062500000,168294.7656250000,0.0000000000,0.0000000000,0.0000000000,0.0000000000,,,
7.9399999871,62,218821.4531250000,215714.3906250000,225000.0000000000,210130.1562500000,0.0000000000,0.0000000000,0.0000000000,0.0000000000,,,
7.9439999871,62,225000.0000000000,217471.0156250000,225000.0000000000,225000.0000000000,0.0000000000,0.0000000000,0.0000000000,0.0000000000,,,
7.9479999871,62,225000.0000000000,217470.3750000000,225000.0000000000,225000.0000000000,0.0000000000,0.0000000000,0.0000000000,0.0000000000,,,
7.9519999870,62,215051.9843750000,215668.2187500000,225000.0000000000,206854.7031250000,0.0000000000,0.0000000000,0.0000000000,0.0000000000,,,
7.9559999870,62,201970.0468750000,214596.4843750000,224256.1406250000,168274.4218750000,0.0000000000,0.0000000000,0.0000000000,0.0000000000,,,
7.9599999872,62,218660.3125000000,215707.6718750000,225000.0000000000,209799.6562500000,0.0000000000,0.0000000000,0.0000000000,0.0000000000,,,
7.9639999871,62,225000.0000000000,217477.0781250000,225000.0000000000,225000.0000000000,0.0000000000,0.0000000000,0.0000000000,0.0000000000,,,
7.9679999871,62,225000.0000000000,217506.4218750000,225000.0000000000,225000.0000000000,0.0000000000,0.0000000000,0.0000000000,0.0000000000,,,
7.9719999870,62,215186.1250000000,215725.2187500000,225000.0000000000,207218.6406250000,0.0000000000,0.0000000000,0.0000000000,0.0000000000,,,
7.9759999870,62,201943.0156250000,214660.5468750000,224249.8906250000,168276.3750000000,0.0000000000,0.0000000000,0.0000000000,0.0000000000,,,
7.9799999872,62,218517.9687500000,215771.7031250000,225000.0000000000,209478.1875000000,0.0000000000,0.0000000000,0.0000000000,0.0000000000,,,
7.9839999871,62,225000.0000000000,217547.1875000000,225000.0000000000,225000.0000000000,0.0000000000,0.0000000000,0.0000000000,0.0000000000,,,
7.9879999871,62,225000.0000000000,217582.4062500000,225000.0000000000,225000.0000000000,0.0000000000,0.0000000000,0.0000000000,0.0000000000,,,
7.9919999870,62,215323.6875000000,215798.0937500000,225000.0000000000,207576.2656250000,0.0000000000,0.0000000000,0.0000000000,0.0000000000,,,
7.9959999870,62,201900.8750000000,214704.3437500000,224220.1718750000,168275.2656250000,0.0000000000,0.0000000000,0.0000000000,0.0000000000,,,
7.9999999870,62,218354.2656250000,215787.9531250000,225000.0000000000,209167.2187500000,0.0000000000,0.0000000000,0.0000000000,0.0000000000,,,
8.0039999872,62,225000.0000000000,217553.1406250000,225000.0000000000,225000.0000000000,0.0000000000,0.0000000000,0.0000000000,0.0000000000,,,
8.0079999871,62,225000.0000000000,217589.0312500000,225000.0000000000,225000.0000000000,0.0000000000,0.0000000000,0.0000000000,0.0000000000,,,
8.0119999871,62,215434.8437500000,215802.7656250000,225000.0000000000,207906.7343750000,0.0000000000,0.0000000000,0.0000000000,0.0000000000,,,
8.0159999870,62,201834.8281250000,214698.2343750000,224172.6562500000,168256.6562500000,0.0000000000,0.0000000000,0.0000000000,0.0000000000,,,
8.0199999870,62,218180.8593750000,215772.5312500000,225000.0000000000,208816.6718750000,0.0000000000,0.0000000000,0.0000000000,0.0000000000,,,
8.0239999872,62,225000.0000000000,217540.0625000000,225000.0000000000,225000.0000000000,0.0000000000,0.0000000000,0.0000000000,0.0000000000,,,
8.0279999871,62,225000.0000000000,217595.7187500000,225000.0000000000,225000.0000000000,0.0000000000,0.0000000000,0.0000000000,0.0000000000,,,
8.0319999871,62,215550.3906250000,215821.1562500000,225000.0000000000,208238.8437500000,0.0000000000,0.0000000000,0.0000000000,0.0000000000,,,
8.0359999870,62,201761.0156250000,214714.0312500000,224111.7031250000,168205.4218750000,0.0000000000,0.0000000000,0.0000000000,0.0000000000,,,
8.0399999870,62,218012.3437500000,215786.1250000000,225000.0000000000,208487.0312500000,0.0000000000,0.0000000000,0.0000000000,0.0000000000,,,
8.0439999870,62,225000.0000000000,217563.0625000000,225000.0000000000,225000.0000000000,0.0000000000,0.0000000000,0.0000000000,0.0000000000,,,
8.0479999871,62,225000.0000000000,217630.2656250000,225000.0000000000,225000.0000000000,0.0000000000,0.0000000000,0.0000000000,0.0000000000,,,
8.0519999871,62,215686.8593750000,215858.5468750000,225000.0000000000,208558.8437500000,0.0000000000,0.0000000000,0.0000000000,0.0000000000,,,
8.0559999871,62,201716.3593750000,214736.0937500000,224086.9062500000,168165.7812500000,0.0000000000,0.0000000000,0.0000000000,0.0000000000,,,
8.0599999870,62,217850.8125000000,215786.0000000000,225000.0000000000,208094.3281250000,0.0000000000,0.0000000000,0.0000000000,0.0000000000,,,
8.0639999870,63,225000.0000000000,217555.2968750000,225000.0000000000,225000.0000000000,0.0000000000,0.0000000000,0.0000000000,0.0000000000,,,
8.0679999869,63,225000.0000000000,217632.9375000000,225000.0000000000,225000.0000000000,0.0000000000,0.0000000000,0.0000000000,0.0000000000,,,
8.0719999869,63,215827.0312500000,215859.6718750000,225000.0000000000,208901.1718750000,0.0000000000,0.0000000000,0.0000000000,0.0000000000,,,
8.0759999868,63,201684.3906250000,214719.6562500000,224076.0625000000,168131.1093750000,0.0000000000,0.0000000000,0.0000000000,0.0000000000,,,
8.0799999868,63,217693.6875000000,215753.3281250000,225000.0000000000,207737.3906250000,0.0000000000,0.0000000000,0.0000000000,0.0000000000,,,
8.0839999868,63,225000.0000000000,217520.4531250000,225000.0000000000,225000.0000000000,0.0000000000,0.0000000000,0.0000000000,0.0000000000,,,
8.0879999870,63,225000.0000000000,217602.0625000000,225000.0000000000,225000.0000000000,0.0000000000,0.0000000000,0.0000000000,0.0000000000,,,
8.0919999869,63,215956.0468750000,215829.4218750000,225000.0000000000,209213.6250000000,0.0000000000,0.0000000000,0.0000000000,0.0000000000,,,
8.0959999869,63,201637.3125000000,214678.8281250000,224044.3593750000,168099.2968750000,0.0000000000,0.0000000000,0.0000000000,0.0000000000,,,
8.0999999868,63,217525.0937500000,215702.1718750000,225000.0000000000,207370.8125000000,0.0000000000,0.0000000000,0.0000000000,0.0000000000,,,
8.1039999868,63,225000.0000000000,217475.8750000000,225000.0000000000,225000.0000000000,0.0000000000,0.0000000000,0.0000000000,0.0000000000,,,
8.1079999870,63,225000.0000000000,217585.5781250000,225000.0000000000,225000.0000000000,0.0000000000,0.0000000000,0.0000000000,0.0000000000,,,
8.1119999869,63,216095.5000000000,215832.1093750000,225000.0000000000,209514.5156250000,0.0000000000,0.0000000000,0.0000000000,0.0000000000,,,
8.1159999869,63,201622.8125000000,214677.0312500000,224017.1406250000,168089.5312500000,0.0000000000,0.0000000000,0.0000000000,0.0000000000,,,
8.1199999868,63,217385.0000000000,215686.0625000000,225000.0000000000,207012.9687500000,0.0000000000,0.0000000000,0.0000000000,0.0000000000,,,
8.1239999868,63,225000.0000000000,217465.0625000000,225000.0000000000,225000.0000000000,0.0000000000,0.0000000000,0.0000000000,0.0000000000,,,
8.1279999868,63,225000.0000000000,217588.9218750000,225000.0000000000,225000.0000000000,0.0000000000,0.0000000000,0.0000000000,0.0000000000,,,
8.1319999869,63,216261.4218750000,215837.6093750000,225000.0000000000,209858.2343750000,0.0000000000,0.0000000000,0.0000000000,0.0000000000,,,
8.1359999869,63,201602.6875000000,214668.4218750000,223975.4218750000,168065.2812500000,0.0000000000,0.0000000000,0.0000000000,0.0000000000,,,
8.1399999869,63,217229.4218750000,215666.0000000000,225000.0000000000,206660.4218750000,0.0000000000,0.0000000000,0.0000000000,0.0000000000,,,
8.1439999868,63,225000.0000000000,217444.4375000000,225000.0000000000,225000.0000000000,0.0000000000,0.0000000000,0.0000000000,0.0000000000,,,
8.1479999868,63,225000.0000000000,217576.9843750000,225000.0000000000,225000.0000000000,0.0000000000,0.0000000000,0.0000000000,0.0000000000,,,
8.1519999870,63,216386.0156250000,215828.5625000000,225000.0000000000,210196.8906250000,0.0000000000,0.0000000000,0.0000000000,0.0000000000,,,
8.1559999869,63,201540.7031250000,214654.1093750000,223957.3281250000,168044.8125000000,0.0000000000,0.0000000000,0.0000000000,0.0000000000,,,
8.1599999869,63,217046.6406250000,215647.7343750000,225000.0000000000,206291.4375000000,0.0000000000,0.0000000000,0.0000000000,0.0000000000,,,
8.1639999868,63,225000.0000000000,217435.3906250000,225000.0000000000,225000.0000000000,0.0000000000,0.0000000000,0.0000000000,0.0000000000,,,
8.1679999868,63,225000.0000000000,217584.9062500000,225000.0000000000,225000.0000000000,0.0000000000,0.0000000000,0.0000000000,0.0000000000,,,
8.1719999867,63,216502.6093750000,215840.6406250000,225000.0000000000,210571.4062500000,0.0000000000,0.0000000000,0.0000000000,0.0000000000,,,
8.1759999869,63,201457.9375000000,214652.0625000000,223951.5000000000,168037.1406250000,0.0000000000,0.0000000000,0.0000000000,0.0000000000,,,
8.1799999869,63,216849.3593750000,215635.9843750000,225000.0000000000,205930.1718750000,0.0000000000,0.0000000000,0.0000000000,0.0000000000,,,
8.1839999869,63,225000.0000000000,217429.3593750000,225000.0000000000,225000.0000000000,0.0000000000,0.0000000000,0.0000000000,0.0000000000,,,
8.1879999868,63,225000.0000000000,217594.1875000000,225000.0000000000,225000.0000000000,0.0000000000,0.0000000000,0.0000000000,0.0000000000,,,
8.1919999868,64,216621.4843750000,215855.8125000000,225000.0000000000,210898.0000000000,0.0000000000,0.0000000000,0.0000000000,0.0000000000,,,
8.1959999867,64,201383.8750000000,214659.5312500000,223912.2656250000,168052.7031250000,0.0000000000,0.0000000000,0.0000000000,0.0000000000,,,
8.1999999867,64,216659.0625000000,215632.4687500000,225000.0000000000,205548.5156250000,0.0000000000,0.0000000000,0.0000000000,0.0000000000,,,
8.2039999866,64,225000.0000000000,217428.2343750000,225000.0000000000,225000.0000000000,0.0000000000,0.0000000000,0.0000000000,0.0000000000,,,
8.2079999866,64,225000.0000000000,217602.6562500000,225000.0000000000,225000.0000000000,0.0000000000,0.0000000000,0.0000000000,0.0000000000,,,
8.2119999866,64,216755.8593750000,215867.8906250000,225000.0000000000,211250.4062500000,0.0000000000,0.0000000000,0.0000000000,0.0000000000,,,
8.2159999867,64,201312.3906250000,214654.4843750000,223842.3125000000,168049.8125000000,0.0000000000,0.0000000000,0.0000000000,0.0000000000,,,
8.2199999867,64,216472.3750000000,215608.0312500000,225000.0000000000,205172.2500000000,0.0000000000,0.0000000000,0.0000000000,0.0000000000,,,
8.2239999867,64,225000.0000000000,217394.6875000000,225000.0000000000,225000.0000000000,0.0000000000,0.0000000000,0.0000000000,0.0000000000,,,
8.2279999866,64,225000.0000000000,217576.1250000000,225000.0000000000,225000.0000000000,0.0000000000,0.0000000000,0.0000000000,0.0000000000,,,
8.2319999866,64,216890.6718750000,215845.6250000000,225000.0000000000,211562.3750000000,0.0000000000,0.0000000000,0.0000000000,0.0000000000,,,
8.2359999868,64,201244.3125000000,214624.5781250000,223791.2656250000,168041.0312500000,0.0000000000,0.0000000000,0.0000000000,0.0000000000,,,
8.2399999867,64,216291.0312500000,215573.4062500000,225000.0000000000,204799.5625000000,0.0000000000,0.0000000000,0.0000000000,0.0000000000,,,
8.2439999867,64,225000.0000000000,217368.4531250000,225000.0000000000,225000.0000000000,0.0000000000,0.0000000000,0.0000000000,0.0000000000,,,
8.2479999866,64,225000.0000000000,217572.0312500000,225000.0000000000,225000.0000000000,0.0000000000,0.0000000000,0.0000000000,0.0000000000,,,
8.2519999866,64,217030.3281250000,215856.5156250000,225000.0000000000,211909.5156250000,0.0000000000,0.0000000000,0.0000000000,0.0000000000,,,
8.2559999865,64,201203.2343750000,214631.9531250000,223754.8437500000,168070.2500000000,0.0000000000,0.0000000000,0.0000000000,0.0000000000,,,
8.2599999867,64,216128.7031250000,215572.1406250000,225000.0000000000,204454.6875000000,0.0000000000,0.0000000000,0.0000000000,0.0000000000,,,
8.2639999867,64,225000.0000000000,217378.0781250000,225000.0000000000,225000.0000000000,0.0000000000,0.0000000000,0.0000000000,0.0000000000,,,
8.2679999867,64,225000.0000000000,217597.8281250000,225000.0000000000,225000.0000000000,0.0000000000,0.0000000000,0.0000000000,0.0000000000,,,
8.2719999866,64,217176.2656250000,215886.0468750000,225000.0000000000,212209.0000000000,0.0000000000,0.0000000000,0.0000000000,0.0000000000,,,
8.2759999866,64,201168.3281250000,214646.8906250000,223719.6250000000,168102.5625000000,0.0000000000,0.0000000000,0.0000000000,0.0000000000,,,
8.2799999868,64,215955.3593750000,215568.7187500000,225000.0000000000,204088.9062500000,0.0000000000,0.0000000000,0.0000000000,0.0000000000,,,
8.2839999867,64,225000.0000000000,217368.7656250000,225000.0000000000,225000.0000000000,0.0000000000,0.0000000000,0.0000000000,0.0000000000,,,
8.2879999867,64,225000.0000000000,217597.7187500000,225000.0000000000,225000.0000000000,0.0000000000,0.0000000000,0.0000000000,0.0000000000,,,
8.2919999866,64,217309.3281250000,215888.1562500000,225000.0000000000,212581.5937500000,0.0000000000,0.0000000000,0.0000000000,0.0000000000,,,
8.2959999866,64,201120.5625000000,214639.4687500000,223713.8906250000,168136.9531250000,0.0000000000,0.0000000000,0.0000000000,0.0000000000,,,
8.2999999865,64,215772.7968750000,215553.7656250000,225000.0000000000,203730.9375000000,0.0000000000,0.0000000000,0.0000000000,0.0000000000,,,
8.3039999867,64,225000.0000000000,217359.1093750000,225000.0000000000,225000.0000000000,0.0000000000,0.0000000000,0.0000000000,0.0000000000,,,
8.3079999867,64,225000.0000000000,217604.2968750000,225000.0000000000,225000.0000000000,0.0000000000,0.0000000000,0.0000000000,0.0000000000,,,
8.3119999866,64,217462.2500000000,215903.6718750000,225000.0000000000,212935.3437500000,0.0000000000,0.0000000000,0.0000000000,0.0000000000,,,
8.3159999866,64,201115.2500000000,214647.9843750000,223730.3750000000,168214.9531250000,0.0000000000,0.0000000000,0.0000000000,0.0000000000,,,
8.3199999866,65,215623.3281250000,215552.5625000000,225000.0000000000,203417.5000000000,0.0000000000,0.0000000000,0.0000000000,0.0000000000,,,
8.3239999865,65,225000.0000000000,217364.1875000000,225000.0000000000,225000.0000000000,0.0000000000,0.0000000000,0.0000000000,0.0000000000,,,
8.3279999865,65,225000.0000000000,217624.3906250000,225000.0000000000,225000.0000000000,0.0000000000,0.0000000000,0.0000000000,0.0000000000,,,
8.3319999864,65,217636.3750000000,215930.1718750000,225000.0000000000,213279.9843750000,0.0000000000,0.0000000000,0.0000000000,0.0000000000,,,
8.3359999864,65,201134.1875000000,214660.6718750000,223756.5000000000,168276.8750000000,0.0000000000,0.0000000000,0.0000000000,0.0000000000,,,
8.3399999863,65,215472.5312500000,215543.7656250000,225000.0000000000,203050.2500000000,0.0000000000,0.0000000000,0.0000000000,0.0000000000,,,
8.3439999865,65,225000.0000000000,217351.5156250000,225000.0000000000,225000.0000000000,0.0000000000,0.0000000000,0.0000000000,0.0000000000,,,
8.3479999865,65,225000.0000000000,217621.4843750000,225000.0000000000,225000.0000000000,0.0000000000,0.0000000000,0.0000000000,0.0000000000,,,
8.3519999865,65,217785.3437500000,215924.9687500000,225000.0000000000,213627.6718750000,0.0000000000,0.0000000000,0.0000000000,0.0000000000,,,
8.3559999864,65,201136.3281250000,214639.3593750000,223765.4375000000,168318.7812500000,0.0000000000,0.0000000000,0.0000000000,0.0000000000,,,
8.3599999864,65,215319.4843750000,215513.5156250000,225000.0000000000,202720.8750000000,0.0000000000,0.0000000000,0.0000000000,0.0000000000,,,
8.3639999866,65,225000.0000000000,217324.2187500000,225000.0000000000,225000.0000000000,0.0000000000,0.0000000000,0.0000000000,0.0000000000,,,
8.3679999865,65,225000.0000000000,217609.8437500000,225000.0000000000,225000.0000000000,0.0000000000,0.0000000000,0.0000000000,0.0000000000,,,
8.3719999865,65,217950.6718750000,215924.1250000000,225000.0000000000,213977.7812500000,0.0000000000,0.0000000000,0.0000000000,0.0000000000,,,
8.3759999864,65,201152.1562500000,214632.6250000000,223785.7968750000,168378.5312500000,0.0000000000,0.0000000000,0.0000000000,0.0000000000,,,
8.3799999864,65,215171.9531250000,215497.5781250000,225000.0000000000,202389.2968750000,0.0000000000,0.0000000000,0.0000000000,0.0000000000,,,
8.3839999863,65,225000.0000000000,217309.8437500000,225000.0000000000,225000.0000000000,0.0000000000,0.0000000000,0.0000000000,0.0000000000,,,
8.3879999865,65,225000.0000000000,217609.6562500000,225000.0000000000,225000.0000000000,0.0000000000,0.0000000000,0.0000000000,0.0000000000,,,
8.3919999865,65,218116.5625000000,215934.0312500000,225000.0000000000,214330.7343750000,0.0000000000,0.0000000000,0.0000000000,0.0000000000,,,
8.3959999864,65,201199.5312500000,214639.2968750000,223827.6875000000,168464.3125000000,0.0000000000,0.0000000000,0.0000000000,0.0000000000,,,
8.3999999864,65,215060.3281250000,215491.6718750000,225000.0000000000,202065.4843750000,0.0000000000,0.0000000000,0.0000000000,0.0000000000,,,
8.4039999864,65,225000.0000000000,217306.3281250000,225000.0000000000,225000.0000000000,0.0000000000,0.0000000000,0.0000000000,0.0000000000,,,
8.4079999865,65,225000.0000000000,217617.5156250000,225000.0000000000,225000.0000000000,0.0000000000,0.0000000000,0.0000000000,0.0000000000,,,
8.4119999865,65,218288.5000000000,215939.3906250000,225000.0000000000,214652.5156250000,0.0000000000,0.0000000000,0.0000000000,0.0000000000,,,
8.4159999865,65,201237.6093750000,214629.9062500000,223850.3281250000,168533.0625000000,0.0000000000,0.0000000000,0.0000000000,0.0000000000,,,
8.4199999864,65,214935.6562500000,215471.6406250000,225000.0000000000,201740.5781250000,0.0000000000,0.0000000000,0.0000000000,0.0000000000,,,
8.4239999864,65,225000.0000000000,217288.9687500000,225000.0000000000,225000.0000000000,0.0000000000,0.0000000000,0.0000000000,0.0000000000,,,
8.4279999863,65,225000.0000000000,217613.7031250000,225000.0000000000,225000.0000000000,0.0000000000,0.0000000000,0.0000000000,0.0000000000,,,
8.4319999865,65,218466.2031250000,215940.6875000000,225000.0000000000,214994.0000000000,0.0000000000,0.0000000000,0.0000000000,0.0000000000,,,
8.4359999865,65,201296.2500000000,214621.1406250000,223889.9375000000,168629.3281250000,0.0000000000,0.0000000000,0.0000000000,0.0000000000,,,
8.4399999864,65,214810.9062500000,215445.8750000000,225000.0000000000,201409.1093750000,0.0000000000,0.0000000000,0.0000000000,0.0000000000,,,
8.4439999864,65,225000.0000000000,217258.5312500000,225000.0000000000,225000.0000000000,0.0000000000,0.0000000000,0.0000000000,0.0000000000,,,
8.4479999864,66,225000.0000000000,217596.3750000000,225000.0000000000,225000.0000000000,0.0000000000,0.0000000000,0.0000000000,0.0000000000,,,
8.4519999863,66,218638.0781250000,215936.6562500000,225000.0000000000,215329.0625000000,0.0000000000,0.0000000000,0.0000000000,0.0000000000,,,
8.4559999863,66,201344.4218750000,214608.2187500000,223917.3593750000,168712.8281250000,0.0000000000,0.0000000000,0.0000000000,0.0000000000,,,
8.4599999862,66,214693.5312500000,215425.9375000000,225000.0000000000,201097.1250000000,0.0000000000,0.0000000000,0.0000000000,0.0000000000,,,
8.4639999862,66,225000.0000000000,217238.0468750000,225000.0000000000,225000.0000000000,0.0000000000,0.0000000000,0.0000000000,0.0000000000,,,
8.4679999861,66,225000.0000000000,217579.4531250000,225000.0000000000,225000.0000000000,0.0000000000,0.0000000000,0.0000000000,0.0000000000,,,
8.4719999863,66,218802.1406250000,215924.3125000000,225000.0000000000,215701.6406250000,0.0000000000,0.0000000000,0.0000000000,0.0000000000,,,
8.4759999863,66,201382.2968750000,214588.3906250000,223954.2343750000,168825.3125000000,0.0000000000,0.0000000000,0.0000000000,0.0000000000,,,
8.4799999862,66,214551.2968750000,215396.1093750000,225000.0000000000,200766.7031250000,0.0000000000,0.0000000000,0.0000000000,0.0000000000,,,
8.4839999862,66,225000.0000000000,217214.8125000000,225000.0000000000,225000.0000000000,0.0000000000,0.0000000000,0.0000000000,0.0000000000,,,
8.4879999862,66,225000.0000000000,217575.4687500000,225000.0000000000,225000.0000000000,0.0000000000,0.0000000000,0.0000000000,0.0000000000,,,
8.4919999863,66,218968.3281250000,215926.2187500000,225000.0000000000,216036.7031250000,0.0000000000,0.0000000000,0.0000000000,0.0000000000,,,
8.4959999863,66,201413.8281250000,214580.8593750000,223994.9062500000,168919.0000000000,0.0000000000,0.0000000000,0.0000000000,0.0000000000,,,
8.4999999863,66,214412.8750000000,215377.4218750000,225000.0000000000,200440.1406250000,0.0000000000,0.0000000000,0.0000000000,0.0000000000,,,
8.5039999862,66,225000.0000000000,217200.9375000000,225000.0000000000,225000.0000000000,0.0000000000,0.0000000000,0.0000000000,0.0000000000,,,
8.5079999862,66,225000.0000000000,217580.7656250000,225000.0000000000,225000.0000000000,0.0000000000,0.0000000000,0.0000000000,0.0000000000,,,
8.5119999861,66,219124.9531250000,215941.8281250000,225000.0000000000,216411.6562500000,0.0000000000,0.0000000000,0.0000000000,0.0000000000,,,
8.5159999863,66,201443.8750000000,214590.1093750000,224032.4531250000,169020.2031250000,0.0000000000,0.0000000000,0.0000000000,0.0000000000,,,
8.5199999863,66,214265.2656250000,215370.9531250000,225000.0000000000,200101.5156250000,0.0000000000,0.0000000000,0.0000000000,0.0000000000,,,
8.5239999862,66,225000.0000000000,217192.2812500000,225000.0000000000,225000.0000000000,0.0000000000,0.0000000000,0.0000000000,0.0000000000,,,
8.5279999862,66,225000.0000000000,217582.3750000000,225000.0000000000,225000.0000000000,0.0000000000,0.0000000000,0.0000000000,0.0000000000,,,
8.5319999862,66,219267.5000000000,215945.3750000000,225000.0000000000,216712.0000000000,0.0000000000,0.0000000000,0.0000000000,0.0000000000,,,
8.5359999863,66,201462.4375000000,214577.0000000000,224050.7500000000,169097.0156250000,0.0000000000,0.0000000000,0.0000000000,0.0000000000,,,
8.5399999863,66,214114.6875000000,215342.8437500000,225000.0000000000,199765.6250000000,0.0000000000,0.0000000000,0.0000000000,0.0000000000,,,
8.5439999863,66,225000.0000000000,217163.4531250000,225000.0000000000,225000.0000000000,0.0000000000,0.0000000000,0.0000000000,0.0000000000,,,
8.5479999862,66,225000.0000000000,217562.8750000000,225000.0000000000,225000.0000000000,0.0000000000,0.0000000000,0.0000000000,0.0000000000,,,
8.5519999862,66,219391.1250000000,215928.0468750000,225000.0000000000,216986.6562500000,0.0000000000,0.0000000000,0.0000000000,0.0000000000,,,
8.5559999861,66,201467.8281250000,214552.3750000000,224061.6406250000,169163.2656250000,0.0000000000,0.0000000000,0.0000000000,0.0000000000,,,
8.5599999863,66,213960.8125000000,215315.1875000000,225000.0000000000,199419.5781250000,0.0000000000,0.0000000000,0.0000000000,0.0000000000,,,
8.5639999863,66,225000.0000000000,217143.1406250000,225000.0000000000,225000.0000000000,0.0000000000,0.0000000000,0.0000000000,0.0000000000,,,
8.5679999862,66,225000.0000000000,217561.0781250000,225000.0000000000,225000.0000000000,0.0000000000,0.0000000000,0.0000000000,0.0000000000,,,
8.5719999862,66,219542.4531250000,215941.6250000000,225000.0000000000,217328.6718750000,0.0000000000,0.0000000000,0.0000000000,0.0000000000,,,
8.5759999861,67,201493.6875000000,214556.6093750000,224080.4687500000,169247.7812500000,0.0000000000,0.0000000000,0.0000000000,0.0000000000,,,
8.5799999861,67,213810.6875000000,215304.9218750000,225000.0000000000,199076.9375000000,0.0000000000,0.0000000000,0.0000000000,0.0000000000,,,
8.5839999861,67,225000.0000000000,217130.4218750000,225000.0000000000,225000.0000000000,0.0000000000,0.0000000000,0.0000000000,0.0000000000,,,
8.5879999860,67,225000.0000000000,217555.4218750000,225000.0000000000,225000.0000000000,0.0000000000,0.0000000000,0.0000000000,0.0000000000,,,
8.5919999860,67,219692.6562500000,215941.2656250000,225000.0000000000,217646.7031250000,0.0000000000,0.0000000000,0.0000000000,0.0000000000,,,
8.5959999859,67,201538.0781250000,214554.7343750000,224122.0625000000,169368.7031250000,0.0000000000,0.0000000000,0.0000000000,0.0000000000,,,
8.5999999861,67,213686.6875000000,215295.3437500000,225000.0000000000,198778.0781250000,0.0000000000,0.0000000000,0.0000000000,0.0000000000,,,
8.6039999861,67,225000.0000000000,217120.1093750000,225000.0000000000,225000.0000000000,0.0000000000,0.0000000000,0.0000000000,0.0000000000,,,
8.6079999860,67,225000.0000000000,217557.8593750000,225000.0000000000,225000.0000000000,0.0000000000,0.0000000000,0.0000000000,0.0000000000,,,
8.6119999860,67,219871.7343750000,215951.0625000000,225000.0000000000,217990.7500000000,0.0000000000,0.0000000000,0.0000000000,0.0000000000,,,
8.6159999860,67,201598.9843750000,214547.4062500000,224171.6250000000,169480.1718750000,0.0000000000,0.0000000000,0.0000000000,0.0000000000,,,
8.6199999861,67,213556.7343750000,215268.7656250000,225000.0000000000,198411.9843750000,0.0000000000,0.0000000000,0.0000000000,0.0000000000,,,
8.6239999861,67,225000.0000000000,217099.6093750000,225000.0000000000,225000.0000000000,0.0000000000,0.0000000000,0.0000000000,0.0000000000,,,
8.6279999861,67,225000.0000000000,217552.3437500000,225000.0000000000,225000.0000000000,0.0000000000,0.0000000000,0.0000000000,0.0000000000,,,
8.6319999860,67,220040.7031250000,215948.5468750000,225000.0000000000,218321.9218750000,0.0000000000,0.0000000000,0.0000000000,0.0000000000,,,
8.6359999860,67,201669.2031250000,214538.4531250000,224226.4531250000,169590.0937500000,0.0000000000,0.0000000000,0.0000000000,0.0000000000,,,
8.6399999859,67,213441.9843750000,215250.1250000000,225000.0000000000,198077.7343750000,0.0000000000,0.0000000000,0.0000000000,0.0000000000,,,
8.6439999861,67,225000.0000000000,217083.0937500000,225000.0000000000,225000.0000000000,0.0000000000,0.0000000000,0.0000000000,0.0000000000,,,
8.6479999861,67,225000.0000000000,217554.6718750000,225000.0000000000,225000.0000000000,0.0000000000,0.0000000000,0.0000000000,0.0000000000,,,
8.6519999860,67,220227.3906250000,215964.3906250000,225000.0000000000,218632.7031250000,0.0000000000,0.0000000000,0.0000000000,0.0000000000,,,
8.6559999860,67,201754.6093750000,214549.7968750000,224289.8906250000,169701.6718750000,0.0000000000,0.0000000000,0.0000000000,0.0000000000,,,
8.6599999859,67,213343.3593750000,215250.5000000000,225000.0000000000,197734.1093750000,0.0000000000,0.0000000000,0.0000000000,0.0000000000,,,
8.6639999861,67,225000.0000000000,217081.3437500000,225000.0000000000,225000.0000000000,0.0000000000,0.0000000000,0.0000000000,0.0000000000,,,
8.6679999861,67,225000.0000000000,217564.0312500000,225000.0000000000,225000.0000000000,0.0000000000,0.0000000000,0.0000000000,0.0000000000,,,
8.6719999861,67,220403.6406250000,215979.0937500000,225000.0000000000,218972.6562500000,0.0000000000,0.0000000000,0.0000000000,0.0000000000,,,
8.6759999860,67,201835.1250000000,214552.0000000000,224362.8125000000,169836.7968750000,0.0000000000,0.0000000000,0.0000000000,0.0000000000,,,
8.6799999860,67,213236.8750000000,215239.4687500000,225000.0000000000,197432.9218750000,0.0000000000,0.0000000000,0.0000000000,0.0000000000,,,
8.6839999859,67,225000.0000000000,217066.0625000000,225000.0000000000,225000.0000000000,0.0000000000,0.0000000000,0.0000000000,0.0000000000,,,
8.6879999861,67,225000.0000000000,217560.5781250000,225000.0000000000,225000.0000000000,0.0000000000,0.0000000000,0.0000000000,0.0000000000,,,
8.6919999861,67,220565.4062500000,215982.9843750000,225000.0000000000,219318.3281250000,0.0000000000,0.0000000000,0.0000000000,0.0000000000,,,
8.6959999860,67,201889.5781250000,214548.5625000000,224420.0781250000,169956.3125000000,0.0000000000,0.0000000000,0.0000000000,0.0000000000,,,
8.6999999860,67,213107.3281250000,215229.7343750000,225000.0000000000,197088.0156250000,0.0000000000,0.0000000000,0.0000000000,0.0000000000,,,
8.7039999859,68,225000.0000000000,217067.1093750000,225000.0000000000,225000.0000000000,0.0000000000,0.0000000000,0.0000000000,0.0000000000,,,
8.7079999859,68,225000.0000000000,217573.3906250000,225000.0000000000,225000.0000000000,0.0000000000,0.0000000000,0.0000000000,0.0000000000,,,
8.7119999859,68,220733.0625000000,216001.1406250000,225000.0000000000,219623.1406250000,0.0000000000,0.0000000000,0.0000000000,0.0000000000,,,
8.7159999858,68,201950.4375000000,214552.4531250000,224466.8906250000,170068.5468750000,0.0000000000,0.0000000000,0.0000000000,0.0000000000,,,
8.7199999858,68,212979.9218750000,215215.2031250000,225000.0000000000,196746.4687500000,0.0000000000,0.0000000000,0.0000000000,0.0000000000,,,
8.7239999857,68,225000.0000000000,217054.4687500000,225000.0000000000,225000.0000000000,0.0000000000,0.0000000000,0.0000000000,0.0000000000,,,
8.7279999859,68,225000.0000000000,217578.6875000000,225000.0000000000,225000.0000000000,0.0000000000,0.0000000000,0.0000000000,0.0000000000,,,
8.7319999859,68,220892.9218750000,216012.7031250000,225000.0000000000,219945.7031250000,0.0000000000,0.0000000000,0.0000000000,0.0000000000,,,
8.7359999858,68,202002.0468750000,214555.5156250000,224507.8750000000,170189.4375000000,0.0000000000,0.0000000000,0.0000000000,0.0000000000,,,
8.7399999858,68,212855.2812500000,215209.6406250000,225000.0000000000,196400.4375000000,0.0000000000,0.0000000000,0.0000000000,0.0000000000,,,
8.7439999857,68,225000.0000000000,217048.2968750000,225000.0000000000,225000.0000000000,0.0000000000,0.0000000000,0.0000000000,0.0000000000,,,
8.7479999859,68,225000.0000000000,217581.7656250000,225000.0000000000,225000.0000000000,0.0000000000,0.0000000000,0.0000000000,0.0000000000,,,
8.7519999859,68,221050.1093750000,216020.3437500000,225000.0000000000,220249.2968750000,0.0000000000,0.0000000000,0.0000000000,0.0000000000,,,
8.7559999858,68,202059.0937500000,214557.5937500000,224545.0000000000,170324.5312500000,0.0000000000,0.0000000000,0.0000000000,0.0000000000,,,
8.7599999858,68,212724.3125000000,215197.1718750000,225000.0000000000,196064.0625000000,0.0000000000,0.0000000000,0.0000000000,0.0000000000,,,
8.7639999858,68,225000.0000000000,217035.1093750000,225000.0000000000,225000.0000000000,0.0000000000,0.0000000000,0.0000000000,0.0000000000,,,
8.7679999857,68,225000.0000000000,217582.4375000000,225000.0000000000,225000.0000000000,0.0000000000,0.0000000000,0.0000000000,0.0000000000,,,
8.7719999859,68,221195.3906250000,216026.8281250000,225000.0000000000,220541.7500000000,0.0000000000,0.0000000000,0.0000000000,0.0000000000,,,
8.7759999859,68,202095.7031250000,214548.9062500000,224572.3593750000,170432.1250000000,0.0000000000,0.0000000000,0.0000000000,0.0000000000,,,
8.7799999858,68,212587.0312500000,215169.2187500000,225000.0000000000,195729.8906250000,0.0000000000,0.0000000000,0.0000000000,0.0000000000,,,
8.7839999858,68,225000.0000000000,216999.2187500000,225000.0000000000,225000.0000000000,0.0000000000,0.0000000000,0.0000000000,0.0000000000,,,
8.7879999857,68,225000.0000000000,217555.5781250000,225000.0000000000,225000.0000000000,0.0000000000,0.0000000000,0.0000000000,0.0000000000,,,
8.7919999859,68,221344.3125000000,216006.3906250000,225000.0000000000,220855.3750000000,0.0000000000,0.0000000000,0.0000000000,0.0000000000,,,
8.7959999859,68,202142.6718750000,214518.1718750000,224611.5937500000,170562.8437500000,0.0000000000,0.0000000000,0.0000000000,0.0000000000,,,
8.7999999858,68,212449.5468750000,215134.5156250000,225000.0000000000,195374.5156250000,0.0000000000,0.0000000000,0.0000000000,0.0000000000,,,
8.8039999858,68,225000.0000000000,216977.8437500000,225000.0000000000,225000.0000000000,0.0000000000,0.0000000000,0.0000000000,0.0000000000,,,
8.8079999858,68,225000.0000000000,217550.6250000000,225000.0000000000,225000.0000000000,0.0000000000,0.0000000000,0.0000000000,0.0000000000,,,
8.8119999857,68,221492.8593750000,216011.7656250000,225000.0000000000,221156.3906250000,0.0000000000,0.0000000000,0.0000000000,0.0000000000,,,
8.8159999859,68,202182.9843750000,214517.3906250000,224639.1718750000,170689.0156250000,0.0000000000,0.0000000000,0.0000000000,0.0000000000,,,
8.8199999859,68,212309.9687500000,215123.7656250000,225000.0000000000,195055.2031250000,0.0000000000,0.0000000000,0.0000000000,0.0000000000,,,
8.8239999858,68,225000.0000000000,216975.7500000000,225000.0000000000,225000.0000000000,0.0000000000,0.0000000000,0.0000000000,0.0000000000,,,
8.8279999858,68,225000.0000000000,217572.9375000000,225000.0000000000,225000.0000000000,0.0000000000,0.0000000000,0.0000000000,0.0000000000,,,
8.8319999857,69,221647.9062500000,216048.2187500000,225000.0000000000,221455.6562500000,0.0000000000,0.0000000000,0.0000000000,0.0000000000,,,
8.8359999857,69,202222.3281250000,214549.9218750000,224657.6250000000,170804.8593750000,0.0000000000,0.0000000000,0.0000000000,0.0000000000,,,
8.8399999856,69,212189.0000000000,215145.9218750000,225000.0000000000,194704.9375000000,0.0000000000,0.0000000000,0.0000000000,0.0000000000,,,
8.8439999856,69,225000.0000000000,216994.4687500000,225000.0000000000,225000.0000000000,0.0000000000,0.0000000000,0.0000000000,0.0000000000,,,
8.8479999856,69,225000.0000000000,217591.5000000000,225000.0000000000,225000.0000000000,0.0000000000,0.0000000000,0.0000000000,0.0000000000,,,
8.8519999855,69,221814.1875000000,216064.7812500000,225000.0000000000,221794.0156250000,0.0000000000,0.0000000000,0.0000000000,0.0000000000,,,
8.8559999857,69,202286.5781250000,214553.4218750000,224702.5156250000,170968.9062500000,0.0000000000,0.0000000000,0.0000000000,0.0000000000,,,
8.8599999857,69,212062.4687500000,215122.9531250000,225000.0000000000,194381.8125000000,0.0000000000,0.0000000000,0.0000000000,0.0000000000,,,
8.8639999856,69,225000.0000000000,216957.7500000000,225000.0000000000,225000.0000000000,0.0000000000,0.0000000000,0.0000000000,0.0000000000,,,
8.8679999856,69,225000.0000000000,217570.2500000000,225000.0000000000,225000.0000000000,0.0000000000,0.0000000000,0.0000000000,0.0000000000,,,
8.8719999855,69,221967.5000000000,216053.2812500000,225000.0000000000,222043.8593750000,0.0000000000,0.0000000000,0.0000000000,0.0000000000,,,
8.8759999857,69,202341.7500000000,214534.2187500000,224764.0468750000,171098.9687500000,0.0000000000,0.0000000000,0.0000000000,0.0000000000,,,
8.8799999857,69,211937.2656250000,215099.8125000000,225000.0000000000,194024.4843750000,0.0000000000,0.0000000000,0.0000000000,0.0000000000,,,
8.8839999856,69,225000.0000000000,216944.6093750000,225000.0000000000,225000.0000000000,0.0000000000,0.0000000000,0.0000000000,0.0000000000,,,
8.8879999856,69,225000.0000000000,217574.0625000000,225000.0000000000,225000.0000000000,0.0000000000,0.0000000000,0.0000000000,0.0000000000,,,
8.8919999856,69,222123.5000000000,216064.9218750000,225000.0000000000,222372.0312500000,0.0000000000,0.0000000000,0.0000000000,0.0000000000,,,
8.8959999855,69,202408.8593750000,214538.7500000000,224828.4531250000,171276.1562500000,0.0000000000,0.0000000000,0.0000000000,0.0000000000,,,
8.8999999857,69,211905.0625000000,215106.5468750000,225000.0000000000,193962.5000000000,0.0000000000,0.0000000000,0.0000000000,0.0000000000,,,
8.9039999857,69,225000.0000000000,216965.1718750000,225000.0000000000,225000.0000000000,0.0000000000,0.0000000000,0.0000000000,0.0000000000,,,
8.9079999856,69,225000.0000000000,217613.3593750000,225000.0000000000,225000.0000000000,0.0000000000,0.0000000000,0.0000000000,0.0000000000,,,
8.9119999856,69,222270.8281250000,216129.0000000000,225000.0000000000,222651.2968750000,0.0000000000,0.0000000000,0.0000000000,0.0000000000,,,
8.9159999855,69,202471.4062500000,214604.1406250000,224870.7812500000,171399.3750000000,0.0000000000,0.0000000000,0.0000000000,0.0000000000,,,
8.9199999857,69,211710.2812500000,215152.3750000000,225000.0000000000,193405.9843750000,0.0000000000,0.0000000000,0.0000000000,0.0000000000,,,
8.9239999857,69,225000.0000000000,217004.7656250000,225000.0000000000,225000.0000000000,0.0000000000,0.0000000000,0.0000000000,0.0000000000,,,
8.9279999856,69,225000.0000000000,217661.4218750000,225000.0000000000,225000.0000000000,0.0000000000,0.0000000000,0.0000000000,0.0000000000,,,
8.9319999856,69,222444.3906250000,216170.0312500000,225000.0000000000,222993.3593750000,0.0000000000,0.0000000000,0.0000000000,0.0000000000,,,
8.9359999856,69,202543.4531250000,214628.2500000000,224948.3437500000,171601.0312500000,0.0000000000,0.0000000000,0.0000000000,0.0000000000,,,
8.9399999855,69,211597.5156250000,215156.1875000000,225000.0000000000,193110.4062500000,0.0000000000,0.0000000000,0.0000000000,0.0000000000,,,
8.9439999857,69,225000.0000000000,217000.2343750000,225000.0000000000,225000.0000000000,0.0000000000,0.0000000000,0.0000000000,0.0000000000,,,
8.9479999857,69,225000.0000000000,217663.7812500000,225000.0000000000,225000.0000000000,0.0000000000,0.0000000000,0.0000000000,0.0000000000,,,
8.9519999856,69,222609.2500000000,216178.7500000000,225000.0000000000,223296.3750000000,0.0000000000,0.0000000000,0.0000000000,0.0000000000,,,
8.9559999856,69,202596.3750000000,214627.8125000000,224999.3281250000,171753.2968750000,0.0000000000,0.0000000000,0.0000000000,0.0000000000,,,
8.9599999855,70,211479.5000000000,215143.6093750000,225000.0000000000,192780.9375000000,0.0000000000,0.0000000000,0.0000000000,0.0000000000,,,
8.9639999855,70,225000.0000000000,216990.3906250000,225000.0000000000,225000.0000000000,0.0000000000,0.0000000000,0.0000000000,0.0000000000,,,
8.9679999854,70,225000.0000000000,217671.5156250000,225000.0000000000,225000.0000000000,0.0000000000,0.0000000000,0.0000000000,0.0000000000,,,
8.9719999854,70,222776.7500000000,216200.9062500000,225000.0000000000,223576.9062500000,0.0000000000,0.0000000000,0.0000000000,0.0000000000,,,
8.9759999854,70,202676.8906250000,214644.9062500000,225000.0000000000,171916.3750000000,0.0000000000,0.0000000000,0.0000000000,0.0000000000,,,
8.9799999853,70,211387.6250000000,215152.4531250000,225000.0000000000,192485.2656250000,0.0000000000,0.0000000000,0.0000000000,0.0000000000,,,
8.9839999855,70,225000.0000000000,217006.0000000000,225000.0000000000,225000.0000000000,0.0000000000,0.0000000000,0.0000000000,0.0000000000,,,
8.9879999855,70,225000.0000000000,217702.0000000000,225000.0000000000,225000.0000000000,0.0000000000,0.0000000000,0.0000000000,0.0000000000,,,
8.9919999854,70,222962.8125000000,216232.5937500000,225000.0000000000,223877.6562500000,0.0000000000,0.0000000000,0.0000000000,0.0000000000,,,
8.9959999854,70,202779.7500000000,214660.0625000000,225000.0000000000,172116.1718750000,0.0000000000,0.0000000000,0.0000000000,0.0000000000,,,
8.9999999853,70,211306.6562500000,215148.7812500000,225000.0000000000,192251.4062500000,0.0000000000,0.0000000000,0.0000000000,0.0000000000,,,
9.0039999855,70,225000.0000000000,216995.5468750000,225000.0000000000,225000.0000000000,0.0000000000,0.0000000000,0.0000000000,0.0000000000,,,
9.0079999855,70,225000.0000000000,217696.4062500000,225000.0000000000,225000.0000000000,0.0000000000,0.0000000000,0.0000000000,0.0000000000,,,
9.0119999854,70,223132.3281250000,216225.9375000000,225000.0000000000,224233.3437500000,0.0000000000,0.0000000000,0.0000000000,0.0000000000,,,
9.0159999854,70,202862.2812500000,214639.7343750000,225000.0000000000,172605.7031250000,0.0000000000,0.0000000000,0.0000000000,0.0000000000,,,
9.0199999854,70,211191.0468750000,215112.5000000000,225000.0000000000,192191.9375000000,0.0000000000,0.0000000000,0.0000000000,0.0000000000,,,
9.0239999853,70,225000.0000000000,216956.4531250000,225000.0000000000,225000.0000000000,0.0000000000,0.0000000000,0.0000000000,0.0000000000,,,
9.0279999855,70,225000.0000000000,217674.7500000000,225000.0000000000,225000.0000000000,0.0000000000,0.0000000000,0.0000000000,0.0000000000,,,
9.0319999855,70,223279.4531250000,216220.2187500000,225000.0000000000,224576.3750000000,0.0000000000,0.0000000000,0.0000000000,0.0000000000,,,
9.0359999854,70,202922.9062500000,214630.5312500000,225000.0000000000,172944.3281250000,0.0000000000,0.0000000000,0.0000000000,0.0000000000,,,
9.0399999854,70,211071.4218750000,215098.6875000000,225000.0000000000,192027.7187500000,0.0000000000,0.0000000000,0.0000000000,0.0000000000,,,
9.0439999853,70,225000.0000000000,216948.7343750000,225000.0000000000,225000.0000000000,0.0000000000,0.0000000000,0.0000000000,0.0000000000,,,
9.0479999855,70,225000.0000000000,217672.2656250000,225000.0000000000,225000.0000000000,0.0000000000,0.0000000000,0.0000000000,0.0000000000,,,
9.0519999855,70,223448.1875000000,216221.5156250000,225000.0000000000,224874.0937500000,0.0000000000,0.0000000000,0.0000000000,0.0000000000,,,
9.0559999854,70,203004.1250000000,214624.7968750000,225000.0000000000,173258.7343750000,0.0000000000,0.0000000000,0.0000000000,0.0000000000,,,
9.0599999854,70,210965.9062500000,215076.6875000000,225000.0000000000,191841.7500000000,0.0000000000,0.0000000000,0.0000000000,0.0000000000,,,
9.0639999853,70,225000.0000000000,216922.7187500000,225000.0000000000,225000.0000000000,0.0000000000,0.0000000000,0.0000000000,0.0000000000,,,
9.0679999853,70,225000.0000000000,217659.4375000000,225000.0000000000,225000.0000000000,0.0000000000,0.0000000000,0.0000000000,0.0000000000,,,
9.0719999855,70,223604.9843750000,216212.9062500000,225000.0000000000,225000.0000000000,0.0000000000,0.0000000000,0.0000000000,0.0000000000,,,
9.0759999854,70,203081.5781250000,214606.9531250000,225000.0000000000,173574.5156250000,0.0000000000,0.0000000000,0.0000000000,0.0000000000,,,
9.0799999854,70,210862.9843750000,215047.1875000000,225000.0000000000,191642.6562500000,0.0000000000,0.0000000000,0.0000000000,0.0000000000,,,
9.0839999854,70,225000.0000000000,216897.2656250000,225000.0000000000,225000.0000000000,0.0000000000,0.0000000000,0.0000000000,0.0000000000,,,
9.0879999853,71,225000.0000000000,217651.8437500000,225000.0000000000,225000.0000000000,0.0000000000,0.0000000000,0.0000000000,0.0000000000,,,
9.0919999853,71,223767.4531250000,216207.6093750000,225000.0000000000,225000.0000000000,0.0000000000,0.0000000000,0.0000000000,0.0000000000,,,
9.0959999852,71,203138.2500000000,214581.2812500000,225000.0000000000,173836.4375000000,0.0000000000,0.0000000000,0.0000000000,0.0000000000,,,
9.0999999852,71,210736.6093750000,215005.6406250000,225000.0000000000,191407.0468750000,0.0000000000,0.0000000000,0.0000000000,0.0000000000,,,
9.1039999851,71,225000.0000000000,216857.0625000000,225000.0000000000,225000.0000000000,0.0000000000,0.0000000000,0.0000000000,0.0000000000,,,
9.1079999851,71,225000.0000000000,217626.9062500000,225000.0000000000,225000.0000000000,0.0000000000,0.0000000000,0.0000000000,0.0000000000,,,
9.1119999853,71,223908.1250000000,216200.2343750000,225000.0000000000,225000.0000000000,0.0000000000,0.0000000000,0.0000000000,0.0000000000,,,
9.1159999853,71,203176.1875000000,214566.7187500000,225000.0000000000,174050.8750000000,0.0000000000,0.0000000000,0.0000000000,0.0000000000,,,
9.1199999852,71,210606.5156250000,214984.3437500000,225000.0000000000,191154.1718750000,0.0000000000,0.0000000000,0.0000000000,0.0000000000,,,
9.1239999852,71,225000.0000000000,216842.0312500000,225000.0000000000,225000.0000000000,0.0000000000,0.0000000000,0.0000000000,0.0000000000,,,
9.1279999851,71,225000.0000000000,217629.5312500000,225000.0000000000,225000.0000000000,0.0000000000,0.0000000000,0.0000000000,0.0000000000,,,
9.1319999853,71,224061.6406250000,216207.4218750000,225000.0000000000,225000.0000000000,0.0000000000,0.0000000000,0.0000000000,0.0000000000,,,
9.1359999853,71,203224.5468750000,214571.2031250000,225000.0000000000,174294.6875000000,0.0000000000,0.0000000000,0.0000000000,0.0000000000,,,
9.1399999852,71,210470.9843750000,214973.2031250000,225000.0000000000,190878.3281250000,0.0000000000,0.0000000000,0.0000000000,0.0000000000,,,
9.1439999852,71,225000.0000000000,216825.4062500000,225000.0000000000,225000.0000000000,0.0000000000,0.0000000000,0.0000000000,0.0000000000,,,
9.1479999851,71,225000.0000000000,217619.4687500000,225000.0000000000,225000.0000000000,0.0000000000,0.0000000000,0.0000000000,0.0000000000,,,
9.1519999851,71,224216.0156250000,216201.1718750000,225000.0000000000,225000.0000000000,0.0000000000,0.0000000000,0.0000000000,0.0000000000,,,
9.1559999853,71,203272.5468750000,214550.4375000000,225000.0000000000,174539.0937500000,0.0000000000,0.0000000000,0.0000000000,0.0000000000,,,
9.1599999852,71,210347.7343750000,214933.0625000000,225000.0000000000,190640.9218750000,0.0000000000,0.0000000000,0.0000000000,0.0000000000,,,
9.1639999852,71,225000.0000000000,216781.5000000000,225000.0000000000,225000.0000000000,0.0000000000,0.0000000000,0.0000000000,0.0000000000,,,
9.1679999852,71,225000.0000000000,217584.0781250000,225000.0000000000,225000.0000000000,0.0000000000,0.0000000000,0.0000000000,0.0000000000,,,
9.1719999851,71,224375.8281250000,216175.6093750000,225000.0000000000,225000.0000000000,0.0000000000,0.0000000000,0.0000000000,0.0000000000,,,
9.1759999853,71,203327.5625000000,214521.3437500000,225000.0000000000,174836.4062500000,0.0000000000,0.0000000000,0.0000000000,0.0000000000,,,
9.1799999853,71,210227.0625000000,214907.3593750000,225000.0000000000,190412.6718750000,0.0000000000,0.0000000000,0.0000000000,0.0000000000,,,
9.1839999852,71,225000.0000000000,216767.4218750000,225000.0000000000,225000.0000000000,0.0000000000,0.0000000000,0.0000000000,0.0000000000,,,
9.1879999852,71,225000.0000000000,217591.3125000000,225000.0000000000,225000.0000000000,0.0000000000,0.0000000000,0.0000000000,0.0000000000,,,
9.1919999851,71,224542.0468750000,216199.7812500000,225000.0000000000,225000.0000000000,0.0000000000,0.0000000000,0.0000000000,0.0000000000,,,
9.1959999851,71,203392.5625000000,214541.2343750000,225000.0000000000,175113.6406250000,0.0000000000,0.0000000000,0.0000000000,0.0000000000,,,
9.1999999853,71,210113.9531250000,214910.9062500000,225000.0000000000,190187.5312500000,0.0000000000,0.0000000000,0.0000000000,0.0000000000,,,
9.2039999852,71,225000.0000000000,216771.2343750000,225000.0000000000,225000.0000000000,0.0000000000,0.0000000000,0.0000000000,0.0000000000,,,
9.2079999852,71,225000.0000000000,217609.0625000000,225000.0000000000,225000.0000000000,0.0000000000,0.0000000000,0.0000000000,0.0000000000,,,
9.2119999852,71,224703.2500000000,216221.4218750000,225000.0000000000,225000.0000000000,0.0000000000,0.0000000000,0.0000000000,0.0000000000,,,
9.2159999851,72,203451.2968750000,214550.4062500000,225000.0000000000,175356.5000000000,0.0000000000,0.0000000000,0.0000000000,0.0000000000,,,
9.2199999851,72,209993.3593750000,214904.4687500000,225000.0000000000,189940.3281250000,0.0000000000,0.0000000000,0.0000000000,0.0000000000,,,
9.2239999850,72,225000.0000000000,216762.1875000000,225000.0000000000,225000.0000000000,0.0000000000,0.0000000000,0.0000000000,0.0000000000,,,
9.2279999850,72,225000.0000000000,217614.9218750000,225000.0000000000,225000.0000000000,0.0000000000,0.0000000000,0.0000000000,0.0000000000,,,
9.2319999849,72,224850.7187500000,216237.2812500000,225000.0000000000,225000.0000000000,0.0000000000,0.0000000000,0.0000000000,0.0000000000,,,
9.2359999849,72,203519.7187500000,214563.4531250000,225000.0000000000,175610.8125000000,0.0000000000,0.0000000000,0.0000000000,0.0000000000,,,
9.2399999851,72,209890.7656250000,214909.7187500000,225000.0000000000,189720.1562500000,0.0000000000,0.0000000000,0.0000000000,0.0000000000,,,
9.2439999850,72,225000.0000000000,216773.0468750000,225000.0000000000,225000.0000000000,0.0000000000,0.0000000000,0.0000000000,0.0000000000,,,
9.2479999850,72,225000.0000000000,217640.3750000000,225000.0000000000,225000.0000000000,0.0000000000,0.0000000000,0.0000000000,0.0000000000,,,
9.2519999850,72,224994.3437500000,216272.0625000000,225000.0000000000,225000.0000000000,0.0000000000,0.0000000000,0.0000000000,0.0000000000,,,
9.2559999849,72,203596.9375000000,214589.6562500000,225000.0000000000,175886.7968750000,0.0000000000,0.0000000000,0.0000000000,0.0000000000,,,
9.2599999851,72,209801.7812500000,214923.3750000000,225000.0000000000,189530.9531250000,0.0000000000,0.0000000000,0.0000000000,0.0000000000,,,
9.2639999851,72,225000.0000000000,216781.7187500000,225000.0000000000,225000.0000000000,0.0000000000,0.0000000000,0.0000000000,0.0000000000,,,
9.2679999850,72,225000.0000000000,217658.5625000000,225000.0000000000,225000.0000000000,0.0000000000,0.0000000000,0.0000000000,0.0000000000,,,
9.2719999850,72,225000.0000000000,216295.1875000000,225000.0000000000,225000.0000000000,0.0000000000,0.0000000000,0.0000000000,0.0000000000,,,
9.2759999849,72,203674.0781250000,214603.5156250000,225000.0000000000,176162.6250000000,0.0000000000,0.0000000000,0.0000000000,0.0000000000,,,
9.2799999849,72,209695.2656250000,214923.8750000000,225000.0000000000,189321.0156250000,0.0000000000,0.0000000000,0.0000000000,0.0000000000,,,
9.2839999851,72,225000.0000000000,216784.6875000000,225000.0000000000,225000.0000000000,0.0000000000,0.0000000000,0.0000000000,0.0000000000,,,
9.2879999850,72,225000.0000000000,217674.0000000000,225000.0000000000,225000.0000000000,0.0000000000,0.0000000000,0.0000000000,0.0000000000,,,
9.2919999850,72,225000.0000000000,216316.7343750000,225000.0000000000,225000.0000000000,0.0000000000,0.0000000000,0.0000000000,0.0000000000,,,
9.2959999850,72,203734.2656250000,214616.1718750000,225000.0000000000,176426.9062500000,0.0000000000,0.0000000000,0.0000000000,0.0000000000,,,
9.2999999849,72,209573.5781250000,214920.0937500000,225000.0000000000,189080.7656250000,0.0000000000,0.0000000000,0.0000000000,0.0000000000,,,
9.3039999851,72,225000.0000000000,216774.5781250000,225000.0000000000,225000.0000000000,0.0000000000,0.0000000000,0.0000000000,0.0000000000,,,
9.3079999851,72,225000.0000000000,217673.6562500000,225000.0000000000,225000.0000000000,0.0000000000,0.0000000000,0.0000000000,0.0000000000,,,
9.3119999850,72,225000.0000000000,216332.0625000000,225000.0000000000,225000.0000000000,0.0000000000,0.0000000000,0.0000000000,0.0000000000,,,
9.3159999850,72,203781.5625000000,214630.0781250000,225000.0000000000,176635.9843750000,0.0000000000,0.0000000000,0.0000000000,0.0000000000,,,
9.3199999849,72,209456.0156250000,214928.2031250000,225000.0000000000,188840.1250000000,0.0000000000,0.0000000000,0.0000000000,0.0000000000,,,
9.3239999849,72,225000.0000000000,216787.4062500000,225000.0000000000,225000.0000000000,0.0000000000,0.0000000000,0.0000000000,0.0000000000,,,
9.3279999851,72,225000.0000000000,217702.8125000000,225000.0000000000,225000.0000000000,0.0000000000,0.0000000000,0.0000000000,0.0000000000,,,
9.3319999850,72,225000.0000000000,216366.4531250000,225000.0000000000,225000.0000000000,0.0000000000,0.0000000000,0.0000000000,0.0000000000,,,
9.3359999850,72,203839.3281250000,214655.9062500000,225000.0000000000,176829.3437500000,0.0000000000,0.0000000000,0.0000000000,0.0000000000,,,
9.3399999849,72,209338.1562500000,214937.7187500000,225000.0000000000,188535.6406250000,0.0000000000,0.0000000000,0.0000000000,0.0000000000,,,
9.3439999849,73,225000.0000000000,216788.9843750000,225000.0000000000,225000.0000000000,0.0000000000,0.0000000000,0.0000000000,0.0000000000,,,
9.3479999849,73,225000.0000000000,217705.3906250000,225000.0000000000,225000.0000000000,0.0000000000,0.0000000000,0.0000000000,0.0000000000,,,
9.3519999848,73,225000.0000000000,216376.9218750000,225000.0000000000,225000.0000000000,0.0000000000,0.0000000000,0.0000000000,0.0000000000,,,
9.3559999848,73,203916.6093750000,214655.2656250000,225000.0000000000,177060.0468750000,0.0000000000,0.0000000000,0.0000000000,0.0000000000,,,
9.3599999847,73,209243.1718750000,214923.9062500000,225000.0000000000,188305.9375000000,0.0000000000,0.0000000000,0.0000000000,0.0000000000,,,
9.3639999847,73,225000.0000000000,216776.3281250000,225000.0000000000,225000.0000000000,0.0000000000,0.0000000000,0.0000000000,0.0000000000,,,
9.3679999849,73,225000.0000000000,217710.3437500000,225000.0000000000,225000.0000000000,0.0000000000,0.0000000000,0.0000000000,0.0000000000,,,
9.3719999848,73,225000.0000000000,216390.2656250000,225000.0000000000,225000.0000000000,0.0000000000,0.0000000000,0.0000000000,0.0000000000,,,
9.3759999848,73,203988.3593750000,214664.0781250000,225000.0000000000,177290.3125000000,0.0000000000,0.0000000000,0.0000000000,0.0000000000,,,
9.3799999848,73,209143.1250000000,214920.3125000000,225000.0000000000,188072.6093750000,0.0000000000,0.0000000000,0.0000000000,0.0000000000,,,
9.3839999847,73,225000.0000000000,216765.8125000000,225000.0000000000,225000.0000000000,0.0000000000,0.0000000000,0.0000000000,0.0000000000,,,
9.3879999849,73,225000.0000000000,217707.1093750000,225000.0000000000,225000.0000000000,0.0000000000,0.0000000000,0.0000000000,0.0000000000,,,
9.3919999849,73,225000.0000000000,216392.0156250000,225000.0000000000,225000.0000000000,0.0000000000,0.0000000000,0.0000000000,0.0000000000,,,
9.3959999848,73,204052.0000000000,214650.7187500000,225000.0000000000,177585.0000000000,0.0000000000,0.0000000000,0.0000000000,0.0000000000,,,
9.3999999848,73,209029.0781250000,214892.5000000000,225000.0000000000,187856.5312500000,0.0000000000,0.0000000000,0.0000000000,0.0000000000,,,
9.4039999847,73,225000.0000000000,216746.8437500000,225000.0000000000,225000.0000000000,0.0000000000,0.0000000000,0.0000000000,0.0000000000,,,
9.4079999847,73,225000.0000000000,217706.1875000000,225000.0000000000,225000.0000000000,0.0000000000,0.0000000000,0.0000000000,0.0000000000,,,
9.4119999849,73,225000.0000000000,216401.6718750000,225000.0000000000,225000.0000000000,0.0000000000,0.0000000000,0.0000000000,0.0000000000,,,
9.4159999848,73,204100.7187500000,214654.9375000000,225000.0000000000,177784.9687500000,0.0000000000,0.0000000000,0.0000000000,0.0000000000,,,
9.4199999848,73,208894.5781250000,214879.7812500000,225000.0000000000,187553.0625000000,0.0000000000,0.0000000000,0.0000000000,0.0000000000,,,
9.4239999847,73,225000.0000000000,216722.8750000000,225000.0000000000,225000.0000000000,0.0000000000,0.0000000000,0.0000000000,0.0000000000,,,
9.4279999847,73,225000.0000000000,217688.9531250000,225000.0000000000,225000.0000000000,0.0000000000,0.0000000000,0.0000000000,0.0000000000,,,
9.4319999849,73,225000.0000000000,216394.5156250000,225000.0000000000,225000.0000000000,0.0000000000,0.0000000000,0.0000000000,0.0000000000,,,
9.4359999849,73,204132.7656250000,214647.2343750000,225000.0000000000,177983.3906250000,0.0000000000,0.0000000000,0.0000000000,0.0000000000,,,
9.4399999848,73,208767.7343750000,214868.8750000000,225000.0000000000,187290.3593750000,0.0000000000,0.0000000000,0.0000000000,0.0000000000,,,
9.4439999848,73,225000.0000000000,216715.7031250000,225000.0000000000,225000.0000000000,0.0000000000,0.0000000000,0.0000000000,0.0000000000,,,
9.4479999847,73,225000.0000000000,217694.2812500000,225000.0000000000,225000.0000000000,0.0000000000,0.0000000000,0.0000000000,0.0000000000,,,
9.4519999847,73,225000.0000000000,216411.3593750000,225000.0000000000,225000.0000000000,0.0000000000,0.0000000000,0.0000000000,0.0000000000,,,
9.4559999849,73,204188.5000000000,214656.1250000000,225000.0000000000,178192.3906250000,0.0000000000,0.0000000000,0.0000000000,0.0000000000,,,
9.4599999848,73,208640.9375000000,214861.7656250000,225000.0000000000,187004.0156250000,0.0000000000,0.0000000000,0.0000000000,0.0000000000,,,
9.4639999848,73,225000.0000000000,216709.8125000000,225000.0000000000,225000.0000000000,0.0000000000,0.0000000000,0.0000000000,0.0000000000,,,
9.4679999847,73,225000.0000000000,217697.8281250000,225000.0000000000,225000.0000000000,0.0000000000,0.0000000000,0.0000000000,0.0000000000,,,
9.4719999847,74,225000.0000000000,216420.1875000000,225000.0000000000,225000.0000000000,0.0000000000,0.0000000000,0.0000000000,0.0000000000,,,
9.4759999847,74,204228.3593750000,214657.5625000000,225000.0000000000,178376.9843750000,0.0000000000,0.0000000000,0.0000000000,0.0000000000,,,
9.4799999846,74,208514.6875000000,214852.6718750000,225000.0000000000,186721.2812500000,0.0000000000,0.0000000000,0.0000000000,0.0000000000,,,
9.4839999846,74,225000.0000000000,216698.7343750000,225000.0000000000,225000.0000000000,0.0000000000,0.0000000000,0.0000000000,0.0000000000,,,
9.4879999845,74,225000.0000000000,217703.8906250000,225000.0000000000,225000.0000000000,0.0000000000,0.0000000000,0.0000000000,0.0000000000,,,
9.4919999845,74,225000.0000000000,216438.5781250000,225000.0000000000,225000.0000000000,0.0000000000,0.0000000000,0.0000000000,0.0000000000,,,
9.4959999847,74,204286.5156250000,214668.2656250000,225000.0000000000,178592.7968750000,0.0000000000,0.0000000000,0.0000000000,0.0000000000,,,
9.4999999846,74,208396.6406250000,214847.7812500000,225000.0000000000,186451.4531250000,0.0000000000,0.0000000000,0.0000000000,0.0000000000,,,
9.5039999846,74,225000.0000000000,216692.5000000000,225000.0000000000,225000.0000000000,0.0000000000,0.0000000000,0.0000000000,0.0000000000,,,
9.5079999845,74,225000.0000000000,217711.5625000000,225000.0000000000,225000.0000000000,0.0000000000,0.0000000000,0.0000000000,0.0000000000,,,
9.5119999845,74,225000.0000000000,216462.5000000000,225000.0000000000,225000.0000000000,0.0000000000,0.0000000000,0.0000000000,0.0000000000,,,
9.5159999847,74,204366.2500000000,214693.6718750000,225000.0000000000,178822.6093750000,0.0000000000,0.0000000000,0.0000000000,0.0000000000,,,
9.5199999847,74,208303.0625000000,214858.2812500000,225000.0000000000,186181.2968750000,0.0000000000,0.0000000000,0.0000000000,0.0000000000,,,
9.5239999846,74,225000.0000000000,216694.4375000000,225000.0000000000,225000.0000000000,0.0000000000,0.0000000000,0.0000000000,0.0000000000,,,
9.5279999846,74,225000.0000000000,217723.3593750000,225000.0000000000,225000.0000000000,0.0000000000,0.0000000000,0.0000000000,0.0000000000,,,
9.5319999845,74,225000.0000000000,216480.8750000000,225000.0000000000,225000.0000000000,0.0000000000,0.0000000000,0.0000000000,0.0000000000,,,
9.5359999845,74,204434.6250000000,214700.4531250000,225000.0000000000,179059.1562500000,0.0000000000,0.0000000000,0.0000000000,0.0000000000,,,
9.5399999847,74,208196.9531250000,214853.2343750000,225000.0000000000,185934.7500000000,0.0000000000,0.0000000000,0.0000000000,0.0000000000,,,
9.5439999846,74,225000.0000000000,216688.3437500000,225000.0000000000,225000.0000000000,0.0000000000,0.0000000000,0.0000000000,0.0000000000,,,
9.5479999846,74,225000.0000000000,217725.6875000000,225000.0000000000,225000.0000000000,0.0000000000,0.0000000000,0.0000000000,0.0000000000,,,
9.5519999845,74,225000.0000000000,216490.5625000000,225000.0000000000,225000.0000000000,0.0000000000,0.0000000000,0.0000000000,0.0000000000,,,
9.5559999845,74,204511.5937500000,214703.6718750000,225000.0000000000,179286.2812500000,0.0000000000,0.0000000000,0.0000000000,0.0000000000,,,
9.5599999847,74,208089.5312500000,214838.5312500000,225000.0000000000,185647.3593750000,0.0000000000,0.0000000000,0.0000000000,0.0000000000,,,
9.5639999846,74,225000.0000000000,216669.1718750000,225000.0000000000,225000.0000000000,0.0000000000,0.0000000000,0.0000000000,0.0000000000,,,
9.5679999846,74,225000.0000000000,217725.4843750000,225000.0000000000,225000.0000000000,0.0000000000,0.0000000000,0.0000000000,0.0000000000,,,
9.5719999846,74,225000.0000000000,216504.7968750000,225000.0000000000,225000.0000000000,0.0000000000,0.0000000000,0.0000000000,0.0000000000,,,
9.5759999845,74,204587.7812500000,214709.7343750000,225000.0000000000,179504.0937500000,0.0000000000,0.0000000000,0.0000000000,0.0000000000,,,
9.5799999845,74,207991.6562500000,214830.1875000000,225000.0000000000,185390.7187500000,0.0000000000,0.0000000000,0.0000000000,0.0000000000,,,
9.5839999847,74,225000.0000000000,216653.0000000000,225000.0000000000,225000.0000000000,0.0000000000,0.0000000000,0.0000000000,0.0000000000,,,
9.5879999846,74,225000.0000000000,217709.3281250000,225000.0000000000,225000.0000000000,0.0000000000,0.0000000000,0.0000000000,0.0000000000,,,
9.5919999846,74,225000.0000000000,216499.0937500000,225000.0000000000,225000.0000000000,0.0000000000,0.0000000000,0.0000000000,0.0000000000,,,
9.5959999845,74,204671.9687500000,214705.2031250000,225000.0000000000,179748.7656250000,0.0000000000,0.0000000000,0.0000000000,0.0000000000,,,
9.5999999845,75,207892.2500000000,214816.1406250000,225000.0000000000,185125.0468750000,0.0000000000,0.0000000000,0.0000000000,0.0000000000,,,
9.6039999845,75,225000.0000000000,216641.2500000000,225000.0000000000,225000.0000000000,0.0000000000,0.0000000000,0.0000000000,0.0000000000,,,
9.6079999844,75,225000.0000000000,217720.9218750000,225000.0000000000,225000.0000000000,0.0000000000,0.0000000000,0.0000000000,0.0000000000,,,
9.6119999844,75,225000.0000000000,216518.7031250000,225000.0000000000,225000.0000000000,0.0000000000,0.0000000000,0.0000000000,0.0000000000,,,
9.6159999843,75,204768.2031250000,214708.0937500000,225000.0000000000,180006.9843750000,0.0000000000,0.0000000000,0.0000000000,0.0000000000,,,
9.6199999843,75,207799.6406250000,214801.5937500000,225000.0000000000,184849.4687500000,0.0000000000,0.0000000000,0.0000000000,0.0000000000,,,
9.6239999845,75,225000.0000000000,216623.8437500000,225000.0000000000,225000.0000000000,0.0000000000,0.0000000000,0.0000000000,0.0000000000,,,
9.6279999844,75,225000.0000000000,217712.0156250000,225000.0000000000,225000.0000000000,0.0000000000,0.0000000000,0.0000000000,0.0000000000,,,
9.6319999844,75,225000.0000000000,216528.8437500000,225000.0000000000,225000.0000000000,0.0000000000,0.0000000000,0.0000000000,0.0000000000,,,
9.6359999843,75,204865.4843750000,214721.2656250000,225000.0000000000,180261.9062500000,0.0000000000,0.0000000000,0.0000000000,0.0000000000,,,
9.6399999843,75,207718.9062500000,214802.9218750000,225000.0000000000,184616.1562500000,0.0000000000,0.0000000000,0.0000000000,0.0000000000,,,
9.6439999845,75,225000.0000000000,216619.9218750000,225000.0000000000,225000.0000000000,0.0000000000,0.0000000000,0.0000000000,0.0000000000,,,
9.6479999844,75,225000.0000000000,217716.1718750000,225000.0000000000,225000.0000000000,0.0000000000,0.0000000000,0.0000000000,0.0000000000,,,
9.6519999844,75,225000.0000000000,216535.3281250000,225000.0000000000,225000.0000000000,0.0000000000,0.0000000000,0.0000000000,0.0000000000,,,
9.6559999844,75,204960.6875000000,214719.2812500000,225000.0000000000,180559.4687500000,0.0000000000,0.0000000000,0.0000000000,0.0000000000,,,
9.6599999843,75,207624.8125000000,214783.9843750000,225000.0000000000,184397.5000000000,0.0000000000,0.0000000000,0.0000000000,0.0000000000,,,
9.6639999843,75,225000.0000000000,216599.2968750000,225000.0000000000,225000.0000000000,0.0000000000,0.0000000000,0.0000000000,0.0000000000,,,
9.6679999845,75,225000.0000000000,217708.9531250000,225000.0000000000,225000.0000000000,0.0000000000,0.0000000000,0.0000000000,0.0000000000,,,
9.6719999844,75,225000.0000000000,216538.7031250000,225000.0000000000,225000.0000000000,0.0000000000,0.0000000000,0.0000000000,0.0000000000,,,
9.6759999844,75,205055.2812500000,214717.3281250000,225000.0000000000,180860.5781250000,0.0000000000,0.0000000000,0.0000000000,0.0000000000,,,
9.6799999843,75,207537.6406250000,214770.1406250000,225000.0000000000,184193.1718750000,0.0000000000,0.0000000000,0.0000000000,0.0000000000,,,
9.6839999843,75,225000.0000000000,216579.0937500000,225000.0000000000,225000.0000000000,0.0000000000,0.0000000000,0.0000000000,0.0000000000,,,
9.6879999845,75,225000.0000000000,217696.8593750000,225000.0000000000,225000.0000000000,0.0000000000,0.0000000000,0.0000000000,0.0000000000,,,
9.6919999844,75,225000.0000000000,216539.4375000000,225000.0000000000,225000.0000000000,0.0000000000,0.0000000000,0.0000000000,0.0000000000,,,
9.6959999844,75,205149.7187500000,214715.4531250000,225000.0000000000,181151.4531250000,0.0000000000,0.0000000000,0.0000000000,0.0000000000,,,
9.6999999844,75,207452.7500000000,214755.9531250000,225000.0000000000,183990.9062500000,0.0000000000,0.0000000000,0.0000000000,0.0000000000,,,
9.7039999843,75,225000.0000000000,216562.7343750000,225000.0000000000,225000.0000000000,0.0000000000,0.0000000000,0.0000000000,0.0000000000,,,
9.7079999843,75,225000.0000000000,217693.7187500000,225000.0000000000,225000.0000000000,0.0000000000,0.0000000000,0.0000000000,0.0000000000,,,
9.7119999845,75,225000.0000000000,216548.1250000000,225000.0000000000,225000.0000000000,0.0000000000,0.0000000000,0.0000000000,0.0000000000,,,
9.7159999844,75,205237.4531250000,214720.4843750000,225000.0000000000,181445.2656250000,0.0000000000,0.0000000000,0.0000000000,0.0000000000,,,
9.7199999844,75,207360.1562500000,214751.3906250000,225000.0000000000,183766.9843750000,0.0000000000,0.0000000000,0.0000000000,0.0000000000,,,
9.7239999843,75,225000.0000000000,216560.0312500000,225000.0000000000,225000.0000000000,0.0000000000,0.0000000000,0.0000000000,0.0000000000,,,
9.7279999843,76,225000.0000000000,217704.5625000000,225000.0000000000,225000.0000000000,0.0000000000,0.0000000000,0.0000000000,0.0000000000,,,
9.7319999842,76,225000.0000000000,216570.2187500000,225000.0000000000,225000.0000000000,0.0000000000,0.0000000000,0.0000000000,0.0000000000,,,
9.7359999842,76,205334.5000000000,214731.4062500000,225000.0000000000,181766.9687500000,0.0000000000,0.0000000000,0.0000000000,0.0000000000,,,
9.7399999842,76,207262.5312500000,214739.5000000000,225000.0000000000,183559.1250000000,0.0000000000,0.0000000000,0.0000000000,0.0000000000,,,
9.7439999841,76,225000.0000000000,216539.0781250000,225000.0000000000,225000.0000000000,0.0000000000,0.0000000000,0.0000000000,0.0000000000,,,
9.7479999841,76,225000.0000000000,217692.4531250000,225000.0000000000,225000.0000000000,0.0000000000,0.0000000000,0.0000000000,0.0000000000,,,
9.7519999843,76,225000.0000000000,216564.5156250000,225000.0000000000,225000.0000000000,0.0000000000,0.0000000000,0.0000000000,0.0000000000,,,
9.7559999842,76,205435.8906250000,214719.9218750000,225000.0000000000,182090.8750000000,0.0000000000,0.0000000000,0.0000000000,0.0000000000,,,
9.7599999842,76,207191.2812500000,214721.4843750000,225000.0000000000,183382.5781250000,0.0000000000,0.0000000000,0.0000000000,0.0000000000,,,
9.7639999841,76,225000.0000000000,216525.8593750000,225000.0000000000,225000.0000000000,0.0000000000,0.0000000000,0.0000000000,0.0000000000,,,
9.7679999841,76,225000.0000000000,217697.7187500000,225000.0000000000,225000.0000000000,0.0000000000,0.0000000000,0.0000000000,0.0000000000,,,
9.7719999843,76,225000.0000000000,216587.2812500000,225000.0000000000,225000.0000000000,0.0000000000,0.0000000000,0.0000000000,0.0000000000,,,
9.7759999842,76,205553.3906250000,214739.2187500000,225000.0000000000,182396.4375000000,0.0000000000,0.0000000000,0.0000000000,0.0000000000,,,
9.7799999842,76,207122.7500000000,214725.1250000000,225000.0000000000,183182.8593750000,0.0000000000,0.0000000000,0.0000000000,0.0000000000,,,
9.7839999842,76,225000.0000000000,216519.1875000000,225000.0000000000,225000.0000000000,0.0000000000,0.0000000000,0.0000000000,0.0000000000,,,
9.7879999841,76,225000.0000000000,217691.8125000000,225000.0000000000,225000.0000000000,0.0000000000,0.0000000000,0.0000000000,0.0000000000,,,
9.7919999841,76,225000.0000000000,216588.4375000000,225000.0000000000,225000.0000000000,0.0000000000,0.0000000000,0.0000000000,0.0000000000,,,
9.7959999843,76,205649.7343750000,214741.4687500000,225000.0000000000,182667.7968750000,0.0000000000,0.0000000000,0.0000000000,0.0000000000,,,
9.7999999842,76,207033.8125000000,214715.8437500000,225000.0000000000,182939.2812500000,0.0000000000,0.0000000000,0.0000000000,0.0000000000,,,
9.8039999842,76,225000.0000000000,216511.7500000000,225000.0000000000,225000.0000000000,0.0000000000,0.0000000000,0.0000000000,0.0000000000,,,
9.8079999841,76,225000.0000000000,217705.0937500000,225000.0000000000,225000.0000000000,0.0000000000,0.0000000000,0.0000000000,0.0000000000,,,
9.8119999841,76,225000.0000000000,216618.6093750000,225000.0000000000,225000.0000000000,0.0000000000,0.0000000000,0.0000000000,0.0000000000,,,
9.8159999843,76,205740.8281250000,214763.9218750000,225000.0000000000,182904.0937500000,0.0000000000,0.0000000000,0.0000000000,0.0000000000,,,
9.8199999842,76,206953.1875000000,214721.3437500000,225000.0000000000,182706.0156250000,0.0000000000,0.0000000000,0.0000000000,0.0000000000,,,
9.8239999842,76,225000.0000000000,216511.7187500000,225000.0000000000,225000.0000000000,0.0000000000,0.0000000000,0.0000000000,0.0000000000,,,
9.8279999841,76,225000.0000000000,217710.4843750000,225000.0000000000,225000.0000000000,0.0000000000,0.0000000000,0.0000000000,0.0000000000,,,
9.8319999841,76,225000.0000000000,216637.2500000000,225000.0000000000,225000.0000000000,0.0000000000,0.0000000000,0.0000000000,0.0000000000,,,
9.8359999841,76,205826.2343750000,214786.5312500000,225000.0000000000,183155.1718750000,0.0000000000,0.0000000000,0.0000000000,0.0000000000,,,
9.8399999843,76,206856.9218750000,214741.2500000000,225000.0000000000,182446.8125000000,0.0000000000,0.0000000000,0.0000000000,0.0000000000,,,
9.8439999842,76,225000.0000000000,216534.5156250000,225000.0000000000,225000.0000000000,0.0000000000,0.0000000000,0.0000000000,0.0000000000,,,
9.8479999842,76,225000.0000000000,217754.3906250000,225000.0000000000,225000.0000000000,0.0000000000,0.0000000000,0.0000000000,0.0000000000,,,
9.8519999841,76,225000.0000000000,216704.5156250000,225000.0000000000,225000.0000000000,0.0000000000,0.0000000000,0.0000000000,0.0000000000,,,
9.8559999841,77,205911.0468750000,214858.5468750000,225000.0000000000,183433.4531250000,0.0000000000,0.0000000000,0.0000000000,0.0000000000,,,
9.8599999840,77,206764.7031250000,214810.1250000000,225000.0000000000,182224.6875000000,0.0000000000,0.0000000000,0.0000000000,0.0000000000,,,
9.8639999840,77,225000.0000000000,216603.0781250000,225000.0000000000,225000.0000000000,0.0000000000,0.0000000000,0.0000000000,0.0000000000,,,
9.8679999840,77,225000.0000000000,217828.4218750000,225000.0000000000,225000.0000000000,0.0000000000,0.0000000000,0.0000000000,0.0000000000,,,
9.8719999839,77,225000.0000000000,216778.2500000000,225000.0000000000,225000.0000000000,0.0000000000,0.0000000000,0.0000000000,0.0000000000,,,
9.8759999839,77,205991.3281250000,214916.5625000000,225000.0000000000,183680.1406250000,0.0000000000,0.0000000000,0.0000000000,0.0000000000,,,
9.8799999841,77,206666.0625000000,214836.7343750000,225000.0000000000,181996.1093750000,0.0000000000,0.0000000000,0.0000000000,0.0000000000,,,
9.8839999840,77,225000.0000000000,216609.8593750000,225000.0000000000,225000.0000000000,0.0000000000,0.0000000000,0.0000000000,0.0000000000,,,
9.8879999840,77,225000.0000000000,217837.0625000000,225000.0000000000,225000.0000000000,0.0000000000,0.0000000000,0.0000000000,0.0000000000,,,
9.8919999839,77,225000.0000000000,216794.1562500000,225000.0000000000,225000.0000000000,0.0000000000,0.0000000000,0.0000000000,0.0000000000,,,
9.8959999839,77,206050.7656250000,214922.9218750000,225000.0000000000,183898.9218750000,0.0000000000,0.0000000000,0.0000000000,0.0000000000,,,
9.8999999841,77,206544.4531250000,214821.2812500000,225000.0000000000,181724.1093750000,0.0000000000,0.0000000000,0.0000000000,0.0000000000,,,
9.9039999840,77,225000.0000000000,216586.9531250000,225000.0000000000,225000.0000000000,0.0000000000,0.0000000000,0.0000000000,0.0000000000,,,
9.9079999840,77,225000.0000000000,217829.0312500000,225000.0000000000,225000.0000000000,0.0000000000,0.0000000000,0.0000000000,0.0000000000,,,
9.9119999839,77,225000.0000000000,216801.6718750000,225000.0000000000,225000.0000000000,0.0000000000,0.0000000000,0.0000000000,0.0000000000,,,
9.9159999839,77,206103.0937500000,214929.9375000000,225000.0000000000,184138.4531250000,0.0000000000,0.0000000000,0.0000000000,0.0000000000,,,
9.9199999839,77,206445.6093750000,214829.6875000000,225000.0000000000,181524.1562500000,0.0000000000,0.0000000000,0.0000000000,0.0000000000,,,
9.9239999841,77,225000.0000000000,216604.9062500000,225000.0000000000,225000.0000000000,0.0000000000,0.0000000000,0.0000000000,0.0000000000,,,
9.9279999840,77,225000.0000000000,217862.6250000000,225000.0000000000,225000.0000000000,0.0000000000,0.0000000000,0.0000000000,0.0000000000,,,
9.9319999840,77,225000.0000000000,216842.4375000000,225000.0000000000,225000.0000000000,0.0000000000,0.0000000000,0.0000000000,0.0000000000,,,
9.9359999839,77,206209.0156250000,214960.7968750000,225000.0000000000,184446.6093750000,0.0000000000,0.0000000000,0.0000000000,0.0000000000,,,
9.9399999839,77,206373.5312500000,214836.1406250000,225000.0000000000,181346.7500000000,0.0000000000,0.0000000000,0.0000000000,0.0000000000,,,
9.9439999841,77,225000.0000000000,216596.2656250000,225000.0000000000,225000.0000000000,0.0000000000,0.0000000000,0.0000000000,0.0000000000,,,
9.9479999840,77,225000.0000000000,217855.9687500000,225000.0000000000,225000.0000000000,0.0000000000,0.0000000000,0.0000000000,0.0000000000,,,
9.9519999840,77,225000.0000000000,216842.0937500000,225000.0000000000,225000.0000000000,0.0000000000,0.0000000000,0.0000000000,0.0000000000,,,
9.9559999839,77,206297.5468750000,214951.0781250000,225000.0000000000,184736.1718750000,0.0000000000,0.0000000000,0.0000000000,0.0000000000,,,
9.9599999839,77,206276.3281250000,214807.8750000000,225000.0000000000,181134.9687500000,0.0000000000,0.0000000000,0.0000000000,0.0000000000,,,
9.9639999839,77,225000.0000000000,216557.9062500000,225000.0000000000,225000.0000000000,0.0000000000,0.0000000000,0.0000000000,0.0000000000,,,
9.9679999840,77,225000.0000000000,217822.5000000000,225000.0000000000,225000.0000000000,0.0000000000,0.0000000000,0.0000000000,0.0000000000,,,
9.9719999840,77,225000.0000000000,216823.8593750000,225000.0000000000,225000.0000000000,0.0000000000,0.0000000000,0.0000000000,0.0000000000,,,
9.9759999840,77,206378.8125000000,214934.8750000000,225000.0000000000,185002.6093750000,0.0000000000,0.0000000000,0.0000000000,0.0000000000,,,
9.9799999839,77,206176.2343750000,214781.0000000000,225000.0000000000,180898.7343750000,0.0000000000,0.0000000000,0.0000000000,0.0000000000,,,
9.9839999839,78,225000.0000000000,216529.1250000000,225000.0000000000,225000.0000000000,0.0000000000,0.0000000000,0.0000000000,0.0000000000,,,
9.9879999838,78,225000.0000000000,217807.0625000000,225000.0000000000,225000.0000000000,0.0000000000,0.0000000000,0.0000000000,0.0000000000,,,
9.9919999838,78,225000.0000000000,216823.7500000000,225000.0000000000,225000.0000000000,0.0000000000,0.0000000000,0.0000000000,0.0000000000,,,
9.9959999837,78,206465.5625000000,214931.8750000000,225000.0000000000,185257.3593750000,0.0000000000,0.0000000000,0.0000000000,0.0000000000,,,
9.9999999837,78,206091.0156250000,214760.6406250000,225000.0000000000,180689.2812500000,0.0000000000,0.0000000000,0.0000000000,0.0000000000,,,
10.0039999837,78,225000.0000000000,216501.9375000000,225000.0000000000,225000.0000000000,0.0000000000,0.0000000000,0.0000000000,0.0000000000,,,
10.0079999838,78,225000.0000000000,217795.3750000000,225000.0000000000,225000.0000000000,0.0000000000,0.0000000000,0.0000000000,0.0000000000,,,
10.0119999838,78,225000.0000000000,216823.6718750000,225000.0000000000,225000.0000000000,0.0000000000,0.0000000000,0.0000000000,0.0000000000,,,
10.0159999838,78,206572.6562500000,214928.4687500000,225000.0000000000,185540.1718750000,0.0000000000,0.0000000000,0.0000000000,0.0000000000,,,
10.0199999837,78,206023.7500000000,214746.4531250000,225000.0000000000,180482.0937500000,0.0000000000,0.0000000000,0.0000000000,0.0000000000,,,
10.0239999837,78,225000.0000000000,216484.4531250000,225000.0000000000,225000.0000000000,0.0000000000,0.0000000000,0.0000000000,0.0000000000,,,
10.0279999839,78,225000.0000000000,217782.8750000000,225000.0000000000,225000.0000000000,0.0000000000,0.0000000000,0.0000000000,0.0000000000,,,
10.0319999838,78,225000.0000000000,216820.8437500000,225000.0000000000,225000.0000000000,0.0000000000,0.0000000000,0.0000000000,0.0000000000,,,
10.0359999838,78,206674.3125000000,214922.1406250000,225000.0000000000,185837.3281250000,0.0000000000,0.0000000000,0.0000000000,0.0000000000,,,
10.0399999837,78,205944.4375000000,214728.5156250000,225000.0000000000,180280.8750000000,0.0000000000,0.0000000000,0.0000000000,0.0000000000,,,
10.0439999837,78,225000.0000000000,216462.2343750000,225000.0000000000,225000.0000000000,0.0000000000,0.0000000000,0.0000000000,0.0000000000,,,
10.0479999837,78,225000.0000000000,217770.7031250000,225000.0000000000,225000.0000000000,0.0000000000,0.0000000000,0.0000000000,0.0000000000,,,
10.0519999838,78,225000.0000000000,216821.0625000000,225000.0000000000,225000.0000000000,0.0000000000,0.0000000000,0.0000000000,0.0000000000,,,
10.0559999838,78,206758.7343750000,214914.4218750000,225000.0000000000,186079.3437500000,0.0000000000,0.0000000000,0.0000000000,0.0000000000,,,
10.0599999838,78,205860.5156250000,214709.0625000000,225000.0000000000,180073.3750000000,0.0000000000,0.0000000000,0.0000000000,0.0000000000,,,
10.0639999837,78,225000.0000000000,216445.4687500000,225000.0000000000,225000.0000000000,0.0000000000,0.0000000000,0.0000000000,0.0000000000,,,
10.0679999837,78,225000.0000000000,217769.6250000000,225000.0000000000,225000.0000000000,0.0000000000,0.0000000000,0.0000000000,0.0000000000,,,
10.0719999839,78,225000.0000000000,216835.2500000000,225000.0000000000,225000.0000000000,0.0000000000,0.0000000000,0.0000000000,0.0000000000,,,
10.0759999838,78,206845.3906250000,214935.4218750000,225000.0000000000,186359.4843750000,0.0000000000,0.0000000000,0.0000000000,0.0000000000,,,
10.0799999838,78,205764.3593750000,214719.8437500000,225000.0000000000,179833.3125000000,0.0000000000,0.0000000000,0.0000000000,0.0000000000,,,
10.0839999837,78,225000.0000000000,216447.5156250000,225000.0000000000,225000.0000000000,0.0000000000,0.0000000000,0.0000000000,0.0000000000,,,
10.0879999837,78,225000.0000000000,217778.5000000000,225000.0000000000,225000.0000000000,0.0000000000,0.0000000000,0.0000000000,0.0000000000,,,
10.0919999836,78,225000.0000000000,216851.7187500000,225000.0000000000,225000.0000000000,0.0000000000,0.0000000000,0.0000000000,0.0000000000,,,
10.0959999838,78,206942.1875000000,214941.6875000000,225000.0000000000,186647.1406250000,0.0000000000,0.0000000000,0.0000000000,0.0000000000,,,
10.0999999838,78,205691.3125000000,214708.1562500000,225000.0000000000,179668.3593750000,0.0000000000,0.0000000000,0.0000000000,0.0000000000,,,
10.1039999838,78,225000.0000000000,216427.3437500000,225000.0000000000,225000.0000000000,0.0000000000,0.0000000000,0.0000000000,0.0000000000,,,
10.1079999837,78,225000.0000000000,217760.9375000000,225000.0000000000,225000.0000000000,0.0000000000,0.0000000000,0.0000000000,0.0000000000,,,
10.1119999837,79,225000.0000000000,216837.2031250000,225000.0000000000,225000.0000000000,0.0000000000,0.0000000000,0.0000000000,0.0000000000,,,
10.1159999836,79,207044.8906250000,214919.7500000000,225000.0000000000,186952.0312500000,0.0000000000,0.0000000000,0.0000000000,0.0000000000,,,
10.1199999836,79,205617.7500000000,214667.7812500000,225000.0000000000,179517.9375000000,0.0000000000,0.0000000000,0.0000000000,0.0000000000,,,
10.1239999835,79,225000.0000000000,216376.2187500000,225000.0000000000,225000.0000000000,0.0000000000,0.0000000000,0.0000000000,0.0000000000,,,
10.1279999835,79,225000.0000000000,217725.9531250000,225000.0000000000,225000.0000000000,0.0000000000,0.0000000000,0.0000000000,0.0000000000,,,
10.1319999835,79,225000.0000000000,216828.3593750000,225000.0000000000,225000.0000000000,0.0000000000,0.0000000000,0.0000000000,0.0000000000,,,
10.1359999836,79,207130.3437500000,214918.3593750000,225000.0000000000,187283.2031250000,0.0000000000,0.0000000000,0.0000000000,0.0000000000,,,
10.1399999836,79,205522.8437500000,214665.7968750000,225000.0000000000,179345.1718750000,0.0000000000,0.0000000000,0.0000000000,0.0000000000,,,
10.1439999836,79,225000.0000000000,216385.9218750000,225000.0000000000,225000.0000000000,0.0000000000,0.0000000000,0.0000000000,0.0000000000,,,
10.1479999835,79,225000.0000000000,217755.9218750000,225000.0000000000,225000.0000000000,0.0000000000,0.0000000000,0.0000000000,0.0000000000,,,
10.1519999835,79,225000.0000000000,216868.9687500000,225000.0000000000,225000.0000000000,0.0000000000,0.0000000000,0.0000000000,0.0000000000,,,
10.1559999837,79,207215.8593750000,214951.2968750000,225000.0000000000,187557.2968750000,0.0000000000,0.0000000000,0.0000000000,0.0000000000,,,
10.1599999836,79,205438.8437500000,214679.0000000000,225000.0000000000,179178.7500000000,0.0000000000,0.0000000000,0.0000000000,0.0000000000,,,
10.1639999836,79,225000.0000000000,216382.8437500000,225000.0000000000,225000.0000000000,0.0000000000,0.0000000000,0.0000000000,0.0000000000,,,
10.1679999835,79,225000.0000000000,217750.2343750000,225000.0000000000,225000.0000000000,0.0000000000,0.0000000000,0.0000000000,0.0000000000,,,
10.1719999835,79,225000.0000000000,216865.1562500000,225000.0000000000,225000.0000000000,0.0000000000,0.0000000000,0.0000000000,0.0000000000,,,
10.1759999834,79,207295.8906250000,214940.6250000000,225000.0000000000,187865.7812500000,0.0000000000,0.0000000000,0.0000000000,0.0000000000,,,
10.1799999836,79,205343.1718750000,214657.0625000000,225000.0000000000,178983.0468750000,0.0000000000,0.0000000000,0.0000000000,0.0000000000,,,
10.1839999836,79,225000.0000000000,216359.8593750000,225000.0000000000,225000.0000000000,0.0000000000,0.0000000000,0.0000000000,0.0000000000,,,
10.1879999836,79,225000.0000000000,217738.9218750000,225000.0000000000,225000.0000000000,0.0000000000,0.0000000000,0.0000000000,0.0000000000,,,
10.1919999835,79,225000.0000000000,216873.7187500000,225000.0000000000,225000.0000000000,0.0000000000,0.0000000000,0.0000000000,0.0000000000,,,
10.1959999835,79,207411.5000000000,214954.1093750000,225000.0000000000,188180.2187500000,0.0000000000,0.0000000000,0.0000000000,0.0000000000,,,
10.1999999837,79,205293.4062500000,214663.2187500000,225000.0000000000,178847.0468750000,0.0000000000,0.0000000000,0.0000000000,0.0000000000,,,
10.2039999836,79,225000.0000000000,216367.4687500000,225000.0000000000,225000.0000000000,0.0000000000,0.0000000000,0.0000000000,0.0000000000,,,
10.2079999836,79,225000.0000000000,217764.8593750000,225000.0000000000,225000.0000000000,0.0000000000,0.0000000000,0.0000000000,0.0000000000,,,
10.2119999835,79,225000.0000000000,216912.6406250000,225000.0000000000,225000.0000000000,0.0000000000,0.0000000000,0.0000000000,0.0000000000,,,
10.2159999835,79,207538.2031250000,214985.3125000000,225000.0000000000,188503.8750000000,0.0000000000,0.0000000000,0.0000000000,0.0000000000,,,
10.2199999834,79,205243.5000000000,214673.0625000000,225000.0000000000,178698.0625000000,0.0000000000,0.0000000000,0.0000000000,0.0000000000,,,
10.2239999836,79,225000.0000000000,216365.2812500000,225000.0000000000,225000.0000000000,0.0000000000,0.0000000000,0.0000000000,0.0000000000,,,
10.2279999836,79,225000.0000000000,217763.9687500000,225000.0000000000,225000.0000000000,0.0000000000,0.0000000000,0.0000000000,0.0000000000,,,
10.2319999835,79,225000.0000000000,216918.9687500000,225000.0000000000,225000.0000000000,0.0000000000,0.0000000000,0.0000000000,0.0000000000,,,
10.2359999835,79,207651.4687500000,214986.2656250000,225000.0000000000,188805.7031250000,0.0000000000,0.0000000000,0.0000000000,0.0000000000,,,
10.2399999835,80,205189.5312500000,214663.7343750000,225000.0000000000,178553.0468750000,0.0000000000,0.0000000000,0.0000000000,0.0000000000,,,
10.2439999834,80,225000.0000000000,216353.9062500000,225000.0000000000,225000.0000000000,0.0000000000,0.0000000000,0.0000000000,0.0000000000,,,
10.2479999834,80,225000.0000000000,217762.9218750000,225000.0000000000,225000.0000000000,0.0000000000,0.0000000000,0.0000000000,0.0000000000,,,
10.2519999833,80,225000.0000000000,216934.6250000000,225000.0000000000,225000.0000000000,0.0000000000,0.0000000000,0.0000000000,0.0000000000,,,
10.2559999833,80,207758.7343750000,215002.6562500000,225000.0000000000,189112.8750000000,0.0000000000,0.0000000000,0.0000000000,0.0000000000,,,
10.2599999832,80,205111.3437500000,214665.5625000000,225000.0000000000,178346.9218750000,0.0000000000,0.0000000000,0.0000000000,0.0000000000,,,
10.2639999834,80,225000.0000000000,216349.6093750000,225000.0000000000,225000.0000000000,0.0000000000,0.0000000000,0.0000000000,0.0000000000,,,
10.2679999834,80,225000.0000000000,217767.5000000000,225000.0000000000,225000.0000000000,0.0000000000,0.0000000000,0.0000000000,0.0000000000,,,
10.2719999833,80,225000.0000000000,216947.5781250000,225000.0000000000,225000.0000000000,0.0000000000,0.0000000000,0.0000000000,0.0000000000,,,
10.2759999833,80,207863.4687500000,215010.5468750000,225000.0000000000,189382.4843750000,0.0000000000,0.0000000000,0.0000000000,0.0000000000,,,
10.2799999833,80,205048.1718750000,214654.9687500000,225000.0000000000,178159.5156250000,0.0000000000,0.0000000000,0.0000000000,0.0000000000,,,
10.2839999835,80,225000.0000000000,216330.2656250000,225000.0000000000,225000.0000000000,0.0000000000,0.0000000000,0.0000000000,0.0000000000,,,
10.2879999834,80,225000.0000000000,217758.8906250000,225000.0000000000,225000.0000000000,0.0000000000,0.0000000000,0.0000000000,0.0000000000,,,
10.2919999834,80,225000.0000000000,216953.7500000000,225000.0000000000,225000.0000000000,0.0000000000,0.0000000000,0.0000000000,0.0000000000,,,
10.2959999833,80,207982.3437500000,215019.6093750000,225000.0000000000,189701.8281250000,0.0000000000,0.0000000000,0.0000000000,0.0000000000,,,
10.2999999833,80,204986.4843750000,214653.2812500000,225000.0000000000,177976.7656250000,0.0000000000,0.0000000000,0.0000000000,0.0000000000,,,
10.3039999832,80,225000.0000000000,216315.2187500000,225000.0000000000,225000.0000000000,0.0000000000,0.0000000000,0.0000000000,0.0000000000,,,
10.3079999834,80,225000.0000000000,217751.1250000000,225000.0000000000,225000.0000000000,0.0000000000,0.0000000000,0.0000000000,0.0000000000,,,
10.3119999834,80,225000.0000000000,216962.5156250000,225000.0000000000,225000.0000000000,0.0000000000,0.0000000000,0.0000000000,0.0000000000,,,
10.3159999833,80,208093.3750000000,215027.8437500000,225000.0000000000,190015.4062500000,0.0000000000,0.0000000000,0.0000000000,0.0000000000,,,
10.3199999833,80,204914.5156250000,214647.1875000000,225000.0000000000,177798.5312500000,0.0000000000,0.0000000000,0.0000000000,0.0000000000,,,
10.3239999833,80,225000.0000000000,216302.1562500000,225000.0000000000,225000.0000000000,0.0000000000,0.0000000000,0.0000000000,0.0000000000,,,
10.3279999834,80,225000.0000000000,217743.0781250000,225000.0000000000,225000.0000000000,0.0000000000,0.0000000000,0.0000000000,0.0000000000,,,
10.3319999834,80,225000.0000000000,216963.9218750000,225000.0000000000,225000.0000000000,0.0000000000,0.0000000000,0.0000000000,0.0000000000,,,
10.3359999834,80,208194.7031250000,215024.6250000000,225000.0000000000,190307.3437500000,0.0000000000,0.0000000000,0.0000000000,0.0000000000,,,
10.3399999833,80,204844.9218750000,214632.1093750000,225000.0000000000,177633.0937500000,0.0000000000,0.0000000000,0.0000000000,0.0000000000,,,
10.3439999833,80,225000.0000000000,216282.9062500000,225000.0000000000,225000.0000000000,0.0000000000,0.0000000000,0.0000000000,0.0000000000,,,
10.3479999832,80,225000.0000000000,217728.9375000000,225000.0000000000,225000.0000000000,0.0000000000,0.0000000000,0.0000000000,0.0000000000,,,
10.3519999834,80,225000.0000000000,216956.8593750000,225000.0000000000,225000.0000000000,0.0000000000,0.0000000000,0.0000000000,0.0000000000,,,
10.3559999834,80,208282.9218750000,215013.3125000000,225000.0000000000,190597.7968750000,0.0000000000,0.0000000000,0.0000000000,0.0000000000,,,
10.3599999833,80,204761.2031250000,214607.8906250000,225000.0000000000,177462.6250000000,0.0000000000,0.0000000000,0.0000000000,0.0000000000,,,
10.3639999833,80,225000.0000000000,216251.6562500000,225000.0000000000,225000.0000000000,0.0000000000,0.0000000000,0.0000000000,0.0000000000,,,
10.3679999833,81,225000.0000000000,217711.3437500000,225000.0000000000,225000.0000000000,0.0000000000,0.0000000000,0.0000000000,0.0000000000,,,
10.3719999832,81,225000.0000000000,216951.6093750000,225000.0000000000,225000.0000000000,0.0000000000,0.0000000000,0.0000000000,0.0000000000,,,
10.3759999832,81,208402.0625000000,215008.1875000000,225000.0000000000,190943.5937500000,0.0000000000,0.0000000000,0.0000000000,0.0000000000,,,
10.3799999831,81,204689.0312500000,214585.7343750000,225000.0000000000,177289.7031250000,0.0000000000,0.0000000000,0.0000000000,0.0000000000,,,
10.3839999831,81,225000.0000000000,216222.8437500000,225000.0000000000,225000.0000000000,0.0000000000,0.0000000000,0.0000000000,0.0000000000,,,
10.3879999830,81,225000.0000000000,217688.9687500000,225000.0000000000,225000.0000000000,0.0000000000,0.0000000000,0.0000000000,0.0000000000,,,
10.3919999832,81,225000.0000000000,216942.6718750000,225000.0000000000,225000.0000000000,0.0000000000,0.0000000000,0.0000000000,0.0000000000,,,
10.3959999832,81,208517.8593750000,214996.6718750000,225000.0000000000,191283.4843750000,0.0000000000,0.0000000000,0.0000000000,0.0000000000,,,
10.3999999831,81,204629.2187500000,214561.0937500000,225000.0000000000,177171.5468750000,0.0000000000,0.0000000000,0.0000000000,0.0000000000,,,
10.4039999831,81,225000.0000000000,216191.3593750000,225000.0000000000,225000.0000000000,0.0000000000,0.0000000000,0.0000000000,0.0000000000,,,
10.4079999831,81,225000.0000000000,217667.5468750000,225000.0000000000,225000.0000000000,0.0000000000,0.0000000000,0.0000000000,0.0000000000,,,
10.4119999832,81,225000.0000000000,216936.9843750000,225000.0000000000,225000.0000000000,0.0000000000,0.0000000000,0.0000000000,0.0000000000,,,
10.4159999832,81,208649.5468750000,214990.6718750000,225000.0000000000,191677.0156250000,0.0000000000,0.0000000000,0.0000000000,0.0000000000,,,
10.4199999832,81,204579.5937500000,214541.2187500000,225000.0000000000,177080.7031250000,0.0000000000,0.0000000000,0.0000000000,0.0000000000,,,
10.4239999831,81,225000.0000000000,216163.3593750000,225000.0000000000,225000.0000000000,0.0000000000,0.0000000000,0.0000000000,0.0000000000,,,
10.4279999831,81,225000.0000000000,217648.5468750000,225000.0000000000,225000.0000000000,0.0000000000,0.0000000000,0.0000000000,0.0000000000,,,
10.4319999830,81,225000.0000000000,216935.1875000000,225000.0000000000,225000.0000000000,0.0000000000,0.0000000000,0.0000000000,0.0000000000,,,
10.4359999832,81,208784.0156250000,214987.2343750000,225000.0000000000,192033.2031250000,0.0000000000,0.0000000000,0.0000000000,0.0000000000,,,
10.4399999832,81,204534.7812500000,214526.4843750000,225000.0000000000,176961.0156250000,0.0000000000,0.0000000000,0.0000000000,0.0000000000,,,
10.4439999831,81,225000.0000000000,216141.9843750000,225000.0000000000,225000.0000000000,0.0000000000,0.0000000000,0.0000000000,0.0000000000,,,
10.4479999831,81,225000.0000000000,217638.5781250000,225000.0000000000,225000.0000000000,0.0000000000,0.0000000000,0.0000000000,0.0000000000,,,
10.4519999831,81,225000.0000000000,216942.6718750000,225000.0000000000,225000.0000000000,0.0000000000,0.0000000000,0.0000000000,0.0000000000,,,
10.4559999832,81,208910.0000000000,215001.0468750000,225000.0000000000,192391.4687500000,0.0000000000,0.0000000000,0.0000000000,0.0000000000,,,
10.4599999832,81,204472.5937500000,214530.8593750000,225000.0000000000,176826.9062500000,0.0000000000,0.0000000000,0.0000000000,0.0000000000,,,
10.4639999832,81,225000.0000000000,216150.6718750000,225000.0000000000,225000.0000000000,0.0000000000,0.0000000000,0.0000000000,0.0000000000,,,
10.4679999831,81,225000.0000000000,217666.6875000000,225000.0000000000,225000.0000000000,0.0000000000,0.0000000000,0.0000000000,0.0000000000,,,
10.4719999831,81,225000.0000000000,216988.0625000000,225000.0000000000,225000.0000000000,0.0000000000,0.0000000000,0.0000000000,0.0000000000,,,
10.4759999830,81,209010.7968750000,215044.3437500000,225000.0000000000,192711.6250000000,0.0000000000,0.0000000000,0.0000000000,0.0000000000,,,
10.4799999832,81,204383.4375000000,214556.3906250000,225000.0000000000,176652.4218750000,0.0000000000,0.0000000000,0.0000000000,0.0000000000,,,
10.4839999832,81,225000.0000000000,216164.4843750000,225000.0000000000,225000.0000000000,0.0000000000,0.0000000000,0.0000000000,0.0000000000,,,
10.4879999831,81,225000.0000000000,217685.5156250000,225000.0000000000,225000.0000000000,0.0000000000,0.0000000000,0.0000000000,0.0000000000,,,
10.4919999831,81,225000.0000000000,217014.0468750000,225000.0000000000,225000.0000000000,0.0000000000,0.0000000000,0.0000000000,0.0000000000,,,
10.4959999830,82,209113.5156250000,215066.2500000000,225000.0000000000,193031.2031250000,0.0000000000,0.0000000000,0.0000000000,0.0000000000,,,
10.4999999830,82,204306.4843750000,214562.2968750000,225000.0000000000,176482.0312500000,0.0000000000,0.0000000000,0.0000000000,0.0000000000,,,
10.5039999830,82,225000.0000000000,216157.0625000000,225000.0000000000,225000.0000000000,0.0000000000,0.0000000000,0.0000000000,0.0000000000,,,
10.5079999829,82,225000.0000000000,217682.3125000000,225000.0000000000,225000.0000000000,0.0000000000,0.0000000000,0.0000000000,0.0000000000,,,
10.5119999829,82,225000.0000000000,217029.7187500000,225000.0000000000,225000.0000000000,0.0000000000,0.0000000000,0.0000000000,0.0000000000,,,
10.5159999828,82,209226.2031250000,215085.5156250000,225000.0000000000,193359.1562500000,0.0000000000,0.0000000000,0.0000000000,0.0000000000,,,
10.5199999830,82,204242.3125000000,214568.9218750000,225000.0000000000,176324.1875000000,0.0000000000,0.0000000000,0.0000000000,0.0000000000,,,
10.5239999830,82,225000.0000000000,216160.2187500000,225000.0000000000,225000.0000000000,0.0000000000,0.0000000000,0.0000000000,0.0000000000,,,
10.5279999829,82,225000.0000000000,217693.8281250000,225000.0000000000,225000.0000000000,0.0000000000,0.0000000000,0.0000000000,0.0000000000,,,
10.5319999829,82,225000.0000000000,217050.8437500000,225000.0000000000,225000.0000000000,0.0000000000,0.0000000000,0.0000000000,0.0000000000,,,
10.5359999829,82,209363.0937500000,215109.5781250000,225000.0000000000,193693.3125000000,0.0000000000,0.0000000000,0.0000000000,0.0000000000,,,
10.5399999830,82,204207.0000000000,214587.9375000000,225000.0000000000,176198.9218750000,0.0000000000,0.0000000000,0.0000000000,0.0000000000,,,
10.5439999830,82,225000.0000000000,216168.9843750000,225000.0000000000,225000.0000000000,0.0000000000,0.0000000000,0.0000000000,0.0000000000,,,
10.5479999830,82,225000.0000000000,217709.5156250000,225000.0000000000,225000.0000000000,0.0000000000,0.0000000000,0.0000000000,0.0000000000,,,
10.5519999829,82,225000.0000000000,217086.9218750000,225000.0000000000,225000.0000000000,0.0000000000,0.0000000000,0.0000000000,0.0000000000,,,
10.5559999829,82,209482.7812500000,215144.0937500000,225000.0000000000,194014.1093750000,0.0000000000,0.0000000000,0.0000000000,0.0000000000,,,
10.5599999828,82,204138.0156250000,214604.4062500000,225000.0000000000,176034.5625000000,0.0000000000,0.0000000000,0.0000000000,0.0000000000,,,
10.5639999830,82,225000.0000000000,216177.1250000000,225000.0000000000,225000.0000000000,0.0000000000,0.0000000000,0.0000000000,0.0000000000,,,
10.5679999830,82,225000.0000000000,217720.2500000000,225000.0000000000,225000.0000000000,0.0000000000,0.0000000000,0.0000000000,0.0000000000,,,
10.5719999829,82,225000.0000000000,217101.3281250000,225000.0000000000,225000.0000000000,0.0000000000,0.0000000000,0.0000000000,0.0000000000,,,
10.5759999829,82,209572.9218750000,215154.3593750000,225000.0000000000,194316.3906250000,0.0000000000,0.0000000000,0.0000000000,0.0000000000,,,
10.5799999828,82,204045.7187500000,214598.6718750000,225000.0000000000,175850.6406250000,0.0000000000,0.0000000000,0.0000000000,0.0000000000,,,
10.5839999830,82,225000.0000000000,216168.2187500000,225000.0000000000,225000.0000000000,0.0000000000,0.0000000000,0.0000000000,0.0000000000,,,
10.5879999830,82,225000.0000000000,217734.8593750000,225000.0000000000,225000.0000000000,0.0000000000,0.0000000000,0.0000000000,0.0000000000,,,
10.5919999829,82,225000.0000000000,217138.9843750000,225000.0000000000,225000.0000000000,0.0000000000,0.0000000000,0.0000000000,0.0000000000,,,
10.5959999829,82,209640.6250000000,215188.9375000000,225000.0000000000,194561.8437500000,0.0000000000,0.0000000000,0.0000000000,0.0000000000,,,
10.5999999829,82,203925.1406250000,214620.7656250000,225000.0000000000,175606.4218750000,0.0000000000,0.0000000000,0.0000000000,0.0000000000,,,
10.6039999828,82,225000.0000000000,216179.8593750000,225000.0000000000,224683.8750000000,0.0000000000,0.0000000000,0.0000000000,0.0000000000,,,
10.6079999830,82,225000.0000000000,217747.3593750000,225000.0000000000,225000.0000000000,0.0000000000,0.0000000000,0.0000000000,0.0000000000,,,
10.6119999830,82,225000.0000000000,217163.4531250000,225000.0000000000,225000.0000000000,0.0000000000,0.0000000000,0.0000000000,0.0000000000,,,
10.6159999829,82,209668.6093750000,215222.7812500000,225000.0000000000,194742.2968750000,0.0000000000,0.0000000000,0.0000000000,0.0000000000,,,
10.6199999829,82,203768.5937500000,214650.9218750000,225000.0000000000,175282.2187500000,0.0000000000,0.0000000000,0.0000000000,0.0000000000,,,
10.6239999828,83,224833.2031250000,216204.7500000000,225000.0000000000,224285.1093750000,0.0000000000,0.0000000000,0.0000000000,0.0000000000,,,
10.6279999828,83,225000.0000000000,217783.4375000000,225000.0000000000,225000.0000000000,0.0000000000,0.0000000000,0.0000000000,0.0000000000,,,
10.6319999828,83,225000.0000000000,217212.5312500000,225000.0000000000,225000.0000000000,0.0000000000,0.0000000000,0.0000000000,0.0000000000,,,
10.6359999827,83,209682.1718750000,215265.3281250000,225000.0000000000,194898.9375000000,0.0000000000,0.0000000000,0.0000000000,0.0000000000,,,
10.6399999827,83,203619.3593750000,214665.8750000000,225000.0000000000,174959.3125000000,0.0000000000,0.0000000000,0.0000000000,0.0000000000,,,
10.6439999826,83,224610.5000000000,216199.9218750000,225000.0000000000,223907.9687500000,0.0000000000,0.0000000000,0.0000000000,0.0000000000,,,
10.6479999828,83,225000.0000000000,217777.3281250000,225000.0000000000,225000.0000000000,0.0000000000,0.0000000000,0.0000000000,0.0000000000,,,
10.6519999828,83,225000.0000000000,217214.2187500000,225000.0000000000,225000.0000000000,0.0000000000,0.0000000000,0.0000000000,0.0000000000,,,
10.6559999827,83,209769.6406250000,215265.9218750000,225000.0000000000,195116.4687500000,0.0000000000,0.0000000000,0.0000000000,0.0000000000,,,
10.6599999827,83,203526.3750000000,214654.7968750000,225000.0000000000,174692.7187500000,0.0000000000,0.0000000000,0.0000000000,0.0000000000,,,
10.6639999826,83,224424.2968750000,216179.3906250000,225000.0000000000,223562.4687500000,0.0000000000,0.0000000000,0.0000000000,0.0000000000,,,
10.6679999828,83,225000.0000000000,217760.7968750000,225000.0000000000,225000.0000000000,0.0000000000,0.0000000000,0.0000000000,0.0000000000,,,
10.6719999828,83,225000.0000000000,217208.4062500000,225000.0000000000,225000.0000000000,0.0000000000,0.0000000000,0.0000000000,0.0000000000,,,
10.6759999827,83,209858.2343750000,215255.2500000000,225000.0000000000,195344.0781250000,0.0000000000,0.0000000000,0.0000000000,0.0000000000,,,
10.6799999827,83,203440.0312500000,214626.6093750000,225000.0000000000,174442.0156250000,0.0000000000,0.0000000000,0.0000000000,0.0000000000,,,
10.6839999827,83,224257.7500000000,216143.1406250000,225000.0000000000,223223.3593750000,0.0000000000,0.0000000000,0.0000000000,0.0000000000,,,
10.6879999826,83,225000.0000000000,217734.8906250000,225000.0000000000,225000.0000000000,0.0000000000,0.0000000000,0.0000000000,0.0000000000,,,
10.6919999828,83,225000.0000000000,217197.0625000000,225000.0000000000,225000.0000000000,0.0000000000,0.0000000000,0.0000000000,0.0000000000,,,
10.6959999828,83,209971.8281250000,215248.2187500000,225000.0000000000,195582.5312500000,0.0000000000,0.0000000000,0.0000000000,0.0000000000,,,
10.6999999827,83,203384.0312500000,214610.1718750000,225000.0000000000,174223.2656250000,0.0000000000,0.0000000000,0.0000000000,0.0000000000,,,
10.7039999827,83,224112.2812500000,216120.3125000000,225000.0000000000,222882.7187500000,0.0000000000,0.0000000000,0.0000000000,0.0000000000,,,
10.7079999826,83,225000.0000000000,217718.3125000000,225000.0000000000,225000.0000000000,0.0000000000,0.0000000000,0.0000000000,0.0000000000,,,
10.7119999828,83,225000.0000000000,217188.9531250000,225000.0000000000,225000.0000000000,0.0000000000,0.0000000000,0.0000000000,0.0000000000,,,
10.7159999828,83,210107.6875000000,215234.9843750000,225000.0000000000,195868.9531250000,0.0000000000,0.0000000000,0.0000000000,0.0000000000,,,
10.7199999827,83,203343.5781250000,214582.2031250000,225000.0000000000,174036.4687500000,0.0000000000,0.0000000000,0.0000000000,0.0000000000,,,
10.7239999827,83,223970.0156250000,216078.6562500000,225000.0000000000,222562.5781250000,0.0000000000,0.0000000000,0.0000000000,0.0000000000,,,
10.7279999827,83,225000.0000000000,217679.7500000000,225000.0000000000,225000.0000000000,0.0000000000,0.0000000000,0.0000000000,0.0000000000,,,
10.7319999826,83,225000.0000000000,217174.5468750000,225000.0000000000,225000.0000000000,0.0000000000,0.0000000000,0.0000000000,0.0000000000,,,
10.7359999828,83,210242.3281250000,215231.5625000000,225000.0000000000,196141.7187500000,0.0000000000,0.0000000000,0.0000000000,0.0000000000,,,
10.7399999828,83,203294.7343750000,214569.7812500000,225000.0000000000,173833.4062500000,0.0000000000,0.0000000000,0.0000000000,0.0000000000,,,
10.7439999827,83,223843.4687500000,216066.7968750000,225000.0000000000,222234.9218750000,0.0000000000,0.0000000000,0.0000000000,0.0000000000,,,
10.7479999827,83,225000.0000000000,217685.8125000000,225000.0000000000,225000.0000000000,0.0000000000,0.0000000000,0.0000000000,0.0000000000,,,
10.7519999826,84,225000.0000000000,217196.6250000000,225000.0000000000,225000.0000000000,0.0000000000,0.0000000000,0.0000000000,0.0000000000,,,
10.7559999826,84,210378.5000000000,215252.3437500000,225000.0000000000,196438.7187500000,0.0000000000,0.0000000000,0.0000000000,0.0000000000,,,
10.7599999825,84,203254.7187500000,214574.9218750000,225000.0000000000,173646.7500000000,0.0000000000,0.0000000000,0.0000000000,0.0000000000,,,
10.7639999825,84,223706.9687500000,216055.0000000000,225000.0000000000,221943.7343750000,0.0000000000,0.0000000000,0.0000000000,0.0000000000,,,
10.7679999825,84,225000.0000000000,217675.8906250000,225000.0000000000,225000.0000000000,0.0000000000,0.0000000000,0.0000000000,0.0000000000,,,
10.7719999824,84,225000.0000000000,217198.2812500000,225000.0000000000,225000.0000000000,0.0000000000,0.0000000000,0.0000000000,0.0000000000,,,
10.7759999826,84,210501.2187500000,215254.2031250000,225000.0000000000,196703.9218750000,0.0000000000,0.0000000000,0.0000000000,0.0000000000,,,
10.7799999826,84,203195.7031250000,214563.6406250000,225000.0000000000,173445.7187500000,0.0000000000,0.0000000000,0.0000000000,0.0000000000,,,
10.7839999825,84,223554.1562500000,216036.1718750000,225000.0000000000,221610.0468750000,0.0000000000,0.0000000000,0.0000000000,0.0000000000,,,
10.7879999825,84,225000.0000000000,217662.5468750000,225000.0000000000,225000.0000000000,0.0000000000,0.0000000000,0.0000000000,0.0000000000,,,
10.7919999824,84,225000.0000000000,217197.5312500000,225000.0000000000,225000.0000000000,0.0000000000,0.0000000000,0.0000000000,0.0000000000,,,
10.7959999826,84,210620.3281250000,215252.3750000000,225000.0000000000,196979.2656250000,0.0000000000,0.0000000000,0.0000000000,0.0000000000,,,
10.7999999826,84,203145.4218750000,214543.7343750000,225000.0000000000,173264.0156250000,0.0000000000,0.0000000000,0.0000000000,0.0000000000,,,
10.8039999825,84,223399.6718750000,216006.0781250000,225000.0000000000,221289.2812500000,0.0000000000,0.0000000000,0.0000000000,0.0000000000,,,
10.8079999825,84,225000.0000000000,217640.0468750000,225000.0000000000,225000.0000000000,0.0000000000,0.0000000000,0.0000000000,0.0000000000,,,
10.8119999825,84,225000.0000000000,217189.8906250000,225000.0000000000,225000.0000000000,0.0000000000,0.0000000000,0.0000000000,0.0000000000,,,
10.8159999824,84,210754.9531250000,215256.2343750000,225000.0000000000,197311.8281250000,0.0000000000,0.0000000000,0.0000000000,0.0000000000,,,
10.8199999826,84,203107.9687500000,214549.8750000000,225000.0000000000,173130.0937500000,0.0000000000,0.0000000000,0.0000000000,0.0000000000,,,
10.8239999826,84,223250.0312500000,216014.9531250000,225000.0000000000,220982.6250000000,0.0000000000,0.0000000000,0.0000000000,0.0000000000,,,
10.8279999825,84,225000.0000000000,217663.5156250000,225000.0000000000,225000.0000000000,0.0000000000,0.0000000000,0.0000000000,0.0000000000,,,
10.8319999825,84,225000.0000000000,217245.8125000000,225000.0000000000,225000.0000000000,0.0000000000,0.0000000000,0.0000000000,0.0000000000,,,
10.8359999824,84,210901.3750000000,215327.5312500000,225000.0000000000,197638.4687500000,0.0000000000,0.0000000000,0.0000000000,0.0000000000,,,
10.8399999826,84,203086.7031250000,214610.5937500000,225000.0000000000,173015.7812500000,0.0000000000,0.0000000000,0.0000000000,0.0000000000,,,
10.8439999826,84,223127.8281250000,216064.3906250000,225000.0000000000,220713.4531250000,0.0000000000,0.0000000000,0.0000000000,0.0000000000,,,
10.8479999825,84,225000.0000000000,217712.5000000000,225000.0000000000,225000.0000000000,0.0000000000,0.0000000000,0.0000000000,0.0000000000,,,
10.8519999825,84,225000.0000000000,217291.5000000000,225000.0000000000,225000.0000000000,0.0000000000,0.0000000000,0.0000000000,0.0000000000,,,
10.8559999825,84,211016.3593750000,215353.0312500000,225000.0000000000,197960.1718750000,0.0000000000,0.0000000000,0.0000000000,0.0000000000,,,
10.8599999824,84,203027.7968750000,214608.2656250000,225000.0000000000,172872.2031250000,0.0000000000,0.0000000000,0.0000000000,0.0000000000,,,
10.8639999826,84,222965.5781250000,216037.2968750000,225000.0000000000,220414.0937500000,0.0000000000,0.0000000000,0.0000000000,0.0000000000,,,
10.8679999826,84,225000.0000000000,217679.7500000000,225000.0000000000,225000.0000000000,0.0000000000,0.0000000000,0.0000000000,0.0000000000,,,
10.8719999825,84,225000.0000000000,217270.5000000000,225000.0000000000,225000.0000000000,0.0000000000,0.0000000000,0.0000000000,0.0000000000,,,
10.8759999825,84,211122.0937500000,215335.7343750000,225000.0000000000,198237.8906250000,0.0000000000,0.0000000000,0.0000000000,0.0000000000,,,
10.8799999824,85,202953.4218750000,214581.0156250000,225000.0000000000,172690.4531250000,0.0000000000,0.0000000000,0.0000000000,0.0000000000,,,
10.8839999824,85,222797.4531250000,216008.8593750000,225000.0000000000,220072.8593750000,0.0000000000,0.0000000000,0.0000000000,0.0000000000,,,
10.8879999823,85,225000.0000000000,217669.0468750000,225000.0000000000,225000.0000000000,0.0000000000,0.0000000000,0.0000000000,0.0000000000,,,
10.8919999823,85,225000.0000000000,217286.4531250000,225000.0000000000,225000.0000000000,0.0000000000,0.0000000000,0.0000000000,0.0000000000,,,
10.8959999823,85,211237.7812500000,215360.8906250000,225000.0000000000,198525.8750000000,0.0000000000,0.0000000000,0.0000000000,0.0000000000,,,
10.8999999822,85,202899.8593750000,214597.7031250000,225000.0000000000,172525.8750000000,0.0000000000,0.0000000000,0.0000000000,0.0000000000,,,
10.9039999824,85,222665.5937500000,216020.5312500000,225000.0000000000,219751.4843750000,0.0000000000,0.0000000000,0.0000000000,0.0000000000,,,
10.9079999824,85,225000.0000000000,217687.7187500000,225000.0000000000,225000.0000000000,0.0000000000,0.0000000000,0.0000000000,0.0000000000,,,
10.9119999823,85,225000.0000000000,217312.9843750000,225000.0000000000,225000.0000000000,0.0000000000,0.0000000000,0.0000000000,0.0000000000,,,
10.9159999823,85,211378.2968750000,215386.8906250000,225000.0000000000,198833.8437500000,0.0000000000,0.0000000000,0.0000000000,0.0000000000,,,
10.9199999822,85,202883.7343750000,214607.1875000000,225000.0000000000,172440.8750000000,0.0000000000,0.0000000000,0.0000000000,0.0000000000,,,
10.9239999824,85,222551.3125000000,216011.8437500000,225000.0000000000,219501.3906250000,0.0000000000,0.0000000000,0.0000000000,0.0000000000,,,
10.9279999824,85,225000.0000000000,217675.6875000000,225000.0000000000,225000.0000000000,0.0000000000,0.0000000000,0.0000000000,0.0000000000,,,
10.9319999823,85,225000.0000000000,217307.2343750000,225000.0000000000,225000.0000000000,0.0000000000,0.0000000000,0.0000000000,0.0000000000,,,
10.9359999823,85,211520.2187500000,215380.0000000000,225000.0000000000,199138.3906250000,0.0000000000,0.0000000000,0.0000000000,0.0000000000,,,
10.9399999822,85,202852.6250000000,214587.6718750000,225000.0000000000,172283.0781250000,0.0000000000,0.0000000000,0.0000000000,0.0000000000,,,
10.9439999822,85,222419.7656250000,215982.3437500000,225000.0000000000,219164.3750000000,0.0000000000,0.0000000000,0.0000000000,0.0000000000,,,
10.9479999824,85,225000.0000000000,217652.7031250000,225000.0000000000,225000.0000000000,0.0000000000,0.0000000000,0.0000000000,0.0000000000,,,
10.9519999824,85,225000.0000000000,217306.5156250000,225000.0000000000,225000.0000000000,0.0000000000,0.0000000000,0.0000000000,0.0000000000,,,
10.9559999823,85,211660.0937500000,215388.6093750000,225000.0000000000,199428.2031250000,0.0000000000,0.0000000000,0.0000000000,0.0000000000,,,
10.9599999823,85,202822.6093750000,214586.1718750000,225000.0000000000,172121.8281250000,0.0000000000,0.0000000000,0.0000000000,0.0000000000,,,
10.9639999822,85,222294.4375000000,215968.5781250000,225000.0000000000,218847.2031250000,0.0000000000,0.0000000000,0.0000000000,0.0000000000,,,
10.9679999824,85,225000.0000000000,217640.1250000000,225000.0000000000,225000.0000000000,0.0000000000,0.0000000000,0.0000000000,0.0000000000,,,
10.9719999824,85,225000.0000000000,217303.1406250000,225000.0000000000,225000.0000000000,0.0000000000,0.0000000000,0.0000000000,0.0000000000,,,
10.9759999823,85,211818.2031250000,215387.1562500000,225000.0000000000,199759.1250000000,0.0000000000,0.0000000000,0.0000000000,0.0000000000,,,
10.9799999823,85,202800.4843750000,214570.8281250000,225000.0000000000,171952.2343750000,0.0000000000,0.0000000000,0.0000000000,0.0000000000,,,
10.9839999822,85,222168.0781250000,215941.0312500000,225000.0000000000,218531.5937500000,0.0000000000,0.0000000000,0.0000000000,0.0000000000,,,
10.9879999822,85,225000.0000000000,217619.5625000000,225000.0000000000,225000.0000000000,0.0000000000,0.0000000000,0.0000000000,0.0000000000,,,
10.9919999824,85,225000.0000000000,217298.9843750000,225000.0000000000,225000.0000000000,0.0000000000,0.0000000000,0.0000000000,0.0000000000,,,
10.9959999823,85,211972.9218750000,215385.2812500000,225000.0000000000,200035.0937500000,0.0000000000,0.0000000000,0.0000000000,0.0000000000,,,
10.9999999823,85,202771.5156250000,214551.7187500000,225000.0000000000,171777.2656250000,0.0000000000,0.0000000000,0.0000000000,0.0000000000,,,
11.0039999823,85,222035.3906250000,215916.0000000000,225000.0000000000,218193.9218750000,0.0000000000,0.0000000000,0.0000000000,0.0000000000,,,
11.0079999822,86,225000.0000000000,217604.2968750000,225000.0000000000,225000.0000000000,0.0000000000,0.0000000000,0.0000000000,0.0000000000,,,
11.0119999822,86,225000.0000000000,217299.0312500000,225000.0000000000,225000.0000000000,0.0000000000,0.0000000000,0.0000000000,0.0000000000,,,
11.0159999821,86,212111.3750000000,215391.4687500000,225000.0000000000,200342.4218750000,0.0000000000,0.0000000000,0.0000000000,0.0000000000,,,
11.0199999821,86,202736.9687500000,214560.2812500000,225000.0000000000,171617.3125000000,0.0000000000,0.0000000000,0.0000000000,0.0000000000,,,
11.0239999820,86,221913.5000000000,215917.8593750000,225000.0000000000,217868.1718750000,0.0000000000,0.0000000000,0.0000000000,0.0000000000,,,
11.0279999820,86,225000.0000000000,217609.6875000000,225000.0000000000,225000.0000000000,0.0000000000,0.0000000000,0.0000000000,0.0000000000,,,
11.0319999822,86,225000.0000000000,217321.0781250000,225000.0000000000,225000.0000000000,0.0000000000,0.0000000000,0.0000000000,0.0000000000,,,
11.0359999822,86,212238.5312500000,215418.1093750000,225000.0000000000,200649.2187500000,0.0000000000,0.0000000000,0.0000000000,0.0000000000,,,
11.0399999821,86,202691.5937500000,214574.0625000000,225000.0000000000,171480.7812500000,0.0000000000,0.0000000000,0.0000000000,0.0000000000,,,
11.0439999821,86,221771.0000000000,215924.4843750000,225000.0000000000,217572.5937500000,0.0000000000,0.0000000000,0.0000000000,0.0000000000,,,
11.0479999820,86,225000.0000000000,217622.8281250000,225000.0000000000,225000.0000000000,0.0000000000,0.0000000000,0.0000000000,0.0000000000,,,
11.0519999822,86,225000.0000000000,217347.6875000000,225000.0000000000,225000.0000000000,0.0000000000,0.0000000000,0.0000000000,0.0000000000,,,
11.0559999822,86,212354.4375000000,215455.9531250000,225000.0000000000,200960.7031250000,0.0000000000,0.0000000000,0.0000000000,0.0000000000,,,
11.0599999821,86,202630.8125000000,214602.1562500000,225000.0000000000,171339.2187500000,0.0000000000,0.0000000000,0.0000000000,0.0000000000,,,
11.0639999821,86,221612.6718750000,215934.2656250000,225000.0000000000,217231.8906250000,0.0000000000,0.0000000000,0.0000000000,0.0000000000,,,
11.0679999820,86,225000.0000000000,217632.4375000000,225000.0000000000,225000.0000000000,0.0000000000,0.0000000000,0.0000000000,0.0000000000,,,
11.0719999820,86,225000.0000000000,217365.6875000000,225000.0000000000,225000.0000000000,0.0000000000,0.0000000000,0.0000000000,0.0000000000,,,
11.0759999822,86,212449.9218750000,215461.2968750000,225000.0000000000,201250.8906250000,0.0000000000,0.0000000000,0.0000000000,0.0000000000,,,
11.0799999821,86,202559.2500000000,214590.1875000000,225000.0000000000,171205.7812500000,0.0000000000,0.0000000000,0.0000000000,0.0000000000,,,
11.0839999821,86,221451.8906250000,215916.7343750000,225000.0000000000,216922.3125000000,0.0000000000,0.0000000000,0.0000000000,0.0000000000,,,
11.0879999821,86,225000.0000000000,217622.4843750000,225000.0000000000,225000.0000000000,0.0000000000,0.0000000000,0.0000000000,0.0000000000,,,
11.0919999820,86,225000.0000000000,217375.3125000000,225000.0000000000,225000.0000000000,0.0000000000,0.0000000000,0.0000000000,0.0000000000,,,
11.0959999822,86,212579.9531250000,215483.2343750000,225000.0000000000,201571.6250000000,0.0000000000,0.0000000000,0.0000000000,0.0000000000,,,
11.0999999822,86,202510.0000000000,214601.5937500000,225000.0000000000,171089.8750000000,0.0000000000,0.0000000000,0.0000000000,0.0000000000,,,
11.1039999821,86,221295.1562500000,215915.7031250000,225000.0000000000,216605.4375000000,0.0000000000,0.0000000000,0.0000000000,0.0000000000,,,
11.1079999821,86,225000.0000000000,217634.4218750000,225000.0000000000,225000.0000000000,0.0000000000,0.0000000000,0.0000000000,0.0000000000,,,
11.1119999820,86,225000.0000000000,217407.7500000000,225000.0000000000,225000.0000000000,0.0000000000,0.0000000000,0.0000000000,0.0000000000,,,
11.1159999820,86,212701.7031250000,215524.9687500000,225000.0000000000,201868.9843750000,0.0000000000,0.0000000000,0.0000000000,0.0000000000,,,
11.1199999822,86,202460.2187500000,214633.4843750000,225000.0000000000,170956.0312500000,0.0000000000,0.0000000000,0.0000000000,0.0000000000,,,
11.1239999821,86,221141.7812500000,215938.0000000000,225000.0000000000,216250.0156250000,0.0000000000,0.0000000000,0.0000000000,0.0000000000,,,
11.1279999821,86,225000.0000000000,217658.0156250000,225000.0000000000,225000.0000000000,0.0000000000,0.0000000000,0.0000000000,0.0000000000,,,
11.1319999821,86,225000.0000000000,217439.6406250000,225000.0000000000,225000.0000000000,0.0000000000,0.0000000000,0.0000000000,0.0000000000,,,
11.1359999820,87,212815.2968750000,215548.2812500000,225000.0000000000,202175.3906250000,0.0000000000,0.0000000000,0.0000000000,0.0000000000,,,
11.1399999820,87,202411.5625000000,214632.4375000000,225000.0000000000,170853.3281250000,0.0000000000,0.0000000000,0.0000000000,0.0000000000,,,
11.1439999819,87,220986.6093750000,215921.1250000000,225000.0000000000,215958.2031250000,0.0000000000,0.0000000000,0.0000000000,0.0000000000,,,
11.1479999819,87,225000.0000000000,217641.0156250000,225000.0000000000,225000.0000000000,0.0000000000,0.0000000000,0.0000000000,0.0000000000,,,
11.1519999818,87,225000.0000000000,217428.7187500000,225000.0000000000,225000.0000000000,0.0000000000,0.0000000000,0.0000000000,0.0000000000,,,
11.1559999818,87,212946.1250000000,215537.0937500000,225000.0000000000,202541.0937500000,0.0000000000,0.0000000000,0.0000000000,0.0000000000,,,
11.1599999820,87,202388.3593750000,214612.1250000000,225000.0000000000,170853.4375000000,0.0000000000,0.0000000000,0.0000000000,0.0000000000,,,
11.1639999819,87,220846.8906250000,215894.2031250000,225000.0000000000,215678.5156250000,0.0000000000,0.0000000000,0.0000000000,0.0000000000,,,
11.1679999819,87,225000.0000000000,217620.4375000000,225000.0000000000,225000.0000000000,0.0000000000,0.0000000000,0.0000000000,0.0000000000,,,
11.1719999819,87,225000.0000000000,217425.8437500000,225000.0000000000,225000.0000000000,0.0000000000,0.0000000000,0.0000000000,0.0000000000,,,
11.1759999818,87,213128.7031250000,215542.1250000000,225000.0000000000,203008.8593750000,0.0000000000,0.0000000000,0.0000000000,0.0000000000,,,
11.1799999820,87,202416.4375000000,214606.8750000000,225000.0000000000,170928.6250000000,0.0000000000,0.0000000000,0.0000000000,0.0000000000,,,
11.1839999820,87,220741.6250000000,215874.6406250000,225000.0000000000,215449.0937500000,0.0000000000,0.0000000000,0.0000000000,0.0000000000,,,
11.1879999819,87,225000.0000000000,217604.5312500000,225000.0000000000,225000.0000000000,0.0000000000,0.0000000000,0.0000000000,0.0000000000,,,
11.1919999819,87,225000.0000000000,217420.7031250000,225000.0000000000,225000.0000000000,0.0000000000,0.0000000000,0.0000000000,0.0000000000,,,
11.1959999818,87,213318.0156250000,215532.9062500000,225000.0000000000,203409.2187500000,0.0000000000,0.0000000000,0.0000000000,0.0000000000,,,
11.1999999818,87,202448.1562500000,214580.5312500000,225000.0000000000,170974.4375000000,0.0000000000,0.0000000000,0.0000000000,0.0000000000,,,
11.2039999820,87,220653.7812500000,215848.5468750000,225000.0000000000,215204.9531250000,0.0000000000,0.0000000000,0.0000000000,0.0000000000,,,
11.2079999819,87,225000.0000000000,217591.6562500000,225000.0000000000,225000.0000000000,0.0000000000,0.0000000000,0.0000000000,0.0000000000,,,
11.2119999819,87,225000.0000000000,217424.8281250000,225000.0000000000,225000.0000000000,0.0000000000,0.0000000000,0.0000000000,0.0000000000,,,
11.2159999819,87,213525.0312500000,215540.5000000000,225000.0000000000,203840.0000000000,0.0000000000,0.0000000000,0.0000000000,0.0000000000,,,
11.2199999818,87,202501.1562500000,214581.6875000000,225000.0000000000,171021.9843750000,0.0000000000,0.0000000000,0.0000000000,0.0000000000,,,
11.2239999820,87,220568.9375000000,215837.8750000000,225000.0000000000,214990.2343750000,0.0000000000,0.0000000000,0.0000000000,0.0000000000,,,
11.2279999820,87,225000.0000000000,217585.2812500000,225000.0000000000,225000.0000000000,0.0000000000,0.0000000000,0.0000000000,0.0000000000,,,
11.2319999819,87,225000.0000000000,217435.7500000000,225000.0000000000,225000.0000000000,0.0000000000,0.0000000000,0.0000000000,0.0000000000,,,
11.2359999819,87,213717.7500000000,215559.7031250000,225000.0000000000,204275.8906250000,0.0000000000,0.0000000000,0.0000000000,0.0000000000,,,
11.2399999818,87,202512.3125000000,214589.7656250000,225000.0000000000,171006.2968750000,0.0000000000,0.0000000000,0.0000000000,0.0000000000,,,
11.2439999818,87,220444.8281250000,215839.8593750000,225000.0000000000,214688.4375000000,0.0000000000,0.0000000000,0.0000000000,0.0000000000,,,
11.2479999820,87,225000.0000000000,217598.7187500000,225000.0000000000,225000.0000000000,0.0000000000,0.0000000000,0.0000000000,0.0000000000,,,
11.2519999819,87,225000.0000000000,217465.3281250000,225000.0000000000,225000.0000000000,0.0000000000,0.0000000000,0.0000000000,0.0000000000,,,
11.2559999819,87,213881.0625000000,215599.1250000000,225000.0000000000,204652.1406250000,0.0000000000,0.0000000000,0.0000000000,0.0000000000,,,
11.2599999818,87,202515.6875000000,214625.1406250000,225000.0000000000,170978.0468750000,0.0000000000,0.0000000000,0.0000000000,0.0000000000,,,
11.2639999818,88,220330.5156250000,215865.5781250000,225000.0000000000,214417.2187500000,0.0000000000,0.0000000000,0.0000000000,0.0000000000,,,
11.2679999818,88,225000.0000000000,217620.8437500000,225000.0000000000,225000.0000000000,0.0000000000,0.0000000000,0.0000000000,0.0000000000,,,
11.2719999817,88,225000.0000000000,217501.3281250000,225000.0000000000,225000.0000000000,0.0000000000,0.0000000000,0.0000000000,0.0000000000,,,
11.2759999817,88,214026.3281250000,215641.6406250000,225000.0000000000,204995.5468750000,0.0000000000,0.0000000000,0.0000000000,0.0000000000,,,
11.2799999816,88,202494.9531250000,214655.3125000000,225000.0000000000,170913.5000000000,0.0000000000,0.0000000000,0.0000000000,0.0000000000,,,
11.2839999816,88,220183.3437500000,215874.2500000000,225000.0000000000,214109.3437500000,0.0000000000,0.0000000000,0.0000000000,0.0000000000,,,
11.2879999818,88,225000.0000000000,217631.0156250000,225000.0000000000,225000.0000000000,0.0000000000,0.0000000000,0.0000000000,0.0000000000,,,
11.2919999817,88,225000.0000000000,217530.5000000000,225000.0000000000,225000.0000000000,0.0000000000,0.0000000000,0.0000000000,0.0000000000,,,
11.2959999817,88,214154.5937500000,215680.4531250000,225000.0000000000,205313.0781250000,0.0000000000,0.0000000000,0.0000000000,0.0000000000,,,
11.2999999817,88,202467.3281250000,214685.9687500000,225000.0000000000,170838.5781250000,0.0000000000,0.0000000000,0.0000000000,0.0000000000,,,
11.3039999816,88,220154.8281250000,215899.2968750000,225000.0000000000,213964.6406250000,0.0000000000,0.0000000000,0.0000000000,0.0000000000,,,
11.3079999818,88,225000.0000000000,217652.2500000000,225000.0000000000,225000.0000000000,0.0000000000,0.0000000000,0.0000000000,0.0000000000,,,
11.3119999818,88,225000.0000000000,217553.9531250000,225000.0000000000,225000.0000000000,0.0000000000,0.0000000000,0.0000000000,0.0000000000,,,
11.3159999817,88,214221.3281250000,215699.9531250000,225000.0000000000,205542.6875000000,0.0000000000,0.0000000000,0.0000000000,0.0000000000,,,
11.3199999817,88,202349.0937500000,214687.6093750000,225000.0000000000,170590.2343750000,0.0000000000,0.0000000000,0.0000000000,0.0000000000,,,
11.3239999816,88,219823.7187500000,215888.1093750000,225000.0000000000,213374.6718750000,0.0000000000,0.0000000000,0.0000000000,0.0000000000,,,
11.3279999816,88,225000.0000000000,217650.7187500000,225000.0000000000,225000.0000000000,0.0000000000,0.0000000000,0.0000000000,0.0000000000,,,
11.3319999818,88,225000.0000000000,217569.8750000000,225000.0000000000,225000.0000000000,0.0000000000,0.0000000000,0.0000000000,0.0000000000,,,
11.3359999817,88,214316.5156250000,215726.4843750000,225000.0000000000,205840.2343750000,0.0000000000,0.0000000000,0.0000000000,0.0000000000,,,
11.3399999817,88,202269.2187500000,214712.9843750000,224989.4687500000,170413.9843750000,0.0000000000,0.0000000000,0.0000000000,0.0000000000,,,
11.3439999816,88,219620.4531250000,215907.4687500000,225000.0000000000,212935.6093750000,0.0000000000,0.0000000000,0.0000000000,0.0000000000,,,
11.3479999816,88,225000.0000000000,217677.0312500000,225000.0000000000,225000.0000000000,0.0000000000,0.0000000000,0.0000000000,0.0000000000,,,
11.3519999818,88,225000.0000000000,217616.0156250000,225000.0000000000,225000.0000000000,0.0000000000,0.0000000000,0.0000000000,0.0000000000,,,
11.3559999818,88,214356.3281250000,215778.8437500000,225000.0000000000,206043.7343750000,0.0000000000,0.0000000000,0.0000000000,0.0000000000,,,
11.3599999817,88,202122.3437500000,214758.5781250000,224854.7968750000,170117.5781250000,0.0000000000,0.0000000000,0.0000000000,0.0000000000,,,
11.3639999817,88,219355.1406250000,215943.8125000000,225000.0000000000,212477.7656250000,0.0000000000,0.0000000000,0.0000000000,0.0000000000,,,
11.3679999816,88,225000.0000000000,217717.6250000000,225000.0000000000,225000.0000000000,0.0000000000,0.0000000000,0.0000000000,0.0000000000,,,
11.3719999816,88,225000.0000000000,217672.2343750000,225000.0000000000,225000.0000000000,0.0000000000,0.0000000000,0.0000000000,0.0000000000,,,
11.3759999818,88,214335.5468750000,215841.8437500000,225000.0000000000,206139.8906250000,0.0000000000,0.0000000000,0.0000000000,0.0000000000,,,
11.3799999817,88,201927.2656250000,214803.7656250000,224704.2656250000,169714.9531250000,0.0000000000,0.0000000000,0.0000000000,0.0000000000,,,
11.3839999817,88,219074.3281250000,215958.7343750000,225000.0000000000,211909.1875000000,0.0000000000,0.0000000000,0.0000000000,0.0000000000,,,
11.3879999816,88,225000.0000000000,217715.1718750000,225000.0000000000,225000.0000000000,0.0000000000,0.0000000000,0.0000000000,0.0000000000,,,
11.3919999816,89,225000.0000000000,217669.9218750000,225000.0000000000,225000.0000000000,0.0000000000,0.0000000000,0.0000000000,0.0000000000,,,
11.3959999816,89,214401.5000000000,215838.0000000000,225000.0000000000,206320.2343750000,0.0000000000,0.0000000000,0.0000000000,0.0000000000,,,
11.3999999815,89,201827.5156250000,214787.2500000000,224612.5937500000,169398.1718750000,0.0000000000,0.0000000000,0.0000000000,0.0000000000,,,
11.4039999815,89,218863.0781250000,215933.3593750000,225000.0000000000,211397.4531250000,0.0000000000,0.0000000000,0.0000000000,0.0000000000,,,
11.4079999814,89,225000.0000000000,217692.0312500000,225000.0000000000,225000.0000000000,0.0000000000,0.0000000000,0.0000000000,0.0000000000,,,
11.4119999814,89,225000.0000000000,217658.3750000000,225000.0000000000,225000.0000000000,0.0000000000,0.0000000000,0.0000000000,0.0000000000,,,
11.4159999816,89,214500.0156250000,215832.1562500000,225000.0000000000,206522.1562500000,0.0000000000,0.0000000000,0.0000000000,0.0000000000,,,
11.4199999815,89,201765.5468750000,214765.3437500000,224539.3593750000,169124.2187500000,0.0000000000,0.0000000000,0.0000000000,0.0000000000,,,
11.4239999815,89,218682.5156250000,215890.3593750000,225000.0000000000,210922.0312500000,0.0000000000,0.0000000000,0.0000000000,0.0000000000,,,
11.4279999814,89,225000.0000000000,217648.0937500000,225000.0000000000,225000.0000000000,0.0000000000,0.0000000000,0.0000000000,0.0000000000,,,
11.4319999814,89,225000.0000000000,217624.0312500000,225000.0000000000,225000.0000000000,0.0000000000,0.0000000000,0.0000000000,0.0000000000,,,
11.4359999816,89,214611.8906250000,215795.7343750000,225000.0000000000,206725.6562500000,0.0000000000,0.0000000000,0.0000000000,0.0000000000,,,
11.4399999816,89,201712.0468750000,214719.3437500000,224465.3593750000,168818.5468750000,0.0000000000,0.0000000000,0.0000000000,0.0000000000,,,
11.4439999815,89,218511.3593750000,215836.6093750000,225000.0000000000,210417.6093750000,0.0000000000,0.0000000000,0.0000000000,0.0000000000,,,
11.4479999815,89,225000.0000000000,217598.8750000000,225000.0000000000,225000.0000000000,0.0000000000,0.0000000000,0.0000000000,0.0000000000,,,
11.4519999814,89,225000.0000000000,217592.5468750000,225000.0000000000,225000.0000000000,0.0000000000,0.0000000000,0.0000000000,0.0000000000,,,
11.4559999814,89,214724.8906250000,215773.2343750000,225000.0000000000,206954.5000000000,0.0000000000,0.0000000000,0.0000000000,0.0000000000,,,
11.4599999816,89,201662.2031250000,214685.4843750000,224408.3281250000,168589.7812500000,0.0000000000,0.0000000000,0.0000000000,0.0000000000,,,
11.4639999815,89,218338.6562500000,215798.1718750000,225000.0000000000,209962.3906250000,0.0000000000,0.0000000000,0.0000000000,0.0000000000,,,
11.4679999815,89,225000.0000000000,217574.3281250000,225000.0000000000,225000.0000000000,0.0000000000,0.0000000000,0.0000000000,0.0000000000,,,
11.4719999814,89,225000.0000000000,217588.5000000000,225000.0000000000,225000.0000000000,0.0000000000,0.0000000000,0.0000000000,0.0000000000,,,
11.4759999814,89,214841.6406250000,215780.9531250000,225000.0000000000,207230.5312500000,0.0000000000,0.0000000000,0.0000000000,0.0000000000,,,
11.4799999816,89,201627.6562500000,214690.0468750000,224389.2187500000,168437.5937500000,0.0000000000,0.0000000000,0.0000000000,0.0000000000,,,
11.4839999815,89,218163.6093750000,215787.9218750000,225000.0000000000,209525.2187500000,0.0000000000,0.0000000000,0.0000000000,0.0000000000,,,
11.4879999815,89,225000.0000000000,217560.4687500000,225000.0000000000,225000.0000000000,0.0000000000,0.0000000000,0.0000000000,0.0000000000,,,
11.4919999815,89,225000.0000000000,217584.7968750000,225000.0000000000,225000.0000000000,0.0000000000,0.0000000000,0.0000000000,0.0000000000,,,
11.4959999814,89,214948.5781250000,215784.5156250000,225000.0000000000,207493.7812500000,0.0000000000,0.0000000000,0.0000000000,0.0000000000,,,
11.4999999814,89,201571.6875000000,214684.6562500000,224345.2187500000,168269.8593750000,0.0000000000,0.0000000000,0.0000000000,0.0000000000,,,
11.5039999816,89,217984.5000000000,215772.4062500000,225000.0000000000,209093.0000000000,0.0000000000,0.0000000000,0.0000000000,0.0000000000,,,
11.5079999815,89,225000.0000000000,217544.1875000000,225000.0000000000,225000.0000000000,0.0000000000,0.0000000000,0.0000000000,0.0000000000,,,
11.5119999815,89,225000.0000000000,217578.5781250000,225000.0000000000,225000.0000000000,0.0000000000,0.0000000000,0.0000000000,0.0000000000,,,
11.5159999814,89,215065.6875000000,215781.3593750000,225000.0000000000,207750.5625000000,0.0000000000,0.0000000000,0.0000000000,0.0000000000,,,
11.5199999814,90,201543.8437500000,214668.2187500000,224308.5625000000,168150.3593750000,0.0000000000,0.0000000000,0.0000000000,0.0000000000,,,
11.5239999813,90,217828.6875000000,215740.9687500000,225000.0000000000,208697.0312500000,0.0000000000,0.0000000000,0.0000000000,0.0000000000,,,
11.5279999813,90,225000.0000000000,217518.8437500000,225000.0000000000,225000.0000000000,0.0000000000,0.0000000000,0.0000000000,0.0000000000,,,
11.5319999813,90,225000.0000000000,217576.0781250000,225000.0000000000,225000.0000000000,0.0000000000,0.0000000000,0.0000000000,0.0000000000,,,
11.5359999812,90,215210.3125000000,215783.8281250000,225000.0000000000,208008.2343750000,0.0000000000,0.0000000000,0.0000000000,0.0000000000,,,
11.5399999812,90,201530.9687500000,214661.0781250000,224279.9375000000,168043.7656250000,0.0000000000,0.0000000000,0.0000000000,0.0000000000,,,
11.5439999814,90,217681.0937500000,215726.7812500000,225000.0000000000,208290.2968750000,0.0000000000,0.0000000000,0.0000000000,0.0000000000,,,
11.5479999813,90,225000.0000000000,217505.5312500000,225000.0000000000,225000.0000000000,0.0000000000,0.0000000000,0.0000000000,0.0000000000,,,
11.5519999813,90,225000.0000000000,217569.7187500000,225000.0000000000,225000.0000000000,0.0000000000,0.0000000000,0.0000000000,0.0000000000,,,
11.5559999812,90,215357.7343750000,215785.5156250000,225000.0000000000,208318.5156250000,0.0000000000,0.0000000000,0.0000000000,0.0000000000,,,
11.5599999812,90,201514.6093750000,214652.8750000000,224247.3437500000,167995.0937500000,0.0000000000,0.0000000000,0.0000000000,0.0000000000,,,
11.5639999814,90,217535.2343750000,215703.5156250000,225000.0000000000,207906.6562500000,0.0000000000,0.0000000000,0.0000000000,0.0000000000,,,
11.5679999813,90,225000.0000000000,217486.1093750000,225000.0000000000,225000.0000000000,0.0000000000,0.0000000000,0.0000000000,0.0000000000,,,
11.5719999813,90,225000.0000000000,217566.6406250000,225000.0000000000,225000.0000000000,0.0000000000,0.0000000000,0.0000000000,0.0000000000,,,
11.5759999813,90,215490.5781250000,215786.6718750000,225000.0000000000,208651.9687500000,0.0000000000,0.0000000000,0.0000000000,0.0000000000,,,
11.5799999812,90,201479.8125000000,214641.7968750000,224178.8125000000,167957.6406250000,0.0000000000,0.0000000000,0.0000000000,0.0000000000,,,
11.5839999812,90,217387.5468750000,215684.9843750000,225000.0000000000,207570.6562500000,0.0000000000,0.0000000000,0.0000000000,0.0000000000,,,
11.5879999814,90,225000.0000000000,217469.3750000000,225000.0000000000,225000.0000000000,0.0000000000,0.0000000000,0.0000000000,0.0000000000,,,
11.5919999813,90,225000.0000000000,217563.2812500000,225000.0000000000,225000.0000000000,0.0000000000,0.0000000000,0.0000000000,0.0000000000,,,
11.5959999813,90,215619.4062500000,215789.2187500000,225000.0000000000,208933.4843750000,0.0000000000,0.0000000000,0.0000000000,0.0000000000,,,
11.5999999812,90,201420.0625000000,214634.0468750000,224091.1718750000,167881.5000000000,0.0000000000,0.0000000000,0.0000000000,0.0000000000,,,
11.6039999812,90,217202.4531250000,215665.0312500000,225000.0000000000,207153.7343750000,0.0000000000,0.0000000000,0.0000000000,0.0000000000,,,
11.6079999814,90,225000.0000000000,217454.3125000000,225000.0000000000,225000.0000000000,0.0000000000,0.0000000000,0.0000000000,0.0000000000,,,
11.6119999813,90,225000.0000000000,217566.9062500000,225000.0000000000,225000.0000000000,0.0000000000,0.0000000000,0.0000000000,0.0000000000,,,
11.6159999813,90,215719.6093750000,215803.7500000000,225000.0000000000,209250.9062500000,0.0000000000,0.0000000000,0.0000000000,0.0000000000,,,
11.6199999813,90,201353.8125000000,214642.4843750000,224025.7187500000,167835.0156250000,0.0000000000,0.0000000000,0.0000000000,0.0000000000,,,
11.6239999812,90,217015.7031250000,215660.4218750000,225000.0000000000,206775.4843750000,0.0000000000,0.0000000000,0.0000000000,0.0000000000,,,
11.6279999812,90,225000.0000000000,217444.7500000000,225000.0000000000,225000.0000000000,0.0000000000,0.0000000000,0.0000000000,0.0000000000,,,
11.6319999814,90,225000.0000000000,217566.9375000000,225000.0000000000,225000.0000000000,0.0000000000,0.0000000000,0.0000000000,0.0000000000,,,
11.6359999813,90,215824.6250000000,215813.4687500000,225000.0000000000,209510.2187500000,0.0000000000,0.0000000000,0.0000000000,0.0000000000,,,
11.6399999813,90,201291.2656250000,214644.5781250000,223959.5000000000,167773.0781250000,0.0000000000,0.0000000000,0.0000000000,0.0000000000,,,
11.6439999812,90,216842.5000000000,215646.2031250000,225000.0000000000,206394.2968750000,0.0000000000,0.0000000000,0.0000000000,0.0000000000,,,
11.6479999812,91,225000.0000000000,217430.5937500000,225000.0000000000,225000.0000000000,0.0000000000,0.0000000000,0.0000000000,0.0000000000,,,
11.6519999811,91,225000.0000000000,217562.5625000000,225000.0000000000,225000.0000000000,0.0000000000,0.0000000000,0.0000000000,0.0000000000,,,
11.6559999811,91,215953.4531250000,215809.2500000000,225000.0000000000,209810.2187500000,0.0000000000,0.0000000000,0.0000000000,0.0000000000,,,
11.6599999811,91,201242.3593750000,214628.0937500000,223888.7187500000,167728.4218750000,0.0000000000,0.0000000000,0.0000000000,0.0000000000,,,
11.6639999810,91,216696.6093750000,215623.5937500000,225000.0000000000,206026.1562500000,0.0000000000,0.0000000000,0.0000000000,0.0000000000,,,
11.6679999810,91,225000.0000000000,217410.6093750000,225000.0000000000,225000.0000000000,0.0000000000,0.0000000000,0.0000000000,0.0000000000,,,
11.6719999812,91,225000.0000000000,217551.2656250000,225000.0000000000,225000.0000000000,0.0000000000,0.0000000000,0.0000000000,0.0000000000,,,
11.6759999811,91,216109.2343750000,215800.2343750000,225000.0000000000,210120.7500000000,0.0000000000,0.0000000000,0.0000000000,0.0000000000,,,
11.6799999811,91,201209.6406250000,214611.6250000000,223832.9218750000,167708.5000000000,0.0000000000,0.0000000000,0.0000000000,0.0000000000,,,
11.6839999810,91,216559.2812500000,215595.8906250000,225000.0000000000,205673.9843750000,0.0000000000,0.0000000000,0.0000000000,0.0000000000,,,
11.6879999810,91,225000.0000000000,217385.6718750000,225000.0000000000,225000.0000000000,0.0000000000,0.0000000000,0.0000000000,0.0000000000,,,
11.6919999812,91,225000.0000000000,217542.5781250000,225000.0000000000,225000.0000000000,0.0000000000,0.0000000000,0.0000000000,0.0000000000,,,
11.6959999811,91,216244.6250000000,215796.8281250000,225000.0000000000,210457.7343750000,0.0000000000,0.0000000000,0.0000000000,0.0000000000,,,
11.6999999811,91,201151.0312500000,214595.3437500000,223809.5312500000,167740.0625000000,0.0000000000,0.0000000000,0.0000000000,0.0000000000,,,
11.7039999811,91,216388.2656250000,215565.3593750000,225000.0000000000,205352.1718750000,0.0000000000,0.0000000000,0.0000000000,0.0000000000,,,
11.7079999810,91,225000.0000000000,217355.4687500000,225000.0000000000,225000.0000000000,0.0000000000,0.0000000000,0.0000000000,0.0000000000,,,
11.7119999810,91,225000.0000000000,217520.9843750000,225000.0000000000,225000.0000000000,0.0000000000,0.0000000000,0.0000000000,0.0000000000,,,
11.7159999812,91,216352.8593750000,215779.7968750000,225000.0000000000,210808.4687500000,0.0000000000,0.0000000000,0.0000000000,0.0000000000,,,
11.7199999811,91,201090.5156250000,214574.6250000000,223803.3593750000,167780.7500000000,0.0000000000,0.0000000000,0.0000000000,0.0000000000,,,
11.7239999811,91,216213.6718750000,215537.4687500000,225000.0000000000,205021.0000000000,0.0000000000,0.0000000000,0.0000000000,0.0000000000,,,
11.7279999810,91,225000.0000000000,217326.2500000000,225000.0000000000,225000.0000000000,0.0000000000,0.0000000000,0.0000000000,0.0000000000,,,
11.7319999810,91,225000.0000000000,217505.8906250000,225000.0000000000,225000.0000000000,0.0000000000,0.0000000000,0.0000000000,0.0000000000,,,
11.7359999812,91,216492.6250000000,215776.2031250000,225000.0000000000,211161.0625000000,0.0000000000,0.0000000000,0.0000000000,0.0000000000,,,
11.7399999811,91,201069.8906250000,214566.7500000000,223810.7968750000,167847.8593750000,0.0000000000,0.0000000000,0.0000000000,0.0000000000,,,
11.7439999811,91,216067.9531250000,215526.6562500000,225000.0000000000,204752.4375000000,0.0000000000,0.0000000000,0.0000000000,0.0000000000,,,
11.7479999810,91,225000.0000000000,217333.4531250000,225000.0000000000,225000.0000000000,0.0000000000,0.0000000000,0.0000000000,0.0000000000,,,
11.7519999810,91,225000.0000000000,217538.5781250000,225000.0000000000,225000.0000000000,0.0000000000,0.0000000000,0.0000000000,0.0000000000,,,
11.7559999810,91,216656.5156250000,215827.4843750000,225000.0000000000,211525.2500000000,0.0000000000,0.0000000000,0.0000000000,0.0000000000,,,
11.7599999812,91,201079.7343750000,214614.7031250000,223830.4062500000,167942.8593750000,0.0000000000,0.0000000000,0.0000000000,0.0000000000,,,
11.7639999811,91,215951.9218750000,215571.2812500000,225000.0000000000,204487.4531250000,0.0000000000,0.0000000000,0.0000000000,0.0000000000,,,
11.7679999811,91,225000.0000000000,217387.6562500000,225000.0000000000,225000.0000000000,0.0000000000,0.0000000000,0.0000000000,0.0000000000,,,
11.7719999810,91,225000.0000000000,217607.5937500000,225000.0000000000,225000.0000000000,0.0000000000,0.0000000000,0.0000000000,0.0000000000,,,
11.7759999810,92,216840.4062500000,215894.7031250000,225000.0000000000,211898.6406250000,0.0000000000,0.0000000000,0.0000000000,0.0000000000,,,
11.7799999809,92,201091.4843750000,214661.9687500000,223862.0000000000,168022.6093750000,0.0000000000,0.0000000000,0.0000000000,0.0000000000,,,
11.7839999809,92,215827.5468750000,215591.2968750000,225000.0000000000,204190.6406250000,0.0000000000,0.0000000000,0.0000000000,0.0000000000,,,
11.7879999809,92,225000.0000000000,217388.5156250000,225000.0000000000,225000.0000000000,0.0000000000,0.0000000000,0.0000000000,0.0000000000,,,
11.7919999808,92,225000.0000000000,217613.0937500000,225000.0000000000,225000.0000000000,0.0000000000,0.0000000000,0.0000000000,0.0000000000,,,
11.7959999808,92,216978.1562500000,215903.0000000000,225000.0000000000,212250.7656250000,0.0000000000,0.0000000000,0.0000000000,0.0000000000,,,
11.7999999810,92,201070.8906250000,214658.0156250000,223873.7968750000,168081.8593750000,0.0000000000,0.0000000000,0.0000000000,0.0000000000,,,
11.8039999809,92,215686.4687500000,215575.4375000000,225000.0000000000,203875.2968750000,0.0000000000,0.0000000000,0.0000000000,0.0000000000,,,
11.8079999809,92,225000.0000000000,217383.1718750000,225000.0000000000,225000.0000000000,0.0000000000,0.0000000000,0.0000000000,0.0000000000,,,
11.8119999808,92,225000.0000000000,217620.3281250000,225000.0000000000,225000.0000000000,0.0000000000,0.0000000000,0.0000000000,0.0000000000,,,
11.8159999808,92,217131.9843750000,215909.1406250000,225000.0000000000,212564.0468750000,0.0000000000,0.0000000000,0.0000000000,0.0000000000,,,
11.8199999810,92,201046.7812500000,214651.9531250000,223862.2343750000,168112.7343750000,0.0000000000,0.0000000000,0.0000000000,0.0000000000,,,
11.8239999809,92,215529.0625000000,215563.9375000000,225000.0000000000,203527.2812500000,0.0000000000,0.0000000000,0.0000000000,0.0000000000,,,
11.8279999809,92,225000.0000000000,217377.8906250000,225000.0000000000,225000.0000000000,0.0000000000,0.0000000000,0.0000000000,0.0000000000,,,
11.8319999808,92,225000.0000000000,217632.8906250000,225000.0000000000,225000.0000000000,0.0000000000,0.0000000000,0.0000000000,0.0000000000,,,
11.8359999808,92,217300.3750000000,215928.0781250000,225000.0000000000,212947.6875000000,0.0000000000,0.0000000000,0.0000000000,0.0000000000,,,
11.8399999808,92,201080.4843750000,214655.6875000000,223889.2812500000,168198.9375000000,0.0000000000,0.0000000000,0.0000000000,0.0000000000,,,
11.8439999809,92,215415.0156250000,215548.6718750000,225000.0000000000,203237.9531250000,0.0000000000,0.0000000000,0.0000000000,0.0000000000,,,
11.8479999809,92,225000.0000000000,217356.0312500000,225000.0000000000,225000.0000000000,0.0000000000,0.0000000000,0.0000000000,0.0000000000,,,
11.8519999809,92,225000.0000000000,217622.3750000000,225000.0000000000,225000.0000000000,0.0000000000,0.0000000000,0.0000000000,0.0000000000,,,
11.8559999808,92,217483.0000000000,215925.4218750000,225000.0000000000,213288.5625000000,0.0000000000,0.0000000000,0.0000000000,0.0000000000,,,
11.8599999808,92,201148.0000000000,214649.7343750000,223942.8437500000,168314.4375000000,0.0000000000,0.0000000000,0.0000000000,0.0000000000,,,
11.8639999810,92,215319.2656250000,215532.0937500000,225000.0000000000,202964.1250000000,0.0000000000,0.0000000000,0.0000000000,0.0000000000,,,
11.8679999809,92,225000.0000000000,217334.6250000000,225000.0000000000,225000.0000000000,0.0000000000,0.0000000000,0.0000000000,0.0000000000,,,
11.8719999809,92,225000.0000000000,217605.7968750000,225000.0000000000,225000.0000000000,0.0000000000,0.0000000000,0.0000000000,0.0000000000,,,
11.8759999808,92,217652.6250000000,215917.0000000000,225000.0000000000,213627.0000000000,0.0000000000,0.0000000000,0.0000000000,0.0000000000,,,
11.8799999808,92,201185.2031250000,214634.1250000000,223977.1093750000,168369.3125000000,0.0000000000,0.0000000000,0.0000000000,0.0000000000,,,
11.8839999808,92,215183.7031250000,215501.4218750000,225000.0000000000,202632.3906250000,0.0000000000,0.0000000000,0.0000000000,0.0000000000,,,
11.8879999809,92,225000.0000000000,217305.4687500000,225000.0000000000,225000.0000000000,0.0000000000,0.0000000000,0.0000000000,0.0000000000,,,
11.8919999809,92,225000.0000000000,217592.1406250000,225000.0000000000,225000.0000000000,0.0000000000,0.0000000000,0.0000000000,0.0000000000,,,
11.8959999809,92,217778.5312500000,215909.3593750000,225000.0000000000,213944.5468750000,0.0000000000,0.0000000000,0.0000000000,0.0000000000,,,
11.8999999808,92,201191.0000000000,214617.5468750000,223995.2968750000,168422.1250000000,0.0000000000,0.0000000000,0.0000000000,0.0000000000,,,
11.9039999808,93,215023.6406250000,215476.0937500000,225000.0000000000,202283.2968750000,0.0000000000,0.0000000000,0.0000000000,0.0000000000,,,
11.9079999807,93,225000.0000000000,217287.3437500000,225000.0000000000,225000.0000000000,0.0000000000,0.0000000000,0.0000000000,0.0000000000,,,
11.9119999807,93,225000.0000000000,217591.0937500000,225000.0000000000,225000.0000000000,0.0000000000,0.0000000000,0.0000000000,0.0000000000,,,
11.9159999806,93,217927.0781250000,215909.8281250000,225000.0000000000,214260.0156250000,0.0000000000,0.0000000000,0.0000000000,0.0000000000,,,
11.9199999806,93,201217.2812500000,214602.1250000000,224037.6562500000,168488.7500000000,0.0000000000,0.0000000000,0.0000000000,0.0000000000,,,
11.9239999806,93,214898.2343750000,215446.2656250000,225000.0000000000,201986.4062500000,0.0000000000,0.0000000000,0.0000000000,0.0000000000,,,
11.9279999807,93,225000.0000000000,217257.5156250000,225000.0000000000,225000.0000000000,0.0000000000,0.0000000000,0.0000000000,0.0000000000,,,
11.9319999807,93,225000.0000000000,217569.1250000000,225000.0000000000,225000.0000000000,0.0000000000,0.0000000000,0.0000000000,0.0000000000,,,
11.9359999807,93,218077.0625000000,215892.8593750000,225000.0000000000,214593.6718750000,0.0000000000,0.0000000000,0.0000000000,0.0000000000,,,
11.9399999806,93,201244.9687500000,214580.6093750000,224069.9687500000,168566.2187500000,0.0000000000,0.0000000000,0.0000000000,0.0000000000,,,
11.9439999806,93,214769.5468750000,215420.1250000000,225000.0000000000,201653.2031250000,0.0000000000,0.0000000000,0.0000000000,0.0000000000,,,
11.9479999808,93,225000.0000000000,217231.8906250000,225000.0000000000,225000.0000000000,0.0000000000,0.0000000000,0.0000000000,0.0000000000,,,
11.9519999807,93,225000.0000000000,217554.7500000000,225000.0000000000,225000.0000000000,0.0000000000,0.0000000000,0.0000000000,0.0000000000,,,
11.9559999807,93,218224.8437500000,215886.7656250000,225000.0000000000,214905.4843750000,0.0000000000,0.0000000000,0.0000000000,0.0000000000,,,
11.9599999806,93,201272.7968750000,214564.6875000000,224091.0781250000,168650.0312500000,0.0000000000,0.0000000000,0.0000000000,0.0000000000,,,
11.9639999806,93,214648.7968750000,215390.0781250000,225000.0000000000,201362.4218750000,0.0000000000,0.0000000000,0.0000000000,0.0000000000,,,
11.9679999806,93,225000.0000000000,217203.7343750000,225000.0000000000,225000.0000000000,0.0000000000,0.0000000000,0.0000000000,0.0000000000,,,
11.9719999807,93,225000.0000000000,217534.9375000000,225000.0000000000,225000.0000000000,0.0000000000,0.0000000000,0.0000000000,0.0000000000,,,
11.9759999807,93,218390.5312500000,215867.2500000000,225000.0000000000,215223.9375000000,0.0000000000,0.0000000000,0.0000000000,0.0000000000,,,
11.9799999807,93,201303.8593750000,214534.8593750000,224116.0312500000,168734.1406250000,0.0000000000,0.0000000000,0.0000000000,0.0000000000,,,
11.9839999806,93,214517.9062500000,215346.0156250000,225000.0000000000,201042.0312500000,0.0000000000,0.0000000000,0.0000000000,0.0000000000,,,
11.9879999806,93,225000.0000000000,217155.0000000000,225000.0000000000,225000.0000000000,0.0000000000,0.0000000000,0.0000000000,0.0000000000,,,
11.9919999808,93,225000.0000000000,217499.1718750000,225000.0000000000,225000.0000000000,0.0000000000,0.0000000000,0.0000000000,0.0000000000,,,
11.9959999807,93,218549.4843750000,215838.8125000000,225000.0000000000,215568.9218750000,0.0000000000,0.0000000000,0.0000000000,0.0000000000,,,
11.9999999807,93,201331.3906250000,214497.9218750000,224154.7343750000,168835.8281250000,0.0000000000,0.0000000000,0.0000000000,0.0000000000,,,
12.0039999806,93,214395.0000000000,215302.7968750000,225000.0000000000,200759.1562500000,0.0000000000,0.0000000000,0.0000000000,0.0000000000,,,
12.0079999806,93,225000.0000000000,217123.1406250000,225000.0000000000,225000.0000000000,0.0000000000,0.0000000000,0.0000000000,0.0000000000,,,
12.0119999805,93,225000.0000000000,217488.0156250000,225000.0000000000,225000.0000000000,0.0000000000,0.0000000000,0.0000000000,0.0000000000,,,
12.0159999807,93,218713.5000000000,215844.0937500000,225000.0000000000,215924.7031250000,0.0000000000,0.0000000000,0.0000000000,0.0000000000,,,
12.0199999807,93,201376.4687500000,214506.2656250000,224192.8437500000,168976.3437500000,0.0000000000,0.0000000000,0.0000000000,0.0000000000,,,
12.0239999807,93,214272.3437500000,215308.6406250000,225000.0000000000,200459.2343750000,0.0000000000,0.0000000000,0.0000000000,0.0000000000,,,
12.0279999806,93,225000.0000000000,217140.8906250000,225000.0000000000,225000.0000000000,0.0000000000,0.0000000000,0.0000000000,0.0000000000,,,
12.0319999806,94,225000.0000000000,217528.6250000000,225000.0000000000,225000.0000000000,0.0000000000,0.0000000000,0.0000000000,0.0000000000,,,
12.0359999805,94,218874.0312500000,215895.6718750000,225000.0000000000,216241.8125000000,0.0000000000,0.0000000000,0.0000000000,0.0000000000,,,
12.0399999805,94,201406.8281250000,214545.7968750000,224206.9218750000,169074.8593750000,0.0000000000,0.0000000000,0.0000000000,0.0000000000,,,
12.0439999804,94,214141.5156250000,215332.6718750000,225000.0000000000,200162.8281250000,0.0000000000,0.0000000000,0.0000000000,0.0000000000,,,
12.0479999804,94,225000.0000000000,217157.6250000000,225000.0000000000,225000.0000000000,0.0000000000,0.0000000000,0.0000000000,0.0000000000,,,
12.0519999804,94,225000.0000000000,217546.4375000000,225000.0000000000,225000.0000000000,0.0000000000,0.0000000000,0.0000000000,0.0000000000,,,
12.0559999805,94,219019.7500000000,215910.9375000000,225000.0000000000,216607.1093750000,0.0000000000,0.0000000000,0.0000000000,0.0000000000,,,
12.0599999805,94,201432.1562500000,214547.7031250000,224217.8437500000,169169.2187500000,0.0000000000,0.0000000000,0.0000000000,0.0000000000,,,
12.0639999805,94,214012.6250000000,215321.2500000000,225000.0000000000,199844.6406250000,0.0000000000,0.0000000000,0.0000000000,0.0000000000,,,
12.0679999804,94,225000.0000000000,217151.1093750000,225000.0000000000,225000.0000000000,0.0000000000,0.0000000000,0.0000000000,0.0000000000,,,
12.0719999804,94,225000.0000000000,217556.2343750000,225000.0000000000,225000.0000000000,0.0000000000,0.0000000000,0.0000000000,0.0000000000,,,
12.0759999806,94,219170.5937500000,215929.4687500000,225000.0000000000,216901.3906250000,0.0000000000,0.0000000000,0.0000000000,0.0000000000,,,
12.0799999805,94,201481.8281250000,214556.8281250000,224270.5468750000,169285.2656250000,0.0000000000,0.0000000000,0.0000000000,0.0000000000,,,
12.0839999805,94,213887.3906250000,215321.9531250000,225000.0000000000,199540.3593750000,0.0000000000,0.0000000000,0.0000000000,0.0000000000,,,
12.0879999804,94,225000.0000000000,217153.7343750000,225000.0000000000,225000.0000000000,0.0000000000,0.0000000000,0.0000000000,0.0000000000,,,
12.0919999804,94,225000.0000000000,217570.6093750000,225000.0000000000,225000.0000000000,0.0000000000,0.0000000000,0.0000000000,0.0000000000,,,
12.0959999803,94,219336.7031250000,215947.3281250000,225000.0000000000,217221.5468750000,0.0000000000,0.0000000000,0.0000000000,0.0000000000,,,
12.0999999805,94,201551.0312500000,214566.0468750000,224330.4375000000,169398.4531250000,0.0000000000,0.0000000000,0.0000000000,0.0000000000,,,
12.1039999805,94,213777.8281250000,215315.4375000000,225000.0000000000,199231.3750000000,0.0000000000,0.0000000000,0.0000000000,0.0000000000,,,
12.1079999804,94,225000.0000000000,217144.2500000000,225000.0000000000,225000.0000000000,0.0000000000,0.0000000000,0.0000000000,0.0000000000,,,
12.1119999804,94,225000.0000000000,217574.0937500000,225000.0000000000,225000.0000000000,0.0000000000,0.0000000000,0.0000000000,0.0000000000,,,
12.1159999804,94,219509.8125000000,215958.1093750000,225000.0000000000,217589.3281250000,0.0000000000,0.0000000000,0.0000000000,0.0000000000,,,
12.1199999806,94,201625.5468750000,214563.9062500000,224399.5156250000,169548.5781250000,0.0000000000,0.0000000000,0.0000000000,0.0000000000,,,
12.1239999805,94,213671.2031250000,215299.8750000000,225000.0000000000,198949.2031250000,0.0000000000,0.0000000000,0.0000000000,0.0000000000,,,
12.1279999805,94,225000.0000000000,217128.0156250000,225000.0000000000,225000.0000000000,0.0000000000,0.0000000000,0.0000000000,0.0000000000,,,
12.1319999804,94,225000.0000000000,217570.8437500000,225000.0000000000,225000.0000000000,0.0000000000,0.0000000000,0.0000000000,0.0000000000,,,
12.1359999804,94,219689.8750000000,215963.1093750000,225000.0000000000,217940.7187500000,0.0000000000,0.0000000000,0.0000000000,0.0000000000,,,
12.1399999803,94,201707.0312500000,214561.3593750000,224458.0312500000,169711.5156250000,0.0000000000,0.0000000000,0.0000000000,0.0000000000,,,
12.1439999805,94,213574.8125000000,215282.2812500000,225000.0000000000,198664.2812500000,0.0000000000,0.0000000000,0.0000000000,0.0000000000,,,
12.1479999805,94,225000.0000000000,217107.9218750000,225000.0000000000,225000.0000000000,0.0000000000,0.0000000000,0.0000000000,0.0000000000,,,
12.1519999804,94,225000.0000000000,217561.3281250000,225000.0000000000,225000.0000000000,0.0000000000,0.0000000000,0.0000000000,0.0000000000,,,
12.1559999804,94,219872.0468750000,215959.4531250000,225000.0000000000,218317.6093750000,0.0000000000,0.0000000000,0.0000000000,0.0000000000,,,
12.1599999804,95,201777.7343750000,214552.0468750000,224496.4687500000,169890.9062500000,0.0000000000,0.0000000000,0.0000000000,0.0000000000,,,
12.1639999803,95,213476.7187500000,215262.1406250000,225000.0000000000,198394.5781250000,0.0000000000,0.0000000000,0.0000000000,0.0000000000,,,
12.1679999803,95,225000.0000000000,217087.0625000000,225000.0000000000,225000.0000000000,0.0000000000,0.0000000000,0.0000000000,0.0000000000,,,
12.1719999802,95,225000.0000000000,217553.0312500000,225000.0000000000,225000.0000000000,0.0000000000,0.0000000000,0.0000000000,0.0000000000,,,
12.1759999802,95,220039.2812500000,215962.5156250000,225000.0000000000,218647.1718750000,0.0000000000,0.0000000000,0.0000000000,0.0000000000,,,
12.1799999801,95,201825.1718750000,214549.3593750000,224541.5000000000,170044.0000000000,0.0000000000,0.0000000000,0.0000000000,0.0000000000,,,
12.1839999803,95,213362.2968750000,215250.2343750000,225000.0000000000,198141.2656250000,0.0000000000,0.0000000000,0.0000000000,0.0000000000,,,
12.1879999803,95,225000.0000000000,217077.3281250000,225000.0000000000,225000.0000000000,0.0000000000,0.0000000000,0.0000000000,0.0000000000,,,
12.1919999802,95,225000.0000000000,217548.7500000000,225000.0000000000,225000.0000000000,0.0000000000,0.0000000000,0.0000000000,0.0000000000,,,
12.1959999802,95,220198.0937500000,215957.2812500000,225000.0000000000,218965.0937500000,0.0000000000,0.0000000000,0.0000000000,0.0000000000,,,
12.1999999802,95,201870.7968750000,214527.8750000000,224567.1562500000,170182.1562500000,0.0000000000,0.0000000000,0.0000000000,0.0000000000,,,
12.2039999804,95,213246.1562500000,215218.2500000000,225000.0000000000,197833.0781250000,0.0000000000,0.0000000000,0.0000000000,0.0000000000,,,
12.2079999803,95,225000.0000000000,217052.9062500000,225000.0000000000,225000.0000000000,0.0000000000,0.0000000000,0.0000000000,0.0000000000,,,
12.2119999803,95,225000.0000000000,217545.3593750000,225000.0000000000,225000.0000000000,0.0000000000,0.0000000000,0.0000000000,0.0000000000,,,
12.2159999802,95,220361.5781250000,215963.5312500000,225000.0000000000,219284.4062500000,0.0000000000,0.0000000000,0.0000000000,0.0000000000,,,
12.2199999802,95,201929.6250000000,214531.5625000000,224612.5937500000,170331.3437500000,0.0000000000,0.0000000000,0.0000000000,0.0000000000,,,
12.2239999801,95,213139.0312500000,215208.7656250000,225000.0000000000,197573.9062500000,0.0000000000,0.0000000000,0.0000000000,0.0000000000,,,
12.2279999803,95,225000.0000000000,217040.7031250000,225000.0000000000,225000.0000000000,0.0000000000,0.0000000000,0.0000000000,0.0000000000,,,
12.2319999803,95,225000.0000000000,217543.0937500000,225000.0000000000,225000.0000000000,0.0000000000,0.0000000000,0.0000000000,0.0000000000,,,
12.2359999802,95,220518.6562500000,215967.2343750000,225000.0000000000,219609.7812500000,0.0000000000,0.0000000000,0.0000000000,0.0000000000,,,
12.2399999802,95,201971.4062500000,214529.9531250000,224645.5312500000,170520.5156250000,0.0000000000,0.0000000000,0.0000000000,0.0000000000,,,
12.2439999802,95,213025.3125000000,215199.5625000000,225000.0000000000,197332.2031250000,0.0000000000,0.0000000000,0.0000000000,0.0000000000,,,
12.2479999803,95,225000.0000000000,217032.6093750000,225000.0000000000,225000.0000000000,0.0000000000,0.0000000000,0.0000000000,0.0000000000,,,
12.2519999803,95,225000.0000000000,217546.8750000000,225000.0000000000,225000.0000000000,0.0000000000,0.0000000000,0.0000000000,0.0000000000,,,
12.2559999803,95,220677.4062500000,215980.3281250000,225000.0000000000,219978.7968750000,0.0000000000,0.0000000000,0.0000000000,0.0000000000,,,
12.2599999802,95,201994.8593750000,214532.0312500000,224667.2031250000,170703.2343750000,0.0000000000,0.0000000000,0.0000000000,0.0000000000,,,
12.2639999802,95,212879.0156250000,215190.1250000000,225000.0000000000,197052.1406250000,0.0000000000,0.0000000000,0.0000000000,0.0000000000,,,
12.2679999801,95,225000.0000000000,217030.5937500000,225000.0000000000,225000.0000000000,0.0000000000,0.0000000000,0.0000000000,0.0000000000,,,
12.2719999803,95,225000.0000000000,217565.3750000000,225000.0000000000,225000.0000000000,0.0000000000,0.0000000000,0.0000000000,0.0000000000,,,
12.2759999803,95,220809.7031250000,216008.3281250000,225000.0000000000,220298.9218750000,0.0000000000,0.0000000000,0.0000000000,0.0000000000,,,
12.2799999802,95,202010.7812500000,214549.6875000000,224690.0000000000,170842.0625000000,0.0000000000,0.0000000000,0.0000000000,0.0000000000,,,
12.2839999802,95,212737.0468750000,215197.0937500000,225000.0000000000,196742.8281250000,0.0000000000,0.0000000000,0.0000000000,0.0000000000,,,
12.2879999802,96,225000.0000000000,217034.7031250000,225000.0000000000,225000.0000000000,0.0000000000,0.0000000000,0.0000000000,0.0000000000,,,
12.2919999801,96,225000.0000000000,217576.8750000000,225000.0000000000,225000.0000000000,0.0000000000,0.0000000000,0.0000000000,0.0000000000,,,
12.2959999801,96,220944.7656250000,216024.5000000000,225000.0000000000,220572.2343750000,0.0000000000,0.0000000000,0.0000000000,0.0000000000,,,
12.2999999800,96,202032.7031250000,214557.1718750000,224707.5937500000,170975.5312500000,0.0000000000,0.0000000000,0.0000000000,0.0000000000,,,
12.3039999800,96,212593.0937500000,215192.3750000000,225000.0000000000,196454.6406250000,0.0000000000,0.0000000000,0.0000000000,0.0000000000,,,
12.3079999799,96,225000.0000000000,217035.2968750000,225000.0000000000,225000.0000000000,0.0000000000,0.0000000000,0.0000000000,0.0000000000,,,
12.3119999801,96,225000.0000000000,217591.9843750000,225000.0000000000,225000.0000000000,0.0000000000,0.0000000000,0.0000000000,0.0000000000,,,
12.3159999801,96,221073.7656250000,216043.8906250000,225000.0000000000,220887.9843750000,0.0000000000,0.0000000000,0.0000000000,0.0000000000,,,
12.3199999800,96,202043.6718750000,214565.7343750000,224723.9218750000,171088.5625000000,0.0000000000,0.0000000000,0.0000000000,0.0000000000,,,
12.3239999800,96,212437.4531250000,215188.1875000000,225000.0000000000,196113.4375000000,0.0000000000,0.0000000000,0.0000000000,0.0000000000,,,
12.3279999800,96,225000.0000000000,217027.9218750000,225000.0000000000,225000.0000000000,0.0000000000,0.0000000000,0.0000000000,0.0000000000,,,
12.3319999801,96,225000.0000000000,217596.6250000000,225000.0000000000,225000.0000000000,0.0000000000,0.0000000000,0.0000000000,0.0000000000,,,
12.3359999801,96,221226.1406250000,216055.7500000000,225000.0000000000,221221.6250000000,0.0000000000,0.0000000000,0.0000000000,0.0000000000,,,
12.3399999801,96,202103.5156250000,214571.6250000000,224768.7656250000,171263.6562500000,0.0000000000,0.0000000000,0.0000000000,0.0000000000,,,
12.3439999800,96,212337.7500000000,215178.5781250000,225000.0000000000,195847.3906250000,0.0000000000,0.0000000000,0.0000000000,0.0000000000,,,
12.3479999800,96,225000.0000000000,217016.0937500000,225000.0000000000,225000.0000000000,0.0000000000,0.0000000000,0.0000000000,0.0000000000,,,
12.3519999799,96,225000.0000000000,217590.7812500000,225000.0000000000,225000.0000000000,0.0000000000,0.0000000000,0.0000000000,0.0000000000,,,
12.3559999801,96,221430.3906250000,216046.0625000000,225000.0000000000,221556.5312500000,0.0000000000,0.0000000000,0.0000000000,0.0000000000,,,
12.3599999801,96,202207.4218750000,214540.4062500000,224850.4375000000,171500.3593750000,0.0000000000,0.0000000000,0.0000000000,0.0000000000,,,
12.3639999800,96,212275.7656250000,215130.8125000000,225000.0000000000,195644.0468750000,0.0000000000,0.0000000000,0.0000000000,0.0000000000,,,
12.3679999800,96,225000.0000000000,216966.0937500000,225000.0000000000,225000.0000000000,0.0000000000,0.0000000000,0.0000000000,0.0000000000,,,
12.3719999800,96,225000.0000000000,217552.8281250000,225000.0000000000,225000.0000000000,0.0000000000,0.0000000000,0.0000000000,0.0000000000,,,
12.3759999801,96,221634.3906250000,216021.9531250000,225000.0000000000,221931.3125000000,0.0000000000,0.0000000000,0.0000000000,0.0000000000,,,
12.3799999801,96,202335.6562500000,214510.5312500000,224961.1718750000,171773.2968750000,0.0000000000,0.0000000000,0.0000000000,0.0000000000,,,
12.3839999801,96,212217.8593750000,215088.8593750000,225000.0000000000,195435.5937500000,0.0000000000,0.0000000000,0.0000000000,0.0000000000,,,
12.3879999800,96,225000.0000000000,216931.8437500000,225000.0000000000,225000.0000000000,0.0000000000,0.0000000000,0.0000000000,0.0000000000,,,
12.3919999800,96,225000.0000000000,217541.8593750000,225000.0000000000,225000.0000000000,0.0000000000,0.0000000000,0.0000000000,0.0000000000,,,
12.3959999799,96,221837.9687500000,216022.5625000000,225000.0000000000,222274.0781250000,0.0000000000,0.0000000000,0.0000000000,0.0000000000,,,
12.3999999801,96,202470.1406250000,214507.1250000000,225000.0000000000,172130.1093750000,0.0000000000,0.0000000000,0.0000000000,0.0000000000,,,
12.4039999801,96,212287.9218750000,215084.1718750000,225000.0000000000,195648.4531250000,0.0000000000,0.0000000000,0.0000000000,0.0000000000,,,
12.4079999800,96,225000.0000000000,216930.7656250000,225000.0000000000,225000.0000000000,0.0000000000,0.0000000000,0.0000000000,0.0000000000,,,
12.4119999800,96,225000.0000000000,217544.6406250000,225000.0000000000,225000.0000000000,0.0000000000,0.0000000000,0.0000000000,0.0000000000,,,
12.4159999799,97,221987.4531250000,216026.9687500000,225000.0000000000,222608.5781250000,0.0000000000,0.0000000000,0.0000000000,0.0000000000,,,
12.4199999799,97,202527.7812500000,214504.2812500000,225000.0000000000,172435.0625000000,0.0000000000,0.0000000000,0.0000000000,0.0000000000,,,
12.4239999799,97,212059.6875000000,215072.3125000000,225000.0000000000,195190.7656250000,0.0000000000,0.0000000000,0.0000000000,0.0000000000,,,
12.4279999798,97,225000.0000000000,216922.7187500000,225000.0000000000,225000.0000000000,0.0000000000,0.0000000000,0.0000000000,0.0000000000,,,
12.4319999798,97,225000.0000000000,217556.8437500000,225000.0000000000,225000.0000000000,0.0000000000,0.0000000000,0.0000000000,0.0000000000,,,
12.4359999797,97,222162.7968750000,216046.5781250000,225000.0000000000,222995.8281250000,0.0000000000,0.0000000000,0.0000000000,0.0000000000,,,
12.4399999799,97,202625.1250000000,214509.6406250000,225000.0000000000,172829.9375000000,0.0000000000,0.0000000000,0.0000000000,0.0000000000,,,
12.4439999799,97,211970.7500000000,215065.7500000000,225000.0000000000,195098.4375000000,0.0000000000,0.0000000000,0.0000000000,0.0000000000,,,
12.4479999798,97,225000.0000000000,216923.1250000000,225000.0000000000,225000.0000000000,0.0000000000,0.0000000000,0.0000000000,0.0000000000,,,
12.4519999798,97,225000.0000000000,217573.3125000000,225000.0000000000,225000.0000000000,0.0000000000,0.0000000000,0.0000000000,0.0000000000,,,
12.4559999797,97,222331.3906250000,216072.2500000000,225000.0000000000,223337.6718750000,0.0000000000,0.0000000000,0.0000000000,0.0000000000,,,
12.4599999799,97,202704.9687500000,214533.9218750000,225000.0000000000,173162.9843750000,0.0000000000,0.0000000000,0.0000000000,0.0000000000,,,
12.4639999799,97,211866.1093750000,215076.6406250000,225000.0000000000,194931.0156250000,0.0000000000,0.0000000000,0.0000000000,0.0000000000,,,
12.4679999799,97,225000.0000000000,216929.1562500000,225000.0000000000,225000.0000000000,0.0000000000,0.0000000000,0.0000000000,0.0000000000,,,
12.4719999798,97,225000.0000000000,217588.8437500000,225000.0000000000,225000.0000000000,0.0000000000,0.0000000000,0.0000000000,0.0000000000,,,
12.4759999798,97,222471.0625000000,216091.9843750000,225000.0000000000,223673.0156250000,0.0000000000,0.0000000000,0.0000000000,0.0000000000,,,
12.4799999797,97,202750.7343750000,214537.4531250000,225000.0000000000,173432.8906250000,0.0000000000,0.0000000000,0.0000000000,0.0000000000,,,
12.4839999799,97,211744.5000000000,215073.6093750000,225000.0000000000,194756.4531250000,0.0000000000,0.0000000000,0.0000000000,0.0000000000,,,
12.4879999799,97,225000.0000000000,216937.7187500000,225000.0000000000,225000.0000000000,0.0000000000,0.0000000000,0.0000000000,0.0000000000,,,
12.4919999798,97,225000.0000000000,217615.1875000000,225000.0000000000,225000.0000000000,0.0000000000,0.0000000000,0.0000000000,0.0000000000,,,
12.4959999798,97,222613.5312500000,216129.1562500000,225000.0000000000,223962.8281250000,0.0000000000,0.0000000000,0.0000000000,0.0000000000,,,
12.4999999797,97,202795.5468750000,214567.5781250000,225000.0000000000,173670.4843750000,0.0000000000,0.0000000000,0.0000000000,0.0000000000,,,
12.5039999799,97,211607.5937500000,215088.0625000000,225000.0000000000,194502.9062500000,0.0000000000,0.0000000000,0.0000000000,0.0000000000,,,
12.5079999799,97,225000.0000000000,216947.7500000000,225000.0000000000,225000.0000000000,0.0000000000,0.0000000000,0.0000000000,0.0000000000,,,
12.5119999798,97,225000.0000000000,217624.3906250000,225000.0000000000,225000.0000000000,0.0000000000,0.0000000000,0.0000000000,0.0000000000,,,
12.5159999798,97,222725.5781250000,216131.5937500000,225000.0000000000,224237.8750000000,0.0000000000,0.0000000000,0.0000000000,0.0000000000,,,
12.5199999798,97,202807.4375000000,214556.3906250000,225000.0000000000,173848.0156250000,0.0000000000,0.0000000000,0.0000000000,0.0000000000,,,
12.5239999797,97,211459.7031250000,215071.1562500000,225000.0000000000,194236.5937500000,0.0000000000,0.0000000000,0.0000000000,0.0000000000,,,
12.5279999799,97,225000.0000000000,216940.5312500000,225000.0000000000,225000.0000000000,0.0000000000,0.0000000000,0.0000000000,0.0000000000,,,
12.5319999799,97,225000.0000000000,217641.6875000000,225000.0000000000,225000.0000000000,0.0000000000,0.0000000000,0.0000000000,0.0000000000,,,
12.5359999798,97,222849.4062500000,216162.5000000000,225000.0000000000,224490.8437500000,0.0000000000,0.0000000000,0.0000000000,0.0000000000,,,
12.5399999798,97,202831.5156250000,214584.1562500000,225000.0000000000,173989.0156250000,0.0000000000,0.0000000000,0.0000000000,0.0000000000,,,
12.5439999797,98,211313.6093750000,215089.2343750000,225000.0000000000,193888.3125000000,0.0000000000,0.0000000000,0.0000000000,0.0000000000,,,
12.5479999797,98,225000.0000000000,216956.2968750000,225000.0000000000,225000.0000000000,0.0000000000,0.0000000000,0.0000000000,0.0000000000,,,
12.5519999797,98,225000.0000000000,217666.5468750000,225000.0000000000,225000.0000000000,0.0000000000,0.0000000000,0.0000000000,0.0000000000,,,
12.5559999796,98,222975.7343750000,216198.3281250000,225000.0000000000,224759.4375000000,0.0000000000,0.0000000000,0.0000000000,0.0000000000,,,
12.5599999796,98,202834.5468750000,214612.3750000000,225000.0000000000,174083.1406250000,0.0000000000,0.0000000000,0.0000000000,0.0000000000,,,
12.5639999795,98,211142.9375000000,215101.7187500000,225000.0000000000,193526.7968750000,0.0000000000,0.0000000000,0.0000000000,0.0000000000,,,
12.5679999797,98,225000.0000000000,216966.1406250000,225000.0000000000,225000.0000000000,0.0000000000,0.0000000000,0.0000000000,0.0000000000,,,
12.5719999797,98,225000.0000000000,217688.7500000000,225000.0000000000,225000.0000000000,0.0000000000,0.0000000000,0.0000000000,0.0000000000,,,
12.5759999796,98,223070.4843750000,216227.5937500000,225000.0000000000,224950.7656250000,0.0000000000,0.0000000000,0.0000000000,0.0000000000,,,
12.5799999796,98,202818.7812500000,214634.7187500000,225000.0000000000,174135.0937500000,0.0000000000,0.0000000000,0.0000000000,0.0000000000,,,
12.5839999795,98,210962.8437500000,215109.7031250000,225000.0000000000,193133.6718750000,0.0000000000,0.0000000000,0.0000000000,0.0000000000,,,
12.5879999797,98,225000.0000000000,216967.3437500000,225000.0000000000,225000.0000000000,0.0000000000,0.0000000000,0.0000000000,0.0000000000,,,
12.5919999797,98,225000.0000000000,217694.7187500000,225000.0000000000,225000.0000000000,0.0000000000,0.0000000000,0.0000000000,0.0000000000,,,
12.5959999796,98,223131.9531250000,216239.9687500000,225000.0000000000,225000.0000000000,0.0000000000,0.0000000000,0.0000000000,0.0000000000,,,
12.5999999796,98,202777.5000000000,214646.9687500000,225000.0000000000,174157.0625000000,0.0000000000,0.0000000000,0.0000000000,0.0000000000,,,
12.6039999796,98,210746.1562500000,215117.3437500000,225000.0000000000,192685.7968750000,0.0000000000,0.0000000000,0.0000000000,0.0000000000,,,
12.6079999795,98,225000.0000000000,216985.9375000000,225000.0000000000,225000.0000000000,0.0000000000,0.0000000000,0.0000000000,0.0000000000,,,
12.6119999797,98,225000.0000000000,217743.3750000000,225000.0000000000,225000.0000000000,0.0000000000,0.0000000000,0.0000000000,0.0000000000,,,
12.6159999797,98,223158.2656250000,216312.5937500000,225000.0000000000,225000.0000000000,0.0000000000,0.0000000000,0.0000000000,0.0000000000,,,
12.6199999796,98,202695.4687500000,214726.0625000000,225000.0000000000,174137.9843750000,0.0000000000,0.0000000000,0.0000000000,0.0000000000,,,
12.6239999796,98,210489.6875000000,215193.4375000000,225000.0000000000,192224.2968750000,0.0000000000,0.0000000000,0.0000000000,0.0000000000,,,
12.6279999795,98,225000.0000000000,217067.2968750000,225000.0000000000,225000.0000000000,0.0000000000,0.0000000000,0.0000000000,0.0000000000,,,
12.6319999797,98,225000.0000000000,217834.7187500000,225000.0000000000,225000.0000000000,0.0000000000,0.0000000000,0.0000000000,0.0000000000,,,
12.6359999797,98,223180.0781250000,216408.5156250000,225000.0000000000,225000.0000000000,0.0000000000,0.0000000000,0.0000000000,0.0000000000,,,
12.6399999796,98,202647.9687500000,214802.1562500000,225000.0000000000,174133.8125000000,0.0000000000,0.0000000000,0.0000000000,0.0000000000,,,
12.6439999796,98,210296.8281250000,215242.8750000000,225000.0000000000,191774.0625000000,0.0000000000,0.0000000000,0.0000000000,0.0000000000,,,
12.6479999796,98,225000.0000000000,217094.1093750000,225000.0000000000,225000.0000000000,0.0000000000,0.0000000000,0.0000000000,0.0000000000,,,
12.6519999795,98,225000.0000000000,217857.8750000000,225000.0000000000,225000.0000000000,0.0000000000,0.0000000000,0.0000000000,0.0000000000,,,
12.6559999797,98,223302.7343750000,216426.4843750000,225000.0000000000,225000.0000000000,0.0000000000,0.0000000000,0.0000000000,0.0000000000,,,
12.6599999797,98,202665.9218750000,214796.3437500000,225000.0000000000,174175.1093750000,0.0000000000,0.0000000000,0.0000000000,0.0000000000,,,
12.6639999796,98,210140.4062500000,215210.6093750000,225000.0000000000,191372.6875000000,0.0000000000,0.0000000000,0.0000000000,0.0000000000,,,
12.6679999796,98,225000.0000000000,217051.1406250000,225000.0000000000,225000.0000000000,0.0000000000,0.0000000000,0.0000000000,0.0000000000,,,
12.6719999795,99,225000.0000000000,217819.7812500000,225000.0000000000,225000.0000000000,0.0000000000,0.0000000000,0.0000000000,0.0000000000,,,
12.6759999795,99,223418.5156250000,216391.0468750000,225000.0000000000,225000.0000000000,0.0000000000,0.0000000000,0.0000000000,0.0000000000,,,
12.6799999794,99,202683.4062500000,214754.6875000000,225000.0000000000,174254.3750000000,0.0000000000,0.0000000000,0.0000000000,0.0000000000,,,
12.6839999794,99,209985.5000000000,215155.9218750000,225000.0000000000,190961.6718750000,0.0000000000,0.0000000000,0.0000000000,0.0000000000,,,
12.6879999794,99,225000.0000000000,217001.1406250000,225000.0000000000,225000.0000000000,0.0000000000,0.0000000000,0.0000000000,0.0000000000,,,
12.6919999793,99,225000.0000000000,217786.9843750000,225000.0000000000,225000.0000000000,0.0000000000,0.0000000000,0.0000000000,0.0000000000,,,
12.6959999795,99,223564.5625000000,216369.5937500000,225000.0000000000,225000.0000000000,0.0000000000,0.0000000000,0.0000000000,0.0000000000,,,
12.6999999795,99,202727.1250000000,214728.8125000000,225000.0000000000,174349.0625000000,0.0000000000,0.0000000000,0.0000000000,0.0000000000,,,
12.7039999794,99,209868.0781250000,215123.3281250000,225000.0000000000,190602.3906250000,0.0000000000,0.0000000000,0.0000000000,0.0000000000,,,
12.7079999794,99,225000.0000000000,216972.1250000000,225000.0000000000,225000.0000000000,0.0000000000,0.0000000000,0.0000000000,0.0000000000,,,
12.7119999793,99,225000.0000000000,217771.8750000000,225000.0000000000,225000.0000000000,0.0000000000,0.0000000000,0.0000000000,0.0000000000,,,
12.7159999795,99,223733.2968750000,216356.5000000000,225000.0000000000,225000.0000000000,0.0000000000,0.0000000000,0.0000000000,0.0000000000,,,
12.7199999795,99,202822.3437500000,214700.0781250000,225000.0000000000,174604.7031250000,0.0000000000,0.0000000000,0.0000000000,0.0000000000,,,
12.7239999794,99,209782.8906250000,215075.1093750000,225000.0000000000,190377.7031250000,0.0000000000,0.0000000000,0.0000000000,0.0000000000,,,
12.7279999794,99,225000.0000000000,216920.6562500000,225000.0000000000,225000.0000000000,0.0000000000,0.0000000000,0.0000000000,0.0000000000,,,
12.7319999794,99,225000.0000000000,217731.2656250000,225000.0000000000,225000.0000000000,0.0000000000,0.0000000000,0.0000000000,0.0000000000,,,
12.7359999793,99,223909.4687500000,216323.1093750000,225000.0000000000,225000.0000000000,0.0000000000,0.0000000000,0.0000000000,0.0000000000,,,
12.7399999795,99,202945.2968750000,214658.9375000000,225000.0000000000,174930.4843750000,0.0000000000,0.0000000000,0.0000000000,0.0000000000,,,
12.7439999795,99,209708.6406250000,215017.5781250000,225000.0000000000,190170.5468750000,0.0000000000,0.0000000000,0.0000000000,0.0000000000,,,
12.7479999794,99,225000.0000000000,216862.2812500000,225000.0000000000,225000.0000000000,0.0000000000,0.0000000000,0.0000000000,0.0000000000,,,
12.7519999794,99,225000.0000000000,217690.0781250000,225000.0000000000,225000.0000000000,0.0000000000,0.0000000000,0.0000000000,0.0000000000,,,
12.7559999793,99,224087.1718750000,216297.8125000000,225000.0000000000,225000.0000000000,0.0000000000,0.0000000000,0.0000000000,0.0000000000,,,
12.7599999795,99,203041.2656250000,214632.4531250000,225000.0000000000,175179.3593750000,0.0000000000,0.0000000000,0.0000000000,0.0000000000,,,
12.7639999795,99,209629.6250000000,214987.7500000000,225000.0000000000,189938.4531250000,0.0000000000,0.0000000000,0.0000000000,0.0000000000,,,
12.7679999794,99,225000.0000000000,216838.5000000000,225000.0000000000,225000.0000000000,0.0000000000,0.0000000000,0.0000000000,0.0000000000,,,
12.7719999794,99,225000.0000000000,217679.3750000000,225000.0000000000,225000.0000000000,0.0000000000,0.0000000000,0.0000000000,0.0000000000,,,
12.7759999793,99,224253.7031250000,216298.5625000000,225000.0000000000,225000.0000000000,0.0000000000,0.0000000000,0.0000000000,0.0000000000,,,
12.7799999793,99,203124.8906250000,214625.8125000000,225000.0000000000,175405.5781250000,0.0000000000,0.0000000000,0.0000000000,0.0000000000,,,
12.7839999795,99,209533.9062500000,214971.1406250000,225000.0000000000,189670.2343750000,0.0000000000,0.0000000000,0.0000000000,0.0000000000,,,
12.7879999795,99,225000.0000000000,216820.1562500000,225000.0000000000,225000.0000000000,0.0000000000,0.0000000000,0.0000000000,0.0000000000,,,
12.7919999794,99,225000.0000000000,217672.1250000000,225000.0000000000,225000.0000000000,0.0000000000,0.0000000000,0.0000000000,0.0000000000,,,
12.7959999794,99,224408.0625000000,216291.9375000000,225000.0000000000,225000.0000000000,0.0000000000,0.0000000000,0.0000000000,0.0000000000,,,
12.7999999793,100,203212.7343750000,214607.0312500000,225000.0000000000,175619.9687500000,0.0000000000,0.0000000000,0.0000000000,0.0000000000,,,
12.8039999793,100,209439.4375000000,214934.1250000000,225000.0000000000,189392.9843750000,0.0000000000,0.0000000000,0.0000000000,0.0000000000,,,
12.8079999792,100,225000.0000000000,216781.5468750000,225000.0000000000,225000.0000000000,0.0000000000,0.0000000000,0.0000000000,0.0000000000,,,
12.8119999792,100,225000.0000000000,217649.7343750000,225000.0000000000,225000.0000000000,0.0000000000,0.0000000000,0.0000000000,0.0000000000,,,
12.8159999792,100,224576.5156250000,216285.6093750000,225000.0000000000,225000.0000000000,0.0000000000,0.0000000000,0.0000000000,0.0000000000,,,
12.8199999791,100,203301.0625000000,214595.3437500000,225000.0000000000,175852.7343750000,0.0000000000,0.0000000000,0.0000000000,0.0000000000,,,
12.8239999793,100,209347.1093750000,214914.4218750000,225000.0000000000,189120.5937500000,0.0000000000,0.0000000000,0.0000000000,0.0000000000,,,
12.8279999793,100,225000.0000000000,216766.7968750000,225000.0000000000,225000.0000000000,0.0000000000,0.0000000000,0.0000000000,0.0000000000,,,
12.8319999792,100,225000.0000000000,217647.8281250000,225000.0000000000,225000.0000000000,0.0000000000,0.0000000000,0.0000000000,0.0000000000,,,
12.8359999792,100,224742.9687500000,216288.5156250000,225000.0000000000,225000.0000000000,0.0000000000,0.0000000000,0.0000000000,0.0000000000,,,
12.8399999791,100,203379.4687500000,214587.3125000000,225000.0000000000,176088.6875000000,0.0000000000,0.0000000000,0.0000000000,0.0000000000,,,
12.8439999793,100,209253.7968750000,214889.6093750000,225000.0000000000,188889.1562500000,0.0000000000,0.0000000000,0.0000000000,0.0000000000,,,
12.8479999793,100,225000.0000000000,216739.9218750000,225000.0000000000,225000.0000000000,0.0000000000,0.0000000000,0.0000000000,0.0000000000,,,
12.8519999792,100,225000.0000000000,217632.9375000000,225000.0000000000,225000.0000000000,0.0000000000,0.0000000000,0.0000000000,0.0000000000,,,
12.8559999792,100,224911.5937500000,216287.3593750000,225000.0000000000,225000.0000000000,0.0000000000,0.0000000000,0.0000000000,0.0000000000,,,
12.8599999791,100,203464.0312500000,214582.9218750000,225000.0000000000,176355.3750000000,0.0000000000,0.0000000000,0.0000000000,0.0000000000,,,
12.8639999791,100,209164.0781250000,214875.1718750000,225000.0000000000,188648.3437500000,0.0000000000,0.0000000000,0.0000000000,0.0000000000,,,
12.8679999793,100,225000.0000000000,216724.6875000000,225000.0000000000,225000.0000000000,0.0000000000,0.0000000000,0.0000000000,0.0000000000,,,
12.8719999793,100,225000.0000000000,217625.1562500000,225000.0000000000,225000.0000000000,0.0000000000,0.0000000000,0.0000000000,0.0000000000,,,
12.8759999792,100,225000.0000000000,216280.9218750000,225000.0000000000,225000.0000000000,0.0000000000,0.0000000000,0.0000000000,0.0000000000,,,
12.8799999792,100,203557.1406250000,214565.7031250000,225000.0000000000,176693.7343750000,0.0000000000,0.0000000000,0.0000000000,0.0000000000,,,
12.8839999791,100,209083.4531250000,214842.0000000000,225000.0000000000,188528.0781250000,0.0000000000,0.0000000000,0.0000000000,0.0000000000,,,
12.8879999793,100,225000.0000000000,216689.6406250000,225000.0000000000,225000.0000000000,0.0000000000,0.0000000000,0.0000000000,0.0000000000,,,
12.8919999793,100,225000.0000000000,217604.3437500000,225000.0000000000,225000.0000000000,0.0000000000,0.0000000000,0.0000000000,0.0000000000,,,
12.8959999792,100,225000.0000000000,216274.4062500000,225000.0000000000,225000.0000000000,0.0000000000,0.0000000000,0.0000000000,0.0000000000,,,
12.8999999792,100,203644.2187500000,214555.2343750000,225000.0000000000,177052.6718750000,0.0000000000,0.0000000000,0.0000000000,0.0000000000,,,
12.9039999791,100,208984.9062500000,214827.5312500000,225000.0000000000,188345.7656250000,0.0000000000,0.0000000000,0.0000000000,0.0000000000,,,
12.9079999791,100,225000.0000000000,216691.1562500000,225000.0000000000,225000.0000000000,0.0000000000,0.0000000000,0.0000000000,0.0000000000,,,
12.9119999793,100,225000.0000000000,217634.7656250000,225000.0000000000,225000.0000000000,0.0000000000,0.0000000000,0.0000000000,0.0000000000,,,
12.9159999792,100,225000.0000000000,216318.0156250000,225000.0000000000,225000.0000000000,0.0000000000,0.0000000000,0.0000000000,0.0000000000,,,
12.9199999792,100,203718.8750000000,214593.5468750000,225000.0000000000,177318.4687500000,0.0000000000,0.0000000000,0.0000000000,0.0000000000,,,
12.9239999792,100,208891.1718750000,214854.1406250000,225000.0000000000,188129.6093750000,0.0000000000,0.0000000000,0.0000000000,0.0000000000,,,
12.9279999791,101,225000.0000000000,216709.2968750000,225000.0000000000,225000.0000000000,0.0000000000,0.0000000000,0.0000000000,0.0000000000,,,
12.9319999791,101,225000.0000000000,217655.2812500000,225000.0000000000,225000.0000000000,0.0000000000,0.0000000000,0.0000000000,0.0000000000,,,
12.9359999790,101,225000.0000000000,216344.0781250000,225000.0000000000,225000.0000000000,0.0000000000,0.0000000000,0.0000000000,0.0000000000,,,
12.9399999790,101,203779.8593750000,214607.5625000000,225000.0000000000,177576.6406250000,0.0000000000,0.0000000000,0.0000000000,0.0000000000,,,
12.9439999789,101,208784.1718750000,214854.9843750000,225000.0000000000,187913.0156250000,0.0000000000,0.0000000000,0.0000000000,0.0000000000,,,
12.9479999789,101,225000.0000000000,216704.5937500000,225000.0000000000,225000.0000000000,0.0000000000,0.0000000000,0.0000000000,0.0000000000,,,
12.9519999791,101,225000.0000000000,217661.0468750000,225000.0000000000,225000.0000000000,0.0000000000,0.0000000000,0.0000000000,0.0000000000,,,
12.9559999791,101,225000.0000000000,216361.6250000000,225000.0000000000,225000.0000000000,0.0000000000,0.0000000000,0.0000000000,0.0000000000,,,
12.9599999790,101,203868.1406250000,214622.6093750000,225000.0000000000,177846.6875000000,0.0000000000,0.0000000000,0.0000000000,0.0000000000,,,
12.9639999790,101,208692.5468750000,214854.6562500000,225000.0000000000,187698.9687500000,0.0000000000,0.0000000000,0.0000000000,0.0000000000,,,
12.9679999789,101,225000.0000000000,216710.0156250000,225000.0000000000,225000.0000000000,0.0000000000,0.0000000000,0.0000000000,0.0000000000,,,
12.9719999791,101,225000.0000000000,217684.9218750000,225000.0000000000,225000.0000000000,0.0000000000,0.0000000000,0.0000000000,0.0000000000,,,
12.9759999791,101,225000.0000000000,216393.8437500000,225000.0000000000,225000.0000000000,0.0000000000,0.0000000000,0.0000000000,0.0000000000,,,
12.9799999790,101,203964.1093750000,214645.8125000000,225000.0000000000,178133.4375000000,0.0000000000,0.0000000000,0.0000000000,0.0000000000,,,
12.9839999790,101,208612.4843750000,214867.7968750000,225000.0000000000,187489.5468750000,0.0000000000,0.0000000000,0.0000000000,0.0000000000,,,
12.9879999789,101,225000.0000000000,216720.9843750000,225000.0000000000,225000.0000000000,0.0000000000,0.0000000000,0.0000000000,0.0000000000,,,
12.9919999789,101,225000.0000000000,217705.9843750000,225000.0000000000,225000.0000000000,0.0000000000,0.0000000000,0.0000000000,0.0000000000,,,
12.9959999791,101,225000.0000000000,216420.2656250000,225000.0000000000,225000.0000000000,0.0000000000,0.0000000000,0.0000000000,0.0000000000,,,
12.9999999790,101,204052.1875000000,214663.3593750000,225000.0000000000,178397.3750000000,0.0000000000,0.0000000000,0.0000000000,0.0000000000,,,
13.0039999790,101,208528.8750000000,214873.4843750000,225000.0000000000,187278.9375000000,0.0000000000,0.0000000000,0.0000000000,0.0000000000,,,
13.0079999790,101,225000.0000000000,216723.9062500000,225000.0000000000,225000.0000000000,0.0000000000,0.0000000000,0.0000000000,0.0000000000,,,
13.0119999789,101,225000.0000000000,217714.6406250000,225000.0000000000,225000.0000000000,0.0000000000,0.0000000000,0.0000000000,0.0000000000,,,
13.0159999791,101,225000.0000000000,216441.5781250000,225000.0000000000,225000.0000000000,0.0000000000,0.0000000000,0.0000000000,0.0000000000,,,
13.0199999791,101,204128.1718750000,214681.1718750000,225000.0000000000,178629.3593750000,0.0000000000,0.0000000000,0.0000000000,0.0000000000,,,
13.0239999790,101,208427.4062500000,214872.7343750000,225000.0000000000,187043.4375000000,0.0000000000,0.0000000000,0.0000000000,0.0000000000,,,
13.0279999790,101,225000.0000000000,216718.6093750000,225000.0000000000,225000.0000000000,0.0000000000,0.0000000000,0.0000000000,0.0000000000,,,
13.0319999789,101,225000.0000000000,217727.2812500000,225000.0000000000,225000.0000000000,0.0000000000,0.0000000000,0.0000000000,0.0000000000,,,
13.0359999789,101,225000.0000000000,216466.9843750000,225000.0000000000,225000.0000000000,0.0000000000,0.0000000000,0.0000000000,0.0000000000,,,
13.0399999791,101,204189.7343750000,214702.0156250000,225000.0000000000,178848.5468750000,0.0000000000,0.0000000000,0.0000000000,0.0000000000,,,
13.0439999790,101,208312.4218750000,214886.1718750000,225000.0000000000,186781.7656250000,0.0000000000,0.0000000000,0.0000000000,0.0000000000,,,
13.0479999790,101,225000.0000000000,216732.9218750000,225000.0000000000,225000.0000000000,0.0000000000,0.0000000000,0.0000000000,0.0000000000,,,
13.0519999790,101,225000.0000000000,217754.4687500000,225000.0000000000,225000.0000000000,0.0000000000,0.0000000000,0.0000000000,0.0000000000,,,
13.0559999789,102,225000.0000000000,216507.2187500000,225000.0000000000,225000.0000000000,0.0000000000,0.0000000000,0.0000000000,0.0000000000,,,
13.0599999789,102,204242.1718750000,214740.0468750000,225000.0000000000,179053.8125000000,0.0000000000,0.0000000000,0.0000000000,0.0000000000,,,
13.0639999788,102,208196.5000000000,214907.5000000000,225000.0000000000,186504.7500000000,0.0000000000,0.0000000000,0.0000000000,0.0000000000,,,
13.0679999788,102,225000.0000000000,216744.8125000000,225000.0000000000,225000.0000000000,0.0000000000,0.0000000000,0.0000000000,0.0000000000,,,
13.0719999787,102,225000.0000000000,217767.2187500000,225000.0000000000,225000.0000000000,0.0000000000,0.0000000000,0.0000000000,0.0000000000,,,
13.0759999787,102,225000.0000000000,216516.8125000000,225000.0000000000,225000.0000000000,0.0000000000,0.0000000000,0.0000000000,0.0000000000,,,
13.0799999789,102,204312.2812500000,214735.8125000000,225000.0000000000,179249.9375000000,0.0000000000,0.0000000000,0.0000000000,0.0000000000,,,
13.0839999788,102,208076.7187500000,214883.2812500000,225000.0000000000,186178.4375000000,0.0000000000,0.0000000000,0.0000000000,0.0000000000,,,
13.0879999788,102,225000.0000000000,216712.5468750000,225000.0000000000,225000.0000000000,0.0000000000,0.0000000000,0.0000000000,0.0000000000,,,
13.0919999788,102,225000.0000000000,217749.7500000000,225000.0000000000,225000.0000000000,0.0000000000,0.0000000000,0.0000000000,0.0000000000,,,
13.0959999787,102,225000.0000000000,216516.8125000000,225000.0000000000,225000.0000000000,0.0000000000,0.0000000000,0.0000000000,0.0000000000,,,
13.0999999789,102,204370.0625000000,214733.8281250000,225000.0000000000,179401.4843750000,0.0000000000,0.0000000000,0.0000000000,0.0000000000,,,
13.1039999789,102,207969.5625000000,214870.8750000000,225000.0000000000,185872.4375000000,0.0000000000,0.0000000000,0.0000000000,0.0000000000,,,
13.1079999788,102,225000.0000000000,216696.3906250000,225000.0000000000,225000.0000000000,0.0000000000,0.0000000000,0.0000000000,0.0000000000,,,
13.1119999788,102,225000.0000000000,217740.9843750000,225000.0000000000,225000.0000000000,0.0000000000,0.0000000000,0.0000000000,0.0000000000,,,
13.1159999787,102,225000.0000000000,216518.2187500000,225000.0000000000,225000.0000000000,0.0000000000,0.0000000000,0.0000000000,0.0000000000,,,
13.1199999787,102,204432.8437500000,214728.6718750000,225000.0000000000,179601.3593750000,0.0000000000,0.0000000000,0.0000000000,0.0000000000,,,
13.1239999789,102,207855.6093750000,214850.8125000000,225000.0000000000,185585.3906250000,0.0000000000,0.0000000000,0.0000000000,0.0000000000,,,
13.1279999788,102,225000.0000000000,216672.6562500000,225000.0000000000,225000.0000000000,0.0000000000,0.0000000000,0.0000000000,0.0000000000,,,
13.1319999788,102,225000.0000000000,217731.8125000000,225000.0000000000,225000.0000000000,0.0000000000,0.0000000000,0.0000000000,0.0000000000,,,
13.1359999788,102,225000.0000000000,216516.2343750000,225000.0000000000,225000.0000000000,0.0000000000,0.0000000000,0.0000000000,0.0000000000,,,
13.1399999787,102,204438.1562500000,214715.8281250000,225000.0000000000,179656.3437500000,0.0000000000,0.0000000000,0.0000000000,0.0000000000,,,
13.1439999789,102,207654.3437500000,214819.1406250000,225000.0000000000,185073.9531250000,0.0000000000,0.0000000000,0.0000000000,0.0000000000,,,
13.1479999789,102,225000.0000000000,216635.2187500000,225000.0000000000,225000.0000000000,0.0000000000,0.0000000000,0.0000000000,0.0000000000,,,
13.1519999788,102,225000.0000000000,217690.4687500000,225000.0000000000,225000.0000000000,0.0000000000,0.0000000000,0.0000000000,0.0000000000,,,
13.1559999788,102,225000.0000000000,216468.1875000000,225000.0000000000,225000.0000000000,0.0000000000,0.0000000000,0.0000000000,0.0000000000,,,
13.1599999787,102,204180.0000000000,214650.1875000000,225000.0000000000,179045.4218750000,0.0000000000,0.0000000000,0.0000000000,0.0000000000,,,
13.1639999787,102,207130.8593750000,214722.1250000000,225000.0000000000,183795.1718750000,0.0000000000,0.0000000000,0.0000000000,0.0000000000,,,
13.1679999789,102,225000.0000000000,216505.8281250000,225000.0000000000,225000.0000000000,0.0000000000,0.0000000000,0.0000000000,0.0000000000,,,
13.1719999788,102,225000.0000000000,217544.0468750000,225000.0000000000,225000.0000000000,0.0000000000,0.0000000000,0.0000000000,0.0000000000,,,
13.1759999788,102,225000.0000000000,216314.0468750000,225000.0000000000,225000.0000000000,0.0000000000,0.0000000000,0.0000000000,0.0000000000,,,
13.1799999787,102,203390.0625000000,214475.0625000000,225000.0000000000,177080.9375000000,0.0000000000,0.0000000000,0.0000000000,0.0000000000,,,
13.1839999787,103,206074.5156250000,214514.9843750000,225000.0000000000,181132.5468750000,0.0000000000,0.0000000000,0.0000000000,0.0000000000,,,
13.1879999787,103,225000.0000000000,216274.3437500000,225000.0000000000,225000.0000000000,0.0000000000,0.0000000000,0.0000000000,0.0000000000,,,
13.1919999786,103,225000.0000000000,217307.5937500000,225000.0000000000,225000.0000000000,0.0000000000,0.0000000000,0.0000000000,0.0000000000,,,
13.1959999786,103,225000.0000000000,216087.8593750000,225000.0000000000,225000.0000000000,0.0000000000,0.0000000000,0.0000000000,0.0000000000,,,
13.1999999785,103,202390.1562500000,214264.1406250000,225000.0000000000,174424.3750000000,0.0000000000,0.0000000000,0.0000000000,0.0000000000,,,
13.2039999785,103,205005.0468750000,214310.7812500000,225000.0000000000,178221.7031250000,0.0000000000,0.0000000000,0.0000000000,0.0000000000,,,
13.2079999787,103,225000.0000000000,216068.0312500000,225000.0000000000,225000.0000000000,0.0000000000,0.0000000000,0.0000000000,0.0000000000,,,
13.2119999786,103,225000.0000000000,217123.3750000000,225000.0000000000,225000.0000000000,0.0000000000,0.0000000000,0.0000000000,0.0000000000,,,
13.2159999786,103,224710.4531250000,215938.6093750000,225000.0000000000,225000.0000000000,0.0000000000,0.0000000000,0.0000000000,0.0000000000,,,
13.2199999786,103,201754.4687500000,214129.8750000000,224538.3437500000,172463.5468750000,0.0000000000,0.0000000000,0.0000000000,0.0000000000,,,
13.2239999785,103,204212.0000000000,214163.1875000000,225000.0000000000,175778.0781250000,0.0000000000,0.0000000000,0.0000000000,0.0000000000,,,
13.2279999787,103,225000.0000000000,215901.3906250000,225000.0000000000,225000.0000000000,0.0000000000,0.0000000000,0.0000000000,0.0000000000,,,
13.2319999787,103,225000.0000000000,216949.8593750000,225000.0000000000,225000.0000000000,0.0000000000,0.0000000000,0.0000000000,0.0000000000,,,
13.2359999786,103,224181.1562500000,215776.6718750000,225000.0000000000,225000.0000000000,0.0000000000,0.0000000000,0.0000000000,0.0000000000,,,
13.2399999786,103,201047.5781250000,213963.1718750000,223850.8125000000,170143.6250000000,0.0000000000,0.0000000000,0.0000000000,0.0000000000,,,
13.2439999785,103,203282.3437500000,213969.7968750000,225000.0000000000,172843.4218750000,0.0000000000,0.0000000000,0.0000000000,0.0000000000,,,
13.2479999785,103,225000.0000000000,215685.2500000000,225000.0000000000,225000.0000000000,0.0000000000,0.0000000000,0.0000000000,0.0000000000,,,
13.2519999787,103,225000.0000000000,216728.9843750000,225000.0000000000,225000.0000000000,0.0000000000,0.0000000000,0.0000000000,0.0000000000,,,
13.2559999786,103,223497.1562500000,215575.2343750000,225000.0000000000,225000.0000000000,0.0000000000,0.0000000000,0.0000000000,0.0000000000,,,
13.2599999786,103,200286.9062500000,213781.7187500000,223131.0937500000,167662.1250000000,0.0000000000,0.0000000000,0.0000000000,0.0000000000,,,
13.2639999785,103,202378.9687500000,213779.2812500000,225000.0000000000,169953.6718750000,0.0000000000,0.0000000000,0.0000000000,0.0000000000,,,
13.2679999785,103,225000.0000000000,215483.5468750000,225000.0000000000,225000.0000000000,0.0000000000,0.0000000000,0.0000000000,0.0000000000,,,
13.2719999787,103,225000.0000000000,216547.0156250000,225000.0000000000,225000.0000000000,0.0000000000,0.0000000000,0.0000000000,0.0000000000,,,
13.2759999787,103,223087.5156250000,215438.8125000000,225000.0000000000,225000.0000000000,0.0000000000,0.0000000000,0.0000000000,0.0000000000,,,
13.2799999786,103,199883.9843750000,213685.7968750000,222754.7031250000,166071.1406250000,0.0000000000,0.0000000000,0.0000000000,0.0000000000,,,
13.2839999786,103,201949.8281250000,213701.7343750000,225000.0000000000,168215.8906250000,0.0000000000,0.0000000000,0.0000000000,0.0000000000,,,
13.2879999785,103,225000.0000000000,215408.7187500000,225000.0000000000,225000.0000000000,0.0000000000,0.0000000000,0.0000000000,0.0000000000,,,
13.2919999785,103,225000.0000000000,216497.4062500000,225000.0000000000,225000.0000000000,0.0000000000,0.0000000000,0.0000000000,0.0000000000,,,
13.2959999787,103,223275.9375000000,215427.4375000000,225000.0000000000,225000.0000000000,0.0000000000,0.0000000000,0.0000000000,0.0000000000,,,
13.2999999786,103,200131.3906250000,213701.9687500000,223056.9843750000,166092.8593750000,0.0000000000,0.0000000000,0.0000000000,0.0000000000,,,
13.3039999786,103,202130.9531250000,213726.0312500000,225000.0000000000,168033.4375000000,0.0000000000,0.0000000000,0.0000000000,0.0000000000,,,
13.3079999785,103,225000.0000000000,215437.0468750000,225000.0000000000,225000.0000000000,0.0000000000,0.0000000000,0.0000000000,0.0000000000,,,
13.3119999785,104,225000.0000000000,216540.0781250000,225000.0000000000,225000.0000000000,0.0000000000,0.0000000000,0.0000000000,0.0000000000,,,
13.3159999785,104,223822.0312500000,215519.0937500000,225000.0000000000,225000.0000000000,0.0000000000,0.0000000000,0.0000000000,0.0000000000,,,
13.3199999784,104,200825.8125000000,213837.0468750000,223820.1562500000,167274.1093750000,0.0000000000,0.0000000000,0.0000000000,0.0000000000,,,
13.3239999784,104,202773.7968750000,213878.5156250000,225000.0000000000,169043.1093750000,0.0000000000,0.0000000000,0.0000000000,0.0000000000,,,
13.3279999783,104,225000.0000000000,215595.0781250000,225000.0000000000,225000.0000000000,0.0000000000,0.0000000000,0.0000000000,0.0000000000,,,
13.3319999783,104,225000.0000000000,216720.3750000000,225000.0000000000,225000.0000000000,0.0000000000,0.0000000000,0.0000000000,0.0000000000,,,
13.3359999785,104,224828.0000000000,215721.2812500000,225000.0000000000,225000.0000000000,0.0000000000,0.0000000000,0.0000000000,0.0000000000,,,
13.3399999784,104,201869.1718750000,214043.3593750000,224946.0156250000,169605.2968750000,0.0000000000,0.0000000000,0.0000000000,0.0000000000,,,
13.3439999784,104,203641.3593750000,214070.5625000000,225000.0000000000,170930.2031250000,0.0000000000,0.0000000000,0.0000000000,0.0000000000,,,
13.3479999783,104,225000.0000000000,215772.4843750000,225000.0000000000,225000.0000000000,0.0000000000,0.0000000000,0.0000000000,0.0000000000,,,
13.3519999783,104,225000.0000000000,216907.8125000000,225000.0000000000,225000.0000000000,0.0000000000,0.0000000000,0.0000000000,0.0000000000,,,
13.3559999785,104,225000.0000000000,215933.0625000000,225000.0000000000,225000.0000000000,0.0000000000,0.0000000000,0.0000000000,0.0000000000,,,
13.3599999784,104,202891.1093750000,214256.5781250000,225000.0000000000,172186.2812500000,0.0000000000,0.0000000000,0.0000000000,0.0000000000,,,
13.3639999784,104,204445.6093750000,214269.3750000000,225000.0000000000,172940.5000000000,0.0000000000,0.0000000000,0.0000000000,0.0000000000,,,
13.3679999784,104,225000.0000000000,215952.9375000000,225000.0000000000,225000.0000000000,0.0000000000,0.0000000000,0.0000000000,0.0000000000,,,
13.3719999783,104,225000.0000000000,217083.0000000000,225000.0000000000,225000.0000000000,0.0000000000,0.0000000000,0.0000000000,0.0000000000,,,
13.3759999783,104,225000.0000000000,216115.1875000000,225000.0000000000,225000.0000000000,0.0000000000,0.0000000000,0.0000000000,0.0000000000,,,
13.3799999785,104,203721.7656250000,214441.1406250000,225000.0000000000,174407.1562500000,0.0000000000,0.0000000000,0.0000000000,0.0000000000,,,
13.3839999784,104,205102.9531250000,214434.2968750000,225000.0000000000,174677.3906250000,0.0000000000,0.0000000000,0.0000000000,0.0000000000,,,
13.3879999784,104,225000.0000000000,216102.0156250000,225000.0000000000,225000.0000000000,0.0000000000,0.0000000000,0.0000000000,0.0000000000,,,
13.3919999783,104,225000.0000000000,217233.0468750000,225000.0000000000,225000.0000000000,0.0000000000,0.0000000000,0.0000000000,0.0000000000,,,
13.3959999783,104,225000.0000000000,216265.7656250000,225000.0000000000,225000.0000000000,0.0000000000,0.0000000000,0.0000000000,0.0000000000,,,
13.3999999785,104,204505.7187500000,214588.5312500000,225000.0000000000,176545.9218750000,0.0000000000,0.0000000000,0.0000000000,0.0000000000,,,
13.4039999784,104,205716.3750000000,214576.5156250000,225000.0000000000,176365.6406250000,0.0000000000,0.0000000000,0.0000000000,0.0000000000,,,
13.4079999784,104,225000.0000000000,216244.3593750000,225000.0000000000,225000.0000000000,0.0000000000,0.0000000000,0.0000000000,0.0000000000,,,
13.4119999784,104,225000.0000000000,217381.4843750000,225000.0000000000,225000.0000000000,0.0000000000,0.0000000000,0.0000000000,0.0000000000,,,
13.4159999783,104,225000.0000000000,216428.9218750000,225000.0000000000,225000.0000000000,0.0000000000,0.0000000000,0.0000000000,0.0000000000,,,
13.4199999783,104,205197.5468750000,214747.6406250000,225000.0000000000,178508.8906250000,0.0000000000,0.0000000000,0.0000000000,0.0000000000,,,
13.4239999785,104,206224.4375000000,214720.0000000000,225000.0000000000,177831.2656250000,0.0000000000,0.0000000000,0.0000000000,0.0000000000,,,
13.4279999784,104,225000.0000000000,216376.1406250000,225000.0000000000,225000.0000000000,0.0000000000,0.0000000000,0.0000000000,0.0000000000,,,
13.4319999784,104,225000.0000000000,217511.6250000000,225000.0000000000,225000.0000000000,0.0000000000,0.0000000000,0.0000000000,0.0000000000,,,
13.4359999783,104,225000.0000000000,216557.5937500000,225000.0000000000,225000.0000000000,0.0000000000,0.0000000000,0.0000000000,0.0000000000,,,
13.4399999783,105,205844.4375000000,214860.2343750000,225000.0000000000,180353.7500000000,0.0000000000,0.0000000000,0.0000000000,0.0000000000,,,
13.4439999782,105,206700.4375000000,214805.4375000000,225000.0000000000,179216.0625000000,0.0000000000,0.0000000000,0.0000000000,0.0000000000,,,
13.4479999782,105,225000.0000000000,216449.7656250000,225000.0000000000,225000.0000000000,0.0000000000,0.0000000000,0.0000000000,0.0000000000,,,
13.4519999782,105,225000.0000000000,217592.5781250000,225000.0000000000,225000.0000000000,0.0000000000,0.0000000000,0.0000000000,0.0000000000,,,
13.4559999781,105,225000.0000000000,216645.5937500000,225000.0000000000,225000.0000000000,0.0000000000,0.0000000000,0.0000000000,0.0000000000,,,
13.4599999781,105,206420.1718750000,214940.0625000000,225000.0000000000,182019.1875000000,0.0000000000,0.0000000000,0.0000000000,0.0000000000,,,
13.4639999783,105,207094.6718750000,214871.5000000000,225000.0000000000,180382.7187500000,0.0000000000,0.0000000000,0.0000000000,0.0000000000,,,
13.4679999782,105,225000.0000000000,216509.6875000000,225000.0000000000,225000.0000000000,0.0000000000,0.0000000000,0.0000000000,0.0000000000,,,
13.4719999782,105,225000.0000000000,217655.3437500000,225000.0000000000,225000.0000000000,0.0000000000,0.0000000000,0.0000000000,0.0000000000,,,
13.4759999781,105,225000.0000000000,216710.9531250000,225000.0000000000,225000.0000000000,0.0000000000,0.0000000000,0.0000000000,0.0000000000,,,
13.4799999781,105,206942.3593750000,214998.6406250000,225000.0000000000,183479.7187500000,0.0000000000,0.0000000000,0.0000000000,0.0000000000,,,
13.4839999783,105,207462.0000000000,214922.1875000000,225000.0000000000,181399.1562500000,0.0000000000,0.0000000000,0.0000000000,0.0000000000,,,
13.4879999782,105,225000.0000000000,216567.5937500000,225000.0000000000,225000.0000000000,0.0000000000,0.0000000000,0.0000000000,0.0000000000,,,
13.4919999782,105,225000.0000000000,217736.6875000000,225000.0000000000,225000.0000000000,0.0000000000,0.0000000000,0.0000000000,0.0000000000,,,
13.4959999782,105,225000.0000000000,216816.3750000000,225000.0000000000,225000.0000000000,0.0000000000,0.0000000000,0.0000000000,0.0000000000,,,
13.4999999781,105,207497.0937500000,215112.0937500000,225000.0000000000,185074.0312500000,0.0000000000,0.0000000000,0.0000000000,0.0000000000,,,
13.5039999781,105,207885.6562500000,215036.0468750000,225000.0000000000,182638.4218750000,0.0000000000,0.0000000000,0.0000000000,0.0000000000,,,
13.5079999783,105,225000.0000000000,216692.5625000000,225000.0000000000,225000.0000000000,0.0000000000,0.0000000000,0.0000000000,0.0000000000,,,
13.5119999782,105,225000.0000000000,217880.1093750000,225000.0000000000,225000.0000000000,0.0000000000,0.0000000000,0.0000000000,0.0000000000,,,
13.5159999782,105,225000.0000000000,216972.2031250000,225000.0000000000,225000.0000000000,0.0000000000,0.0000000000,0.0000000000,0.0000000000,,,
13.5199999781,105,208271.4687500000,215267.6406250000,225000.0000000000,187316.7656250000,0.0000000000,0.0000000000,0.0000000000,0.0000000000,,,
13.5239999781,105,208568.7656250000,215193.6562500000,225000.0000000000,184651.9843750000,0.0000000000,0.0000000000,0.0000000000,0.0000000000,,,
13.5279999783,105,225000.0000000000,216872.3437500000,225000.0000000000,225000.0000000000,0.0000000000,0.0000000000,0.0000000000,0.0000000000,,,
13.5319999782,105,225000.0000000000,218101.5000000000,225000.0000000000,225000.0000000000,0.0000000000,0.0000000000,0.0000000000,0.0000000000,,,
13.5359999782,105,225000.0000000000,217228.3281250000,225000.0000000000,225000.0000000000,0.0000000000,0.0000000000,0.0000000000,0.0000000000,,,
13.5399999782,105,209556.6718750000,215544.0625000000,225000.0000000000,191202.6406250000,0.0000000000,0.0000000000,0.0000000000,0.0000000000,,,
13.5439999781,105,209884.5468750000,215504.2656250000,225000.0000000000,188651.0000000000,0.0000000000,0.0000000000,0.0000000000,0.0000000000,,,
13.5479999781,105,225000.0000000000,217264.4531250000,225000.0000000000,225000.0000000000,0.0000000000,0.0000000000,0.0000000000,0.0000000000,,,
13.5519999783,105,225000.0000000000,218595.5781250000,225000.0000000000,225000.0000000000,0.0000000000,0.0000000000,0.0000000000,0.0000000000,,,
13.5559999782,105,225000.0000000000,217816.8906250000,225000.0000000000,225000.0000000000,0.0000000000,0.0000000000,0.0000000000,0.0000000000,,,
13.5599999782,105,212439.4843750000,216212.6093750000,225000.0000000000,199409.5781250000,0.0000000000,0.0000000000,0.0000000000,0.0000000000,,,
13.5639999781,105,213306.0000000000,216314.3437500000,225000.0000000000,198082.8750000000,0.0000000000,0.0000000000,0.0000000000,0.0000000000,,,
13.5679999781,106,225000.0000000000,218350.2656250000,225000.0000000000,225000.0000000000,0.0000000000,0.0000000000,0.0000000000,0.0000000000,,,
13.5719999780,106,225000.0000000000,220036.7031250000,225000.0000000000,225000.0000000000,0.0000000000,0.0000000000,0.0000000000,0.0000000000,,,
13.5759999780,106,225000.0000000000,219435.9531250000,225000.0000000000,225000.0000000000,0.0000000000,0.0000000000,0.0000000000,0.0000000000,,,
13.5799999780,106,218452.5156250000,217580.2031250000,225000.0000000000,214629.9687500000,0.0000000000,0.0000000000,0.0000000000,0.0000000000,,,
13.5839999779,106,217080.9218750000,217222.7812500000,225000.0000000000,209924.8906250000,0.0000000000,0.0000000000,0.0000000000,0.0000000000,,,
13.5879999779,106,225000.0000000000,218766.5781250000,225000.0000000000,225000.0000000000,0.0000000000,0.0000000000,0.0000000000,0.0000000000,,,
13.5919999781,106,225000.0000000000,219859.3906250000,225000.0000000000,225000.0000000000,0.0000000000,0.0000000000,0.0000000000,0.0000000000,,,
13.5959999780,106,225000.0000000000,218697.8281250000,225000.0000000000,225000.0000000000,0.0000000000,0.0000000000,0.0000000000,0.0000000000,,,
13.5999999780,106,213779.1406250000,216597.3125000000,225000.0000000000,206780.0000000000,0.0000000000,0.0000000000,0.0000000000,0.0000000000,,,
13.6039999779,106,212320.2031250000,216246.5312500000,225000.0000000000,201109.1093750000,0.0000000000,0.0000000000,0.0000000000,0.0000000000,,,
13.6079999779,106,225000.0000000000,217877.5000000000,225000.0000000000,225000.0000000000,0.0000000000,0.0000000000,0.0000000000,0.0000000000,,,
13.6119999781,106,225000.0000000000,219066.7187500000,225000.0000000000,225000.0000000000,0.0000000000,0.0000000000,0.0000000000,0.0000000000,,,
13.6159999780,106,225000.0000000000,217962.3906250000,225000.0000000000,225000.0000000000,0.0000000000,0.0000000000,0.0000000000,0.0000000000,,,
13.6199999780,106,210408.4375000000,215922.5156250000,225000.0000000000,200747.0312500000,0.0000000000,0.0000000000,0.0000000000,0.0000000000,,,
13.6239999780,106,209310.0781250000,215641.2968750000,225000.0000000000,195050.8281250000,0.0000000000,0.0000000000,0.0000000000,0.0000000000,,,
13.6279999779,106,225000.0000000000,217346.7500000000,225000.0000000000,225000.0000000000,0.0000000000,0.0000000000,0.0000000000,0.0000000000,,,
13.6319999779,106,225000.0000000000,218617.6093750000,225000.0000000000,225000.0000000000,0.0000000000,0.0000000000,0.0000000000,0.0000000000,,,
13.6359999781,106,225000.0000000000,217585.2812500000,225000.0000000000,225000.0000000000,0.0000000000,0.0000000000,0.0000000000,0.0000000000,,,
13.6399999780,106,209890.9062500000,215589.5000000000,225000.0000000000,198582.3906250000,0.0000000000,0.0000000000,0.0000000000,0.0000000000,,,
13.6439999780,106,209008.9687500000,215333.5312500000,225000.0000000000,192647.2500000000,0.0000000000,0.0000000000,0.0000000000,0.0000000000,,,
13.6479999779,106,225000.0000000000,217068.7656250000,225000.0000000000,225000.0000000000,0.0000000000,0.0000000000,0.0000000000,0.0000000000,,,
13.6519999779,106,225000.0000000000,218389.0000000000,225000.0000000000,225000.0000000000,0.0000000000,0.0000000000,0.0000000000,0.0000000000,,,
13.6559999781,106,225000.0000000000,217405.0312500000,225000.0000000000,225000.0000000000,0.0000000000,0.0000000000,0.0000000000,0.0000000000,,,
13.6599999780,106,210157.1406250000,215432.4843750000,225000.0000000000,197296.4218750000,0.0000000000,0.0000000000,0.0000000000,0.0000000000,,,
13.6639999780,106,209017.4218750000,215191.5937500000,225000.0000000000,190354.4375000000,0.0000000000,0.0000000000,0.0000000000,0.0000000000,,,
13.6679999779,106,225000.0000000000,216943.7500000000,225000.0000000000,225000.0000000000,0.0000000000,0.0000000000,0.0000000000,0.0000000000,,,
13.6719999779,106,225000.0000000000,218288.6406250000,225000.0000000000,225000.0000000000,0.0000000000,0.0000000000,0.0000000000,0.0000000000,,,
13.6759999779,106,225000.0000000000,217319.1250000000,225000.0000000000,225000.0000000000,0.0000000000,0.0000000000,0.0000000000,0.0000000000,,,
13.6799999780,106,209486.9843750000,215337.1250000000,225000.0000000000,195262.6406250000,0.0000000000,0.0000000000,0.0000000000,0.0000000000,,,
13.6839999780,106,207942.5937500000,215082.1406250000,225000.0000000000,188098.4843750000,0.0000000000,0.0000000000,0.0000000000,0.0000000000,,,
13.6879999780,106,225000.0000000000,216850.1718750000,225000.0000000000,225000.0000000000,0.0000000000,0.0000000000,0.0000000000,0.0000000000,,,
13.6919999779,106,225000.0000000000,218222.5156250000,225000.0000000000,225000.0000000000,0.0000000000,0.0000000000,0.0000000000,0.0000000000,,,
13.6959999779,107,225000.0000000000,217263.7031250000,225000.0000000000,225000.0000000000,0.0000000000,0.0000000000,0.0000000000,0.0000000000,,,
13.6999999778,107,208065.9531250000,215270.4531250000,225000.0000000000,193390.0625000000,0.0000000000,0.0000000000,0.0000000000,0.0000000000,,,
13.7039999778,107,206388.0156250000,214998.2812500000,225000.0000000000,185650.0937500000,0.0000000000,0.0000000000,0.0000000000,0.0000000000,,,
13.7079999777,107,225000.0000000000,216755.5937500000,225000.0000000000,225000.0000000000,0.0000000000,0.0000000000,0.0000000000,0.0000000000,,,
13.7119999777,107,225000.0000000000,218136.0625000000,225000.0000000000,225000.0000000000,0.0000000000,0.0000000000,0.0000000000,0.0000000000,,,
13.7159999777,107,225000.0000000000,217186.5156250000,225000.0000000000,225000.0000000000,0.0000000000,0.0000000000,0.0000000000,0.0000000000,,,
13.7199999779,107,207498.3437500000,215189.6562500000,225000.0000000000,192340.5156250000,0.0000000000,0.0000000000,0.0000000000,0.0000000000,,,
13.7239999778,107,205829.6406250000,214910.9062500000,225000.0000000000,184344.3906250000,0.0000000000,0.0000000000,0.0000000000,0.0000000000,,,
13.7279999778,107,225000.0000000000,216678.1875000000,225000.0000000000,225000.0000000000,0.0000000000,0.0000000000,0.0000000000,0.0000000000,,,
13.7319999777,107,225000.0000000000,218080.4375000000,225000.0000000000,225000.0000000000,0.0000000000,0.0000000000,0.0000000000,0.0000000000,,,
13.7359999777,107,225000.0000000000,217151.4531250000,225000.0000000000,225000.0000000000,0.0000000000,0.0000000000,0.0000000000,0.0000000000,,,
13.7399999779,107,207763.3750000000,215169.8750000000,225000.0000000000,192334.2812500000,0.0000000000,0.0000000000,0.0000000000,0.0000000000,,,
13.7439999778,107,206037.2968750000,214889.1406250000,225000.0000000000,183997.9062500000,0.0000000000,0.0000000000,0.0000000000,0.0000000000,,,
13.7479999778,107,225000.0000000000,216637.1406250000,225000.0000000000,225000.0000000000,0.0000000000,0.0000000000,0.0000000000,0.0000000000,,,
13.7519999777,107,225000.0000000000,218033.1562500000,225000.0000000000,225000.0000000000,0.0000000000,0.0000000000,0.0000000000,0.0000000000,,,
13.7559999777,107,225000.0000000000,217127.6718750000,225000.0000000000,225000.0000000000,0.0000000000,0.0000000000,0.0000000000,0.0000000000,,,
13.7599999777,107,207992.9531250000,215157.0000000000,225000.0000000000,192372.6093750000,0.0000000000,0.0000000000,0.0000000000,0.0000000000,,,
13.7639999778,107,206068.7500000000,214854.9218750000,225000.0000000000,183552.5156250000,0.0000000000,0.0000000000,0.0000000000,0.0000000000,,,
13.7679999778,107,225000.0000000000,216572.1562500000,225000.0000000000,225000.0000000000,0.0000000000,0.0000000000,0.0000000000,0.0000000000,,,
13.7719999778,107,225000.0000000000,217960.9218750000,225000.0000000000,225000.0000000000,0.0000000000,0.0000000000,0.0000000000,0.0000000000,,,
13.7759999777,107,225000.0000000000,217069.7031250000,225000.0000000000,225000.0000000000,0.0000000000,0.0000000000,0.0000000000,0.0000000000,,,
13.7799999777,107,208003.4062500000,215108.1562500000,225000.0000000000,192114.2187500000,0.0000000000,0.0000000000,0.0000000000,0.0000000000,,,
13.7839999779,107,205926.9218750000,214793.8437500000,225000.0000000000,182855.5000000000,0.0000000000,0.0000000000,0.0000000000,0.0000000000,,,
13.7879999778,107,225000.0000000000,216497.7187500000,225000.0000000000,225000.0000000000,0.0000000000,0.0000000000,0.0000000000,0.0000000000,,,
13.7919999778,107,225000.0000000000,217891.7187500000,225000.0000000000,225000.0000000000,0.0000000000,0.0000000000,0.0000000000,0.0000000000,,,
13.7959999777,107,225000.0000000000,217013.9062500000,225000.0000000000,225000.0000000000,0.0000000000,0.0000000000,0.0000000000,0.0000000000,,,
13.7999999777,107,207979.5937500000,215040.8281250000,225000.0000000000,191872.1406250000,0.0000000000,0.0000000000,0.0000000000,0.0000000000,,,
13.8039999777,107,205738.4687500000,214699.7500000000,225000.0000000000,182162.0156250000,0.0000000000,0.0000000000,0.0000000000,0.0000000000,,,
13.8079999778,107,225000.0000000000,216389.5468750000,225000.0000000000,225000.0000000000,0.0000000000,0.0000000000,0.0000000000,0.0000000000,,,
13.8119999778,107,225000.0000000000,217793.0625000000,225000.0000000000,225000.0000000000,0.0000000000,0.0000000000,0.0000000000,0.0000000000,,,
13.8159999778,107,225000.0000000000,216915.0781250000,225000.0000000000,225000.0000000000,0.0000000000,0.0000000000,0.0000000000,0.0000000000,,,
13.8199999777,107,208047.3125000000,214929.2187500000,225000.0000000000,191708.7968750000,0.0000000000,0.0000000000,0.0000000000,0.0000000000,,,
13.8239999777,108,205661.3750000000,214587.9843750000,225000.0000000000,181493.9218750000,0.0000000000,0.0000000000,0.0000000000,0.0000000000,,,
13.8279999776,108,225000.0000000000,216322.5000000000,225000.0000000000,225000.0000000000,0.0000000000,0.0000000000,0.0000000000,0.0000000000,,,
13.8319999776,108,225000.0000000000,217779.5312500000,225000.0000000000,225000.0000000000,0.0000000000,0.0000000000,0.0000000000,0.0000000000,,,
13.8359999775,108,225000.0000000000,216934.0312500000,225000.0000000000,225000.0000000000,0.0000000000,0.0000000000,0.0000000000,0.0000000000,,,
13.8399999775,108,208237.1562500000,214957.0312500000,225000.0000000000,191662.2031250000,0.0000000000,0.0000000000,0.0000000000,0.0000000000,,,
13.8439999775,108,205733.5000000000,214629.9687500000,225000.0000000000,181013.9687500000,0.0000000000,0.0000000000,0.0000000000,0.0000000000,,,
13.8479999776,108,225000.0000000000,216391.7812500000,225000.0000000000,225000.0000000000,0.0000000000,0.0000000000,0.0000000000,0.0000000000,,,
13.8519999776,108,225000.0000000000,217877.1875000000,225000.0000000000,225000.0000000000,0.0000000000,0.0000000000,0.0000000000,0.0000000000,,,
13.8559999776,108,225000.0000000000,217044.4687500000,225000.0000000000,225000.0000000000,0.0000000000,0.0000000000,0.0000000000,0.0000000000,,,
13.8599999775,108,208448.5781250000,215060.4843750000,225000.0000000000,191781.6406250000,0.0000000000,0.0000000000,0.0000000000,0.0000000000,,,
13.8639999775,108,205713.6875000000,214713.2187500000,225000.0000000000,180670.4375000000,0.0000000000,0.0000000000,0.0000000000,0.0000000000,,,
13.8679999777,108,225000.0000000000,216452.9218750000,225000.0000000000,225000.0000000000,0.0000000000,0.0000000000,0.0000000000,0.0000000000,,,
13.8719999776,108,225000.0000000000,217929.3750000000,225000.0000000000,225000.0000000000,0.0000000000,0.0000000000,0.0000000000,0.0000000000,,,
13.8759999776,108,225000.0000000000,217099.6093750000,225000.0000000000,225000.0000000000,0.0000000000,0.0000000000,0.0000000000,0.0000000000,,,
13.8799999775,108,208328.4687500000,215113.0781250000,225000.0000000000,191847.2187500000,0.0000000000,0.0000000000,0.0000000000,0.0000000000,,,
13.8839999775,108,205363.7031250000,214736.0156250000,225000.0000000000,180244.0468750000,0.0000000000,0.0000000000,0.0000000000,0.0000000000,,,
13.8879999775,108,225000.0000000000,216433.9375000000,225000.0000000000,225000.0000000000,0.0000000000,0.0000000000,0.0000000000,0.0000000000,,,
13.8919999776,108,225000.0000000000,217892.7187500000,225000.0000000000,225000.0000000000,0.0000000000,0.0000000000,0.0000000000,0.0000000000,,,
13.8959999776,108,225000.0000000000,217073.1093750000,225000.0000000000,225000.0000000000,0.0000000000,0.0000000000,0.0000000000,0.0000000000,,,
13.8999999776,108,208111.2812500000,215087.6250000000,225000.0000000000,191933.3593750000,0.0000000000,0.0000000000,0.0000000000,0.0000000000,,,
13.9039999775,108,204994.7968750000,214687.0625000000,225000.0000000000,179890.7343750000,0.0000000000,0.0000000000,0.0000000000,0.0000000000,,,
13.9079999775,108,225000.0000000000,216359.9062500000,225000.0000000000,225000.0000000000,0.0000000000,0.0000000000,0.0000000000,0.0000000000,,,
13.9119999777,108,225000.0000000000,217818.5781250000,225000.0000000000,225000.0000000000,0.0000000000,0.0000000000,0.0000000000,0.0000000000,,,
13.9159999776,108,225000.0000000000,217017.7031250000,225000.0000000000,225000.0000000000,0.0000000000,0.0000000000,0.0000000000,0.0000000000,,,
13.9199999776,108,208057.7187500000,215045.9531250000,225000.0000000000,192020.2500000000,0.0000000000,0.0000000000,0.0000000000,0.0000000000,,,
13.9239999775,108,204809.1093750000,214641.3437500000,225000.0000000000,179517.8906250000,0.0000000000,0.0000000000,0.0000000000,0.0000000000,,,
13.9279999775,108,225000.0000000000,216305.0625000000,225000.0000000000,225000.0000000000,0.0000000000,0.0000000000,0.0000000000,0.0000000000,,,
13.9319999774,108,225000.0000000000,217775.5000000000,225000.0000000000,225000.0000000000,0.0000000000,0.0000000000,0.0000000000,0.0000000000,,,
13.9359999776,108,225000.0000000000,217001.0468750000,225000.0000000000,225000.0000000000,0.0000000000,0.0000000000,0.0000000000,0.0000000000,,,
13.9399999776,108,208130.0000000000,215035.7812500000,225000.0000000000,192089.9375000000,0.0000000000,0.0000000000,0.0000000000,0.0000000000,,,
13.9439999775,108,204729.5312500000,214618.9218750000,225000.0000000000,179088.9687500000,0.0000000000,0.0000000000,0.0000000000,0.0000000000,,,
13.9479999775,108,225000.0000000000,216279.3906250000,225000.0000000000,225000.0000000000,0.0000000000,0.0000000000,0.0000000000,0.0000000000,,,
13.9519999775,109,225000.0000000000,217756.2343750000,225000.0000000000,225000.0000000000,0.0000000000,0.0000000000,0.0000000000,0.0000000000,,,
13.9559999774,109,225000.0000000000,216997.6250000000,225000.0000000000,225000.0000000000,0.0000000000,0.0000000000,0.0000000000,0.0000000000,,,
13.9599999774,109,208267.9531250000,215041.5000000000,225000.0000000000,192090.9062500000,0.0000000000,0.0000000000,0.0000000000,0.0000000000,,,
13.9639999773,109,204696.5312500000,214618.8593750000,225000.0000000000,178600.8437500000,0.0000000000,0.0000000000,0.0000000000,0.0000000000,,,
13.9679999773,109,225000.0000000000,216270.0625000000,225000.0000000000,225000.0000000000,0.0000000000,0.0000000000,0.0000000000,0.0000000000,,,
13.9719999772,109,225000.0000000000,217758.1406250000,225000.0000000000,225000.0000000000,0.0000000000,0.0000000000,0.0000000000,0.0000000000,,,
13.9759999774,109,225000.0000000000,217020.6718750000,225000.0000000000,225000.0000000000,0.0000000000,0.0000000000,0.0000000000,0.0000000000,,,
13.9799999774,109,208389.4375000000,215068.6093750000,225000.0000000000,192092.3750000000,0.0000000000,0.0000000000,0.0000000000,0.0000000000,,,
13.9839999774,109,204609.5000000000,214638.1718750000,225000.0000000000,178081.6718750000,0.0000000000,0.0000000000,0.0000000000,0.0000000000,,,
13.9879999773,109,225000.0000000000,216295.4843750000,225000.0000000000,225000.0000000000,0.0000000000,0.0000000000,0.0000000000,0.0000000000,,,
13.9919999773,109,225000.0000000000,217801.4062500000,225000.0000000000,225000.0000000000,0.0000000000,0.0000000000,0.0000000000,0.0000000000,,,
13.9959999775,109,225000.0000000000,217073.7500000000,225000.0000000000,225000.0000000000,0.0000000000,0.0000000000,0.0000000000,0.0000000000,,,
13.9999999774,109,208473.4062500000,215107.4062500000,225000.0000000000,192117.1562500000,0.0000000000,0.0000000000,0.0000000000,0.0000000000,,,
14.0039999774,109,204460.0156250000,214647.5000000000,225000.0000000000,177534.3593750000,0.0000000000,0.0000000000,0.0000000000,0.0000000000,,,
14.0079999773,109,225000.0000000000,216288.4843750000,225000.0000000000,225000.0000000000,0.0000000000,0.0000000000,0.0000000000,0.0000000000,,,
14.0119999773,109,225000.0000000000,217792.4218750000,225000.0000000000,225000.0000000000,0.0000000000,0.0000000000,0.0000000000,0.0000000000,,,
14.0159999772,109,225000.0000000000,217058.0156250000,225000.0000000000,225000.0000000000,0.0000000000,0.0000000000,0.0000000000,0.0000000000,,,
14.0199999774,109,208342.6718750000,215064.8125000000,225000.0000000000,191758.2500000000,0.0000000000,0.0000000000,0.0000000000,0.0000000000,,,
14.0239999774,109,204085.8593750000,214573.7187500000,225000.0000000000,176558.5781250000,0.0000000000,0.0000000000,0.0000000000,0.0000000000,,,
14.0279999773,109,225000.0000000000,216189.4843750000,225000.0000000000,225000.0000000000,0.0000000000,0.0000000000,0.0000000000,0.0000000000,,,
14.0319999773,109,225000.0000000000,217685.8125000000,225000.0000000000,225000.0000000000,0.0000000000,0.0000000000,0.0000000000,0.0000000000,,,
14.0359999773,109,225000.0000000000,216952.2968750000,225000.0000000000,225000.0000000000,0.0000000000,0.0000000000,0.0000000000,0.0000000000,,,
14.0399999775,109,207985.8125000000,214960.2187500000,225000.0000000000,190881.6093750000,0.0000000000,0.0000000000,0.0000000000,0.0000000000,,,
14.0439999774,109,203502.9531250000,214455.5937500000,225000.0000000000,175044.2031250000,0.0000000000,0.0000000000,0.0000000000,0.0000000000,,,
14.0479999774,109,224673.9843750000,216043.8125000000,225000.0000000000,224933.8125000000,0.0000000000,0.0000000000,0.0000000000,0.0000000000,,,
14.0519999773,109,225000.0000000000,217520.9531250000,225000.0000000000,225000.0000000000,0.0000000000,0.0000000000,0.0000000000,0.0000000000,,,
14.0559999773,109,225000.0000000000,216801.3281250000,225000.0000000000,225000.0000000000,0.0000000000,0.0000000000,0.0000000000,0.0000000000,,,
14.0599999772,109,207381.0781250000,214824.2968750000,225000.0000000000,189408.0781250000,0.0000000000,0.0000000000,0.0000000000,0.0000000000,,,
14.0639999774,109,202673.9843750000,214303.7812500000,225000.0000000000,172892.6093750000,0.0000000000,0.0000000000,0.0000000000,0.0000000000,,,
14.0679999774,109,223771.7343750000,215861.8750000000,225000.0000000000,223353.3437500000,0.0000000000,0.0000000000,0.0000000000,0.0000000000,,,
14.0719999773,109,225000.0000000000,217327.3281250000,225000.0000000000,225000.0000000000,0.0000000000,0.0000000000,0.0000000000,0.0000000000,,,
14.0759999773,109,225000.0000000000,216624.2500000000,225000.0000000000,225000.0000000000,0.0000000000,0.0000000000,0.0000000000,0.0000000000,,,
14.0799999773,110,206655.2968750000,214666.9218750000,225000.0000000000,187554.7187500000,0.0000000000,0.0000000000,0.0000000000,0.0000000000,,,
14.0839999772,110,201773.5156250000,214143.4062500000,225000.0000000000,170467.6093750000,0.0000000000,0.0000000000,0.0000000000,0.0000000000,,,
14.0879999772,110,222907.2343750000,215685.1250000000,225000.0000000000,221653.0156250000,0.0000000000,0.0000000000,0.0000000000,0.0000000000,,,
14.0919999771,110,225000.0000000000,217149.8281250000,225000.0000000000,225000.0000000000,0.0000000000,0.0000000000,0.0000000000,0.0000000000,,,
14.0959999771,110,225000.0000000000,216475.7500000000,225000.0000000000,225000.0000000000,0.0000000000,0.0000000000,0.0000000000,0.0000000000,,,
14.0999999770,110,206116.0468750000,214542.3437500000,225000.0000000000,186056.5000000000,0.0000000000,0.0000000000,0.0000000000,0.0000000000,,,
14.1039999772,110,201090.0156250000,214016.0312500000,224512.2187500000,168527.1093750000,0.0000000000,0.0000000000,0.0000000000,0.0000000000,,,
14.1079999772,110,222302.2656250000,215550.6093750000,225000.0000000000,220279.5000000000,0.0000000000,0.0000000000,0.0000000000,0.0000000000,,,
14.1119999771,110,225000.0000000000,217025.5468750000,225000.0000000000,225000.0000000000,0.0000000000,0.0000000000,0.0000000000,0.0000000000,,,
14.1159999771,110,225000.0000000000,216361.3125000000,225000.0000000000,225000.0000000000,0.0000000000,0.0000000000,0.0000000000,0.0000000000,,,
14.1199999771,110,205607.2031250000,214428.6406250000,225000.0000000000,184583.4531250000,0.0000000000,0.0000000000,0.0000000000,0.0000000000,,,
14.1239999773,110,200375.5000000000,213896.0312500000,223757.9062500000,166458.5312500000,0.0000000000,0.0000000000,0.0000000000,0.0000000000,,,
14.1279999772,110,221692.3593750000,215429.5312500000,225000.0000000000,218803.1875000000,0.0000000000,0.0000000000,0.0000000000,0.0000000000,,,
14.1319999772,110,225000.0000000000,216919.7656250000,225000.0000000000,225000.0000000000,0.0000000000,0.0000000000,0.0000000000,0.0000000000,,,
14.1359999771,110,225000.0000000000,216293.3125000000,225000.0000000000,225000.0000000000,0.0000000000,0.0000000000,0.0000000000,0.0000000000,,,
14.1399999771,110,205310.5781250000,214385.6406250000,225000.0000000000,183593.9375000000,0.0000000000,0.0000000000,0.0000000000,0.0000000000,,,
14.1439999770,110,199921.5937500000,213856.3906250000,223328.0468750000,165088.0000000000,0.0000000000,0.0000000000,0.0000000000,0.0000000000,,,
14.1479999772,110,221292.1250000000,215383.0000000000,225000.0000000000,217804.8750000000,0.0000000000,0.0000000000,0.0000000000,0.0000000000,,,
14.1519999772,110,225000.0000000000,216882.6250000000,225000.0000000000,225000.0000000000,0.0000000000,0.0000000000,0.0000000000,0.0000000000,,,
14.1559999771,110,225000.0000000000,216271.8750000000,225000.0000000000,225000.0000000000,0.0000000000,0.0000000000,0.0000000000,0.0000000000,,,
14.1599999771,110,205123.4687500000,214378.1562500000,225000.0000000000,183000.8750000000,0.0000000000,0.0000000000,0.0000000000,0.0000000000,,,
14.1639999771,110,199538.9687500000,213842.5468750000,223138.3125000000,163917.6250000000,0.0000000000,0.0000000000,0.0000000000,0.0000000000,,,
14.1679999772,110,220897.5937500000,215349.2812500000,225000.0000000000,216816.6875000000,0.0000000000,0.0000000000,0.0000000000,0.0000000000,,,
14.1719999772,110,225000.0000000000,216838.0156250000,225000.0000000000,225000.0000000000,0.0000000000,0.0000000000,0.0000000000,0.0000000000,,,
14.1759999772,110,225000.0000000000,216257.5312500000,225000.0000000000,225000.0000000000,0.0000000000,0.0000000000,0.0000000000,0.0000000000,,,
14.1799999771,110,205091.8125000000,214400.7968750000,225000.0000000000,182727.2031250000,0.0000000000,0.0000000000,0.0000000000,0.0000000000,,,
14.1839999771,110,199405.4843750000,213866.7968750000,223019.7812500000,163339.4687500000,0.0000000000,0.0000000000,0.0000000000,0.0000000000,,,
14.1879999770,110,220731.0781250000,215349.3125000000,225000.0000000000,216237.8750000000,0.0000000000,0.0000000000,0.0000000000,0.0000000000,,,
14.1919999772,110,225000.0000000000,216848.6875000000,225000.0000000000,225000.0000000000,0.0000000000,0.0000000000,0.0000000000,0.0000000000,,,
14.1959999772,110,225000.0000000000,216311.3906250000,225000.0000000000,225000.0000000000,0.0000000000,0.0000000000,0.0000000000,0.0000000000,,,
14.1999999771,110,205508.5468750000,214487.7812500000,225000.0000000000,183506.3593750000,0.0000000000,0.0000000000,0.0000000000,0.0000000000,,,
14.2039999771,110,199780.2968750000,213965.7187500000,223470.7656250000,164003.0000000000,0.0000000000,0.0000000000,0.0000000000,0.0000000000,,,
14.2079999771,111,221139.2343750000,215459.6250000000,225000.0000000000,216611.1250000000,0.0000000000,0.0000000000,0.0000000000,0.0000000000,,,
14.2119999770,111,225000.0000000000,216964.6718750000,225000.0000000000,225000.0000000000,0.0000000000,0.0000000000,0.0000000000,0.0000000000,,,
14.2159999770,111,225000.0000000000,216434.5312500000,225000.0000000000,225000.0000000000,0.0000000000,0.0000000000,0.0000000000,0.0000000000,,,
14.2199999769,111,206215.8437500000,214606.3281250000,225000.0000000000,184972.2968750000,0.0000000000,0.0000000000,0.0000000000,0.0000000000,,,
14.2239999769,111,200308.0937500000,214066.9375000000,223972.8750000000,165045.5468750000,0.0000000000,0.0000000000,0.0000000000,0.0000000000,,,
14.2279999768,111,221578.0937500000,215553.3125000000,225000.0000000000,217137.5937500000,0.0000000000,0.0000000000,0.0000000000,0.0000000000,,,
14.2319999770,111,225000.0000000000,217070.9062500000,225000.0000000000,225000.0000000000,0.0000000000,0.0000000000,0.0000000000,0.0000000000,,,
14.2359999770,111,225000.0000000000,216556.9531250000,225000.0000000000,225000.0000000000,0.0000000000,0.0000000000,0.0000000000,0.0000000000,,,
14.2399999769,111,206950.7187500000,214727.5937500000,225000.0000000000,186565.4531250000,0.0000000000,0.0000000000,0.0000000000,0.0000000000,,,
14.2439999769,111,200873.8750000000,214178.2343750000,224448.6718750000,166236.0625000000,0.0000000000,0.0000000000,0.0000000000,0.0000000000,,,
14.2479999769,111,222036.4062500000,215660.9843750000,225000.0000000000,217788.8593750000,0.0000000000,0.0000000000,0.0000000000,0.0000000000,,,
14.2519999770,111,225000.0000000000,217186.2187500000,225000.0000000000,225000.0000000000,0.0000000000,0.0000000000,0.0000000000,0.0000000000,,,
14.2559999770,111,225000.0000000000,216685.3750000000,225000.0000000000,225000.0000000000,0.0000000000,0.0000000000,0.0000000000,0.0000000000,,,
14.2599999770,111,207643.3437500000,214863.1562500000,225000.0000000000,188061.5781250000,0.0000000000,0.0000000000,0.0000000000,0.0000000000,,,
14.2639999769,111,201379.5000000000,214300.2968750000,224842.5000000000,167306.5156250000,0.0000000000,0.0000000000,0.0000000000,0.0000000000,,,
14.2679999769,111,222429.8281250000,215769.8437500000,225000.0000000000,218348.5781250000,0.0000000000,0.0000000000,0.0000000000,0.0000000000,,,
14.2719999768,111,225000.0000000000,217296.4531250000,225000.0000000000,225000.0000000000,0.0000000000,0.0000000000,0.0000000000,0.0000000000,,,
14.2759999770,111,225000.0000000000,216805.5625000000,225000.0000000000,225000.0000000000,0.0000000000,0.0000000000,0.0000000000,0.0000000000,,,
14.2799999770,111,208238.7187500000,214986.8906250000,225000.0000000000,189474.7031250000,0.0000000000,0.0000000000,0.0000000000,0.0000000000,,,
14.2839999769,111,201799.4062500000,214416.8593750000,225000.0000000000,168317.9687500000,0.0000000000,0.0000000000,0.0000000000,0.0000000000,,,
14.2879999769,111,222702.4531250000,215866.2812500000,225000.0000000000,218822.8281250000,0.0000000000,0.0000000000,0.0000000000,0.0000000000,,,
14.2919999768,111,225000.0000000000,217386.9218750000,225000.0000000000,225000.0000000000,0.0000000000,0.0000000000,0.0000000000,0.0000000000,,,
14.2959999770,111,225000.0000000000,216920.1718750000,225000.0000000000,225000.0000000000,0.0000000000,0.0000000000,0.0000000000,0.0000000000,,,
14.2999999770,111,208811.6562500000,215119.4218750000,225000.0000000000,190862.9062500000,0.0000000000,0.0000000000,0.0000000000,0.0000000000,,,
14.3039999770,111,202241.0781250000,214536.4062500000,225000.0000000000,169355.8281250000,0.0000000000,0.0000000000,0.0000000000,0.0000000000,,,
14.3079999769,111,222986.5781250000,215966.3750000000,225000.0000000000,219291.6718750000,0.0000000000,0.0000000000,0.0000000000,0.0000000000,,,
14.3119999769,111,225000.0000000000,217483.7500000000,225000.0000000000,225000.0000000000,0.0000000000,0.0000000000,0.0000000000,0.0000000000,,,
14.3159999768,111,225000.0000000000,217020.0625000000,225000.0000000000,225000.0000000000,0.0000000000,0.0000000000,0.0000000000,0.0000000000,,,
14.3199999770,111,209428.0156250000,215216.8593750000,225000.0000000000,192158.5156250000,0.0000000000,0.0000000000,0.0000000000,0.0000000000,,,
14.3239999770,111,202734.9375000000,214617.5937500000,225000.0000000000,170286.4531250000,0.0000000000,0.0000000000,0.0000000000,0.0000000000,,,
14.3279999769,111,223272.0937500000,216026.8281250000,225000.0000000000,219675.2343750000,0.0000000000,0.0000000000,0.0000000000,0.0000000000,,,
14.3319999769,111,225000.0000000000,217536.0000000000,225000.0000000000,225000.0000000000,0.0000000000,0.0000000000,0.0000000000,0.0000000000,,,
14.3359999768,112,225000.0000000000,217076.0000000000,225000.0000000000,225000.0000000000,0.0000000000,0.0000000000,0.0000000000,0.0000000000,,,
14.3399999768,112,210029.7656250000,215271.6562500000,225000.0000000000,193353.2343750000,0.0000000000,0.0000000000,0.0000000000,0.0000000000,,,
14.3439999768,112,203198.5781250000,214660.8437500000,225000.0000000000,171040.9531250000,0.0000000000,0.0000000000,0.0000000000,0.0000000000,,,
14.3479999767,112,223514.0937500000,216062.5312500000,225000.0000000000,219969.8437500000,0.0000000000,0.0000000000,0.0000000000,0.0000000000,,,
14.3519999767,112,225000.0000000000,217583.8593750000,225000.0000000000,225000.0000000000,0.0000000000,0.0000000000,0.0000000000,0.0000000000,,,
14.3559999766,112,225000.0000000000,217143.3906250000,225000.0000000000,225000.0000000000,0.0000000000,0.0000000000,0.0000000000,0.0000000000,,,
14.3599999768,112,210558.2968750000,215342.0937500000,225000.0000000000,194399.7968750000,0.0000000000,0.0000000000,0.0000000000,0.0000000000,,,
14.3639999768,112,203596.2656250000,214724.3750000000,225000.0000000000,171738.9687500000,0.0000000000,0.0000000000,0.0000000000,0.0000000000,,,
14.3679999767,112,223693.7343750000,216120.1250000000,225000.0000000000,220279.9062500000,0.0000000000,0.0000000000,0.0000000000,0.0000000000,,,
14.3719999767,112,225000.0000000000,217650.0000000000,225000.0000000000,225000.0000000000,0.0000000000,0.0000000000,0.0000000000,0.0000000000,,,
14.3759999766,112,225000.0000000000,217232.0000000000,225000.0000000000,225000.0000000000,0.0000000000,0.0000000000,0.0000000000,0.0000000000,,,
14.3799999768,112,211038.8125000000,215446.9687500000,225000.0000000000,195572.0625000000,0.0000000000,0.0000000000,0.0000000000,0.0000000000,,,
14.3839999768,112,203946.8281250000,214824.9062500000,225000.0000000000,172559.1093750000,0.0000000000,0.0000000000,0.0000000000,0.0000000000,,,
14.3879999768,112,223845.2343750000,216213.8906250000,225000.0000000000,220597.3125000000,0.0000000000,0.0000000000,0.0000000000,0.0000000000,,,
14.3919999767,112,225000.0000000000,217748.0937500000,225000.0000000000,225000.0000000000,0.0000000000,0.0000000000,0.0000000000,0.0000000000,,,
14.3959999767,112,225000.0000000000,217345.8906250000,225000.0000000000,225000.0000000000,0.0000000000,0.0000000000,0.0000000000,0.0000000000,,,
14.3999999766,112,211492.7187500000,215561.2812500000,225000.0000000000,196827.8750000000,0.0000000000,0.0000000000,0.0000000000,0.0000000000,,,
14.4039999768,112,204281.1093750000,214920.6406250000,225000.0000000000,173556.4843750000,0.0000000000,0.0000000000,0.0000000000,0.0000000000,,,
14.4079999768,112,223986.8750000000,216296.7968750000,225000.0000000000,221058.0156250000,0.0000000000,0.0000000000,0.0000000000,0.0000000000,,,
14.4119999767,112,225000.0000000000,217835.2656250000,225000.0000000000,225000.0000000000,0.0000000000,0.0000000000,0.0000000000,0.0000000000,,,
14.4159999767,112,225000.0000000000,217439.5312500000,225000.0000000000,225000.0000000000,0.0000000000,0.0000000000,0.0000000000,0.0000000000,,,
14.4199999766,112,211963.2656250000,215652.1250000000,225000.0000000000,198312.5000000000,0.0000000000,0.0000000000,0.0000000000,0.0000000000,,,
14.4239999768,112,204638.6562500000,215003.4062500000,225000.0000000000,174807.5468750000,0.0000000000,0.0000000000,0.0000000000,0.0000000000,,,
14.4279999768,112,224221.9218750000,216378.8125000000,225000.0000000000,221675.7500000000,0.0000000000,0.0000000000,0.0000000000,0.0000000000,,,
14.4319999767,112,225000.0000000000,217937.1093750000,225000.0000000000,225000.0000000000,0.0000000000,0.0000000000,0.0000000000,0.0000000000,,,
14.4359999767,112,225000.0000000000,217568.4531250000,225000.0000000000,225000.0000000000,0.0000000000,0.0000000000,0.0000000000,0.0000000000,,,
14.4399999767,112,212599.1250000000,215786.7812500000,225000.0000000000,200189.5625000000,0.0000000000,0.0000000000,0.0000000000,0.0000000000,,,
14.4439999766,112,205176.7656250000,215134.2500000000,225000.0000000000,176613.6406250000,0.0000000000,0.0000000000,0.0000000000,0.0000000000,,,
14.4479999768,112,224719.6875000000,216533.2031250000,225000.0000000000,222764.2968750000,0.0000000000,0.0000000000,0.0000000000,0.0000000000,,,
14.4519999768,112,225000.0000000000,218130.3593750000,225000.0000000000,225000.0000000000,0.0000000000,0.0000000000,0.0000000000,0.0000000000,,,
14.4559999767,112,225000.0000000000,217795.9062500000,225000.0000000000,225000.0000000000,0.0000000000,0.0000000000,0.0000000000,0.0000000000,,,
14.4599999767,112,213677.9218750000,216032.2500000000,225000.0000000000,203064.2031250000,0.0000000000,0.0000000000,0.0000000000,0.0000000000,,,
14.4639999766,113,206224.8125000000,215402.8125000000,225000.0000000000,179745.2656250000,0.0000000000,0.0000000000,0.0000000000,0.0000000000,,,
14.4679999766,113,225000.0000000000,216848.3906250000,225000.0000000000,224809.3593750000,0.0000000000,0.0000000000,0.0000000000,0.0000000000,,,
14.4719999766,113,225000.0000000000,218521.5000000000,225000.0000000000,225000.0000000000,0.0000000000,0.0000000000,0.0000000000,0.0000000000,,,
14.4759999765,113,225000.0000000000,218270.0000000000,225000.0000000000,225000.0000000000,0.0000000000,0.0000000000,0.0000000000,0.0000000000,,,
14.4799999765,113,216233.4687500000,216591.7343750000,225000.0000000000,209365.7343750000,0.0000000000,0.0000000000,0.0000000000,0.0000000000,,,
14.4839999764,113,209263.3281250000,216093.3593750000,225000.0000000000,188348.5312500000,0.0000000000,0.0000000000,0.0000000000,0.0000000000,,,
14.4879999766,113,225000.0000000000,217757.0156250000,225000.0000000000,225000.0000000000,0.0000000000,0.0000000000,0.0000000000,0.0000000000,,,
14.4919999766,113,225000.0000000000,219617.5937500000,225000.0000000000,225000.0000000000,0.0000000000,0.0000000000,0.0000000000,0.0000000000,,,
14.4959999765,113,225000.0000000000,219352.2031250000,225000.0000000000,225000.0000000000,0.0000000000,0.0000000000,0.0000000000,0.0000000000,,,
14.4999999765,113,219653.0000000000,217378.7968750000,225000.0000000000,217244.0000000000,0.0000000000,0.0000000000,0.0000000000,0.0000000000,,,
14.5039999764,113,210563.2343750000,216446.1718750000,225000.0000000000,194123.2187500000,0.0000000000,0.0000000000,0.0000000000,0.0000000000,,,
14.5079999766,113,225000.0000000000,217725.7187500000,225000.0000000000,225000.0000000000,0.0000000000,0.0000000000,0.0000000000,0.0000000000,,,
14.5119999766,113,225000.0000000000,219277.7031250000,225000.0000000000,225000.0000000000,0.0000000000,0.0000000000,0.0000000000,0.0000000000,,,
14.5159999765,113,225000.0000000000,218795.0312500000,225000.0000000000,225000.0000000000,0.0000000000,0.0000000000,0.0000000000,0.0000000000,,,
14.5199999765,113,216442.4375000000,216745.2656250000,225000.0000000000,212481.9531250000,0.0000000000,0.0000000000,0.0000000000,0.0000000000,,,
14.5239999765,113,207441.9687500000,215850.7500000000,225000.0000000000,187967.7343750000,0.0000000000,0.0000000000,0.0000000000,0.0000000000,,,
14.5279999764,113,225000.0000000000,217188.4687500000,225000.0000000000,225000.0000000000,0.0000000000,0.0000000000,0.0000000000,0.0000000000,,,
14.5319999766,113,225000.0000000000,218800.1875000000,225000.0000000000,225000.0000000000,0.0000000000,0.0000000000,0.0000000000,0.0000000000,,,
14.5359999766,113,225000.0000000000,218357.8593750000,225000.0000000000,225000.0000000000,0.0000000000,0.0000000000,0.0000000000,0.0000000000,,,
14.5399999765,113,214303.6406250000,216332.0937500000,225000.0000000000,208904.5781250000,0.0000000000,0.0000000000,0.0000000000,0.0000000000,,,
14.5439999765,113,205572.4687500000,215463.1093750000,225000.0000000000,183792.5468750000,0.0000000000,0.0000000000,0.0000000000,0.0000000000,,,
14.5479999764,113,224610.0312500000,216825.4843750000,225000.0000000000,225000.0000000000,0.0000000000,0.0000000000,0.0000000000,0.0000000000,,,
14.5519999766,113,225000.0000000000,218469.1718750000,225000.0000000000,225000.0000000000,0.0000000000,0.0000000000,0.0000000000,0.0000000000,,,
14.5559999766,113,225000.0000000000,218047.6875000000,225000.0000000000,225000.0000000000,0.0000000000,0.0000000000,0.0000000000,0.0000000000,,,
14.5599999765,113,214167.4218750000,216029.5937500000,225000.0000000000,208528.7187500000,0.0000000000,0.0000000000,0.0000000000,0.0000000000,,,
14.5639999765,113,205601.5625000000,215162.5156250000,225000.0000000000,182875.0781250000,0.0000000000,0.0000000000,0.0000000000,0.0000000000,,,
14.5679999765,113,224492.3750000000,216541.6562500000,225000.0000000000,224968.9218750000,0.0000000000,0.0000000000,0.0000000000,0.0000000000,,,
14.5719999764,113,225000.0000000000,218224.8437500000,225000.0000000000,225000.0000000000,0.0000000000,0.0000000000,0.0000000000,0.0000000000,,,
14.5759999766,113,225000.0000000000,217866.4062500000,225000.0000000000,225000.0000000000,0.0000000000,0.0000000000,0.0000000000,0.0000000000,,,
14.5799999766,113,214377.7656250000,215900.3437500000,225000.0000000000,206528.0000000000,0.0000000000,0.0000000000,0.0000000000,0.0000000000,,,
14.5839999765,113,205570.2187500000,215050.5625000000,225000.0000000000,180050.0312500000,0.0000000000,0.0000000000,0.0000000000,0.0000000000,,,
14.5879999765,113,224127.6093750000,216431.7656250000,225000.0000000000,223259.0312500000,0.0000000000,0.0000000000,0.0000000000,0.0000000000,,,
14.5919999764,114,225000.0000000000,218126.6250000000,225000.0000000000,225000.0000000000,0.0000000000,0.0000000000,0.0000000000,0.0000000000,,,
14.5959999764,114,225000.0000000000,217789.7968750000,225000.0000000000,225000.0000000000,0.0000000000,0.0000000000,0.0000000000,0.0000000000,,,
14.5999999763,114,213777.1250000000,215845.9218750000,225000.0000000000,205464.0312500000,0.0000000000,0.0000000000,0.0000000000,0.0000000000,,,
14.6039999763,114,204614.2500000000,215009.2031250000,225000.0000000000,177904.3281250000,0.0000000000,0.0000000000,0.0000000000,0.0000000000,,,
14.6079999763,114,223221.7187500000,216393.8437500000,225000.0000000000,221916.1562500000,0.0000000000,0.0000000000,0.0000000000,0.0000000000,,,
14.6119999762,114,225000.0000000000,218101.8750000000,225000.0000000000,225000.0000000000,0.0000000000,0.0000000000,0.0000000000,0.0000000000,,,
14.6159999764,114,225000.0000000000,217794.1093750000,225000.0000000000,225000.0000000000,0.0000000000,0.0000000000,0.0000000000,0.0000000000,,,
14.6199999764,114,212847.2656250000,215859.6250000000,225000.0000000000,204187.6406250000,0.0000000000,0.0000000000,0.0000000000,0.0000000000,,,
14.6239999763,114,203402.8281250000,215000.3281250000,225000.0000000000,175672.2500000000,0.0000000000,0.0000000000,0.0000000000,0.0000000000,,,
14.6279999763,114,222277.2656250000,216353.5468750000,225000.0000000000,220525.6562500000,0.0000000000,0.0000000000,0.0000000000,0.0000000000,,,
14.6319999762,114,225000.0000000000,218044.0468750000,225000.0000000000,225000.0000000000,0.0000000000,0.0000000000,0.0000000000,0.0000000000,,,
14.6359999764,114,225000.0000000000,217733.9062500000,225000.0000000000,225000.0000000000,0.0000000000,0.0000000000,0.0000000000,0.0000000000,,,
14.6399999764,114,212443.0000000000,215795.1718750000,225000.0000000000,203702.3750000000,0.0000000000,0.0000000000,0.0000000000,0.0000000000,,,
14.6439999763,114,202941.5937500000,214922.6718750000,225000.0000000000,174969.7968750000,0.0000000000,0.0000000000,0.0000000000,0.0000000000,,,
14.6479999763,114,221785.1093750000,216270.5937500000,225000.0000000000,219814.1718750000,0.0000000000,0.0000000000,0.0000000000,0.0000000000,,,
14.6519999763,114,225000.0000000000,217981.0625000000,225000.0000000000,225000.0000000000,0.0000000000,0.0000000000,0.0000000000,0.0000000000,,,
14.6559999762,114,225000.0000000000,217702.1718750000,225000.0000000000,225000.0000000000,0.0000000000,0.0000000000,0.0000000000,0.0000000000,,,
14.6599999764,114,212669.0781250000,215793.9375000000,225000.0000000000,203909.3593750000,0.0000000000,0.0000000000,0.0000000000,0.0000000000,,,
14.6639999764,114,203230.3906250000,214931.4687500000,225000.0000000000,175049.9687500000,0.0000000000,0.0000000000,0.0000000000,0.0000000000,,,
14.6679999763,114,221719.6562500000,216268.3437500000,225000.0000000000,219423.7968750000,0.0000000000,0.0000000000,0.0000000000,0.0000000000,,,
14.6719999763,114,225000.0000000000,217966.6875000000,225000.0000000000,225000.0000000000,0.0000000000,0.0000000000,0.0000000000,0.0000000000,,,
14.6759999762,114,225000.0000000000,217698.2187500000,225000.0000000000,225000.0000000000,0.0000000000,0.0000000000,0.0000000000,0.0000000000,,,
14.6799999764,114,212804.6093750000,215796.1562500000,225000.0000000000,203836.4531250000,0.0000000000,0.0000000000,0.0000000000,0.0000000000,,,
14.6839999764,114,203213.0000000000,214915.4375000000,225000.0000000000,174472.4062500000,0.0000000000,0.0000000000,0.0000000000,0.0000000000,,,
14.6879999763,114,221484.4062500000,216229.8281250000,225000.0000000000,218751.0156250000,0.0000000000,0.0000000000,0.0000000000,0.0000000000,,,
14.6919999763,114,225000.0000000000,217926.4062500000,225000.0000000000,225000.0000000000,0.0000000000,0.0000000000,0.0000000000,0.0000000000,,,
14.6959999762,114,225000.0000000000,217667.4375000000,225000.0000000000,225000.0000000000,0.0000000000,0.0000000000,0.0000000000,0.0000000000,,,
14.6999999762,114,212723.5781250000,215776.0156250000,225000.0000000000,203490.0781250000,0.0000000000,0.0000000000,0.0000000000,0.0000000000,,,
14.7039999764,114,202905.3281250000,214891.6093750000,225000.0000000000,173500.8281250000,0.0000000000,0.0000000000,0.0000000000,0.0000000000,,,
14.7079999764,114,221190.9687500000,216181.5468750000,225000.0000000000,217933.9375000000,0.0000000000,0.0000000000,0.0000000000,0.0000000000,,,
14.7119999763,114,225000.0000000000,217864.8125000000,225000.0000000000,225000.0000000000,0.0000000000,0.0000000000,0.0000000000,0.0000000000,,,
14.7159999763,114,225000.0000000000,217618.4062500000,225000.0000000000,225000.0000000000,0.0000000000,0.0000000000,0.0000000000,0.0000000000,,,
14.7199999762,115,212573.7031250000,215727.3125000000,225000.0000000000,202988.8750000000,0.0000000000,0.0000000000,0.0000000000,0.0000000000,,,
14.7239999762,115,202478.0625000000,214817.7500000000,225000.0000000000,172122.8281250000,0.0000000000,0.0000000000,0.0000000000,0.0000000000,,,
14.7279999761,115,220839.7343750000,216085.4062500000,225000.0000000000,216937.7343750000,0.0000000000,0.0000000000,0.0000000000,0.0000000000,,,
14.7319999761,115,225000.0000000000,217769.4062500000,225000.0000000000,225000.0000000000,0.0000000000,0.0000000000,0.0000000000,0.0000000000,,,
14.7359999761,115,225000.0000000000,217535.2031250000,225000.0000000000,225000.0000000000,0.0000000000,0.0000000000,0.0000000000,0.0000000000,,,
14.7399999760,115,212519.7187500000,215644.4843750000,225000.0000000000,202591.3281250000,0.0000000000,0.0000000000,0.0000000000,0.0000000000,,,
14.7439999762,115,202233.8437500000,214730.9218750000,225000.0000000000,170930.3437500000,0.0000000000,0.0000000000,0.0000000000,0.0000000000,,,
14.7479999762,115,220620.0156250000,216004.3906250000,225000.0000000000,216072.1406250000,0.0000000000,0.0000000000,0.0000000000,0.0000000000,,,
14.7519999761,115,225000.0000000000,217710.6250000000,225000.0000000000,225000.0000000000,0.0000000000,0.0000000000,0.0000000000,0.0000000000,,,
14.7559999761,115,225000.0000000000,217507.7031250000,225000.0000000000,225000.0000000000,0.0000000000,0.0000000000,0.0000000000,0.0000000000,,,
14.7599999760,115,212703.9843750000,215642.4218750000,225000.0000000000,202543.2656250000,0.0000000000,0.0000000000,0.0000000000,0.0000000000,,,
14.7639999762,115,202285.6875000000,214731.9687500000,225000.0000000000,170327.7812500000,0.0000000000,0.0000000000,0.0000000000,0.0000000000,,,
14.7679999762,115,220594.3750000000,216004.5937500000,225000.0000000000,215511.6562500000,0.0000000000,0.0000000000,0.0000000000,0.0000000000,,,
14.7719999761,115,225000.0000000000,217720.8906250000,225000.0000000000,225000.0000000000,0.0000000000,0.0000000000,0.0000000000,0.0000000000,,,
14.7759999761,115,225000.0000000000,217533.5156250000,225000.0000000000,225000.0000000000,0.0000000000,0.0000000000,0.0000000000,0.0000000000,,,
14.7799999760,115,212943.4531250000,215670.9062500000,225000.0000000000,202718.7812500000,0.0000000000,0.0000000000,0.0000000000,0.0000000000,,,
14.7839999760,115,202333.7500000000,214748.8750000000,225000.0000000000,169974.0000000000,0.0000000000,0.0000000000,0.0000000000,0.0000000000,,,
14.7879999762,115,220497.6250000000,216011.4375000000,225000.0000000000,215083.3437500000,0.0000000000,0.0000000000,0.0000000000,0.0000000000,,,
14.7919999762,115,225000.0000000000,217729.2031250000,225000.0000000000,225000.0000000000,0.0000000000,0.0000000000,0.0000000000,0.0000000000,,,
14.7959999761,115,225000.0000000000,217562.2968750000,225000.0000000000,225000.0000000000,0.0000000000,0.0000000000,0.0000000000,0.0000000000,,,
14.7999999761,115,212951.7812500000,215719.6093750000,225000.0000000000,202788.8906250000,0.0000000000,0.0000000000,0.0000000000,0.0000000000,,,
14.8039999760,115,202110.9375000000,214793.4218750000,225000.0000000000,169277.7968750000,0.0000000000,0.0000000000,0.0000000000,0.0000000000,,,
14.8079999762,115,220190.7187500000,216029.8125000000,225000.0000000000,214404.9218750000,0.0000000000,0.0000000000,0.0000000000,0.0000000000,,,
14.8119999762,115,225000.0000000000,217726.9843750000,225000.0000000000,225000.0000000000,0.0000000000,0.0000000000,0.0000000000,0.0000000000,,,
14.8159999761,115,225000.0000000000,217562.5312500000,225000.0000000000,225000.0000000000,0.0000000000,0.0000000000,0.0000000000,0.0000000000,,,
14.8199999761,115,212838.2187500000,215726.2187500000,225000.0000000000,202958.0937500000,0.0000000000,0.0000000000,0.0000000000,0.0000000000,,,
14.8239999760,115,201798.9687500000,214789.9375000000,224857.4687500000,168919.0625000000,0.0000000000,0.0000000000,0.0000000000,0.0000000000,,,
14.8279999760,115,219847.4531250000,216007.7343750000,225000.0000000000,213917.8906250000,0.0000000000,0.0000000000,0.0000000000,0.0000000000,,,
14.8319999762,115,225000.0000000000,217708.9843750000,225000.0000000000,225000.0000000000,0.0000000000,0.0000000000,0.0000000000,0.0000000000,,,
14.8359999761,115,225000.0000000000,217559.4531250000,225000.0000000000,225000.0000000000,0.0000000000,0.0000000000,0.0000000000,0.0000000000,,,
14.8399999761,115,212766.6406250000,215715.5312500000,225000.0000000000,203093.4375000000,0.0000000000,0.0000000000,0.0000000000,0.0000000000,,,
14.8439999761,115,201537.8125000000,214758.5312500000,224603.7031250000,168707.0468750000,0.0000000000,0.0000000000,0.0000000000,0.0000000000,,,
14.8479999760,116,219558.3593750000,215970.1562500000,225000.0000000000,213498.9375000000,0.0000000000,0.0000000000,0.0000000000,0.0000000000,,,
14.8519999760,116,225000.0000000000,217676.4687500000,225000.0000000000,225000.0000000000,0.0000000000,0.0000000000,0.0000000000,0.0000000000,,,
14.8559999759,116,225000.0000000000,217539.3281250000,225000.0000000000,225000.0000000000,0.0000000000,0.0000000000,0.0000000000,0.0000000000,,,
14.8599999759,116,212786.3750000000,215699.1250000000,225000.0000000000,203284.1406250000,0.0000000000,0.0000000000,0.0000000000,0.0000000000,,,
14.8639999758,116,201361.9687500000,214730.9531250000,224442.6875000000,168516.7187500000,0.0000000000,0.0000000000,0.0000000000,0.0000000000,,,
14.8679999758,116,219500.6406250000,215922.5781250000,225000.0000000000,213288.7343750000,0.0000000000,0.0000000000,0.0000000000,0.0000000000,,,
14.8719999760,116,225000.0000000000,217622.5000000000,225000.0000000000,225000.0000000000,0.0000000000,0.0000000000,0.0000000000,0.0000000000,,,
14.8759999759,116,225000.0000000000,217493.1406250000,225000.0000000000,225000.0000000000,0.0000000000,0.0000000000,0.0000000000,0.0000000000,,,
14.8799999759,116,212819.7187500000,215661.9218750000,225000.0000000000,203405.1875000000,0.0000000000,0.0000000000,0.0000000000,0.0000000000,,,
14.8839999759,116,201077.6718750000,214683.8593750000,224111.9843750000,168035.2656250000,0.0000000000,0.0000000000,0.0000000000,0.0000000000,,,
14.8879999758,116,219153.7812500000,215870.8593750000,225000.0000000000,212462.4531250000,0.0000000000,0.0000000000,0.0000000000,0.0000000000,,,
14.8919999760,116,225000.0000000000,217588.0156250000,225000.0000000000,225000.0000000000,0.0000000000,0.0000000000,0.0000000000,0.0000000000,,,
14.8959999760,116,225000.0000000000,217484.2343750000,225000.0000000000,225000.0000000000,0.0000000000,0.0000000000,0.0000000000,0.0000000000,,,
14.8999999759,116,212894.9218750000,215665.8906250000,225000.0000000000,203683.3281250000,0.0000000000,0.0000000000,0.0000000000,0.0000000000,,,
14.9039999759,116,200836.5937500000,214690.0000000000,223908.3750000000,167912.5781250000,0.0000000000,0.0000000000,0.0000000000,0.0000000000,,,
14.9079999758,116,218985.6562500000,215874.6406250000,225000.0000000000,212127.9218750000,0.0000000000,0.0000000000,0.0000000000,0.0000000000,,,
14.9119999758,116,225000.0000000000,217593.7031250000,225000.0000000000,225000.0000000000,0.0000000000,0.0000000000,0.0000000000,0.0000000000,,,
14.9159999760,116,225000.0000000000,217507.5156250000,225000.0000000000,225000.0000000000,0.0000000000,0.0000000000,0.0000000000,0.0000000000,,,
14.9199999759,116,212961.4687500000,215691.8281250000,225000.0000000000,204053.2343750000,0.0000000000,0.0000000000,0.0000000000,0.0000000000,,,
14.9239999759,116,200585.6250000000,214694.5312500000,223792.3125000000,167831.1718750000,0.0000000000,0.0000000000,0.0000000000,0.0000000000,,,
14.9279999759,116,218773.3593750000,215870.0781250000,225000.0000000000,211766.5781250000,0.0000000000,0.0000000000,0.0000000000,0.0000000000,,,
14.9319999758,116,225000.0000000000,217604.7187500000,225000.0000000000,225000.0000000000,0.0000000000,0.0000000000,0.0000000000,0.0000000000,,,
14.9359999760,116,225000.0000000000,217525.7343750000,225000.0000000000,225000.0000000000,0.0000000000,0.0000000000,0.0000000000,0.0000000000,,,
14.9399999760,116,213048.9687500000,215697.0625000000,225000.0000000000,204401.7343750000,0.0000000000,0.0000000000,0.0000000000,0.0000000000,,,
14.9439999759,116,200424.9531250000,214682.2187500000,223764.1562500000,167804.2187500000,0.0000000000,0.0000000000,0.0000000000,0.0000000000,,,
14.9479999759,116,218549.0781250000,215850.3750000000,225000.0000000000,211423.8906250000,0.0000000000,0.0000000000,0.0000000000,0.0000000000,,,
14.9519999758,116,225000.0000000000,217593.6406250000,225000.0000000000,225000.0000000000,0.0000000000,0.0000000000,0.0000000000,0.0000000000,,,
14.9559999758,116,225000.0000000000,217527.7656250000,225000.0000000000,225000.0000000000,0.0000000000,0.0000000000,0.0000000000,0.0000000000,,,
14.9599999760,116,213141.2031250000,215699.1250000000,225000.0000000000,204740.1718750000,0.0000000000,0.0000000000,0.0000000000,0.0000000000,,,
14.9639999759,116,200328.2187500000,214672.1875000000,223795.6093750000,167763.6875000000,0.0000000000,0.0000000000,0.0000000000,0.0000000000,,,
14.9679999759,116,218357.3281250000,215834.8125000000,225000.0000000000,211069.4375000000,0.0000000000,0.0000000000,0.0000000000,0.0000000000,,,
14.9719999759,116,225000.0000000000,217580.4218750000,225000.0000000000,225000.0000000000,0.0000000000,0.0000000000,0.0000000000,0.0000000000,,,
14.9759999758,117,225000.0000000000,217522.3281250000,225000.0000000000,225000.0000000000,0.0000000000,0.0000000000,0.0000000000,0.0000000000,,,
14.9799999758,117,213226.1718750000,215697.7812500000,225000.0000000000,204948.1562500000,0.0000000000,0.0000000000,0.0000000000,0.0000000000,,,
14.9839999757,117,200241.1718750000,214660.7812500000,223792.9062500000,167552.3437500000,0.0000000000,0.0000000000,0.0000000000,0.0000000000,,,
14.9879999757,117,218109.8593750000,215799.1406250000,225000.0000000000,210552.7968750000,0.0000000000,0.0000000000,0.0000000000,0.0000000000,,,
14.9919999756,117,225000.0000000000,217535.6093750000,225000.0000000000,225000.0000000000,0.0000000000,0.0000000000,0.0000000000,0.0000000000,,,
14.9959999756,117,225000.0000000000,217483.9687500000,225000.0000000000,225000.0000000000,0.0000000000,0.0000000000,0.0000000000,0.0000000000,,,
14.9999999758,117,213168.0781250000,215660.7656250000,225000.0000000000,204834.7187500000,0.0000000000,0.0000000000,0.0000000000,0.0000000000,,,
15.0039999757,117,199956.8593750000,214609.9531250000,223561.1875000000,166828.0000000000,0.0000000000,0.0000000000,0.0000000000,0.0000000000,,,
15.0079999757,117,217657.6093750000,215727.8437500000,225000.0000000000,209610.5312500000,0.0000000000,0.0000000000,0.0000000000,0.0000000000,,,
15.0119999757,117,225000.0000000000,217459.5156250000,225000.0000000000,225000.0000000000,0.0000000000,0.0000000000,0.0000000000,0.0000000000,,,
15.0159999756,117,225000.0000000000,217418.0468750000,225000.0000000000,225000.0000000000,0.0000000000,0.0000000000,0.0000000000,0.0000000000,,,
15.0199999758,117,212896.6406250000,215604.2812500000,225000.0000000000,204268.0625000000,0.0000000000,0.0000000000,0.0000000000,0.0000000000,,,
15.0239999758,117,199426.4531250000,214535.8281250000,223141.9843750000,165663.4218750000,0.0000000000,0.0000000000,0.0000000000,0.0000000000,,,
15.0279999757,117,217000.1875000000,215624.7500000000,225000.0000000000,208292.6250000000,0.0000000000,0.0000000000,0.0000000000,0.0000000000,,,
15.0319999757,117,225000.0000000000,217329.5312500000,225000.0000000000,225000.0000000000,0.0000000000,0.0000000000,0.0000000000,0.0000000000,,,
15.0359999756,117,225000.0000000000,217276.7500000000,225000.0000000000,225000.0000000000,0.0000000000,0.0000000000,0.0000000000,0.0000000000,,,
15.0399999756,117,212176.6562500000,215451.8750000000,225000.0000000000,202916.6250000000,0.0000000000,0.0000000000,0.0000000000,0.0000000000,,,
15.0439999758,117,198328.0937500000,214361.3437500000,222266.4531250000,163364.0625000000,0.0000000000,0.0000000000,0.0000000000,0.0000000000,,,
15.0479999757,117,215772.5625000000,215421.4843750000,225000.0000000000,205937.4687500000,0.0000000000,0.0000000000,0.0000000000,0.0000000000,,,
15.0519999757,117,225000.0000000000,217110.7343750000,225000.0000000000,225000.0000000000,0.0000000000,0.0000000000,0.0000000000,0.0000000000,,,
15.0559999757,117,225000.0000000000,217068.2500000000,225000.0000000000,225000.0000000000,0.0000000000,0.0000000000,0.0000000000,0.0000000000,,,
15.0599999756,117,211071.4531250000,215261.7812500000,225000.0000000000,200711.2500000000,0.0000000000,0.0000000000,0.0000000000,0.0000000000,,,
15.0639999758,117,196910.5625000000,214170.7656250000,221218.8125000000,160386.8125000000,0.0000000000,0.0000000000,0.0000000000,0.0000000000,,,
15.0679999758,117,214364.4218750000,215211.4218750000,225000.0000000000,203144.5781250000,0.0000000000,0.0000000000,0.0000000000,0.0000000000,,,
15.0719999757,117,225000.0000000000,216885.2968750000,225000.0000000000,225000.0000000000,0.0000000000,0.0000000000,0.0000000000,0.0000000000,,,
15.0759999757,117,225000.0000000000,216856.3125000000,225000.0000000000,225000.0000000000,0.0000000000,0.0000000000,0.0000000000,0.0000000000,,,
15.0799999756,117,209951.7343750000,215072.6718750000,225000.0000000000,198474.7968750000,0.0000000000,0.0000000000,0.0000000000,0.0000000000,,,
15.0839999756,117,195549.7968750000,214008.6093750000,220391.5468750000,157625.2343750000,0.0000000000,0.0000000000,0.0000000000,0.0000000000,,,
15.0879999758,117,213144.7968750000,215060.8593750000,225000.0000000000,200661.4687500000,0.0000000000,0.0000000000,0.0000000000,0.0000000000,,,
15.0919999757,117,225000.0000000000,216745.3906250000,225000.0000000000,225000.0000000000,0.0000000000,0.0000000000,0.0000000000,0.0000000000,,,
15.0959999757,117,225000.0000000000,216748.0468750000,225000.0000000000,225000.0000000000,0.0000000000,0.0000000000,0.0000000000,0.0000000000,,,
15.0999999756,117,209554.6875000000,215007.8125000000,225000.0000000000,197625.4062500000,0.0000000000,0.0000000000,0.0000000000,0.0000000000,,,
15.1039999756,118,194929.6406250000,213951.7968750000,220278.0312500000,156454.2656250000,0.0000000000,0.0000000000,0.0000000000,0.0000000000,,,
15.1079999756,118,212549.6406250000,214985.7656250000,225000.0000000000,199364.4062500000,0.0000000000,0.0000000000,0.0000000000,0.0000000000,,,
15.1119999755,118,225000.0000000000,216669.5937500000,225000.0000000000,225000.0000000000,0.0000000000,0.0000000000,0.0000000000,0.0000000000,,,
15.1159999755,118,225000.0000000000,216703.0468750000,225000.0000000000,225000.0000000000,0.0000000000,0.0000000000,0.0000000000,0.0000000000,,,
15.1199999754,118,209648.8906250000,215002.7187500000,225000.0000000000,197565.9687500000,0.0000000000,0.0000000000,0.0000000000,0.0000000000,,,
15.1239999754,118,194971.7031250000,213966.8750000000,220517.1406250000,156238.4531250000,0.0000000000,0.0000000000,0.0000000000,0.0000000000,,,
15.1279999756,118,212560.0312500000,215002.0156250000,225000.0000000000,198968.5937500000,0.0000000000,0.0000000000,0.0000000000,0.0000000000,,,
15.1319999755,118,225000.0000000000,216694.9531250000,225000.0000000000,225000.0000000000,0.0000000000,0.0000000000,0.0000000000,0.0000000000,,,
15.1359999755,118,225000.0000000000,216758.8593750000,225000.0000000000,225000.0000000000,0.0000000000,0.0000000000,0.0000000000,0.0000000000,,,
15.1399999755,118,210266.1718750000,215089.0781250000,225000.0000000000,198519.3281250000,0.0000000000,0.0000000000,0.0000000000,0.0000000000,,,
15.1439999754,118,195495.4843750000,214059.4843750000,221012.6093750000,157029.9687500000,0.0000000000,0.0000000000,0.0000000000,0.0000000000,,,
15.1479999756,118,212924.6250000000,215085.1875000000,225000.0000000000,199289.2343750000,0.0000000000,0.0000000000,0.0000000000,0.0000000000,,,
15.1519999756,118,225000.0000000000,216771.7968750000,225000.0000000000,225000.0000000000,0.0000000000,0.0000000000,0.0000000000,0.0000000000,,,
15.1559999755,118,225000.0000000000,216849.1406250000,225000.0000000000,225000.0000000000,0.0000000000,0.0000000000,0.0000000000,0.0000000000,,,
15.1599999755,118,210977.3906250000,215190.3281250000,225000.0000000000,199772.4843750000,0.0000000000,0.0000000000,0.0000000000,0.0000000000,,,
15.1639999754,118,196102.6250000000,214150.0625000000,221517.3906250000,158175.4062500000,0.0000000000,0.0000000000,0.0000000000,0.0000000000,,,
15.1679999754,118,213346.9531250000,215150.8281250000,225000.0000000000,199905.0937500000,0.0000000000,0.0000000000,0.0000000000,0.0000000000,,,
15.1719999756,118,225000.0000000000,216830.0000000000,225000.0000000000,225000.0000000000,0.0000000000,0.0000000000,0.0000000000,0.0000000000,,,
15.1759999755,118,225000.0000000000,216915.5312500000,225000.0000000000,225000.0000000000,0.0000000000,0.0000000000,0.0000000000,0.0000000000,,,
15.1799999755,118,211830.1406250000,215260.5468750000,225000.0000000000,201256.3906250000,0.0000000000,0.0000000000,0.0000000000,0.0000000000,,,
15.1839999754,118,196948.0937500000,214212.1562500000,222069.3437500000,159517.8125000000,0.0000000000,0.0000000000,0.0000000000,0.0000000000,,,
15.1879999754,118,214010.5312500000,215206.1875000000,225000.0000000000,200653.9062500000,0.0000000000,0.0000000000,0.0000000000,0.0000000000,,,
15.1919999756,118,225000.0000000000,216886.8281250000,225000.0000000000,225000.0000000000,0.0000000000,0.0000000000,0.0000000000,0.0000000000,,,
15.1959999755,118,225000.0000000000,216990.3906250000,225000.0000000000,225000.0000000000,0.0000000000,0.0000000000,0.0000000000,0.0000000000,,,
15.1999999755,118,212894.2031250000,215353.3593750000,225000.0000000000,202675.0156250000,0.0000000000,0.0000000000,0.0000000000,0.0000000000,,,
15.2039999755,118,198142.1562500000,214303.9375000000,222697.5625000000,160876.7187500000,0.0000000000,0.0000000000,0.0000000000,0.0000000000,,,
15.2079999754,118,214893.4687500000,215290.1093750000,225000.0000000000,201455.1093750000,0.0000000000,0.0000000000,0.0000000000,0.0000000000,,,
15.2119999754,118,225000.0000000000,216978.7968750000,225000.0000000000,225000.0000000000,0.0000000000,0.0000000000,0.0000000000,0.0000000000,,,
15.2159999756,118,225000.0000000000,217100.9531250000,225000.0000000000,225000.0000000000,0.0000000000,0.0000000000,0.0000000000,0.0000000000,,,
15.2199999755,118,214005.1406250000,215477.0937500000,225000.0000000000,204130.8125000000,0.0000000000,0.0000000000,0.0000000000,0.0000000000,,,
15.2239999755,118,199341.0781250000,214424.9062500000,223343.3437500000,162202.6093750000,0.0000000000,0.0000000000,0.0000000000,0.0000000000,,,
15.2279999754,118,215675.2812500000,215399.8906250000,225000.0000000000,202141.9687500000,0.0000000000,0.0000000000,0.0000000000,0.0000000000,,,
15.2319999754,119,225000.0000000000,217081.2343750000,225000.0000000000,225000.0000000000,0.0000000000,0.0000000000,0.0000000000,0.0000000000,,,
15.2359999754,119,225000.0000000000,217207.9687500000,225000.0000000000,225000.0000000000,0.0000000000,0.0000000000,0.0000000000,0.0000000000,,,
15.2399999753,119,214893.1406250000,215582.7343750000,225000.0000000000,205468.7187500000,0.0000000000,0.0000000000,0.0000000000,0.0000000000,,,
15.2439999753,119,200246.5156250000,214506.7656250000,223890.3750000000,163400.7343750000,0.0000000000,0.0000000000,0.0000000000,0.0000000000,,,
15.2479999752,119,216200.1875000000,215455.0468750000,225000.0000000000,202777.1250000000,0.0000000000,0.0000000000,0.0000000000,0.0000000000,,,
15.2519999752,119,225000.0000000000,217122.0312500000,225000.0000000000,225000.0000000000,0.0000000000,0.0000000000,0.0000000000,0.0000000000,,,
15.2559999754,119,225000.0000000000,217247.4843750000,225000.0000000000,225000.0000000000,0.0000000000,0.0000000000,0.0000000000,0.0000000000,,,
15.2599999753,119,215547.2343750000,215621.9218750000,225000.0000000000,206661.5468750000,0.0000000000,0.0000000000,0.0000000000,0.0000000000,,,
15.2639999753,119,200943.6718750000,214540.1093750000,224412.5156250000,164517.4375000000,0.0000000000,0.0000000000,0.0000000000,0.0000000000,,,
15.2679999752,119,216561.0156250000,215473.9531250000,225000.0000000000,203313.6406250000,0.0000000000,0.0000000000,0.0000000000,0.0000000000,,,
15.2719999752,119,225000.0000000000,217143.6250000000,225000.0000000000,225000.0000000000,0.0000000000,0.0000000000,0.0000000000,0.0000000000,,,
15.2759999754,119,225000.0000000000,217289.1406250000,225000.0000000000,225000.0000000000,0.0000000000,0.0000000000,0.0000000000,0.0000000000,,,
15.2799999753,119,216124.6562500000,215673.2656250000,225000.0000000000,207792.5000000000,0.0000000000,0.0000000000,0.0000000000,0.0000000000,,,
15.2839999753,119,201567.6093750000,214583.0781250000,224912.2656250000,165504.0625000000,0.0000000000,0.0000000000,0.0000000000,0.0000000000,,,
15.2879999753,119,216853.3593750000,215509.7031250000,225000.0000000000,203747.5781250000,0.0000000000,0.0000000000,0.0000000000,0.0000000000,,,
15.2919999752,119,225000.0000000000,217184.7500000000,225000.0000000000,225000.0000000000,0.0000000000,0.0000000000,0.0000000000,0.0000000000,,,
15.2959999752,119,225000.0000000000,217335.3750000000,225000.0000000000,225000.0000000000,0.0000000000,0.0000000000,0.0000000000,0.0000000000,,,
15.2999999754,119,216649.3750000000,215720.5312500000,225000.0000000000,208783.3125000000,0.0000000000,0.0000000000,0.0000000000,0.0000000000,,,
15.3039999753,119,202170.3593750000,214624.2187500000,225000.0000000000,166377.4531250000,0.0000000000,0.0000000000,0.0000000000,0.0000000000,,,
15.3079999753,119,217118.7812500000,215546.0937500000,225000.0000000000,204111.0312500000,0.0000000000,0.0000000000,0.0000000000,0.0000000000,,,
15.3119999752,119,225000.0000000000,217220.9843750000,225000.0000000000,225000.0000000000,0.0000000000,0.0000000000,0.0000000000,0.0000000000,,,
15.3159999752,119,225000.0000000000,217382.2812500000,225000.0000000000,225000.0000000000,0.0000000000,0.0000000000,0.0000000000,0.0000000000,,,
15.3199999754,119,217115.0000000000,215769.0000000000,225000.0000000000,209751.3750000000,0.0000000000,0.0000000000,0.0000000000,0.0000000000,,,
15.3239999753,119,202680.3750000000,214659.1562500000,225000.0000000000,167248.3125000000,0.0000000000,0.0000000000,0.0000000000,0.0000000000,,,
15.3279999753,119,217297.9375000000,215564.2812500000,225000.0000000000,204448.5937500000,0.0000000000,0.0000000000,0.0000000000,0.0000000000,,,
15.3319999753,119,225000.0000000000,217238.2500000000,225000.0000000000,225000.0000000000,0.0000000000,0.0000000000,0.0000000000,0.0000000000,,,
15.3359999752,119,225000.0000000000,217411.7968750000,225000.0000000000,225000.0000000000,0.0000000000,0.0000000000,0.0000000000,0.0000000000,,,
15.3399999752,119,217498.6406250000,215809.1406250000,225000.0000000000,210664.9687500000,0.0000000000,0.0000000000,0.0000000000,0.0000000000,,,
15.3439999754,119,203079.4531250000,214694.6562500000,225000.0000000000,168099.6718750000,0.0000000000,0.0000000000,0.0000000000,0.0000000000,,,
15.3479999753,119,217416.1875000000,215592.7500000000,225000.0000000000,204794.4375000000,0.0000000000,0.0000000000,0.0000000000,0.0000000000,,,
15.3519999753,119,225000.0000000000,217271.4531250000,225000.0000000000,225000.0000000000,0.0000000000,0.0000000000,0.0000000000,0.0000000000,,,
15.3559999752,119,225000.0000000000,217456.5312500000,225000.0000000000,225000.0000000000,0.0000000000,0.0000000000,0.0000000000,0.0000000000,,,
15.3599999752,120,217861.2031250000,215852.8125000000,225000.0000000000,211650.5937500000,0.0000000000,0.0000000000,0.0000000000,0.0000000000,,,
15.3639999751,120,203443.2812500000,214726.2343750000,225000.0000000000,169000.1093750000,0.0000000000,0.0000000000,0.0000000000,0.0000000000,,,
15.3679999751,120,217531.5468750000,215618.3593750000,225000.0000000000,205172.0468750000,0.0000000000,0.0000000000,0.0000000000,0.0000000000,,,
15.3719999751,120,225000.0000000000,217305.3906250000,225000.0000000000,225000.0000000000,0.0000000000,0.0000000000,0.0000000000,0.0000000000,,,
15.3759999750,120,225000.0000000000,217506.5781250000,225000.0000000000,225000.0000000000,0.0000000000,0.0000000000,0.0000000000,0.0000000000,,,
15.3799999750,120,218251.0312500000,215914.1562500000,225000.0000000000,212729.0781250000,0.0000000000,0.0000000000,0.0000000000,0.0000000000,,,
15.3839999752,120,203787.5156250000,214786.2343750000,225000.0000000000,170409.5937500000,0.0000000000,0.0000000000,0.0000000000,0.0000000000,,,
15.3879999751,120,217682.1093750000,215681.2656250000,225000.0000000000,206084.8750000000,0.0000000000,0.0000000000,0.0000000000,0.0000000000,,,
15.3919999751,120,225000.0000000000,217391.5468750000,225000.0000000000,225000.0000000000,0.0000000000,0.0000000000,0.0000000000,0.0000000000,,,
15.3959999750,120,225000.0000000000,217623.4687500000,225000.0000000000,225000.0000000000,0.0000000000,0.0000000000,0.0000000000,0.0000000000,,,
15.3999999750,120,218705.5312500000,216035.3593750000,225000.0000000000,214269.9375000000,0.0000000000,0.0000000000,0.0000000000,0.0000000000,,,
15.4039999752,120,204145.3906250000,214893.5937500000,225000.0000000000,172214.5468750000,0.0000000000,0.0000000000,0.0000000000,0.0000000000,,,
15.4079999751,120,217902.8750000000,215792.8593750000,225000.0000000000,207128.0625000000,0.0000000000,0.0000000000,0.0000000000,0.0000000000,,,
15.4119999751,120,225000.0000000000,217522.3281250000,225000.0000000000,225000.0000000000,0.0000000000,0.0000000000,0.0000000000,0.0000000000,,,
15.4159999751,120,225000.0000000000,217766.8125000000,225000.0000000000,225000.0000000000,0.0000000000,0.0000000000,0.0000000000,0.0000000000,,,
15.4199999750,120,219289.6406250000,216176.5312500000,225000.0000000000,215966.4531250000,0.0000000000,0.0000000000,0.0000000000,0.0000000000,,,
15.4239999750,120,204600.3750000000,215026.9062500000,225000.0000000000,174293.7500000000,0.0000000000,0.0000000000,0.0000000000,0.0000000000,,,
15.4279999752,120,218306.0625000000,215938.4843750000,225000.0000000000,208546.8437500000,0.0000000000,0.0000000000,0.0000000000,0.0000000000,,,
15.4319999751,120,225000.0000000000,217711.9375000000,225000.0000000000,225000.0000000000,0.0000000000,0.0000000000,0.0000000000,0.0000000000,,,
15.4359999751,120,225000.0000000000,218000.6406250000,225000.0000000000,225000.0000000000,0.0000000000,0.0000000000,0.0000000000,0.0000000000,,,
15.4399999750,120,220310.8593750000,216426.6406250000,225000.0000000000,218427.2187500000,0.0000000000,0.0000000000,0.0000000000,0.0000000000,,,
15.4439999750,120,205554.0156250000,215284.6875000000,225000.0000000000,177800.4687500000,0.0000000000,0.0000000000,0.0000000000,0.0000000000,,,
15.4479999752,120,219456.3125000000,216249.2656250000,225000.0000000000,211483.1250000000,0.0000000000,0.0000000000,0.0000000000,0.0000000000,,,
15.4519999751,120,225000.0000000000,218135.0781250000,225000.0000000000,225000.0000000000,0.0000000000,0.0000000000,0.0000000000,0.0000000000,,,
15.4559999751,120,225000.0000000000,218565.5781250000,225000.0000000000,225000.0000000000,0.0000000000,0.0000000000,0.0000000000,0.0000000000,,,
15.4599999750,120,223317.7187500000,217107.5156250000,225000.0000000000,224718.6718750000,0.0000000000,0.0000000000,0.0000000000,0.0000000000,,,
15.4639999750,120,208620.6406250000,216020.6875000000,225000.0000000000,187660.1406250000,0.0000000000,0.0000000000,0.0000000000,0.0000000000,,,
15.4679999750,120,222482.2187500000,217010.9062500000,225000.0000000000,218847.3906250000,0.0000000000,0.0000000000,0.0000000000,0.0000000000,,,
15.4719999752,120,225000.0000000000,218844.1250000000,225000.0000000000,225000.0000000000,0.0000000000,0.0000000000,0.0000000000,0.0000000000,,,
15.4759999751,120,225000.0000000000,219025.6250000000,225000.0000000000,225000.0000000000,0.0000000000,0.0000000000,0.0000000000,0.0000000000,,,
15.4799999751,120,223145.6875000000,217173.0781250000,225000.0000000000,225000.0000000000,0.0000000000,0.0000000000,0.0000000000,0.0000000000,,,
15.4839999750,120,206758.7343750000,215743.5625000000,225000.0000000000,185502.5937500000,0.0000000000,0.0000000000,0.0000000000,0.0000000000,,,
15.4879999750,121,219812.8750000000,216553.0312500000,225000.0000000000,215475.9843750000,0.0000000000,0.0000000000,0.0000000000,0.0000000000,,,
15.4919999749,121,225000.0000000000,218346.6250000000,225000.0000000000,225000.0000000000,0.0000000000,0.0000000000,0.0000000000,0.0000000000,,,
15.4959999749,121,225000.0000000000,218571.3593750000,225000.0000000000,225000.0000000000,0.0000000000,0.0000000000,0.0000000000,0.0000000000,,,
15.4999999749,121,221009.9218750000,216762.8593750000,225000.0000000000,222255.3593750000,0.0000000000,0.0000000000,0.0000000000,0.0000000000,,,
15.5039999748,121,204684.8437500000,215352.3437500000,225000.0000000000,180945.3906250000,0.0000000000,0.0000000000,0.0000000000,0.0000000000,,,
15.5079999748,121,217574.9843750000,216166.5781250000,225000.0000000000,211526.7031250000,0.0000000000,0.0000000000,0.0000000000,0.0000000000,,,
15.5119999750,121,225000.0000000000,217965.8281250000,225000.0000000000,225000.0000000000,0.0000000000,0.0000000000,0.0000000000,0.0000000000,,,
15.5159999749,121,225000.0000000000,218205.7343750000,225000.0000000000,225000.0000000000,0.0000000000,0.0000000000,0.0000000000,0.0000000000,,,
15.5199999749,121,219621.2343750000,216407.8437500000,225000.0000000000,221048.9218750000,0.0000000000,0.0000000000,0.0000000000,0.0000000000,,,
15.5239999748,121,203598.8437500000,214999.8437500000,225000.0000000000,179939.5000000000,0.0000000000,0.0000000000,0.0000000000,0.0000000000,,,
15.5279999748,121,216695.4531250000,215818.7812500000,225000.0000000000,210863.8750000000,0.0000000000,0.0000000000,0.0000000000,0.0000000000,,,
15.5319999750,121,225000.0000000000,217643.0312500000,225000.0000000000,225000.0000000000,0.0000000000,0.0000000000,0.0000000000,0.0000000000,,,
15.5359999749,121,225000.0000000000,217925.6250000000,225000.0000000000,225000.0000000000,0.0000000000,0.0000000000,0.0000000000,0.0000000000,,,
15.5399999749,121,219816.4531250000,216174.1875000000,225000.0000000000,220547.9375000000,0.0000000000,0.0000000000,0.0000000000,0.0000000000,,,
15.5439999748,121,203949.5937500000,214813.1093750000,225000.0000000000,178191.9687500000,0.0000000000,0.0000000000,0.0000000000,0.0000000000,,,
15.5479999748,121,216890.2968750000,215683.0000000000,225000.0000000000,208489.1875000000,0.0000000000,0.0000000000,0.0000000000,0.0000000000,,,
15.5519999748,121,225000.0000000000,217556.5781250000,225000.0000000000,225000.0000000000,0.0000000000,0.0000000000,0.0000000000,0.0000000000,,,
15.5559999750,121,225000.0000000000,217879.0625000000,225000.0000000000,225000.0000000000,0.0000000000,0.0000000000,0.0000000000,0.0000000000,,,
15.5599999749,121,220027.0468750000,216147.7968750000,225000.0000000000,218619.0312500000,0.0000000000,0.0000000000,0.0000000000,0.0000000000,,,
15.5639999749,121,203818.4843750000,214771.7812500000,225000.0000000000,174609.8437500000,0.0000000000,0.0000000000,0.0000000000,0.0000000000,,,
15.5679999748,121,216437.0000000000,215619.1718750000,225000.0000000000,205899.5312500000,0.0000000000,0.0000000000,0.0000000000,0.0000000000,,,
15.5719999748,121,225000.0000000000,217492.7968750000,225000.0000000000,225000.0000000000,0.0000000000,0.0000000000,0.0000000000,0.0000000000,,,
15.5759999750,121,225000.0000000000,217841.3437500000,225000.0000000000,225000.0000000000,0.0000000000,0.0000000000,0.0000000000,0.0000000000,,,
15.5799999749,121,219413.1250000000,216138.6250000000,225000.0000000000,218124.0000000000,0.0000000000,0.0000000000,0.0000000000,0.0000000000,,,
15.5839999749,121,202674.5468750000,214784.7812500000,225000.0000000000,172539.9375000000,0.0000000000,0.0000000000,0.0000000000,0.0000000000,,,
15.5879999748,121,215364.1875000000,215627.1093750000,225000.0000000000,204122.6718750000,0.0000000000,0.0000000000,0.0000000000,0.0000000000,,,
15.5919999748,121,225000.0000000000,217499.7968750000,225000.0000000000,225000.0000000000,0.0000000000,0.0000000000,0.0000000000,0.0000000000,,,
15.5959999748,121,225000.0000000000,217855.4375000000,225000.0000000000,225000.0000000000,0.0000000000,0.0000000000,0.0000000000,0.0000000000,,,
15.5999999749,121,218844.2343750000,216158.5625000000,225000.0000000000,217778.2656250000,0.0000000000,0.0000000000,0.0000000000,0.0000000000,,,
15.6039999749,121,201653.4062500000,214786.4687500000,225000.0000000000,171765.4375000000,0.0000000000,0.0000000000,0.0000000000,0.0000000000,,,
15.6079999749,121,214464.5781250000,215603.0156250000,225000.0000000000,203085.0937500000,0.0000000000,0.0000000000,0.0000000000,0.0000000000,,,
15.6119999748,121,225000.0000000000,217453.7968750000,225000.0000000000,225000.0000000000,0.0000000000,0.0000000000,0.0000000000,0.0000000000,,,
15.6159999748,122,225000.0000000000,217823.9687500000,225000.0000000000,225000.0000000000,0.0000000000,0.0000000000,0.0000000000,0.0000000000,,,
15.6199999747,122,218649.0937500000,216154.6406250000,225000.0000000000,217691.8437500000,0.0000000000,0.0000000000,0.0000000000,0.0000000000,,,
15.6239999747,122,201564.0937500000,214797.7656250000,225000.0000000000,171419.7656250000,0.0000000000,0.0000000000,0.0000000000,0.0000000000,,,
15.6279999746,122,214301.4531250000,215607.4687500000,225000.0000000000,202479.9375000000,0.0000000000,0.0000000000,0.0000000000,0.0000000000,,,
15.6319999746,122,225000.0000000000,217452.4062500000,225000.0000000000,225000.0000000000,0.0000000000,0.0000000000,0.0000000000,0.0000000000,,,
15.6359999746,122,225000.0000000000,217837.4531250000,225000.0000000000,225000.0000000000,0.0000000000,0.0000000000,0.0000000000,0.0000000000,,,
15.6399999748,122,219014.1406250000,216185.7031250000,225000.0000000000,217935.1250000000,0.0000000000,0.0000000000,0.0000000000,0.0000000000,,,
15.6439999747,122,202108.8750000000,214813.7031250000,225000.0000000000,172131.0000000000,0.0000000000,0.0000000000,0.0000000000,0.0000000000,,,
15.6479999747,122,214472.1718750000,215595.5312500000,225000.0000000000,202485.9218750000,0.0000000000,0.0000000000,0.0000000000,0.0000000000,,,
15.6519999746,122,225000.0000000000,217432.3437500000,225000.0000000000,225000.0000000000,0.0000000000,0.0000000000,0.0000000000,0.0000000000,,,
15.6559999746,122,225000.0000000000,217820.3125000000,225000.0000000000,225000.0000000000,0.0000000000,0.0000000000,0.0000000000,0.0000000000,,,
15.6599999748,122,219188.8906250000,216162.9062500000,225000.0000000000,217968.4375000000,0.0000000000,0.0000000000,0.0000000000,0.0000000000,,,
15.6639999747,122,202154.4531250000,214780.6250000000,225000.0000000000,171743.6875000000,0.0000000000,0.0000000000,0.0000000000,0.0000000000,,,
15.6679999747,122,214296.5625000000,215556.8281250000,225000.0000000000,201713.2187500000,0.0000000000,0.0000000000,0.0000000000,0.0000000000,,,
15.6719999746,122,225000.0000000000,217395.2187500000,225000.0000000000,225000.0000000000,0.0000000000,0.0000000000,0.0000000000,0.0000000000,,,
15.6759999746,122,225000.0000000000,217794.9687500000,225000.0000000000,225000.0000000000,0.0000000000,0.0000000000,0.0000000000,0.0000000000,,,
15.6799999746,122,219137.7968750000,216148.8281250000,225000.0000000000,217785.8281250000,0.0000000000,0.0000000000,0.0000000000,0.0000000000,,,
15.6839999747,122,201728.4531250000,214757.1093750000,224757.8281250000,170512.8593750000,0.0000000000,0.0000000000,0.0000000000,0.0000000000,,,
15.6879999747,122,213832.2187500000,215500.2031250000,225000.0000000000,200394.1718750000,0.0000000000,0.0000000000,0.0000000000,0.0000000000,,,
15.6919999747,122,225000.0000000000,217307.0000000000,225000.0000000000,225000.0000000000,0.0000000000,0.0000000000,0.0000000000,0.0000000000,,,
15.6959999746,122,225000.0000000000,217707.0468750000,225000.0000000000,225000.0000000000,0.0000000000,0.0000000000,0.0000000000,0.0000000000,,,
15.6999999746,122,219007.4687500000,216069.9687500000,225000.0000000000,217811.5468750000,0.0000000000,0.0000000000,0.0000000000,0.0000000000,,,
15.7039999748,122,201171.1250000000,214668.2187500000,224150.4218750000,170079.0781250000,0.0000000000,0.0000000000,0.0000000000,0.0000000000,,,
15.7079999747,122,213311.4687500000,215391.9218750000,225000.0000000000,199637.5156250000,0.0000000000,0.0000000000,0.0000000000,0.0000000000,,,
15.7119999747,122,225000.0000000000,217201.8906250000,225000.0000000000,225000.0000000000,0.0000000000,0.0000000000,0.0000000000,0.0000000000,,,
15.7159999746,122,225000.0000000000,217618.4531250000,225000.0000000000,225000.0000000000,0.0000000000,0.0000000000,0.0000000000,0.0000000000,,,
15.7199999746,122,219042.9843750000,215983.4375000000,225000.0000000000,217842.2343750000,0.0000000000,0.0000000000,0.0000000000,0.0000000000,,,
15.7239999746,122,200965.9062500000,214568.5156250000,224025.4531250000,169692.3593750000,0.0000000000,0.0000000000,0.0000000000,0.0000000000,,,
15.7279999747,122,213102.2812500000,215294.5312500000,225000.0000000000,198943.3125000000,0.0000000000,0.0000000000,0.0000000000,0.0000000000,,,
15.7319999747,122,225000.0000000000,217125.5000000000,225000.0000000000,225000.0000000000,0.0000000000,0.0000000000,0.0000000000,0.0000000000,,,
15.7359999747,122,225000.0000000000,217563.6562500000,225000.0000000000,225000.0000000000,0.0000000000,0.0000000000,0.0000000000,0.0000000000,,,
15.7399999746,122,219347.4687500000,215940.8437500000,225000.0000000000,218030.7187500000,0.0000000000,0.0000000000,0.0000000000,0.0000000000,,,
15.7439999746,123,201240.7500000000,214535.6093750000,224208.2656250000,169601.7656250000,0.0000000000,0.0000000000,0.0000000000,0.0000000000,,,
15.7479999745,123,213183.5781250000,215278.7968750000,225000.0000000000,198512.6562500000,0.0000000000,0.0000000000,0.0000000000,0.0000000000,,,
15.7519999745,123,225000.0000000000,217142.7968750000,225000.0000000000,225000.0000000000,0.0000000000,0.0000000000,0.0000000000,0.0000000000,,,
15.7559999744,123,225000.0000000000,217618.6718750000,225000.0000000000,225000.0000000000,0.0000000000,0.0000000000,0.0000000000,0.0000000000,,,
15.7599999744,123,219624.8906250000,216017.6406250000,225000.0000000000,218380.8281250000,0.0000000000,0.0000000000,0.0000000000,0.0000000000,,,
15.7639999744,123,201449.1562500000,214611.4531250000,224499.5312500000,169764.5625000000,0.0000000000,0.0000000000,0.0000000000,0.0000000000,,,
15.7679999745,123,213137.4531250000,215343.4062500000,225000.0000000000,198294.4218750000,0.0000000000,0.0000000000,0.0000000000,0.0000000000,,,
15.7719999745,123,225000.0000000000,217196.7812500000,225000.0000000000,225000.0000000000,0.0000000000,0.0000000000,0.0000000000,0.0000000000,,,
15.7759999745,123,225000.0000000000,217677.7812500000,225000.0000000000,225000.0000000000,0.0000000000,0.0000000000,0.0000000000,0.0000000000,,,
15.7799999744,123,219685.5625000000,216088.3906250000,225000.0000000000,218743.5156250000,0.0000000000,0.0000000000,0.0000000000,0.0000000000,,,
15.7839999744,123,201390.5000000000,214673.5468750000,224592.3125000000,169996.4218750000,0.0000000000,0.0000000000,0.0000000000,0.0000000000,,,
15.7879999746,123,212870.8906250000,215375.9218750000,225000.0000000000,198046.0781250000,0.0000000000,0.0000000000,0.0000000000,0.0000000000,,,
15.7919999745,123,225000.0000000000,217205.6875000000,225000.0000000000,225000.0000000000,0.0000000000,0.0000000000,0.0000000000,0.0000000000,,,
15.7959999745,123,225000.0000000000,217680.7656250000,225000.0000000000,225000.0000000000,0.0000000000,0.0000000000,0.0000000000,0.0000000000,,,
15.7999999744,123,219651.5937500000,216087.6718750000,225000.0000000000,219036.5468750000,0.0000000000,0.0000000000,0.0000000000,0.0000000000,,,
15.8039999744,123,201267.7031250000,214656.3593750000,224627.9531250000,170260.4843750000,0.0000000000,0.0000000000,0.0000000000,0.0000000000,,,
15.8079999743,123,212589.6562500000,215339.1406250000,225000.0000000000,197894.3750000000,0.0000000000,0.0000000000,0.0000000000,0.0000000000,,,
15.8119999745,123,225000.0000000000,217174.4375000000,225000.0000000000,225000.0000000000,0.0000000000,0.0000000000,0.0000000000,0.0000000000,,,
15.8159999745,123,225000.0000000000,217668.1093750000,225000.0000000000,225000.0000000000,0.0000000000,0.0000000000,0.0000000000,0.0000000000,,,
15.8199999745,123,219689.6093750000,216069.0000000000,225000.0000000000,219301.3750000000,0.0000000000,0.0000000000,0.0000000000,0.0000000000,,,
15.8239999744,123,201189.8437500000,214609.3593750000,224540.6562500000,170676.0625000000,0.0000000000,0.0000000000,0.0000000000,0.0000000000,,,
15.8279999744,123,212381.1250000000,215282.9843750000,225000.0000000000,197730.7343750000,0.0000000000,0.0000000000,0.0000000000,0.0000000000,,,
15.8319999746,123,225000.0000000000,217130.0468750000,225000.0000000000,225000.0000000000,0.0000000000,0.0000000000,0.0000000000,0.0000000000,,,
15.8359999745,123,225000.0000000000,217633.6718750000,225000.0000000000,225000.0000000000,0.0000000000,0.0000000000,0.0000000000,0.0000000000,,,
15.8399999745,123,219840.0000000000,216028.2500000000,225000.0000000000,219526.4687500000,0.0000000000,0.0000000000,0.0000000000,0.0000000000,,,
15.8439999744,123,201221.0312500000,214553.3125000000,224456.7500000000,170660.9687500000,0.0000000000,0.0000000000,0.0000000000,0.0000000000,,,
15.8479999744,123,212284.6406250000,215224.6718750000,225000.0000000000,197262.9218750000,0.0000000000,0.0000000000,0.0000000000,0.0000000000,,,
15.8519999743,123,225000.0000000000,217083.7656250000,225000.0000000000,225000.0000000000,0.0000000000,0.0000000000,0.0000000000,0.0000000000,,,
15.8559999745,123,225000.0000000000,217609.6093750000,225000.0000000000,225000.0000000000,0.0000000000,0.0000000000,0.0000000000,0.0000000000,,,
15.8599999745,123,220069.1406250000,216019.6250000000,225000.0000000000,219701.3593750000,0.0000000000,0.0000000000,0.0000000000,0.0000000000,,,
15.8639999744,123,201267.2031250000,214546.6093750000,224396.3437500000,170389.2500000000,0.0000000000,0.0000000000,0.0000000000,0.0000000000,,,
15.8679999744,123,212203.1093750000,215211.6875000000,225000.0000000000,196650.1562500000,0.0000000000,0.0000000000,0.0000000000,0.0000000000,,,
15.8719999744,124,225000.0000000000,217073.6718750000,225000.0000000000,225000.0000000000,0.0000000000,0.0000000000,0.0000000000,0.0000000000,,,
15.8759999743,124,225000.0000000000,217610.4375000000,225000.0000000000,225000.0000000000,0.0000000000,0.0000000000,0.0000000000,0.0000000000,,,
15.8799999743,124,220269.5000000000,216035.5468750000,225000.0000000000,219923.6562500000,0.0000000000,0.0000000000,0.0000000000,0.0000000000,,,
15.8839999742,124,201243.2968750000,214560.6875000000,224338.6250000000,170149.3593750000,0.0000000000,0.0000000000,0.0000000000,0.0000000000,,,
15.8879999742,124,212019.5937500000,215207.2343750000,225000.0000000000,196021.2187500000,0.0000000000,0.0000000000,0.0000000000,0.0000000000,,,
15.8919999741,124,225000.0000000000,217059.0312500000,225000.0000000000,225000.0000000000,0.0000000000,0.0000000000,0.0000000000,0.0000000000,,,
15.8959999743,124,225000.0000000000,217605.3906250000,225000.0000000000,225000.0000000000,0.0000000000,0.0000000000,0.0000000000,0.0000000000,,,
15.8999999743,124,220288.8125000000,216034.0000000000,225000.0000000000,219972.5781250000,0.0000000000,0.0000000000,0.0000000000,0.0000000000,,,
15.9039999743,124,201069.9687500000,214543.4687500000,224212.5937500000,169850.4531250000,0.0000000000,0.0000000000,0.0000000000,0.0000000000,,,
15.9079999742,124,211651.8593750000,215167.9375000000,225000.0000000000,195267.7656250000,0.0000000000,0.0000000000,0.0000000000,0.0000000000,,,
15.9119999742,124,225000.0000000000,217008.2812500000,225000.0000000000,225000.0000000000,0.0000000000,0.0000000000,0.0000000000,0.0000000000,,,
15.9159999744,124,225000.0000000000,217550.1406250000,225000.0000000000,225000.0000000000,0.0000000000,0.0000000000,0.0000000000,0.0000000000,,,
15.9199999743,124,219979.6093750000,215963.2656250000,225000.0000000000,219437.5312500000,0.0000000000,0.0000000000,0.0000000000,0.0000000000,,,
15.9239999743,124,200596.2968750000,214443.9531250000,223823.9062500000,168870.6406250000,0.0000000000,0.0000000000,0.0000000000,0.0000000000,,,
15.9279999742,124,210882.0312500000,215033.2031250000,225000.0000000000,193695.7031250000,0.0000000000,0.0000000000,0.0000000000,0.0000000000,,,
15.9319999742,124,225000.0000000000,216840.2187500000,225000.0000000000,225000.0000000000,0.0000000000,0.0000000000,0.0000000000,0.0000000000,,,
15.9359999741,124,225000.0000000000,217355.5937500000,225000.0000000000,225000.0000000000,0.0000000000,0.0000000000,0.0000000000,0.0000000000,,,
15.9399999743,124,219036.7500000000,215752.2343750000,225000.0000000000,217813.2187500000,0.0000000000,0.0000000000,0.0000000000,0.0000000000,,,
15.9439999743,124,199514.3750000000,214210.6250000000,222894.8750000000,166264.4687500000,0.0000000000,0.0000000000,0.0000000000,0.0000000000,,,
15.9479999742,124,209563.7812500000,214774.4375000000,225000.0000000000,190660.0000000000,0.0000000000,0.0000000000,0.0000000000,0.0000000000,,,
15.9519999742,124,225000.0000000000,216555.2500000000,225000.0000000000,225000.0000000000,0.0000000000,0.0000000000,0.0000000000,0.0000000000,,,
15.9559999742,124,225000.0000000000,217076.7343750000,225000.0000000000,225000.0000000000,0.0000000000,0.0000000000,0.0000000000,0.0000000000,,,
15.9599999744,124,217925.0000000000,215503.8281250000,225000.0000000000,215684.4531250000,0.0000000000,0.0000000000,0.0000000000,0.0000000000,,,
15.9639999743,124,198384.8750000000,213986.0781250000,221934.2656250000,163191.5937500000,0.0000000000,0.0000000000,0.0000000000,0.0000000000,,,
15.9679999743,124,208316.2812500000,214538.8750000000,225000.0000000000,187381.7187500000,0.0000000000,0.0000000000,0.0000000000,0.0000000000,,,
15.9719999742,124,225000.0000000000,216305.1718750000,225000.0000000000,225000.0000000000,0.0000000000,0.0000000000,0.0000000000,0.0000000000,,,
15.9759999742,124,225000.0000000000,216847.8593750000,225000.0000000000,225000.0000000000,0.0000000000,0.0000000000,0.0000000000,0.0000000000,,,
15.9799999741,124,217343.4218750000,215335.7968750000,225000.0000000000,214290.7187500000,0.0000000000,0.0000000000,0.0000000000,0.0000000000,,,
15.9839999743,124,197872.2187500000,213867.4687500000,221564.8750000000,161291.8125000000,0.0000000000,0.0000000000,0.0000000000,0.0000000000,,,
15.9879999743,124,207805.6250000000,214424.8281250000,225000.0000000000,185487.4062500000,0.0000000000,0.0000000000,0.0000000000,0.0000000000,,,
15.9919999742,124,225000.0000000000,216188.3281250000,225000.0000000000,225000.0000000000,0.0000000000,0.0000000000,0.0000000000,0.0000000000,,,
15.9959999742,124,225000.0000000000,216755.3437500000,225000.0000000000,225000.0000000000,0.0000000000,0.0000000000,0.0000000000,0.0000000000,,,
15.9999999742,125,217442.2656250000,215284.0781250000,225000.0000000000,214078.0937500000,0.0000000000,0.0000000000,0.0000000000,0.0000000000,,,
16.0039999741,125,197963.6562500000,213834.9062500000,221701.9843750000,160791.2031250000,0.0000000000,0.0000000000,0.0000000000,0.0000000000,,,
16.0079999741,125,207822.0625000000,214398.5781250000,225000.0000000000,184772.7968750000,0.0000000000,0.0000000000,0.0000000000,0.0000000000,,,
16.0119999740,125,225000.0000000000,216174.6250000000,225000.0000000000,225000.0000000000,0.0000000000,0.0000000000,0.0000000000,0.0000000000,,,
16.0159999740,125,225000.0000000000,216776.6718750000,225000.0000000000,225000.0000000000,0.0000000000,0.0000000000,0.0000000000,0.0000000000,,,
16.0199999739,125,217960.5937500000,215341.9531250000,225000.0000000000,214702.4375000000,0.0000000000,0.0000000000,0.0000000000,0.0000000000,,,
16.0239999741,125,198509.4843750000,213911.0781250000,222217.4843750000,161491.2968750000,0.0000000000,0.0000000000,0.0000000000,0.0000000000,,,
16.0279999741,125,208221.2031250000,214479.7656250000,225000.0000000000,185114.9375000000,0.0000000000,0.0000000000,0.0000000000,0.0000000000,,,
16.0319999740,125,225000.0000000000,216269.6562500000,225000.0000000000,225000.0000000000,0.0000000000,0.0000000000,0.0000000000,0.0000000000,,,
16.0359999740,125,225000.0000000000,216898.4218750000,225000.0000000000,225000.0000000000,0.0000000000,0.0000000000,0.0000000000,0.0000000000,,,
16.0399999740,125,218662.9687500000,215492.7031250000,225000.0000000000,215821.6406250000,0.0000000000,0.0000000000,0.0000000000,0.0000000000,,,
16.0439999742,125,199233.2031250000,214076.6250000000,222858.4218750000,162931.7812500000,0.0000000000,0.0000000000,0.0000000000,0.0000000000,,,
16.0479999741,125,208782.1250000000,214649.6875000000,225000.0000000000,186143.6406250000,0.0000000000,0.0000000000,0.0000000000,0.0000000000,,,
16.0519999741,125,225000.0000000000,216442.3906250000,225000.0000000000,225000.0000000000,0.0000000000,0.0000000000,0.0000000000,0.0000000000,,,
16.0559999740,125,225000.0000000000,217084.0312500000,225000.0000000000,225000.0000000000,0.0000000000,0.0000000000,0.0000000000,0.0000000000,,,
16.0599999740,125,219487.8281250000,215691.7187500000,225000.0000000000,217342.9375000000,0.0000000000,0.0000000000,0.0000000000,0.0000000000,,,
16.0639999739,125,200072.8593750000,214272.4843750000,223635.5156250000,164954.9375000000,0.0000000000,0.0000000000,0.0000000000,0.0000000000,,,
16.0679999741,125,209362.1093750000,214809.5937500000,225000.0000000000,187447.2968750000,0.0000000000,0.0000000000,0.0000000000,0.0000000000,,,
16.0719999741,125,225000.0000000000,216568.8593750000,225000.0000000000,225000.0000000000,0.0000000000,0.0000000000,0.0000000000,0.0000000000,,,
16.0759999740,125,225000.0000000000,217198.0468750000,225000.0000000000,225000.0000000000,0.0000000000,0.0000000000,0.0000000000,0.0000000000,,,
16.0799999740,125,220136.5625000000,215804.6875000000,225000.0000000000,218534.0312500000,0.0000000000,0.0000000000,0.0000000000,0.0000000000,,,
16.0839999740,125,200719.5468750000,214363.6250000000,224244.4843750000,166554.7656250000,0.0000000000,0.0000000000,0.0000000000,0.0000000000,,,
16.0879999741,125,209777.4531250000,214874.2656250000,225000.0000000000,188445.6406250000,0.0000000000,0.0000000000,0.0000000000,0.0000000000,,,
16.0919999741,125,225000.0000000000,216618.4531250000,225000.0000000000,225000.0000000000,0.0000000000,0.0000000000,0.0000000000,0.0000000000,,,
16.0959999741,125,225000.0000000000,217254.2187500000,225000.0000000000,225000.0000000000,0.0000000000,0.0000000000,0.0000000000,0.0000000000,,,
16.0999999740,125,220722.0156250000,215872.6875000000,225000.0000000000,219683.9687500000,0.0000000000,0.0000000000,0.0000000000,0.0000000000,,,
16.1039999740,125,201409.1406250000,214434.2968750000,224925.6562500000,168138.9843750000,0.0000000000,0.0000000000,0.0000000000,0.0000000000,,,
16.1079999739,125,210250.9687500000,214938.4687500000,225000.0000000000,189441.0937500000,0.0000000000,0.0000000000,0.0000000000,0.0000000000,,,
16.1119999741,125,225000.0000000000,216687.1875000000,225000.0000000000,225000.0000000000,0.0000000000,0.0000000000,0.0000000000,0.0000000000,,,
16.1159999741,125,225000.0000000000,217340.9218750000,225000.0000000000,225000.0000000000,0.0000000000,0.0000000000,0.0000000000,0.0000000000,,,
16.1199999740,125,221380.3437500000,215961.0937500000,225000.0000000000,220826.4531250000,0.0000000000,0.0000000000,0.0000000000,0.0000000000,,,
16.1239999740,125,202196.7656250000,214507.9218750000,225000.0000000000,169780.0781250000,0.0000000000,0.0000000000,0.0000000000,0.0000000000,,,
16.1279999739,126,210801.5937500000,215003.6250000000,225000.0000000000,190475.7031250000,0.0000000000,0.0000000000,0.0000000000,0.0000000000,,,
16.1319999739,126,225000.0000000000,216759.1093750000,225000.0000000000,225000.0000000000,0.0000000000,0.0000000000,0.0000000000,0.0000000000,,,
16.1359999739,126,225000.0000000000,217417.1875000000,225000.0000000000,225000.0000000000,0.0000000000,0.0000000000,0.0000000000,0.0000000000,,,
16.1399999738,126,222000.4062500000,216035.6250000000,225000.0000000000,221919.4843750000,0.0000000000,0.0000000000,0.0000000000,0.0000000000,,,
16.1439999738,126,202922.2812500000,214572.0312500000,225000.0000000000,171391.7656250000,0.0000000000,0.0000000000,0.0000000000,0.0000000000,,,
16.1479999737,126,211259.3750000000,215064.4062500000,225000.0000000000,191478.1250000000,0.0000000000,0.0000000000,0.0000000000,0.0000000000,,,
16.1519999739,126,225000.0000000000,216825.8593750000,225000.0000000000,225000.0000000000,0.0000000000,0.0000000000,0.0000000000,0.0000000000,,,
16.1559999739,126,225000.0000000000,217494.2968750000,225000.0000000000,225000.0000000000,0.0000000000,0.0000000000,0.0000000000,0.0000000000,,,
16.1599999738,126,222508.6093750000,216118.4375000000,225000.0000000000,223027.0000000000,0.0000000000,0.0000000000,0.0000000000,0.0000000000,,,
16.1639999738,126,203525.2500000000,214652.3593750000,225000.0000000000,173019.0312500000,0.0000000000,0.0000000000,0.0000000000,0.0000000000,,,
16.1679999738,126,211607.7656250000,215137.8125000000,225000.0000000000,192470.6250000000,0.0000000000,0.0000000000,0.0000000000,0.0000000000,,,
16.1719999739,126,225000.0000000000,216901.9843750000,225000.0000000000,225000.0000000000,0.0000000000,0.0000000000,0.0000000000,0.0000000000,,,
16.1759999739,126,225000.0000000000,217585.4062500000,225000.0000000000,225000.0000000000,0.0000000000,0.0000000000,0.0000000000,0.0000000000,,,
16.1799999739,126,222969.4687500000,216222.9062500000,225000.0000000000,224068.8281250000,0.0000000000,0.0000000000,0.0000000000,0.0000000000,,,
16.1839999738,126,204078.9062500000,214751.1718750000,225000.0000000000,174672.9062500000,0.0000000000,0.0000000000,0.0000000000,0.0000000000,,,
16.1879999738,126,211944.7500000000,215222.3906250000,225000.0000000000,193533.2968750000,0.0000000000,0.0000000000,0.0000000000,0.0000000000,,,
16.1919999737,126,225000.0000000000,216981.4531250000,225000.0000000000,225000.0000000000,0.0000000000,0.0000000000,0.0000000000,0.0000000000,,,
16.1959999739,126,225000.0000000000,217672.6875000000,225000.0000000000,225000.0000000000,0.0000000000,0.0000000000,0.0000000000,0.0000000000,,,
16.1999999739,126,223442.4531250000,216307.9843750000,225000.0000000000,225000.0000000000,0.0000000000,0.0000000000,0.0000000000,0.0000000000,,,
16.2039999738,126,204662.0468750000,214821.1875000000,225000.0000000000,176395.2656250000,0.0000000000,0.0000000000,0.0000000000,0.0000000000,,,
16.2079999738,126,212322.1718750000,215282.4062500000,225000.0000000000,194650.3750000000,0.0000000000,0.0000000000,0.0000000000,0.0000000000,,,
16.2119999737,126,225000.0000000000,217048.6406250000,225000.0000000000,225000.0000000000,0.0000000000,0.0000000000,0.0000000000,0.0000000000,,,
16.2159999739,126,225000.0000000000,217757.5625000000,225000.0000000000,225000.0000000000,0.0000000000,0.0000000000,0.0000000000,0.0000000000,,,
16.2199999739,126,223927.6250000000,216396.8906250000,225000.0000000000,225000.0000000000,0.0000000000,0.0000000000,0.0000000000,0.0000000000,,,
16.2239999739,126,205180.1406250000,214891.4843750000,225000.0000000000,178121.4687500000,0.0000000000,0.0000000000,0.0000000000,0.0000000000,,,
16.2279999738,126,212627.5156250000,215345.8750000000,225000.0000000000,195770.1406250000,0.0000000000,0.0000000000,0.0000000000,0.0000000000,,,
16.2319999738,126,225000.0000000000,217130.1406250000,225000.0000000000,225000.0000000000,0.0000000000,0.0000000000,0.0000000000,0.0000000000,,,
16.2359999737,126,225000.0000000000,217859.7187500000,225000.0000000000,225000.0000000000,0.0000000000,0.0000000000,0.0000000000,0.0000000000,,,
16.2399999739,126,224441.7500000000,216502.0156250000,225000.0000000000,225000.0000000000,0.0000000000,0.0000000000,0.0000000000,0.0000000000,,,
16.2439999739,126,205689.2812500000,214984.7656250000,225000.0000000000,179997.8906250000,0.0000000000,0.0000000000,0.0000000000,0.0000000000,,,
16.2479999738,126,212990.1718750000,215438.9687500000,225000.0000000000,197088.2968750000,0.0000000000,0.0000000000,0.0000000000,0.0000000000,,,
16.2519999738,126,225000.0000000000,217253.4062500000,225000.0000000000,225000.0000000000,0.0000000000,0.0000000000,0.0000000000,0.0000000000,,,
16.2559999737,127,225000.0000000000,218017.1875000000,225000.0000000000,225000.0000000000,0.0000000000,0.0000000000,0.0000000000,0.0000000000,,,
16.2599999737,127,225000.0000000000,216664.5000000000,225000.0000000000,225000.0000000000,0.0000000000,0.0000000000,0.0000000000,0.0000000000,,,
16.2639999737,127,206393.6718750000,215144.9531250000,225000.0000000000,182532.5781250000,0.0000000000,0.0000000000,0.0000000000,0.0000000000,,,
16.2679999736,127,213656.0000000000,215622.7812500000,225000.0000000000,199186.4687500000,0.0000000000,0.0000000000,0.0000000000,0.0000000000,,,
16.2719999736,127,225000.0000000000,217496.9218750000,225000.0000000000,225000.0000000000,0.0000000000,0.0000000000,0.0000000000,0.0000000000,,,
16.2759999735,127,225000.0000000000,218327.3906250000,225000.0000000000,225000.0000000000,0.0000000000,0.0000000000,0.0000000000,0.0000000000,,,
16.2799999737,127,225000.0000000000,217022.0468750000,225000.0000000000,225000.0000000000,0.0000000000,0.0000000000,0.0000000000,0.0000000000,,,
16.2839999737,127,208051.5312500000,215545.4062500000,225000.0000000000,187622.8281250000,0.0000000000,0.0000000000,0.0000000000,0.0000000000,,,
16.2879999736,127,215769.6093750000,216143.5156250000,225000.0000000000,204520.1093750000,0.0000000000,0.0000000000,0.0000000000,0.0000000000,,,
16.2919999736,127,225000.0000000000,218224.6406250000,225000.0000000000,225000.0000000000,0.0000000000,0.0000000000,0.0000000000,0.0000000000,,,
16.2959999735,127,225000.0000000000,219181.6562500000,225000.0000000000,225000.0000000000,0.0000000000,0.0000000000,0.0000000000,0.0000000000,,,
16.2999999737,127,225000.0000000000,217770.8281250000,225000.0000000000,225000.0000000000,0.0000000000,0.0000000000,0.0000000000,0.0000000000,,,
16.3039999737,127,209888.0937500000,216000.9531250000,225000.0000000000,193907.6406250000,0.0000000000,0.0000000000,0.0000000000,0.0000000000,,,
16.3079999737,127,216144.8437500000,216299.3437500000,225000.0000000000,207310.1406250000,0.0000000000,0.0000000000,0.0000000000,0.0000000000,,,
16.3119999736,127,225000.0000000000,218117.8906250000,225000.0000000000,225000.0000000000,0.0000000000,0.0000000000,0.0000000000,0.0000000000,,,
16.3159999736,127,225000.0000000000,218849.2656250000,225000.0000000000,225000.0000000000,0.0000000000,0.0000000000,0.0000000000,0.0000000000,,,
16.3199999735,127,225000.0000000000,217295.4843750000,225000.0000000000,225000.0000000000,0.0000000000,0.0000000000,0.0000000000,0.0000000000,,,
16.3239999737,127,207545.9843750000,215495.0312500000,225000.0000000000,189461.4218750000,0.0000000000,0.0000000000,0.0000000000,0.0000000000,,,
16.3279999737,127,213847.9218750000,215834.5156250000,225000.0000000000,203158.0781250000,0.0000000000,0.0000000000,0.0000000000,0.0000000000,,,
16.3319999736,127,225000.0000000000,217704.9062500000,225000.0000000000,225000.0000000000,0.0000000000,0.0000000000,0.0000000000,0.0000000000,,,
16.3359999736,127,225000.0000000000,218465.5781250000,225000.0000000000,225000.0000000000,0.0000000000,0.0000000000,0.0000000000,0.0000000000,,,
16.3399999735,127,225000.0000000000,216921.8906250000,225000.0000000000,225000.0000000000,0.0000000000,0.0000000000,0.0000000000,0.0000000000,,,
16.3439999737,127,206011.2187500000,215144.5937500000,225000.0000000000,186456.9843750000,0.0000000000,0.0000000000,0.0000000000,0.0000000000,,,
16.3479999737,127,212390.0468750000,215512.3125000000,225000.0000000000,200354.3125000000,0.0000000000,0.0000000000,0.0000000000,0.0000000000,,,
16.3519999736,127,225000.0000000000,217417.5312500000,225000.0000000000,225000.0000000000,0.0000000000,0.0000000000,0.0000000000,0.0000000000,,,
16.3559999736,127,225000.0000000000,218232.9218750000,225000.0000000000,225000.0000000000,0.0000000000,0.0000000000,0.0000000000,0.0000000000,,,
16.3599999736,127,225000.0000000000,216736.2187500000,225000.0000000000,225000.0000000000,0.0000000000,0.0000000000,0.0000000000,0.0000000000,,,
16.3639999735,127,205987.4375000000,214982.5937500000,225000.0000000000,185593.7812500000,0.0000000000,0.0000000000,0.0000000000,0.0000000000,,,
16.3679999737,127,212330.2343750000,215363.2812500000,225000.0000000000,199033.9843750000,0.0000000000,0.0000000000,0.0000000000,0.0000000000,,,
16.3719999737,127,225000.0000000000,217287.6562500000,225000.0000000000,225000.0000000000,0.0000000000,0.0000000000,0.0000000000,0.0000000000,,,
16.3759999736,127,225000.0000000000,218136.8437500000,225000.0000000000,225000.0000000000,0.0000000000,0.0000000000,0.0000000000,0.0000000000,,,
16.3799999736,127,225000.0000000000,216673.1875000000,225000.0000000000,225000.0000000000,0.0000000000,0.0000000000,0.0000000000,0.0000000000,,,
16.3839999735,128,206297.1406250000,214924.7968750000,225000.0000000000,184314.9062500000,0.0000000000,0.0000000000,0.0000000000,0.0000000000,,,
16.3879999735,128,212439.5156250000,215289.8125000000,225000.0000000000,197517.2500000000,0.0000000000,0.0000000000,0.0000000000,0.0000000000,,,
16.3919999734,128,225000.0000000000,217220.1250000000,225000.0000000000,225000.0000000000,0.0000000000,0.0000000000,0.0000000000,0.0000000000,,,
16.3959999734,128,225000.0000000000,218097.5000000000,225000.0000000000,225000.0000000000,0.0000000000,0.0000000000,0.0000000000,0.0000000000,,,
16.3999999734,128,225000.0000000000,216661.6250000000,225000.0000000000,225000.0000000000,0.0000000000,0.0000000000,0.0000000000,0.0000000000,,,
16.4039999733,128,205779.2968750000,214918.8593750000,225000.0000000000,183251.0468750000,0.0000000000,0.0000000000,0.0000000000,0.0000000000,,,
16.4079999735,128,211562.4531250000,215288.7656250000,225000.0000000000,196134.2031250000,0.0000000000,0.0000000000,0.0000000000,0.0000000000,,,
16.4119999735,128,225000.0000000000,217239.1718750000,225000.0000000000,225000.0000000000,0.0000000000,0.0000000000,0.0000000000,0.0000000000,,,
16.4159999734,128,225000.0000000000,218129.3593750000,225000.0000000000,225000.0000000000,0.0000000000,0.0000000000,0.0000000000,0.0000000000,,,
16.4199999734,128,225000.0000000000,216681.3750000000,225000.0000000000,225000.0000000000,0.0000000000,0.0000000000,0.0000000000,0.0000000000,,,
16.4239999733,128,204581.5312500000,214905.8593750000,225000.0000000000,181902.0468750000,0.0000000000,0.0000000000,0.0000000000,0.0000000000,,,
16.4279999735,128,210358.1250000000,215246.2500000000,225000.0000000000,194541.2031250000,0.0000000000,0.0000000000,0.0000000000,0.0000000000,,,
16.4319999735,128,225000.0000000000,217180.6093750000,225000.0000000000,225000.0000000000,0.0000000000,0.0000000000,0.0000000000,0.0000000000,,,
16.4359999734,128,225000.0000000000,218074.3750000000,225000.0000000000,225000.0000000000,0.0000000000,0.0000000000,0.0000000000,0.0000000000,,,
16.4399999734,128,224655.6875000000,216626.3906250000,225000.0000000000,225000.0000000000,0.0000000000,0.0000000000,0.0000000000,0.0000000000,,,
16.4439999734,128,204088.6718750000,214837.1093750000,225000.0000000000,181222.4531250000,0.0000000000,0.0000000000,0.0000000000,0.0000000000,,,
16.4479999733,128,209840.7812500000,215157.7187500000,225000.0000000000,193608.9531250000,0.0000000000,0.0000000000,0.0000000000,0.0000000000,,,
16.4519999735,128,225000.0000000000,217079.6875000000,225000.0000000000,225000.0000000000,0.0000000000,0.0000000000,0.0000000000,0.0000000000,,,
16.4559999735,128,225000.0000000000,217987.4531250000,225000.0000000000,225000.0000000000,0.0000000000,0.0000000000,0.0000000000,0.0000000000,,,
16.4599999734,128,224739.7187500000,216578.1093750000,225000.0000000000,225000.0000000000,0.0000000000,0.0000000000,0.0000000000,0.0000000000,,,
16.4639999734,128,204488.8593750000,214834.0000000000,225000.0000000000,181406.2656250000,0.0000000000,0.0000000000,0.0000000000,0.0000000000,,,
16.4679999733,128,210065.1093750000,215176.0156250000,225000.0000000000,193349.2968750000,0.0000000000,0.0000000000,0.0000000000,0.0000000000,,,
16.4719999735,128,225000.0000000000,217101.0625000000,225000.0000000000,225000.0000000000,0.0000000000,0.0000000000,0.0000000000,0.0000000000,,,
16.4759999735,128,225000.0000000000,218023.3125000000,225000.0000000000,225000.0000000000,0.0000000000,0.0000000000,0.0000000000,0.0000000000,,,
16.4799999734,128,224940.4843750000,216646.6406250000,225000.0000000000,225000.0000000000,0.0000000000,0.0000000000,0.0000000000,0.0000000000,,,
16.4839999734,128,204727.5781250000,214899.7656250000,225000.0000000000,181464.9375000000,0.0000000000,0.0000000000,0.0000000000,0.0000000000,,,
16.4879999734,128,210050.8906250000,215202.5156250000,225000.0000000000,192871.6718750000,0.0000000000,0.0000000000,0.0000000000,0.0000000000,,,
16.4919999733,128,225000.0000000000,217091.2187500000,225000.0000000000,225000.0000000000,0.0000000000,0.0000000000,0.0000000000,0.0000000000,,,
16.4959999735,128,225000.0000000000,218004.3125000000,225000.0000000000,225000.0000000000,0.0000000000,0.0000000000,0.0000000000,0.0000000000,,,
16.4999999735,128,225000.0000000000,216636.3593750000,225000.0000000000,225000.0000000000,0.0000000000,0.0000000000,0.0000000000,0.0000000000,,,
16.5039999734,128,204645.5000000000,214886.4375000000,225000.0000000000,181161.1406250000,0.0000000000,0.0000000000,0.0000000000,0.0000000000,,,
16.5079999734,128,209809.6562500000,215156.7031250000,225000.0000000000,192115.5468750000,0.0000000000,0.0000000000,0.0000000000,0.0000000000,,,
16.5119999733,129,225000.0000000000,217017.5937500000,225000.0000000000,225000.0000000000,0.0000000000,0.0000000000,0.0000000000,0.0000000000,,,
16.5159999733,129,225000.0000000000,217930.8281250000,225000.0000000000,225000.0000000000,0.0000000000,0.0000000000,0.0000000000,0.0000000000,,,
16.5199999732,129,225000.0000000000,216560.0000000000,225000.0000000000,225000.0000000000,0.0000000000,0.0000000000,0.0000000000,0.0000000000,,,
16.5239999732,129,204424.3437500000,214788.9062500000,225000.0000000000,180585.4843750000,0.0000000000,0.0000000000,0.0000000000,0.0000000000,,,
16.5279999732,129,209459.6093750000,215038.5781250000,225000.0000000000,191152.1875000000,0.0000000000,0.0000000000,0.0000000000,0.0000000000,,,
16.5319999731,129,225000.0000000000,216900.7812500000,225000.0000000000,225000.0000000000,0.0000000000,0.0000000000,0.0000000000,0.0000000000,,,
16.5359999733,129,225000.0000000000,217829.2187500000,225000.0000000000,225000.0000000000,0.0000000000,0.0000000000,0.0000000000,0.0000000000,,,
16.5399999733,129,225000.0000000000,216460.8125000000,225000.0000000000,225000.0000000000,0.0000000000,0.0000000000,0.0000000000,0.0000000000,,,
16.5439999732,129,204366.9687500000,214674.4062500000,225000.0000000000,180083.2187500000,0.0000000000,0.0000000000,0.0000000000,0.0000000000,,,
16.5479999732,129,209294.7343750000,214924.9218750000,225000.0000000000,190307.8281250000,0.0000000000,0.0000000000,0.0000000000,0.0000000000,,,
16.5519999731,129,225000.0000000000,216819.2343750000,225000.0000000000,225000.0000000000,0.0000000000,0.0000000000,0.0000000000,0.0000000000,,,
16.5559999733,129,225000.0000000000,217789.7187500000,225000.0000000000,225000.0000000000,0.0000000000,0.0000000000,0.0000000000,0.0000000000,,,
16.5599999733,129,225000.0000000000,216446.8750000000,225000.0000000000,225000.0000000000,0.0000000000,0.0000000000,0.0000000000,0.0000000000,,,
16.5639999732,129,204545.1875000000,214672.0781250000,225000.0000000000,179967.3125000000,0.0000000000,0.0000000000,0.0000000000,0.0000000000,,,
16.5679999732,129,209340.7500000000,214933.5625000000,225000.0000000000,189814.3593750000,0.0000000000,0.0000000000,0.0000000000,0.0000000000,,,
16.5719999732,129,225000.0000000000,216840.3281250000,225000.0000000000,225000.0000000000,0.0000000000,0.0000000000,0.0000000000,0.0000000000,,,
16.5759999731,129,225000.0000000000,217827.7968750000,225000.0000000000,225000.0000000000,0.0000000000,0.0000000000,0.0000000000,0.0000000000,,,
16.5799999733,129,225000.0000000000,216504.6718750000,225000.0000000000,225000.0000000000,0.0000000000,0.0000000000,0.0000000000,0.0000000000,,,
16.5839999733,129,204771.3750000000,214737.4375000000,225000.0000000000,180193.0312500000,0.0000000000,0.0000000000,0.0000000000,0.0000000000,,,
16.5879999732,129,209358.6250000000,214986.7031250000,225000.0000000000,189591.2500000000,0.0000000000,0.0000000000,0.0000000000,0.0000000000,,,
16.5919999732,129,225000.0000000000,216886.5156250000,225000.0000000000,225000.0000000000,0.0000000000,0.0000000000,0.0000000000,0.0000000000,,,
16.5959999731,129,225000.0000000000,217880.2343750000,225000.0000000000,225000.0000000000,0.0000000000,0.0000000000,0.0000000000,0.0000000000,,,
16.5999999733,129,225000.0000000000,216567.6250000000,225000.0000000000,225000.0000000000,0.0000000000,0.0000000000,0.0000000000,0.0000000000,,,
16.6039999733,129,204693.8750000000,214792.0312500000,225000.0000000000,180358.9687500000,0.0000000000,0.0000000000,0.0000000000,0.0000000000,,,
16.6079999732,129,209069.0000000000,215013.0937500000,225000.0000000000,189274.1875000000,0.0000000000,0.0000000000,0.0000000000,0.0000000000,,,
16.6119999732,129,225000.0000000000,216879.0468750000,225000.0000000000,225000.0000000000,0.0000000000,0.0000000000,0.0000000000,0.0000000000,,,
16.6159999731,129,225000.0000000000,217860.7968750000,225000.0000000000,225000.0000000000,0.0000000000,0.0000000000,0.0000000000,0.0000000000,,,
16.6199999731,129,225000.0000000000,216547.5000000000,225000.0000000000,225000.0000000000,0.0000000000,0.0000000000,0.0000000000,0.0000000000,,,
16.6239999733,129,204464.0468750000,214755.0156250000,225000.0000000000,180530.8281250000,0.0000000000,0.0000000000,0.0000000000,0.0000000000,,,
16.6279999733,129,208691.3906250000,214947.5625000000,225000.0000000000,188993.4062500000,0.0000000000,0.0000000000,0.0000000000,0.0000000000,,,
16.6319999732,129,225000.0000000000,216809.0781250000,225000.0000000000,225000.0000000000,0.0000000000,0.0000000000,0.0000000000,0.0000000000,,,
16.6359999732,129,225000.0000000000,217807.0156250000,225000.0000000000,225000.0000000000,0.0000000000,0.0000000000,0.0000000000,0.0000000000,,,
16.6399999731,130,225000.0000000000,216497.7812500000,225000.0000000000,225000.0000000000,0.0000000000,0.0000000000,0.0000000000,0.0000000000,,,
16.6439999731,130,204403.7812500000,214692.1093750000,225000.0000000000,180703.3750000000,0.0000000000,0.0000000000,0.0000000000,0.0000000000,,,
16.6479999730,130,208493.1562500000,214882.2343750000,225000.0000000000,188669.6875000000,0.0000000000,0.0000000000,0.0000000000,0.0000000000,,,
16.6519999730,130,225000.0000000000,216758.0312500000,225000.0000000000,225000.0000000000,0.0000000000,0.0000000000,0.0000000000,0.0000000000,,,
16.6559999730,130,225000.0000000000,217776.7812500000,225000.0000000000,225000.0000000000,0.0000000000,0.0000000000,0.0000000000,0.0000000000,,,
16.6599999729,130,225000.0000000000,216478.8593750000,225000.0000000000,225000.0000000000,0.0000000000,0.0000000000,0.0000000000,0.0000000000,,,
16.6639999731,130,204456.0000000000,214676.2812500000,225000.0000000000,180766.7968750000,0.0000000000,0.0000000000,0.0000000000,0.0000000000,,,
16.6679999731,130,208404.8593750000,214859.1406250000,225000.0000000000,188267.4687500000,0.0000000000,0.0000000000,0.0000000000,0.0000000000,,,
16.6719999730,130,225000.0000000000,216735.4687500000,225000.0000000000,225000.0000000000,0.0000000000,0.0000000000,0.0000000000,0.0000000000,,,
16.6759999730,130,225000.0000000000,217768.2656250000,225000.0000000000,225000.0000000000,0.0000000000,0.0000000000,0.0000000000,0.0000000000,,,
16.6799999729,130,225000.0000000000,216489.7343750000,225000.0000000000,225000.0000000000,0.0000000000,0.0000000000,0.0000000000,0.0000000000,,,
16.6839999731,130,204522.8593750000,214684.6250000000,225000.0000000000,180708.3593750000,0.0000000000,0.0000000000,0.0000000000,0.0000000000,,,
16.6879999731,130,208310.2187500000,214859.1406250000,225000.0000000000,187751.2812500000,0.0000000000,0.0000000000,0.0000000000,0.0000000000,,,
16.6919999730,130,225000.0000000000,216738.2343750000,225000.0000000000,225000.0000000000,0.0000000000,0.0000000000,0.0000000000,0.0000000000,,,
16.6959999730,130,225000.0000000000,217786.8437500000,225000.0000000000,225000.0000000000,0.0000000000,0.0000000000,0.0000000000,0.0000000000,,,
16.6999999729,130,225000.0000000000,216522.9843750000,225000.0000000000,225000.0000000000,0.0000000000,0.0000000000,0.0000000000,0.0000000000,,,
16.7039999729,130,204529.1093750000,214713.4375000000,225000.0000000000,180682.5000000000,0.0000000000,0.0000000000,0.0000000000,0.0000000000,,,
16.7079999731,130,208157.5000000000,214871.4687500000,225000.0000000000,187286.9062500000,0.0000000000,0.0000000000,0.0000000000,0.0000000000,,,
16.7119999730,130,225000.0000000000,216747.5468750000,225000.0000000000,225000.0000000000,0.0000000000,0.0000000000,0.0000000000,0.0000000000,,,
16.7159999730,130,225000.0000000000,217810.6875000000,225000.0000000000,225000.0000000000,0.0000000000,0.0000000000,0.0000000000,0.0000000000,,,
16.7199999730,130,225000.0000000000,216557.2343750000,225000.0000000000,225000.0000000000,0.0000000000,0.0000000000,0.0000000000,0.0000000000,,,
16.7239999729,130,204507.4218750000,214739.3750000000,225000.0000000000,180757.9843750000,0.0000000000,0.0000000000,0.0000000000,0.0000000000,,,
16.7279999731,130,207987.2031250000,214887.1093750000,225000.0000000000,186922.3437500000,0.0000000000,0.0000000000,0.0000000000,0.0000000000,,,
16.7319999731,130,225000.0000000000,216766.6718750000,225000.0000000000,225000.0000000000,0.0000000000,0.0000000000,0.0000000000,0.0000000000,,,
16.7359999730,130,225000.0000000000,217841.0312500000,225000.0000000000,225000.0000000000,0.0000000000,0.0000000000,0.0000000000,0.0000000000,,,
16.7399999730,130,225000.0000000000,216585.0000000000,225000.0000000000,225000.0000000000,0.0000000000,0.0000000000,0.0000000000,0.0000000000,,,
16.7439999729,130,204510.7187500000,214742.7031250000,225000.0000000000,180934.3593750000,0.0000000000,0.0000000000,0.0000000000,0.0000000000,,,
16.7479999729,130,207825.7031250000,214873.6718750000,225000.0000000000,186635.5000000000,0.0000000000,0.0000000000,0.0000000000,0.0000000000,,,
16.7519999731,130,225000.0000000000,216750.2500000000,225000.0000000000,225000.0000000000,0.0000000000,0.0000000000,0.0000000000,0.0000000000,,,
16.7559999730,130,225000.0000000000,217831.9531250000,225000.0000000000,225000.0000000000,0.0000000000,0.0000000000,0.0000000000,0.0000000000,,,
16.7599999730,130,225000.0000000000,216581.4687500000,225000.0000000000,225000.0000000000,0.0000000000,0.0000000000,0.0000000000,0.0000000000,,,
16.7639999730,130,204551.4062500000,214734.1406250000,225000.0000000000,181195.5625000000,0.0000000000,0.0000000000,0.0000000000,0.0000000000,,,
16.7679999729,131,207707.3125000000,214848.3281250000,225000.0000000000,186438.2343750000,0.0000000000,0.0000000000,0.0000000000,0.0000000000,,,
16.7719999729,131,225000.0000000000,216716.1562500000,225000.0000000000,225000.0000000000,0.0000000000,0.0000000000,0.0000000000,0.0000000000,,,
16.7759999728,131,225000.0000000000,217804.4687500000,225000.0000000000,225000.0000000000,0.0000000000,0.0000000000,0.0000000000,0.0000000000,,,
16.7799999728,131,225000.0000000000,216567.4375000000,225000.0000000000,225000.0000000000,0.0000000000,0.0000000000,0.0000000000,0.0000000000,,,
16.7839999727,131,204591.8437500000,214717.1875000000,225000.0000000000,181370.4375000000,0.0000000000,0.0000000000,0.0000000000,0.0000000000,,,
16.7879999727,131,207546.1718750000,214808.6875000000,225000.0000000000,186071.1406250000,0.0000000000,0.0000000000,0.0000000000,0.0000000000,,,
16.7919999729,131,225000.0000000000,216652.8906250000,225000.0000000000,225000.0000000000,0.0000000000,0.0000000000,0.0000000000,0.0000000000,,,
16.7959999728,131,225000.0000000000,217737.2031250000,225000.0000000000,225000.0000000000,0.0000000000,0.0000000000,0.0000000000,0.0000000000,,,
16.7999999728,131,225000.0000000000,216503.1093750000,225000.0000000000,225000.0000000000,0.0000000000,0.0000000000,0.0000000000,0.0000000000,,,
16.8039999728,131,204326.6093750000,214642.5156250000,225000.0000000000,180735.4531250000,0.0000000000,0.0000000000,0.0000000000,0.0000000000,,,
16.8079999727,131,207001.2031250000,214700.5156250000,225000.0000000000,184733.9843750000,0.0000000000,0.0000000000,0.0000000000,0.0000000000,,,
16.8119999729,131,225000.0000000000,216505.0937500000,225000.0000000000,225000.0000000000,0.0000000000,0.0000000000,0.0000000000,0.0000000000,,,
16.8159999729,131,225000.0000000000,217568.3281250000,225000.0000000000,225000.0000000000,0.0000000000,0.0000000000,0.0000000000,0.0000000000,,,
16.8199999728,131,225000.0000000000,216332.2500000000,225000.0000000000,225000.0000000000,0.0000000000,0.0000000000,0.0000000000,0.0000000000,,,
16.8239999728,131,203490.0781250000,214456.3437500000,225000.0000000000,178671.5156250000,0.0000000000,0.0000000000,0.0000000000,0.0000000000,,,
16.8279999727,131,205926.3906250000,214484.1093750000,225000.0000000000,182035.1406250000,0.0000000000,0.0000000000,0.0000000000,0.0000000000,,,
16.8319999727,131,225000.0000000000,216265.4687500000,225000.0000000000,225000.0000000000,0.0000000000,0.0000000000,0.0000000000,0.0000000000,,,
16.8359999729,131,225000.0000000000,217319.9531250000,225000.0000000000,225000.0000000000,0.0000000000,0.0000000000,0.0000000000,0.0000000000,,,
16.8399999728,131,225000.0000000000,216089.4843750000,225000.0000000000,225000.0000000000,0.0000000000,0.0000000000,0.0000000000,0.0000000000,,,
16.8439999728,131,202437.4687500000,214222.7187500000,225000.0000000000,175928.8750000000,0.0000000000,0.0000000000,0.0000000000,0.0000000000,,,
16.8479999728,131,204708.0468750000,214240.4843750000,225000.0000000000,178837.2500000000,0.0000000000,0.0000000000,0.0000000000,0.0000000000,,,
16.8519999727,131,225000.0000000000,216006.7968750000,225000.0000000000,225000.0000000000,0.0000000000,0.0000000000,0.0000000000,0.0000000000,,,
16.8559999729,131,225000.0000000000,217072.1718750000,225000.0000000000,225000.0000000000,0.0000000000,0.0000000000,0.0000000000,0.0000000000,,,
16.8599999729,131,224184.3906250000,215880.5781250000,225000.0000000000,225000.0000000000,0.0000000000,0.0000000000,0.0000000000,0.0000000000,,,
16.8639999728,131,201627.5312500000,214058.9531250000,224588.3125000000,173637.8125000000,0.0000000000,0.0000000000,0.0000000000,0.0000000000,,,
16.8679999728,131,203873.0781250000,214100.5468750000,225000.0000000000,176383.5312500000,0.0000000000,0.0000000000,0.0000000000,0.0000000000,,,
16.8719999727,131,225000.0000000000,215878.6406250000,225000.0000000000,225000.0000000000,0.0000000000,0.0000000000,0.0000000000,0.0000000000,,,
16.8759999727,131,225000.0000000000,216978.8906250000,225000.0000000000,225000.0000000000,0.0000000000,0.0000000000,0.0000000000,0.0000000000,,,
16.8799999729,131,224073.4687500000,215850.2031250000,225000.0000000000,225000.0000000000,0.0000000000,0.0000000000,0.0000000000,0.0000000000,,,
16.8839999728,131,201651.2968750000,214080.5468750000,224721.8125000000,173242.1406250000,0.0000000000,0.0000000000,0.0000000000,0.0000000000,,,
16.8879999728,131,203916.9531250000,214138.8593750000,225000.0000000000,175977.8593750000,0.0000000000,0.0000000000,0.0000000000,0.0000000000,,,
16.8919999728,131,225000.0000000000,215912.8906250000,225000.0000000000,225000.0000000000,0.0000000000,0.0000000000,0.0000000000,0.0000000000,,,
16.8959999727,132,225000.0000000000,217023.8593750000,225000.0000000000,225000.0000000000,0.0000000000,0.0000000000,0.0000000000,0.0000000000,,,
16.8999999727,132,224594.7500000000,215927.3281250000,225000.0000000000,225000.0000000000,0.0000000000,0.0000000000,0.0000000000,0.0000000000,,,
16.9039999726,132,202205.4687500000,214172.2187500000,225000.0000000000,174088.7187500000,0.0000000000,0.0000000000,0.0000000000,0.0000000000,,,
16.9079999726,132,204342.8281250000,214218.6250000000,225000.0000000000,176421.6250000000,0.0000000000,0.0000000000,0.0000000000,0.0000000000,,,
16.9119999725,132,225000.0000000000,215974.0468750000,225000.0000000000,225000.0000000000,0.0000000000,0.0000000000,0.0000000000,0.0000000000,,,
16.9159999725,132,225000.0000000000,217091.7031250000,225000.0000000000,225000.0000000000,0.0000000000,0.0000000000,0.0000000000,0.0000000000,,,
16.9199999727,132,225000.0000000000,216015.0312500000,225000.0000000000,225000.0000000000,0.0000000000,0.0000000000,0.0000000000,0.0000000000,,,
16.9239999726,132,202936.7343750000,214265.4531250000,225000.0000000000,175323.7187500000,0.0000000000,0.0000000000,0.0000000000,0.0000000000,,,
16.9279999726,132,204903.8750000000,214299.7656250000,225000.0000000000,177186.9687500000,0.0000000000,0.0000000000,0.0000000000,0.0000000000,,,
16.9319999726,132,225000.0000000000,216051.2656250000,225000.0000000000,225000.0000000000,0.0000000000,0.0000000000,0.0000000000,0.0000000000,,,
16.9359999725,132,225000.0000000000,217181.3437500000,225000.0000000000,225000.0000000000,0.0000000000,0.0000000000,0.0000000000,0.0000000000,,,
16.9399999727,132,225000.0000000000,216127.1250000000,225000.0000000000,225000.0000000000,0.0000000000,0.0000000000,0.0000000000,0.0000000000,,,
16.9439999727,132,203636.9062500000,214386.5000000000,225000.0000000000,176708.6250000000,0.0000000000,0.0000000000,0.0000000000,0.0000000000,,,
16.9479999726,132,205426.0781250000,214417.2656250000,225000.0000000000,178148.8281250000,0.0000000000,0.0000000000,0.0000000000,0.0000000000,,,
16.9519999726,132,225000.0000000000,216172.6875000000,225000.0000000000,225000.0000000000,0.0000000000,0.0000000000,0.0000000000,0.0000000000,,,
16.9559999725,132,225000.0000000000,217317.2500000000,225000.0000000000,225000.0000000000,0.0000000000,0.0000000000,0.0000000000,0.0000000000,,,
16.9599999725,132,225000.0000000000,216274.9687500000,225000.0000000000,225000.0000000000,0.0000000000,0.0000000000,0.0000000000,0.0000000000,,,
16.9639999727,132,204177.3750000000,214531.3906250000,225000.0000000000,178073.0937500000,0.0000000000,0.0000000000,0.0000000000,0.0000000000,,,
16.9679999726,132,205775.4531250000,214544.5625000000,225000.0000000000,179024.8906250000,0.0000000000,0.0000000000,0.0000000000,0.0000000000,,,
16.9719999726,132,225000.0000000000,216283.1250000000,225000.0000000000,225000.0000000000,0.0000000000,0.0000000000,0.0000000000,0.0000000000,,,
16.9759999726,132,225000.0000000000,217420.3281250000,225000.0000000000,225000.0000000000,0.0000000000,0.0000000000,0.0000000000,0.0000000000,,,
16.9799999725,132,225000.0000000000,216383.5156250000,225000.0000000000,225000.0000000000,0.0000000000,0.0000000000,0.0000000000,0.0000000000,,,
16.9839999727,132,204665.2031250000,214638.0625000000,225000.0000000000,179432.1406250000,0.0000000000,0.0000000000,0.0000000000,0.0000000000,,,
16.9879999727,132,206094.7656250000,214631.0312500000,225000.0000000000,179912.7031250000,0.0000000000,0.0000000000,0.0000000000,0.0000000000,,,
16.9919999726,132,225000.0000000000,216345.7812500000,225000.0000000000,225000.0000000000,0.0000000000,0.0000000000,0.0000000000,0.0000000000,,,
16.9959999726,132,225000.0000000000,217479.1093750000,225000.0000000000,225000.0000000000,0.0000000000,0.0000000000,0.0000000000,0.0000000000,,,
16.9999999725,132,225000.0000000000,216452.6093750000,225000.0000000000,225000.0000000000,0.0000000000,0.0000000000,0.0000000000,0.0000000000,,,
17.0039999725,132,205196.1562500000,214704.1093750000,225000.0000000000,180722.6875000000,0.0000000000,0.0000000000,0.0000000000,0.0000000000,,,
17.0079999727,132,206477.3593750000,214679.2187500000,225000.0000000000,180704.0937500000,0.0000000000,0.0000000000,0.0000000000,0.0000000000,,,
17.0119999726,132,225000.0000000000,216382.7031250000,225000.0000000000,225000.0000000000,0.0000000000,0.0000000000,0.0000000000,0.0000000000,,,
17.0159999726,132,225000.0000000000,217522.1875000000,225000.0000000000,225000.0000000000,0.0000000000,0.0000000000,0.0000000000,0.0000000000,,,
17.0199999725,132,225000.0000000000,216498.4531250000,225000.0000000000,225000.0000000000,0.0000000000,0.0000000000,0.0000000000,0.0000000000,,,
17.0239999725,133,205778.7031250000,214741.5156250000,225000.0000000000,181850.8750000000,0.0000000000,0.0000000000,0.0000000000,0.0000000000,,,
17.0279999725,133,206898.2031250000,214704.3125000000,225000.0000000000,181359.5781250000,0.0000000000,0.0000000000,0.0000000000,0.0000000000,,,
17.0319999724,133,225000.0000000000,216407.2500000000,225000.0000000000,225000.0000000000,0.0000000000,0.0000000000,0.0000000000,0.0000000000,,,
17.0359999724,133,225000.0000000000,217557.3593750000,225000.0000000000,225000.0000000000,0.0000000000,0.0000000000,0.0000000000,0.0000000000,,,
17.0399999723,133,225000.0000000000,216543.7812500000,225000.0000000000,225000.0000000000,0.0000000000,0.0000000000,0.0000000000,0.0000000000,,,
17.0439999723,133,206232.0156250000,214778.2187500000,225000.0000000000,182823.1718750000,0.0000000000,0.0000000000,0.0000000000,0.0000000000,,,
17.0479999725,133,207173.9531250000,214728.9687500000,225000.0000000000,181870.4218750000,0.0000000000,0.0000000000,0.0000000000,0.0000000000,,,
17.0519999724,133,225000.0000000000,216435.8906250000,225000.0000000000,225000.0000000000,0.0000000000,0.0000000000,0.0000000000,0.0000000000,,,
17.0559999724,133,225000.0000000000,217594.4218750000,225000.0000000000,225000.0000000000,0.0000000000,0.0000000000,0.0000000000,0.0000000000,,,
17.0599999723,133,225000.0000000000,216583.1718750000,225000.0000000000,225000.0000000000,0.0000000000,0.0000000000,0.0000000000,0.0000000000,,,
17.0639999723,133,206628.9843750000,214810.9375000000,225000.0000000000,183780.3750000000,0.0000000000,0.0000000000,0.0000000000,0.0000000000,,,
17.0679999725,133,207424.8593750000,214750.2031250000,225000.0000000000,182436.0781250000,0.0000000000,0.0000000000,0.0000000000,0.0000000000,,,
17.0719999725,133,225000.0000000000,216448.9843750000,225000.0000000000,225000.0000000000,0.0000000000,0.0000000000,0.0000000000,0.0000000000,,,
17.0759999724,133,225000.0000000000,217620.7656250000,225000.0000000000,225000.0000000000,0.0000000000,0.0000000000,0.0000000000,0.0000000000,,,
17.0799999724,133,225000.0000000000,216626.0468750000,225000.0000000000,225000.0000000000,0.0000000000,0.0000000000,0.0000000000,0.0000000000,,,
17.0839999723,133,207047.7968750000,214856.8281250000,225000.0000000000,184838.6718750000,0.0000000000,0.0000000000,0.0000000000,0.0000000000,,,
17.0879999723,133,207682.5312500000,214787.7812500000,225000.0000000000,183031.6562500000,0.0000000000,0.0000000000,0.0000000000,0.0000000000,,,
17.0919999725,133,225000.0000000000,216487.0781250000,225000.0000000000,225000.0000000000,0.0000000000,0.0000000000,0.0000000000,0.0000000000,,,
17.0959999724,133,225000.0000000000,217669.9843750000,225000.0000000000,225000.0000000000,0.0000000000,0.0000000000,0.0000000000,0.0000000000,,,
17.0999999724,133,225000.0000000000,216687.1875000000,225000.0000000000,225000.0000000000,0.0000000000,0.0000000000,0.0000000000,0.0000000000,,,
17.1039999723,133,207413.7968750000,214912.4062500000,225000.0000000000,185856.5156250000,0.0000000000,0.0000000000,0.0000000000,0.0000000000,,,
17.1079999723,133,207875.6875000000,214831.6406250000,225000.0000000000,183601.4218750000,0.0000000000,0.0000000000,0.0000000000,0.0000000000,,,
17.1119999725,133,225000.0000000000,216525.9687500000,225000.0000000000,225000.0000000000,0.0000000000,0.0000000000,0.0000000000,0.0000000000,,,
17.1159999724,133,225000.0000000000,217718.7187500000,225000.0000000000,225000.0000000000,0.0000000000,0.0000000000,0.0000000000,0.0000000000,,,
17.1199999724,133,225000.0000000000,216745.3750000000,225000.0000000000,225000.0000000000,0.0000000000,0.0000000000,0.0000000000,0.0000000000,,,
17.1239999724,133,207704.6406250000,214967.2500000000,225000.0000000000,186821.6250000000,0.0000000000,0.0000000000,0.0000000000,0.0000000000,,,
17.1279999723,133,208028.4843750000,214876.3281250000,225000.0000000000,184169.9062500000,0.0000000000,0.0000000000,0.0000000000,0.0000000000,,,
17.1319999723,133,225000.0000000000,216574.1406250000,225000.0000000000,225000.0000000000,0.0000000000,0.0000000000,0.0000000000,0.0000000000,,,
17.1359999725,133,225000.0000000000,217775.3125000000,225000.0000000000,225000.0000000000,0.0000000000,0.0000000000,0.0000000000,0.0000000000,,,
17.1399999724,133,225000.0000000000,216806.3125000000,225000.0000000000,225000.0000000000,0.0000000000,0.0000000000,0.0000000000,0.0000000000,,,
17.1439999724,133,207997.4062500000,215023.1562500000,225000.0000000000,187862.2656250000,0.0000000000,0.0000000000,0.0000000000,0.0000000000,,,
17.1479999723,133,208164.6562500000,214921.8125000000,225000.0000000000,184798.2968750000,0.0000000000,0.0000000000,0.0000000000,0.0000000000,,,
17.1519999723,134,225000.0000000000,216613.5937500000,225000.0000000000,225000.0000000000,0.0000000000,0.0000000000,0.0000000000,0.0000000000,,,
17.1559999723,134,225000.0000000000,217821.9843750000,225000.0000000000,225000.0000000000,0.0000000000,0.0000000000,0.0000000000,0.0000000000,,,
17.1599999722,134,225000.0000000000,216865.3750000000,225000.0000000000,225000.0000000000,0.0000000000,0.0000000000,0.0000000000,0.0000000000,,,
17.1639999722,134,208258.2500000000,215083.4687500000,225000.0000000000,188912.8593750000,0.0000000000,0.0000000000,0.0000000000,0.0000000000,,,
17.1679999721,134,208269.0312500000,214969.9375000000,225000.0000000000,185427.5781250000,0.0000000000,0.0000000000,0.0000000000,0.0000000000,,,
17.1719999721,134,225000.0000000000,216657.7500000000,225000.0000000000,225000.0000000000,0.0000000000,0.0000000000,0.0000000000,0.0000000000,,,
17.1759999723,134,225000.0000000000,217877.3437500000,225000.0000000000,225000.0000000000,0.0000000000,0.0000000000,0.0000000000,0.0000000000,,,
17.1799999722,134,225000.0000000000,216931.6562500000,225000.0000000000,225000.0000000000,0.0000000000,0.0000000000,0.0000000000,0.0000000000,,,
17.1839999722,134,208507.0156250000,215143.7187500000,225000.0000000000,189939.2031250000,0.0000000000,0.0000000000,0.0000000000,0.0000000000,,,
17.1879999721,134,208393.3437500000,215020.0625000000,225000.0000000000,186057.2500000000,0.0000000000,0.0000000000,0.0000000000,0.0000000000,,,
17.1919999721,134,225000.0000000000,216713.5000000000,225000.0000000000,225000.0000000000,0.0000000000,0.0000000000,0.0000000000,0.0000000000,,,
17.1959999723,134,225000.0000000000,217954.3281250000,225000.0000000000,225000.0000000000,0.0000000000,0.0000000000,0.0000000000,0.0000000000,,,
17.1999999722,134,225000.0000000000,217023.0937500000,225000.0000000000,225000.0000000000,0.0000000000,0.0000000000,0.0000000000,0.0000000000,,,
17.2039999722,134,208939.7656250000,215227.3437500000,225000.0000000000,191270.0625000000,0.0000000000,0.0000000000,0.0000000000,0.0000000000,,,
17.2079999722,134,208699.6562500000,215096.1093750000,225000.0000000000,187038.5312500000,0.0000000000,0.0000000000,0.0000000000,0.0000000000,,,
17.2119999721,134,225000.0000000000,216808.1093750000,225000.0000000000,225000.0000000000,0.0000000000,0.0000000000,0.0000000000,0.0000000000,,,
17.2159999721,134,225000.0000000000,218083.3437500000,225000.0000000000,225000.0000000000,0.0000000000,0.0000000000,0.0000000000,0.0000000000,,,
17.2199999723,134,225000.0000000000,217170.9375000000,225000.0000000000,225000.0000000000,0.0000000000,0.0000000000,0.0000000000,0.0000000000,,,
17.2239999722,134,209636.9062500000,215372.9687500000,225000.0000000000,193322.1718750000,0.0000000000,0.0000000000,0.0000000000,0.0000000000,,,
17.2279999722,134,209379.9375000000,215267.0468750000,225000.0000000000,189064.2187500000,0.0000000000,0.0000000000,0.0000000000,0.0000000000,,,
17.2319999721,134,225000.0000000000,217048.6406250000,225000.0000000000,225000.0000000000,0.0000000000,0.0000000000,0.0000000000,0.0000000000,,,
17.2359999721,134,225000.0000000000,218420.2187500000,225000.0000000000,225000.0000000000,0.0000000000,0.0000000000,0.0000000000,0.0000000000,,,
17.2399999723,134,225000.0000000000,217591.9375000000,225000.0000000000,225000.0000000000,0.0000000000,0.0000000000,0.0000000000,0.0000000000,,,
17.2439999722,134,211546.0468750000,215852.2500000000,225000.0000000000,198643.4062500000,0.0000000000,0.0000000000,0.0000000000,0.0000000000,,,
17.2479999722,134,211424.7187500000,215804.5000000000,225000.0000000000,194856.5625000000,0.0000000000,0.0000000000,0.0000000000,0.0000000000,,,
17.2519999722,134,225000.0000000000,217663.6562500000,225000.0000000000,225000.0000000000,0.0000000000,0.0000000000,0.0000000000,0.0000000000,,,
17.2559999721,134,225000.0000000000,219032.5781250000,225000.0000000000,225000.0000000000,0.0000000000,0.0000000000,0.0000000000,0.0000000000,,,
17.2599999721,134,225000.0000000000,218004.1093750000,225000.0000000000,225000.0000000000,0.0000000000,0.0000000000,0.0000000000,0.0000000000,,,
17.2639999723,134,211663.4218750000,215937.4843750000,225000.0000000000,200201.5625000000,0.0000000000,0.0000000000,0.0000000000,0.0000000000,,,
17.2679999722,134,210281.4062500000,215626.4062500000,225000.0000000000,193808.2968750000,0.0000000000,0.0000000000,0.0000000000,0.0000000000,,,
17.2719999722,134,225000.0000000000,217338.0312500000,225000.0000000000,225000.0000000000,0.0000000000,0.0000000000,0.0000000000,0.0000000000,,,
17.2759999721,134,225000.0000000000,218628.0625000000,225000.0000000000,225000.0000000000,0.0000000000,0.0000000000,0.0000000000,0.0000000000,,,
17.2799999721,135,225000.0000000000,217580.0937500000,225000.0000000000,225000.0000000000,0.0000000000,0.0000000000,0.0000000000,0.0000000000,,,
17.2839999720,135,209871.3281250000,215533.9531250000,225000.0000000000,196972.6093750000,0.0000000000,0.0000000000,0.0000000000,0.0000000000,,,
17.2879999720,135,208499.4843750000,215239.3593750000,225000.0000000000,190233.2656250000,0.0000000000,0.0000000000,0.0000000000,0.0000000000,,,
17.2919999720,135,225000.0000000000,216957.3750000000,225000.0000000000,225000.0000000000,0.0000000000,0.0000000000,0.0000000000,0.0000000000,,,
17.2959999719,135,225000.0000000000,218263.7500000000,225000.0000000000,225000.0000000000,0.0000000000,0.0000000000,0.0000000000,0.0000000000,,,
17.2999999719,135,225000.0000000000,217252.9062500000,225000.0000000000,225000.0000000000,0.0000000000,0.0000000000,0.0000000000,0.0000000000,,,
17.3039999721,135,208871.5781250000,215244.7031250000,225000.0000000000,194705.6093750000,0.0000000000,0.0000000000,0.0000000000,0.0000000000,,,
17.3079999720,135,207666.8437500000,214983.3750000000,225000.0000000000,187835.4687500000,0.0000000000,0.0000000000,0.0000000000,0.0000000000,,,
17.3119999720,135,225000.0000000000,216739.4375000000,225000.0000000000,225000.0000000000,0.0000000000,0.0000000000,0.0000000000,0.0000000000,,,
17.3159999719,135,225000.0000000000,218091.0156250000,225000.0000000000,225000.0000000000,0.0000000000,0.0000000000,0.0000000000,0.0000000000,,,
17.3199999719,135,225000.0000000000,217138.6875000000,225000.0000000000,225000.0000000000,0.0000000000,0.0000000000,0.0000000000,0.0000000000,,,
17.3239999721,135,209073.0781250000,215178.4843750000,225000.0000000000,193919.6875000000,0.0000000000,0.0000000000,0.0000000000,0.0000000000,,,
17.3279999720,135,207789.7187500000,214924.7187500000,225000.0000000000,186601.5468750000,0.0000000000,0.0000000000,0.0000000000,0.0000000000,,,
17.3319999720,135,225000.0000000000,216670.9062500000,225000.0000000000,225000.0000000000,0.0000000000,0.0000000000,0.0000000000,0.0000000000,,,
17.3359999720,135,225000.0000000000,218036.9375000000,225000.0000000000,225000.0000000000,0.0000000000,0.0000000000,0.0000000000,0.0000000000,,,
17.3399999719,135,225000.0000000000,217097.8593750000,225000.0000000000,225000.0000000000,0.0000000000,0.0000000000,0.0000000000,0.0000000000,,,
17.3439999719,135,209281.0781250000,215129.9375000000,225000.0000000000,193142.7031250000,0.0000000000,0.0000000000,0.0000000000,0.0000000000,,,
17.3479999721,135,207725.8750000000,214860.3125000000,225000.0000000000,185320.9218750000,0.0000000000,0.0000000000,0.0000000000,0.0000000000,,,
17.3519999720,135,225000.0000000000,216610.3437500000,225000.0000000000,225000.0000000000,0.0000000000,0.0000000000,0.0000000000,0.0000000000,,,
17.3559999720,135,225000.0000000000,218004.5937500000,225000.0000000000,225000.0000000000,0.0000000000,0.0000000000,0.0000000000,0.0000000000,,,
17.3599999719,135,225000.0000000000,217092.2031250000,225000.0000000000,225000.0000000000,0.0000000000,0.0000000000,0.0000000000,0.0000000000,,,
17.3639999719,135,208708.0468750000,215129.6562500000,225000.0000000000,192368.9687500000,0.0000000000,0.0000000000,0.0000000000,0.0000000000,,,
17.3679999721,135,206806.6875000000,214850.6250000000,225000.0000000000,183927.3906250000,0.0000000000,0.0000000000,0.0000000000,0.0000000000,,,
17.3719999720,135,225000.0000000000,216600.7968750000,225000.0000000000,225000.0000000000,0.0000000000,0.0000000000,0.0000000000,0.0000000000,,,
17.3759999720,135,225000.0000000000,217998.3437500000,225000.0000000000,225000.0000000000,0.0000000000,0.0000000000,0.0000000000,0.0000000000,,,
17.3799999719,135,225000.0000000000,217080.0625000000,225000.0000000000,225000.0000000000,0.0000000000,0.0000000000,0.0000000000,0.0000000000,,,
17.3839999719,135,207851.7343750000,215097.2343750000,225000.0000000000,191409.9687500000,0.0000000000,0.0000000000,0.0000000000,0.0000000000,,,
17.3879999719,135,205814.7968750000,214796.8281250000,225000.0000000000,182530.4687500000,0.0000000000,0.0000000000,0.0000000000,0.0000000000,,,
17.3919999721,135,225000.0000000000,216530.5312500000,225000.0000000000,225000.0000000000,0.0000000000,0.0000000000,0.0000000000,0.0000000000,,,
17.3959999720,135,225000.0000000000,217928.0625000000,225000.0000000000,225000.0000000000,0.0000000000,0.0000000000,0.0000000000,0.0000000000,,,
17.3999999720,135,225000.0000000000,217028.8750000000,225000.0000000000,225000.0000000000,0.0000000000,0.0000000000,0.0000000000,0.0000000000,,,
17.4039999719,135,207616.5000000000,215055.8281250000,225000.0000000000,191150.6875000000,0.0000000000,0.0000000000,0.0000000000,0.0000000000,,,
17.4079999719,136,205543.2031250000,214748.9218750000,225000.0000000000,181903.5312500000,0.0000000000,0.0000000000,0.0000000000,0.0000000000,,,
17.4119999718,136,225000.0000000000,216477.1250000000,225000.0000000000,225000.0000000000,0.0000000000,0.0000000000,0.0000000000,0.0000000000,,,
17.4159999718,136,225000.0000000000,217891.3125000000,225000.0000000000,225000.0000000000,0.0000000000,0.0000000000,0.0000000000,0.0000000000,,,
17.4199999718,136,225000.0000000000,217034.1406250000,225000.0000000000,225000.0000000000,0.0000000000,0.0000000000,0.0000000000,0.0000000000,,,
17.4239999717,136,207931.3906250000,215110.5312500000,225000.0000000000,191397.6875000000,0.0000000000,0.0000000000,0.0000000000,0.0000000000,,,
17.4279999717,136,205758.0000000000,214820.8593750000,225000.0000000000,181772.2343750000,0.0000000000,0.0000000000,0.0000000000,0.0000000000,,,
17.4319999719,136,225000.0000000000,216534.3906250000,225000.0000000000,225000.0000000000,0.0000000000,0.0000000000,0.0000000000,0.0000000000,,,
17.4359999718,136,225000.0000000000,217941.5625000000,225000.0000000000,225000.0000000000,0.0000000000,0.0000000000,0.0000000000,0.0000000000,,,
17.4399999718,136,225000.0000000000,217100.0625000000,225000.0000000000,225000.0000000000,0.0000000000,0.0000000000,0.0000000000,0.0000000000,,,
17.4439999717,136,208114.9843750000,215171.1875000000,225000.0000000000,191363.4062500000,0.0000000000,0.0000000000,0.0000000000,0.0000000000,,,
17.4479999717,136,205731.2031250000,214842.0468750000,225000.0000000000,181204.8281250000,0.0000000000,0.0000000000,0.0000000000,0.0000000000,,,
17.4519999719,136,225000.0000000000,216514.1875000000,225000.0000000000,225000.0000000000,0.0000000000,0.0000000000,0.0000000000,0.0000000000,,,
17.4559999718,136,225000.0000000000,217905.6093750000,225000.0000000000,225000.0000000000,0.0000000000,0.0000000000,0.0000000000,0.0000000000,,,
17.4599999718,136,225000.0000000000,217060.1875000000,225000.0000000000,225000.0000000000,0.0000000000,0.0000000000,0.0000000000,0.0000000000,,,
17.4639999717,136,208020.4687500000,215124.2968750000,225000.0000000000,190978.4062500000,0.0000000000,0.0000000000,0.0000000000,0.0000000000,,,
17.4679999717,136,205422.0156250000,214781.9687500000,225000.0000000000,180319.1093750000,0.0000000000,0.0000000000,0.0000000000,0.0000000000,,,
17.4719999717,136,225000.0000000000,216440.2968750000,225000.0000000000,225000.0000000000,0.0000000000,0.0000000000,0.0000000000,0.0000000000,,,
17.4759999719,136,225000.0000000000,217833.8125000000,225000.0000000000,225000.0000000000,0.0000000000,0.0000000000,0.0000000000,0.0000000000,,,
17.4799999718,136,225000.0000000000,217002.1875000000,225000.0000000000,225000.0000000000,0.0000000000,0.0000000000,0.0000000000,0.0000000000,,,
17.4839999718,136,207745.6718750000,215051.8750000000,225000.0000000000,190522.4843750000,0.0000000000,0.0000000000,0.0000000000,0.0000000000,,,
17.4879999717,136,204900.2187500000,214682.7187500000,225000.0000000000,179249.1093750000,0.0000000000,0.0000000000,0.0000000000,0.0000000000,,,
17.4919999717,136,225000.0000000000,216340.0625000000,225000.0000000000,225000.0000000000,0.0000000000,0.0000000000,0.0000000000,0.0000000000,,,
17.4959999719,136,225000.0000000000,217757.1875000000,225000.0000000000,225000.0000000000,0.0000000000,0.0000000000,0.0000000000,0.0000000000,,,
17.4999999718,136,225000.0000000000,216947.3906250000,225000.0000000000,225000.0000000000,0.0000000000,0.0000000000,0.0000000000,0.0000000000,,,
17.5039999718,136,207618.1406250000,215009.5781250000,225000.0000000000,190176.4218750000,0.0000000000,0.0000000000,0.0000000000,0.0000000000,,,
17.5079999717,136,204623.5781250000,214642.2187500000,225000.0000000000,178370.4687500000,0.0000000000,0.0000000000,0.0000000000,0.0000000000,,,
17.5119999717,136,225000.0000000000,216311.2343750000,225000.0000000000,225000.0000000000,0.0000000000,0.0000000000,0.0000000000,0.0000000000,,,
17.5159999717,136,225000.0000000000,217754.6875000000,225000.0000000000,225000.0000000000,0.0000000000,0.0000000000,0.0000000000,0.0000000000,,,
17.5199999718,136,225000.0000000000,216973.8906250000,225000.0000000000,225000.0000000000,0.0000000000,0.0000000000,0.0000000000,0.0000000000,,,
17.5239999718,136,207782.6093750000,215044.0156250000,225000.0000000000,190223.7343750000,0.0000000000,0.0000000000,0.0000000000,0.0000000000,,,
17.5279999718,136,204650.9687500000,214670.5468750000,225000.0000000000,177946.6718750000,0.0000000000,0.0000000000,0.0000000000,0.0000000000,,,
17.5319999717,136,225000.0000000000,216344.7500000000,225000.0000000000,225000.0000000000,0.0000000000,0.0000000000,0.0000000000,0.0000000000,,,
17.5359999717,137,225000.0000000000,217805.3593750000,225000.0000000000,225000.0000000000,0.0000000000,0.0000000000,0.0000000000,0.0000000000,,,
17.5399999716,137,225000.0000000000,217044.0625000000,225000.0000000000,225000.0000000000,0.0000000000,0.0000000000,0.0000000000,0.0000000000,,,
17.5439999716,137,207979.4843750000,215125.6093750000,225000.0000000000,190500.7343750000,0.0000000000,0.0000000000,0.0000000000,0.0000000000,,,
17.5479999715,137,204648.1562500000,214749.7343750000,225000.0000000000,177780.2500000000,0.0000000000,0.0000000000,0.0000000000,0.0000000000,,,
17.5519999715,137,225000.0000000000,216406.7656250000,225000.0000000000,225000.0000000000,0.0000000000,0.0000000000,0.0000000000,0.0000000000,,,
17.5559999715,137,225000.0000000000,217857.1718750000,225000.0000000000,225000.0000000000,0.0000000000,0.0000000000,0.0000000000,0.0000000000,,,
17.5599999717,137,225000.0000000000,217105.1406250000,225000.0000000000,225000.0000000000,0.0000000000,0.0000000000,0.0000000000,0.0000000000,,,
17.5639999716,137,207939.7812500000,215189.2031250000,225000.0000000000,190840.1562500000,0.0000000000,0.0000000000,0.0000000000,0.0000000000,,,
17.5679999716,137,204405.2187500000,214786.8437500000,225000.0000000000,177685.2656250000,0.0000000000,0.0000000000,0.0000000000,0.0000000000,,,
17.5719999715,137,225000.0000000000,216413.2656250000,225000.0000000000,225000.0000000000,0.0000000000,0.0000000000,0.0000000000,0.0000000000,,,
17.5759999715,137,225000.0000000000,217858.5156250000,225000.0000000000,225000.0000000000,0.0000000000,0.0000000000,0.0000000000,0.0000000000,,,
17.5799999717,137,225000.0000000000,217115.4375000000,225000.0000000000,225000.0000000000,0.0000000000,0.0000000000,0.0000000000,0.0000000000,,,
17.5839999716,137,207843.1718750000,215195.5625000000,225000.0000000000,191168.8750000000,0.0000000000,0.0000000000,0.0000000000,0.0000000000,,,
17.5879999716,137,204157.1718750000,214779.8750000000,225000.0000000000,177569.6718750000,0.0000000000,0.0000000000,0.0000000000,0.0000000000,,,
17.5919999715,137,225000.0000000000,216406.7656250000,225000.0000000000,225000.0000000000,0.0000000000,0.0000000000,0.0000000000,0.0000000000,,,
17.5959999715,137,225000.0000000000,217863.6406250000,225000.0000000000,225000.0000000000,0.0000000000,0.0000000000,0.0000000000,0.0000000000,,,
17.5999999715,137,225000.0000000000,217121.3906250000,225000.0000000000,225000.0000000000,0.0000000000,0.0000000000,0.0000000000,0.0000000000,,,
17.6039999716,137,207813.5000000000,215183.0312500000,225000.0000000000,191390.2812500000,0.0000000000,0.0000000000,0.0000000000,0.0000000000,,,
17.6079999716,137,203974.1406250000,214748.2812500000,225000.0000000000,177354.0156250000,0.0000000000,0.0000000000,0.0000000000,0.0000000000,,,
17.6119999716,137,225000.0000000000,216375.9218750000,225000.0000000000,225000.0000000000,0.0000000000,0.0000000000,0.0000000000,0.0000000000,,,
17.6159999715,137,225000.0000000000,217852.0312500000,225000.0000000000,225000.0000000000,0.0000000000,0.0000000000,0.0000000000,0.0000000000,,,
17.6199999715,137,225000.0000000000,217121.5312500000,225000.0000000000,225000.0000000000,0.0000000000,0.0000000000,0.0000000000,0.0000000000,,,
17.6239999717,137,207868.2500000000,215172.5468750000,225000.0000000000,191548.5937500000,0.0000000000,0.0000000000,0.0000000000,0.0000000000,,,
17.6279999716,137,203879.5625000000,214722.0156250000,225000.0000000000,177010.1562500000,0.0000000000,0.0000000000,0.0000000000,0.0000000000,,,
17.6319999716,137,225000.0000000000,216341.1406250000,225000.0000000000,225000.0000000000,0.0000000000,0.0000000000,0.0000000000,0.0000000000,,,
17.6359999715,137,225000.0000000000,217819.8437500000,225000.0000000000,225000.0000000000,0.0000000000,0.0000000000,0.0000000000,0.0000000000,,,
17.6399999715,137,225000.0000000000,217099.9531250000,225000.0000000000,225000.0000000000,0.0000000000,0.0000000000,0.0000000000,0.0000000000,,,
17.6439999714,137,208022.7500000000,215160.0781250000,225000.0000000000,191603.2500000000,0.0000000000,0.0000000000,0.0000000000,0.0000000000,,,
17.6479999716,137,203845.3125000000,214703.9218750000,225000.0000000000,176559.2812500000,0.0000000000,0.0000000000,0.0000000000,0.0000000000,,,
17.6519999716,137,225000.0000000000,216315.2187500000,225000.0000000000,225000.0000000000,0.0000000000,0.0000000000,0.0000000000,0.0000000000,,,
17.6559999716,137,225000.0000000000,217800.6093750000,225000.0000000000,225000.0000000000,0.0000000000,0.0000000000,0.0000000000,0.0000000000,,,
17.6599999715,137,225000.0000000000,217101.4843750000,225000.0000000000,225000.0000000000,0.0000000000,0.0000000000,0.0000000000,0.0000000000,,,
17.6639999715,138,208152.1093750000,215169.0937500000,225000.0000000000,191742.4375000000,0.0000000000,0.0000000000,0.0000000000,0.0000000000,,,
17.6679999714,138,203778.8750000000,214700.4062500000,225000.0000000000,176218.7187500000,0.0000000000,0.0000000000,0.0000000000,0.0000000000,,,
17.6719999714,138,225000.0000000000,216298.1875000000,225000.0000000000,225000.0000000000,0.0000000000,0.0000000000,0.0000000000,0.0000000000,,,
17.6759999713,138,225000.0000000000,217792.3125000000,225000.0000000000,225000.0000000000,0.0000000000,0.0000000000,0.0000000000,0.0000000000,,,
17.6799999713,138,225000.0000000000,217110.7968750000,225000.0000000000,225000.0000000000,0.0000000000,0.0000000000,0.0000000000,0.0000000000,,,
17.6839999713,138,208249.0156250000,215178.0781250000,225000.0000000000,191967.5781250000,0.0000000000,0.0000000000,0.0000000000,0.0000000000,,,
17.6879999714,138,203698.2500000000,214697.8281250000,225000.0000000000,176002.0000000000,0.0000000000,0.0000000000,0.0000000000,0.0000000000,,,
17.6919999714,138,225000.0000000000,216299.2187500000,225000.0000000000,225000.0000000000,0.0000000000,0.0000000000,0.0000000000,0.0000000000,,,
17.6959999714,138,225000.0000000000,217806.4843750000,225000.0000000000,225000.0000000000,0.0000000000,0.0000000000,0.0000000000,0.0000000000,,,
17.6999999713,138,225000.0000000000,217131.2656250000,225000.0000000000,225000.0000000000,0.0000000000,0.0000000000,0.0000000000,0.0000000000,,,
17.7039999713,138,208374.0312500000,215189.9062500000,225000.0000000000,192357.1093750000,0.0000000000,0.0000000000,0.0000000000,0.0000000000,,,
17.7079999715,138,203649.1406250000,214690.7500000000,225000.0000000000,175944.6718750000,0.0000000000,0.0000000000,0.0000000000,0.0000000000,,,
17.7119999714,138,225000.0000000000,216282.9843750000,225000.0000000000,225000.0000000000,0.0000000000,0.0000000000,0.0000000000,0.0000000000,,,
17.7159999714,138,225000.0000000000,217800.7968750000,225000.0000000000,225000.0000000000,0.0000000000,0.0000000000,0.0000000000,0.0000000000,,,
17.7199999713,138,225000.0000000000,217140.8125000000,225000.0000000000,225000.0000000000,0.0000000000,0.0000000000,0.0000000000,0.0000000000,,,
17.7239999713,138,208517.4843750000,215199.1562500000,225000.0000000000,192732.3281250000,0.0000000000,0.0000000000,0.0000000000,0.0000000000,,,
17.7279999712,138,203660.3750000000,214694.5312500000,225000.0000000000,175947.0156250000,0.0000000000,0.0000000000,0.0000000000,0.0000000000,,,
17.7319999714,138,225000.0000000000,216283.2031250000,225000.0000000000,225000.0000000000,0.0000000000,0.0000000000,0.0000000000,0.0000000000,,,
17.7359999714,138,225000.0000000000,217803.2656250000,225000.0000000000,225000.0000000000,0.0000000000,0.0000000000,0.0000000000,0.0000000000,,,
17.7399999714,138,225000.0000000000,217147.5156250000,225000.0000000000,225000.0000000000,0.0000000000,0.0000000000,0.0000000000,0.0000000000,,,
17.7439999713,138,208670.2500000000,215200.9062500000,225000.0000000000,193108.0468750000,0.0000000000,0.0000000000,0.0000000000,0.0000000000,,,
17.7479999713,138,203668.9843750000,214679.3437500000,225000.0000000000,175898.8593750000,0.0000000000,0.0000000000,0.0000000000,0.0000000000,,,
17.7519999715,138,225000.0000000000,216256.3281250000,225000.0000000000,225000.0000000000,0.0000000000,0.0000000000,0.0000000000,0.0000000000,,,
17.7559999714,138,225000.0000000000,217778.8593750000,225000.0000000000,225000.0000000000,0.0000000000,0.0000000000,0.0000000000,0.0000000000,,,
17.7599999714,138,225000.0000000000,217135.4687500000,225000.0000000000,225000.0000000000,0.0000000000,0.0000000000,0.0000000000,0.0000000000,,,
17.7639999713,138,208803.2656250000,215191.2968750000,225000.0000000000,193387.8593750000,0.0000000000,0.0000000000,0.0000000000,0.0000000000,,,
17.7679999713,138,203629.3437500000,214657.2500000000,225000.0000000000,175701.5312500000,0.0000000000,0.0000000000,0.0000000000,0.0000000000,,,
17.7719999712,138,225000.0000000000,216223.5000000000,225000.0000000000,225000.0000000000,0.0000000000,0.0000000000,0.0000000000,0.0000000000,,,
17.7759999714,138,225000.0000000000,217754.5312500000,225000.0000000000,225000.0000000000,0.0000000000,0.0000000000,0.0000000000,0.0000000000,,,
17.7799999714,138,225000.0000000000,217130.7812500000,225000.0000000000,225000.0000000000,0.0000000000,0.0000000000,0.0000000000,0.0000000000,,,
17.7839999713,138,208887.8125000000,215197.7031250000,225000.0000000000,193561.5000000000,0.0000000000,0.0000000000,0.0000000000,0.0000000000,,,
17.7879999713,138,203543.5937500000,214656.0156250000,225000.0000000000,175402.5156250000,0.0000000000,0.0000000000,0.0000000000,0.0000000000,,,
17.7919999713,139,224884.4218750000,216217.0000000000,225000.0000000000,224968.5937500000,0.0000000000,0.0000000000,0.0000000000,0.0000000000,,,
17.7959999712,139,225000.0000000000,217759.1718750000,225000.0000000000,225000.0000000000,0.0000000000,0.0000000000,0.0000000000,0.0000000000,,,
17.7999999712,139,225000.0000000000,217153.5781250000,225000.0000000000,225000.0000000000,0.0000000000,0.0000000000,0.0000000000,0.0000000000,,,
17.8039999711,139,208963.2656250000,215220.4531250000,225000.0000000000,193739.8125000000,0.0000000000,0.0000000000,0.0000000000,0.0000000000,,,
17.8079999711,139,203460.8437500000,214666.7343750000,225000.0000000000,175134.8125000000,0.0000000000,0.0000000000,0.0000000000,0.0000000000,,,
17.8119999710,139,224740.0937500000,216219.4218750000,225000.0000000000,224672.5312500000,0.0000000000,0.0000000000,0.0000000000,0.0000000000,,,
17.8159999712,139,225000.0000000000,217767.8750000000,225000.0000000000,225000.0000000000,0.0000000000,0.0000000000,0.0000000000,0.0000000000,,,
17.8199999712,139,225000.0000000000,217170.8750000000,225000.0000000000,225000.0000000000,0.0000000000,0.0000000000,0.0000000000,0.0000000000,,,
17.8239999712,139,209060.1718750000,215234.9687500000,225000.0000000000,193990.6093750000,0.0000000000,0.0000000000,0.0000000000,0.0000000000,,,
17.8279999711,139,203376.3593750000,214669.3750000000,225000.0000000000,174902.2812500000,0.0000000000,0.0000000000,0.0000000000,0.0000000000,,,
17.8319999711,139,224571.2812500000,216218.0781250000,225000.0000000000,224373.7812500000,0.0000000000,0.0000000000,0.0000000000,0.0000000000,,,
17.8359999713,139,225000.0000000000,217778.8281250000,225000.0000000000,225000.0000000000,0.0000000000,0.0000000000,0.0000000000,0.0000000000,,,
17.8399999712,139,225000.0000000000,217203.5156250000,225000.0000000000,225000.0000000000,0.0000000000,0.0000000000,0.0000000000,0.0000000000,,,
17.8439999712,139,209154.6406250000,215265.4062500000,225000.0000000000,194257.5156250000,0.0000000000,0.0000000000,0.0000000000,0.0000000000,,,
17.8479999711,139,203301.9218750000,214677.7656250000,225000.0000000000,174692.2500000000,0.0000000000,0.0000000000,0.0000000000,0.0000000000,,,
17.8519999711,139,224417.4062500000,216212.2500000000,225000.0000000000,224077.7031250000,0.0000000000,0.0000000000,0.0000000000,0.0000000000,,,
17.8559999710,139,225000.0000000000,217769.4843750000,225000.0000000000,225000.0000000000,0.0000000000,0.0000000000,0.0000000000,0.0000000000,,,
17.8599999712,139,225000.0000000000,217199.7031250000,225000.0000000000,225000.0000000000,0.0000000000,0.0000000000,0.0000000000,0.0000000000,,,
17.8639999712,139,209244.8906250000,215270.1562500000,225000.0000000000,194446.2343750000,0.0000000000,0.0000000000,0.0000000000,0.0000000000,,,
17.8679999711,139,203239.7031250000,214676.0000000000,225000.0000000000,174417.7187500000,0.0000000000,0.0000000000,0.0000000000,0.0000000000,,,
17.8719999711,139,224270.5312500000,216195.7343750000,225000.0000000000,223772.8437500000,0.0000000000,0.0000000000,0.0000000000,0.0000000000,,,
17.8759999711,139,225000.0000000000,217754.1718750000,225000.0000000000,225000.0000000000,0.0000000000,0.0000000000,0.0000000000,0.0000000000,,,
17.8799999713,139,225000.0000000000,217193.7500000000,225000.0000000000,225000.0000000000,0.0000000000,0.0000000000,0.0000000000,0.0000000000,,,
17.8839999712,139,209356.0156250000,215266.1093750000,225000.0000000000,194598.4687500000,0.0000000000,0.0000000000,0.0000000000,0.0000000000,,,
17.8879999712,139,203187.6562500000,214661.7968750000,225000.0000000000,174075.8750000000,0.0000000000,0.0000000000,0.0000000000,0.0000000000,,,
17.8919999711,139,224139.5000000000,216167.9375000000,225000.0000000000,223443.8437500000,0.0000000000,0.0000000000,0.0000000000,0.0000000000,,,
17.8959999711,139,225000.0000000000,217727.2968750000,225000.0000000000,225000.0000000000,0.0000000000,0.0000000000,0.0000000000,0.0000000000,,,
17.8999999710,139,225000.0000000000,217182.3906250000,225000.0000000000,225000.0000000000,0.0000000000,0.0000000000,0.0000000000,0.0000000000,,,
17.9039999712,139,209449.7343750000,215259.3125000000,225000.0000000000,194696.4062500000,0.0000000000,0.0000000000,0.0000000000,0.0000000000,,,
17.9079999712,139,203119.9687500000,214649.7812500000,225000.0000000000,173687.1718750000,0.0000000000,0.0000000000,0.0000000000,0.0000000000,,,
17.9119999711,139,224008.9062500000,216148.3593750000,225000.0000000000,223084.0781250000,0.0000000000,0.0000000000,0.0000000000,0.0000000000,,,
17.9159999711,139,225000.0000000000,217721.4062500000,225000.0000000000,225000.0000000000,0.0000000000,0.0000000000,0.0000000000,0.0000000000,,,
17.9199999711,140,225000.0000000000,217202.6406250000,225000.0000000000,225000.0000000000,0.0000000000,0.0000000000,0.0000000000,0.0000000000,,,
17.9239999710,140,209554.0156250000,215294.1875000000,225000.0000000000,194896.1406250000,0.0000000000,0.0000000000,0.0000000000,0.0000000000,,,
17.9279999710,140,203052.3750000000,214676.7500000000,225000.0000000000,173408.6718750000,0.0000000000,0.0000000000,0.0000000000,0.0000000000,,,
17.9319999709,140,223888.6093750000,216171.8125000000,225000.0000000000,222783.5937500000,0.0000000000,0.0000000000,0.0000000000,0.0000000000,,,
17.9359999709,140,225000.0000000000,217754.0625000000,225000.0000000000,225000.0000000000,0.0000000000,0.0000000000,0.0000000000,0.0000000000,,,
17.9399999708,140,225000.0000000000,217247.6875000000,225000.0000000000,225000.0000000000,0.0000000000,0.0000000000,0.0000000000,0.0000000000,,,
17.9439999710,140,209649.1093750000,215341.2343750000,225000.0000000000,195100.0468750000,0.0000000000,0.0000000000,0.0000000000,0.0000000000,,,
17.9479999710,140,202978.0937500000,214705.8437500000,225000.0000000000,173152.2500000000,0.0000000000,0.0000000000,0.0000000000,0.0000000000,,,
17.9519999709,140,223757.3437500000,216181.2187500000,225000.0000000000,222472.7187500000,0.0000000000,0.0000000000,0.0000000000,0.0000000000,,,
17.9559999709,140,225000.0000000000,217756.0468750000,225000.0000000000,225000.0000000000,0.0000000000,0.0000000000,0.0000000000,0.0000000000,,,
17.9599999709,140,225000.0000000000,217251.7500000000,225000.0000000000,225000.0000000000,0.0000000000,0.0000000000,0.0000000000,0.0000000000,,,
17.9639999710,140,209716.9062500000,215338.2812500000,225000.0000000000,195284.9843750000,0.0000000000,0.0000000000,0.0000000000,0.0000000000,,,
17.9679999710,140,202843.4062500000,214687.7968750000,225000.0000000000,172763.0625000000,0.0000000000,0.0000000000,0.0000000000,0.0000000000,,,
17.9719999710,140,223603.2656250000,216153.8125000000,225000.0000000000,222083.2968750000,0.0000000000,0.0000000000,0.0000000000,0.0000000000,,,
17.9759999709,140,225000.0000000000,217736.7187500000,225000.0000000000,225000.0000000000,0.0000000000,0.0000000000,0.0000000000,0.0000000000,,,
17.9799999709,140,225000.0000000000,217253.4375000000,225000.0000000000,225000.0000000000,0.0000000000,0.0000000000,0.0000000000,0.0000000000,,,
17.9839999708,140,209773.1250000000,215349.6250000000,225000.0000000000,195382.4062500000,0.0000000000,0.0000000000,0.0000000000,0.0000000000,,,
17.9879999710,140,202720.0937500000,214691.6250000000,225000.0000000000,172342.8125000000,0.0000000000,0.0000000000,0.0000000000,0.0000000000,,,
17.9919999710,140,223471.5937500000,216150.7031250000,225000.0000000000,221725.3437500000,0.0000000000,0.0000000000,0.0000000000,0.0000000000,,,
17.9959999709,140,225000.0000000000,217731.5156250000,225000.0000000000,225000.0000000000,0.0000000000,0.0000000000,0.0000000000,0.0000000000,,,
17.9999999709,140,225000.0000000000,217252.6250000000,225000.0000000000,225000.0000000000,0.0000000000,0.0000000000,0.0000000000,0.0000000000,,,
18.0039999709,140,209857.9062500000,215348.1875000000,225000.0000000000,195522.6562500000,0.0000000000,0.0000000000,0.0000000000,0.0000000000,,,
18.0079999710,140,202624.6406250000,214679.8750000000,225000.0000000000,171978.7656250000,0.0000000000,0.0000000000,0.0000000000,0.0000000000,,,
18.0119999710,140,223338.1406250000,216129.9687500000,225000.0000000000,221357.3750000000,0.0000000000,0.0000000000,0.0000000000,0.0000000000,,,
18.0159999710,140,225000.0000000000,217719.3125000000,225000.0000000000,225000.0000000000,0.0000000000,0.0000000000,0.0000000000,0.0000000000,,,
18.0199999709,140,225000.0000000000,217257.7500000000,225000.0000000000,225000.0000000000,0.0000000000,0.0000000000,0.0000000000,0.0000000000,,,
18.0239999709,140,209960.9062500000,215357.6562500000,225000.0000000000,195719.9843750000,0.0000000000,0.0000000000,0.0000000000,0.0000000000,,,
18.0279999708,140,202539.3437500000,214672.5937500000,225000.0000000000,171629.9843750000,0.0000000000,0.0000000000,0.0000000000,0.0000000000,,,
18.0319999710,140,223192.6250000000,216104.4531250000,225000.0000000000,220977.9531250000,0.0000000000,0.0000000000,0.0000000000,0.0000000000,,,
18.0359999710,140,225000.0000000000,217696.2187500000,225000.0000000000,225000.0000000000,0.0000000000,0.0000000000,0.0000000000,0.0000000000,,,
18.0399999709,140,225000.0000000000,217252.7656250000,225000.0000000000,225000.0000000000,0.0000000000,0.0000000000,0.0000000000,0.0000000000,,,
18.0439999709,140,210045.9375000000,215359.2656250000,225000.0000000000,195912.8125000000,0.0000000000,0.0000000000,0.0000000000,0.0000000000,,,
18.0479999708,141,202440.0000000000,214670.0312500000,225000.0000000000,171293.6718750000,0.0000000000,0.0000000000,0.0000000000,0.0000000000,,,
18.0519999708,141,223029.0625000000,216094.6406250000,225000.0000000000,220619.9843750000,0.0000000000,0.0000000000,0.0000000000,0.0000000000,,,
18.0559999708,141,225000.0000000000,217689.5312500000,225000.0000000000,225000.0000000000,0.0000000000,0.0000000000,0.0000000000,0.0000000000,,,
18.0599999707,141,225000.0000000000,217261.1406250000,225000.0000000000,225000.0000000000,0.0000000000,0.0000000000,0.0000000000,0.0000000000,,,
18.0639999707,141,210133.4062500000,215373.4218750000,225000.0000000000,196158.9375000000,0.0000000000,0.0000000000,0.0000000000,0.0000000000,,,
18.0679999706,141,202332.4062500000,214668.6093750000,225000.0000000000,170945.8906250000,0.0000000000,0.0000000000,0.0000000000,0.0000000000,,,
18.0719999708,141,222853.1406250000,216084.4218750000,225000.0000000000,220205.0937500000,0.0000000000,0.0000000000,0.0000000000,0.0000000000,,,
18.0759999708,141,225000.0000000000,217687.3437500000,225000.0000000000,225000.0000000000,0.0000000000,0.0000000000,0.0000000000,0.0000000000,,,
18.0799999707,141,225000.0000000000,217273.9218750000,225000.0000000000,225000.0000000000,0.0000000000,0.0000000000,0.0000000000,0.0000000000,,,
18.0839999707,141,210219.3437500000,215388.2812500000,225000.0000000000,196345.7968750000,0.0000000000,0.0000000000,0.0000000000,0.0000000000,,,
18.0879999707,141,202255.6250000000,214673.5312500000,225000.0000000000,170599.2187500000,0.0000000000,0.0000000000,0.0000000000,0.0000000000,,,
18.0919999708,141,222697.2187500000,216078.9687500000,225000.0000000000,219855.9062500000,0.0000000000,0.0000000000,0.0000000000,0.0000000000,,,
18.0959999708,141,225000.0000000000,217681.3281250000,225000.0000000000,225000.0000000000,0.0000000000,0.0000000000,0.0000000000,0.0000000000,,,
18.0999999708,141,225000.0000000000,217274.0625000000,225000.0000000000,225000.0000000000,0.0000000000,0.0000000000,0.0000000000,0.0000000000,,,
18.1039999707,141,210307.1875000000,215389.8125000000,225000.0000000000,196526.9843750000,0.0000000000,0.0000000000,0.0000000000,0.0000000000,,,
18.1079999707,141,202165.8750000000,214661.0000000000,225000.0000000000,170211.2031250000,0.0000000000,0.0000000000,0.0000000000,0.0000000000,,,
18.1119999706,141,222541.1406250000,216055.2187500000,225000.0000000000,219450.8125000000,0.0000000000,0.0000000000,0.0000000000,0.0000000000,,,
18.1159999708,141,225000.0000000000,217665.2656250000,225000.0000000000,225000.0000000000,0.0000000000,0.0000000000,0.0000000000,0.0000000000,,,
18.1199999708,141,225000.0000000000,217274.5468750000,225000.0000000000,225000.0000000000,0.0000000000,0.0000000000,0.0000000000,0.0000000000,,,
18.1239999707,141,210387.9375000000,215392.3593750000,225000.0000000000,196744.4062500000,0.0000000000,0.0000000000,0.0000000000,0.0000000000,,,
18.1279999707,141,202056.2187500000,214652.4687500000,225000.0000000000,169886.1250000000,0.0000000000,0.0000000000,0.0000000000,0.0000000000,,,
18.1319999706,141,222369.8593750000,216032.7656250000,225000.0000000000,219053.8437500000,0.0000000000,0.0000000000,0.0000000000,0.0000000000,,,
18.1359999708,141,225000.0000000000,217645.8437500000,225000.0000000000,225000.0000000000,0.0000000000,0.0000000000,0.0000000000,0.0000000000,,,
18.1399999708,141,225000.0000000000,217266.7656250000,225000.0000000000,225000.0000000000,0.0000000000,0.0000000000,0.0000000000,0.0000000000,,,
18.1439999708,141,210454.3906250000,215385.2812500000,225000.0000000000,197049.6093750000,0.0000000000,0.0000000000,0.0000000000,0.0000000000,,,
18.1479999707,141,201934.0781250000,214636.8906250000,225000.0000000000,169726.0781250000,0.0000000000,0.0000000000,0.0000000000,0.0000000000,,,
18.1519999707,141,222226.1406250000,216019.6250000000,225000.0000000000,218749.1718750000,0.0000000000,0.0000000000,0.0000000000,0.0000000000,,,
18.1559999706,141,225000.0000000000,217644.5000000000,225000.0000000000,225000.0000000000,0.0000000000,0.0000000000,0.0000000000,0.0000000000,,,
18.1599999708,141,225000.0000000000,217281.1718750000,225000.0000000000,225000.0000000000,0.0000000000,0.0000000000,0.0000000000,0.0000000000,,,
18.1639999708,141,210538.8750000000,215399.4687500000,225000.0000000000,197329.9062500000,0.0000000000,0.0000000000,0.0000000000,0.0000000000,,,
18.1679999707,141,201814.2968750000,214631.6875000000,225000.0000000000,169580.4843750000,0.0000000000,0.0000000000,0.0000000000,0.0000000000,,,
18.1719999707,141,222070.0625000000,215999.6093750000,225000.0000000000,218443.3125000000,0.0000000000,0.0000000000,0.0000000000,0.0000000000,,,
18.1759999706,142,225000.0000000000,217627.7343750000,225000.0000000000,225000.0000000000,0.0000000000,0.0000000000,0.0000000000,0.0000000000,,,
18.1799999706,142,225000.0000000000,217271.4062500000,225000.0000000000,225000.0000000000,0.0000000000,0.0000000000,0.0000000000,0.0000000000,,,
18.1839999706,142,210633.8750000000,215389.2968750000,225000.0000000000,197672.3750000000,0.0000000000,0.0000000000,0.0000000000,0.0000000000,,,
18.1879999705,142,201743.2968750000,214617.3906250000,225000.0000000000,169500.0468750000,0.0000000000,0.0000000000,0.0000000000,0.0000000000,,,
18.1919999705,142,221938.1875000000,215984.1093750000,225000.0000000000,218154.2812500000,0.0000000000,0.0000000000,0.0000000000,0.0000000000,,,
18.1959999704,142,225000.0000000000,217624.2500000000,225000.0000000000,225000.0000000000,0.0000000000,0.0000000000,0.0000000000,0.0000000000,,,
18.1999999706,142,225000.0000000000,217287.4687500000,225000.0000000000,225000.0000000000,0.0000000000,0.0000000000,0.0000000000,0.0000000000,,,
18.2039999706,142,210777.8906250000,215418.9843750000,225000.0000000000,198012.3125000000,0.0000000000,0.0000000000,0.0000000000,0.0000000000,,,
18.2079999705,142,201718.4531250000,214642.2968750000,224993.6250000000,169427.7656250000,0.0000000000,0.0000000000,0.0000000000,0.0000000000,,,
18.2119999705,142,221815.2812500000,215999.6093750000,225000.0000000000,217879.1718750000,0.0000000000,0.0000000000,0.0000000000,0.0000000000,,,
18.2159999704,142,225000.0000000000,217645.1406250000,225000.0000000000,225000.0000000000,0.0000000000,0.0000000000,0.0000000000,0.0000000000,,,
18.2199999706,142,225000.0000000000,217327.4687500000,225000.0000000000,225000.0000000000,0.0000000000,0.0000000000,0.0000000000,0.0000000000,,,
18.2239999706,142,210914.5625000000,215456.2500000000,225000.0000000000,198335.2500000000,0.0000000000,0.0000000000,0.0000000000,0.0000000000,,,
18.2279999705,142,201667.3593750000,214659.7968750000,224955.7968750000,169333.5937500000,0.0000000000,0.0000000000,0.0000000000,0.0000000000,,,
18.2319999705,142,221666.8437500000,216002.5000000000,225000.0000000000,217585.5156250000,0.0000000000,0.0000000000,0.0000000000,0.0000000000,,,
18.2359999705,142,225000.0000000000,217644.6093750000,225000.0000000000,225000.0000000000,0.0000000000,0.0000000000,0.0000000000,0.0000000000,,,
18.2399999704,142,225000.0000000000,217332.2968750000,225000.0000000000,225000.0000000000,0.0000000000,0.0000000000,0.0000000000,0.0000000000,,,
18.2439999706,142,211015.2343750000,215459.2500000000,225000.0000000000,198662.3750000000,0.0000000000,0.0000000000,0.0000000000,0.0000000000,,,
18.2479999706,142,201609.2031250000,214651.3906250000,224943.3906250000,169262.5937500000,0.0000000000,0.0000000000,0.0000000000,0.0000000000,,,
18.2519999705,142,221523.3281250000,215988.5000000000,225000.0000000000,217304.3125000000,0.0000000000,0.0000000000,0.0000000000,0.0000000000,,,
18.2559999705,142,225000.0000000000,217635.2812500000,225000.0000000000,225000.0000000000,0.0000000000,0.0000000000,0.0000000000,0.0000000000,,,
18.2599999704,142,225000.0000000000,217331.3281250000,225000.0000000000,225000.0000000000,0.0000000000,0.0000000000,0.0000000000,0.0000000000,,,
18.2639999706,142,211130.4843750000,215462.0625000000,225000.0000000000,198986.0937500000,0.0000000000,0.0000000000,0.0000000000,0.0000000000,,,
18.2679999706,142,201558.0312500000,214643.9375000000,224927.4218750000,169200.5781250000,0.0000000000,0.0000000000,0.0000000000,0.0000000000,,,
18.2719999705,142,221371.9062500000,215971.0937500000,225000.0000000000,217035.6875000000,0.0000000000,0.0000000000,0.0000000000,0.0000000000,,,
18.2759999705,142,225000.0000000000,217627.7656250000,225000.0000000000,225000.0000000000,0.0000000000,0.0000000000,0.0000000000,0.0000000000,,,
18.2799999705,142,225000.0000000000,217339.4531250000,225000.0000000000,225000.0000000000,0.0000000000,0.0000000000,0.0000000000,0.0000000000,,,
18.2839999704,142,211243.0625000000,215472.5625000000,225000.0000000000,199330.9375000000,0.0000000000,0.0000000000,0.0000000000,0.0000000000,,,
18.2879999706,142,201502.2968750000,214641.7343750000,224901.5156250000,169127.9531250000,0.0000000000,0.0000000000,0.0000000000,0.0000000000,,,
18.2919999706,142,221218.0625000000,215961.2500000000,225000.0000000000,216727.0000000000,0.0000000000,0.0000000000,0.0000000000,0.0000000000,,,
18.2959999705,142,225000.0000000000,217622.6406250000,225000.0000000000,225000.0000000000,0.0000000000,0.0000000000,0.0000000000,0.0000000000,,,
18.2999999705,142,225000.0000000000,217345.6718750000,225000.0000000000,225000.0000000000,0.0000000000,0.0000000000,0.0000000000,0.0000000000,,,
18.3039999704,143,211347.8750000000,215478.2968750000,225000.0000000000,199648.9687500000,0.0000000000,0.0000000000,0.0000000000,0.0000000000,,,
18.3079999704,143,201441.5468750000,214632.6250000000,224857.0156250000,169048.1562500000,0.0000000000,0.0000000000,0.0000000000,0.0000000000,,,
18.3119999703,143,221048.0937500000,215940.6250000000,225000.0000000000,216434.5625000000,0.0000000000,0.0000000000,0.0000000000,0.0000000000,,,
18.3159999703,143,225000.0000000000,217608.1250000000,225000.0000000000,225000.0000000000,0.0000000000,0.0000000000,0.0000000000,0.0000000000,,,
18.3199999703,143,225000.0000000000,217347.0156250000,225000.0000000000,225000.0000000000,0.0000000000,0.0000000000,0.0000000000,0.0000000000,,,
18.3239999702,143,211459.0000000000,215486.7656250000,225000.0000000000,199961.8281250000,0.0000000000,0.0000000000,0.0000000000,0.0000000000,,,
18.3279999704,143,201393.6093750000,214633.5625000000,224824.1562500000,168963.2656250000,0.0000000000,0.0000000000,0.0000000000,0.0000000000,,,
18.3319999704,143,220890.4531250000,215929.6093750000,225000.0000000000,216115.8593750000,0.0000000000,0.0000000000,0.0000000000,0.0000000000,,,
18.3359999703,143,225000.0000000000,217596.8125000000,225000.0000000000,225000.0000000000,0.0000000000,0.0000000000,0.0000000000,0.0000000000,,,
18.3399999703,143,225000.0000000000,217346.0312500000,225000.0000000000,225000.0000000000,0.0000000000,0.0000000000,0.0000000000,0.0000000000,,,
18.3439999702,143,211570.6093750000,215488.8125000000,225000.0000000000,200264.2343750000,0.0000000000,0.0000000000,0.0000000000,0.0000000000,,,
18.3479999704,143,201353.7500000000,214628.3281250000,224799.5312500000,168877.6406250000,0.0000000000,0.0000000000,0.0000000000,0.0000000000,,,
18.3519999704,143,220752.0312500000,215918.5312500000,225000.0000000000,215845.3593750000,0.0000000000,0.0000000000,0.0000000000,0.0000000000,,,
18.3559999703,143,225000.0000000000,217591.2031250000,225000.0000000000,225000.0000000000,0.0000000000,0.0000000000,0.0000000000,0.0000000000,,,
18.3599999703,143,225000.0000000000,217354.3906250000,225000.0000000000,225000.0000000000,0.0000000000,0.0000000000,0.0000000000,0.0000000000,,,
18.3639999703,143,211703.7343750000,215497.2343750000,225000.0000000000,200602.8437500000,0.0000000000,0.0000000000,0.0000000000,0.0000000000,,,
18.3679999702,143,201335.7500000000,214625.2968750000,224784.0625000000,168827.7031250000,0.0000000000,0.0000000000,0.0000000000,0.0000000000,,,
18.3719999704,143,220613.3593750000,215907.2812500000,225000.0000000000,215560.3906250000,0.0000000000,0.0000000000,0.0000000000,0.0000000000,,,
18.3759999704,143,225000.0000000000,217581.9531250000,225000.0000000000,225000.0000000000,0.0000000000,0.0000000000,0.0000000000,0.0000000000,,,
18.3799999703,143,225000.0000000000,217355.1250000000,225000.0000000000,225000.0000000000,0.0000000000,0.0000000000,0.0000000000,0.0000000000,,,
18.3839999703,143,211836.9843750000,215496.0312500000,225000.0000000000,200919.8593750000,0.0000000000,0.0000000000,0.0000000000,0.0000000000,,,
18.3879999702,143,201309.8125000000,214604.5625000000,224755.1250000000,168764.6718750000,0.0000000000,0.0000000000,0.0000000000,0.0000000000,,,
18.3919999704,143,220466.1093750000,215871.2343750000,225000.0000000000,215258.0625000000,0.0000000000,0.0000000000,0.0000000000,0.0000000000,,,
18.3959999704,143,225000.0000000000,217551.7968750000,225000.0000000000,225000.0000000000,0.0000000000,0.0000000000,0.0000000000,0.0000000000,,,
18.3999999703,143,225000.0000000000,217335.2500000000,225000.0000000000,225000.0000000000,0.0000000000,0.0000000000,0.0000000000,0.0000000000,,,
18.4039999703,143,211956.4531250000,215480.2187500000,225000.0000000000,201243.3750000000,0.0000000000,0.0000000000,0.0000000000,0.0000000000,,,
18.4079999703,143,201288.0468750000,214587.1875000000,224728.6718750000,168723.7968750000,0.0000000000,0.0000000000,0.0000000000,0.0000000000,,,
18.4119999702,143,220338.9687500000,215852.1093750000,225000.0000000000,214973.2656250000,0.0000000000,0.0000000000,0.0000000000,0.0000000000,,,
18.4159999704,143,225000.0000000000,217538.4687500000,225000.0000000000,225000.0000000000,0.0000000000,0.0000000000,0.0000000000,0.0000000000,,,
18.4199999704,143,225000.0000000000,217334.1093750000,225000.0000000000,225000.0000000000,0.0000000000,0.0000000000,0.0000000000,0.0000000000,,,
18.4239999703,143,212086.4062500000,215477.7343750000,225000.0000000000,201562.6250000000,0.0000000000,0.0000000000,0.0000000000,0.0000000000,,,
18.4279999703,143,201264.5156250000,214563.4687500000,224696.7500000000,168672.7812500000,0.0000000000,0.0000000000,0.0000000000,0.0000000000,,,
18.4319999702,144,220199.7031250000,215815.3125000000,225000.0000000000,214707.2187500000,0.0000000000,0.0000000000,0.0000000000,0.0000000000,,,
18.4359999702,144,225000.0000000000,217502.6718750000,225000.0000000000,225000.0000000000,0.0000000000,0.0000000000,0.0000000000,0.0000000000,,,
18.4399999701,144,225000.0000000000,217315.2656250000,225000.0000000000,225000.0000000000,0.0000000000,0.0000000000,0.0000000000,0.0000000000,,,
18.4439999701,144,212207.5000000000,215468.1875000000,225000.0000000000,201897.6718750000,0.0000000000,0.0000000000,0.0000000000,0.0000000000,,,
18.4479999701,144,201241.2812500000,214555.9687500000,224698.4687500000,168644.0468750000,0.0000000000,0.0000000000,0.0000000000,0.0000000000,,,
18.4519999700,144,220051.3750000000,215807.4531250000,225000.0000000000,214399.3437500000,0.0000000000,0.0000000000,0.0000000000,0.0000000000,,,
18.4559999702,144,225000.0000000000,217506.5000000000,225000.0000000000,225000.0000000000,0.0000000000,0.0000000000,0.0000000000,0.0000000000,,,
18.4599999702,144,225000.0000000000,217329.3437500000,225000.0000000000,225000.0000000000,0.0000000000,0.0000000000,0.0000000000,0.0000000000,,,
18.4639999701,144,212343.5625000000,215478.8281250000,225000.0000000000,202218.7968750000,0.0000000000,0.0000000000,0.0000000000,0.0000000000,,,
18.4679999701,144,201224.5468750000,214549.8750000000,224669.2031250000,168599.3593750000,0.0000000000,0.0000000000,0.0000000000,0.0000000000,,,
18.4719999700,144,219919.2812500000,215789.8125000000,225000.0000000000,214119.3593750000,0.0000000000,0.0000000000,0.0000000000,0.0000000000,,,
18.4759999702,144,225000.0000000000,217490.4062500000,225000.0000000000,225000.0000000000,0.0000000000,0.0000000000,0.0000000000,0.0000000000,,,
18.4799999702,144,225000.0000000000,217323.6875000000,225000.0000000000,225000.0000000000,0.0000000000,0.0000000000,0.0000000000,0.0000000000,,,
18.4839999701,144,212486.6718750000,215478.8906250000,225000.0000000000,202547.6875000000,0.0000000000,0.0000000000,0.0000000000,0.0000000000,,,
18.4879999701,144,201258.5937500000,214538.4687500000,224690.3125000000,168702.4687500000,0.0000000000,0.0000000000,0.0000000000,0.0000000000,,,
18.4919999701,144,219952.6562500000,215766.1562500000,225000.0000000000,214187.5937500000,0.0000000000,0.0000000000,0.0000000000,0.0000000000,,,
18.4959999700,144,225000.0000000000,217471.4687500000,225000.0000000000,225000.0000000000,0.0000000000,0.0000000000,0.0000000000,0.0000000000,,,
18.4999999702,144,225000.0000000000,217315.6562500000,225000.0000000000,225000.0000000000,0.0000000000,0.0000000000,0.0000000000,0.0000000000,,,
18.5039999702,144,212579.0625000000,215476.1562500000,225000.0000000000,202802.9843750000,0.0000000000,0.0000000000,0.0000000000,0.0000000000,,,
18.5079999701,144,201182.5000000000,214525.2031250000,224591.7968750000,168477.5625000000,0.0000000000,0.0000000000,0.0000000000,0.0000000000,,,
18.5119999701,144,219616.9687500000,215741.2031250000,225000.0000000000,213506.5781250000,0.0000000000,0.0000000000,0.0000000000,0.0000000000,,,
18.5159999700,144,225000.0000000000,217452.8593750000,225000.0000000000,225000.0000000000,0.0000000000,0.0000000000,0.0000000000,0.0000000000,,,
18.5199999702,144,225000.0000000000,217313.8906250000,225000.0000000000,225000.0000000000,0.0000000000,0.0000000000,0.0000000000,0.0000000000,,,
18.5239999702,144,212745.3437500000,215477.1406250000,225000.0000000000,203168.7031250000,0.0000000000,0.0000000000,0.0000000000,0.0000000000,,,
18.5279999701,144,201218.8437500000,214521.0937500000,224606.7343750000,168482.9218750000,0.0000000000,0.0000000000,0.0000000000,0.0000000000,,,
18.5319999701,144,219509.1406250000,215734.7343750000,225000.0000000000,213246.2656250000,0.0000000000,0.0000000000,0.0000000000,0.0000000000,,,
18.5359999700,144,225000.0000000000,217450.3906250000,225000.0000000000,225000.0000000000,0.0000000000,0.0000000000,0.0000000000,0.0000000000,,,
18.5399999700,144,225000.0000000000,217321.1093750000,225000.0000000000,225000.0000000000,0.0000000000,0.0000000000,0.0000000000,0.0000000000,,,
18.5439999702,144,212898.9218750000,215484.6562500000,225000.0000000000,203496.0625000000,0.0000000000,0.0000000000,0.0000000000,0.0000000000,,,
18.5479999701,144,201244.9062500000,214520.8593750000,224631.6250000000,168480.0000000000,0.0000000000,0.0000000000,0.0000000000,0.0000000000,,,
18.5519999701,144,219388.0468750000,215725.5625000000,225000.0000000000,212957.7656250000,0.0000000000,0.0000000000,0.0000000000,0.0000000000,,,
18.5559999701,144,225000.0000000000,217443.7187500000,225000.0000000000,225000.0000000000,0.0000000000,0.0000000000,0.0000000000,0.0000000000,,,
18.5599999700,145,225000.0000000000,217329.6562500000,225000.0000000000,225000.0000000000,0.0000000000,0.0000000000,0.0000000000,0.0000000000,,,
18.5639999700,145,213066.6875000000,215493.0781250000,225000.0000000000,203870.3437500000,0.0000000000,0.0000000000,0.0000000000,0.0000000000,,,
18.5679999699,145,201271.4687500000,214508.7812500000,224643.0625000000,168477.8593750000,0.0000000000,0.0000000000,0.0000000000,0.0000000000,,,
18.5719999699,145,219251.8125000000,215698.7656250000,225000.0000000000,212665.1093750000,0.0000000000,0.0000000000,0.0000000000,0.0000000000,,,
18.5759999698,145,225000.0000000000,217421.0468750000,225000.0000000000,225000.0000000000,0.0000000000,0.0000000000,0.0000000000,0.0000000000,,,
18.5799999698,145,225000.0000000000,217316.8437500000,225000.0000000000,225000.0000000000,0.0000000000,0.0000000000,0.0000000000,0.0000000000,,,
18.5839999700,145,213215.2812500000,215485.1406250000,225000.0000000000,204214.3906250000,0.0000000000,0.0000000000,0.0000000000,0.0000000000,,,
18.5879999700,145,201306.5937500000,214495.8281250000,224671.3750000000,168584.8593750000,0.0000000000,0.0000000000,0.0000000000,0.0000000000,,,
18.5919999699,145,219131.6250000000,215680.1093750000,225000.0000000000,212480.4218750000,0.0000000000,0.0000000000,0.0000000000,0.0000000000,,,
18.5959999699,145,225000.0000000000,217413.3437500000,225000.0000000000,225000.0000000000,0.0000000000,0.0000000000,0.0000000000,0.0000000000,,,
18.5999999698,145,225000.0000000000,217325.3125000000,225000.0000000000,225000.0000000000,0.0000000000,0.0000000000,0.0000000000,0.0000000000,,,
18.6039999700,145,213378.0156250000,215493.9531250000,225000.0000000000,204641.4687500000,0.0000000000,0.0000000000,0.0000000000,0.0000000000,,,
18.6079999700,145,201337.0156250000,214489.2500000000,224676.5000000000,168788.2656250000,0.0000000000,0.0000000000,0.0000000000,0.0000000000,,,
18.6119999699,145,219006.9843750000,215660.0937500000,225000.0000000000,212306.3125000000,0.0000000000,0.0000000000,0.0000000000,0.0000000000,,,
18.6159999699,145,225000.0000000000,217390.4218750000,225000.0000000000,225000.0000000000,0.0000000000,0.0000000000,0.0000000000,0.0000000000,,,
18.6199999698,145,225000.0000000000,217310.1406250000,225000.0000000000,225000.0000000000,0.0000000000,0.0000000000,0.0000000000,0.0000000000,,,
18.6239999698,145,213517.7031250000,215479.8281250000,225000.0000000000,205020.9531250000,0.0000000000,0.0000000000,0.0000000000,0.0000000000,,,
18.6279999700,145,201356.2812500000,214469.0000000000,224686.8593750000,168921.6250000000,0.0000000000,0.0000000000,0.0000000000,0.0000000000,,,
18.6319999699,145,218884.1718750000,215640.0000000000,225000.0000000000,212080.5312500000,0.0000000000,0.0000000000,0.0000000000,0.0000000000,,,
18.6359999699,145,225000.0000000000,217383.6875000000,225000.0000000000,225000.0000000000,0.0000000000,0.0000000000,0.0000000000,0.0000000000,,,
18.6399999699,145,225000.0000000000,217320.7031250000,225000.0000000000,225000.0000000000,0.0000000000,0.0000000000,0.0000000000,0.0000000000,,,
18.6439999698,145,213675.5625000000,215496.4843750000,225000.0000000000,205381.8437500000,0.0000000000,0.0000000000,0.0000000000,0.0000000000,,,
18.6479999700,145,201402.5625000000,214474.3125000000,224707.3437500000,169062.7968750000,0.0000000000,0.0000000000,0.0000000000,0.0000000000,,,
18.6519999700,145,218779.3906250000,215640.2187500000,225000.0000000000,211875.7187500000,0.0000000000,0.0000000000,0.0000000000,0.0000000000,,,
18.6559999699,145,225000.0000000000,217393.1718750000,225000.0000000000,225000.0000000000,0.0000000000,0.0000000000,0.0000000000,0.0000000000,,,
18.6599999699,145,225000.0000000000,217343.4218750000,225000.0000000000,225000.0000000000,0.0000000000,0.0000000000,0.0000000000,0.0000000000,,,
18.6639999698,145,213846.7031250000,215521.4531250000,225000.0000000000,205769.3125000000,0.0000000000,0.0000000000,0.0000000000,0.0000000000,,,
18.6679999698,145,201443.7656250000,214487.4375000000,224726.0468750000,169202.6406250000,0.0000000000,0.0000000000,0.0000000000,0.0000000000,,,
18.6719999700,145,218665.2656250000,215639.5468750000,225000.0000000000,211642.7968750000,0.0000000000,0.0000000000,0.0000000000,0.0000000000,,,
18.6759999699,145,225000.0000000000,217390.7656250000,225000.0000000000,225000.0000000000,0.0000000000,0.0000000000,0.0000000000,0.0000000000,,,
18.6799999699,145,225000.0000000000,217342.4843750000,225000.0000000000,225000.0000000000,0.0000000000,0.0000000000,0.0000000000,0.0000000000,,,
18.6839999699,145,213995.7812500000,215516.1718750000,225000.0000000000,206147.9843750000,0.0000000000,0.0000000000,0.0000000000,0.0000000000,,,
18.6879999698,146,201445.1875000000,214465.5000000000,224705.4687500000,169298.9843750000,0.0000000000,0.0000000000,0.0000000000,0.0000000000,,,
18.6919999698,146,218521.0156250000,215606.4218750000,225000.0000000000,211379.7187500000,0.0000000000,0.0000000000,0.0000000000,0.0000000000,,,
18.6959999697,146,225000.0000000000,217363.6406250000,225000.0000000000,225000.0000000000,0.0000000000,0.0000000000,0.0000000000,0.0000000000,,,
18.6999999697,146,225000.0000000000,217334.3281250000,225000.0000000000,225000.0000000000,0.0000000000,0.0000000000,0.0000000000,0.0000000000,,,
18.7039999696,146,214119.3281250000,215515.9531250000,225000.0000000000,206494.3437500000,0.0000000000,0.0000000000,0.0000000000,0.0000000000,,,
18.7079999696,146,201446.9062500000,214461.0625000000,224690.3906250000,169407.8281250000,0.0000000000,0.0000000000,0.0000000000,0.0000000000,,,
18.7119999698,146,218387.0468750000,215597.2500000000,225000.0000000000,211158.5156250000,0.0000000000,0.0000000000,0.0000000000,0.0000000000,,,
18.7159999697,146,225000.0000000000,217358.9218750000,225000.0000000000,225000.0000000000,0.0000000000,0.0000000000,0.0000000000,0.0000000000,,,
18.7199999697,146,225000.0000000000,217342.2500000000,225000.0000000000,225000.0000000000,0.0000000000,0.0000000000,0.0000000000,0.0000000000,,,
18.7239999697,146,214275.6250000000,215526.2031250000,225000.0000000000,206883.5312500000,0.0000000000,0.0000000000,0.0000000000,0.0000000000,,,
18.7279999696,146,201451.3281250000,214457.0156250000,224688.5781250000,169489.5156250000,0.0000000000,0.0000000000,0.0000000000,0.0000000000,,,
18.7319999698,146,218252.7187500000,215580.7812500000,225000.0000000000,210888.1562500000,0.0000000000,0.0000000000,0.0000000000,0.0000000000,,,
18.7359999698,146,225000.0000000000,217346.4843750000,225000.0000000000,225000.0000000000,0.0000000000,0.0000000000,0.0000000000,0.0000000000,,,
18.7399999697,146,225000.0000000000,217342.9375000000,225000.0000000000,225000.0000000000,0.0000000000,0.0000000000,0.0000000000,0.0000000000,,,
18.7439999697,146,214405.2968750000,215529.9062500000,225000.0000000000,207231.2031250000,0.0000000000,0.0000000000,0.0000000000,0.0000000000,,,
18.7479999696,146,201462.1406250000,214452.9062500000,224698.4375000000,169590.7031250000,0.0000000000,0.0000000000,0.0000000000,0.0000000000,,,
18.7519999696,146,218114.8750000000,215573.4531250000,225000.0000000000,210646.5937500000,0.0000000000,0.0000000000,0.0000000000,0.0000000000,,,
18.7559999698,146,225000.0000000000,217350.3125000000,225000.0000000000,225000.0000000000,0.0000000000,0.0000000000,0.0000000000,0.0000000000,,,
18.7599999697,146,225000.0000000000,217361.7968750000,225000.0000000000,225000.0000000000,0.0000000000,0.0000000000,0.0000000000,0.0000000000,,,
18.7639999697,146,214538.6093750000,215547.2500000000,225000.0000000000,207538.6093750000,0.0000000000,0.0000000000,0.0000000000,0.0000000000,,,
18.7679999697,146,201454.4218750000,214455.2812500000,224686.4218750000,169627.5156250000,0.0000000000,0.0000000000,0.0000000000,0.0000000000,,,
18.7719999696,146,217981.8125000000,215567.2656250000,225000.0000000000,210374.0781250000,0.0000000000,0.0000000000,0.0000000000,0.0000000000,,,
18.7759999698,146,225000.0000000000,217350.1562500000,225000.0000000000,225000.0000000000,0.0000000000,0.0000000000,0.0000000000,0.0000000000,,,
18.7799999698,146,225000.0000000000,217371.1093750000,225000.0000000000,225000.0000000000,0.0000000000,0.0000000000,0.0000000000,0.0000000000,,,
18.7839999697,146,214665.9687500000,215558.3906250000,225000.0000000000,207890.4375000000,0.0000000000,0.0000000000,0.0000000000,0.0000000000,,,
18.7879999697,146,201441.7812500000,214453.8281250000,224666.1718750000,169681.0156250000,0.0000000000,0.0000000000,0.0000000000,0.0000000000,,,
18.7919999696,146,217828.7656250000,215553.6875000000,225000.0000000000,210093.1718750000,0.0000000000,0.0000000000,0.0000000000,0.0000000000,,,
18.7959999696,146,225000.0000000000,217333.3593750000,225000.0000000000,225000.0000000000,0.0000000000,0.0000000000,0.0000000000,0.0000000000,,,
18.7999999698,146,225000.0000000000,217359.9687500000,225000.0000000000,225000.0000000000,0.0000000000,0.0000000000,0.0000000000,0.0000000000,,,
18.8039999697,146,214779.0156250000,215546.2031250000,225000.0000000000,208227.3906250000,0.0000000000,0.0000000000,0.0000000000,0.0000000000,,,
18.8079999697,146,201428.7187500000,214431.6718750000,224654.2343750000,169728.7031250000,0.0000000000,0.0000000000,0.0000000000,0.0000000000,,,
18.8119999697,146,217674.5937500000,215515.0625000000,225000.0000000000,209793.8906250000,0.0000000000,0.0000000000,0.0000000000,0.0000000000,,,
18.8159999696,147,225000.0000000000,217298.6875000000,225000.0000000000,225000.0000000000,0.0000000000,0.0000000000,0.0000000000,0.0000000000,,,
18.8199999696,147,225000.0000000000,217343.0468750000,225000.0000000000,225000.0000000000,0.0000000000,0.0000000000,0.0000000000,0.0000000000,,,
18.8239999695,147,214907.2812500000,215540.2031250000,225000.0000000000,208545.5156250000,0.0000000000,0.0000000000,0.0000000000,0.0000000000,,,
18.8279999695,147,201442.8281250000,214418.5000000000,224674.4062500000,169815.9531250000,0.0000000000,0.0000000000,0.0000000000,0.0000000000,,,
18.8319999694,147,217548.3437500000,215501.3281250000,225000.0000000000,209564.0781250000,0.0000000000,0.0000000000,0.0000000000,0.0000000000,,,
18.8359999694,147,225000.0000000000,217301.2343750000,225000.0000000000,225000.0000000000,0.0000000000,0.0000000000,0.0000000000,0.0000000000,,,
18.8399999696,147,225000.0000000000,217360.7187500000,225000.0000000000,225000.0000000000,0.0000000000,0.0000000000,0.0000000000,0.0000000000,,,
18.8439999695,147,215052.6562500000,215560.5000000000,225000.0000000000,208891.2968750000,0.0000000000,0.0000000000,0.0000000000,0.0000000000,,,
18.8479999695,147,201484.0312500000,214436.7343750000,224720.1718750000,169983.8906250000,0.0000000000,0.0000000000,0.0000000000,0.0000000000,,,
18.8519999695,147,217447.1250000000,215522.9062500000,225000.0000000000,209359.2343750000,0.0000000000,0.0000000000,0.0000000000,0.0000000000,,,
18.8559999694,147,225000.0000000000,217327.5937500000,225000.0000000000,225000.0000000000,0.0000000000,0.0000000000,0.0000000000,0.0000000000,,,
18.8599999696,147,225000.0000000000,217399.2187500000,225000.0000000000,225000.0000000000,0.0000000000,0.0000000000,0.0000000000,0.0000000000,,,
18.8639999696,147,215226.8125000000,215609.6406250000,225000.0000000000,209295.3437500000,0.0000000000,0.0000000000,0.0000000000,0.0000000000,,,
18.8679999695,147,201534.9687500000,214475.6093750000,224752.8906250000,170136.2187500000,0.0000000000,0.0000000000,0.0000000000,0.0000000000,,,
18.8719999695,147,217339.2343750000,215545.3750000000,225000.0000000000,209118.6093750000,0.0000000000,0.0000000000,0.0000000000,0.0000000000,,,
18.8759999694,147,225000.0000000000,217356.9687500000,225000.0000000000,225000.0000000000,0.0000000000,0.0000000000,0.0000000000,0.0000000000,,,
18.8799999694,147,225000.0000000000,217440.1406250000,225000.0000000000,225000.0000000000,0.0000000000,0.0000000000,0.0000000000,0.0000000000,,,
18.8839999696,147,215369.3437500000,215634.1093750000,225000.0000000000,209618.1250000000,0.0000000000,0.0000000000,0.0000000000,0.0000000000,,,
18.8879999695,147,201532.2500000000,214472.2500000000,224740.4218750000,170204.7500000000,0.0000000000,0.0000000000,0.0000000000,0.0000000000,,,
18.8919999695,147,217209.9062500000,215528.0781250000,225000.0000000000,208884.4531250000,0.0000000000,0.0000000000,0.0000000000,0.0000000000,,,
18.8959999694,147,225000.0000000000,217339.3125000000,225000.0000000000,225000.0000000000,0.0000000000,0.0000000000,0.0000000000,0.0000000000,,,
18.8999999694,147,225000.0000000000,217428.0937500000,225000.0000000000,225000.0000000000,0.0000000000,0.0000000000,0.0000000000,0.0000000000,,,
18.9039999696,147,215499.2656250000,215625.7968750000,225000.0000000000,209956.6406250000,0.0000000000,0.0000000000,0.0000000000,0.0000000000,,,
18.9079999696,147,201539.6250000000,214458.8906250000,224750.7968750000,170292.7031250000,0.0000000000,0.0000000000,0.0000000000,0.0000000000,,,
18.9119999695,147,217086.0312500000,215508.3125000000,225000.0000000000,208599.1250000000,0.0000000000,0.0000000000,0.0000000000,0.0000000000,,,
18.9159999695,147,225000.0000000000,217325.1562500000,225000.0000000000,225000.0000000000,0.0000000000,0.0000000000,0.0000000000,0.0000000000,,,
18.9199999694,147,225000.0000000000,217440.6250000000,225000.0000000000,225000.0000000000,0.0000000000,0.0000000000,0.0000000000,0.0000000000,,,
18.9239999694,147,215655.3281250000,215650.0156250000,225000.0000000000,210331.5937500000,0.0000000000,0.0000000000,0.0000000000,0.0000000000,,,
18.9279999696,147,201584.6093750000,214474.5625000000,224807.5000000000,170449.8750000000,0.0000000000,0.0000000000,0.0000000000,0.0000000000,,,
18.9319999695,147,216972.7187500000,215516.9687500000,225000.0000000000,208375.3281250000,0.0000000000,0.0000000000,0.0000000000,0.0000000000,,,
18.9359999695,147,225000.0000000000,217337.5781250000,225000.0000000000,225000.0000000000,0.0000000000,0.0000000000,0.0000000000,0.0000000000,,,
18.9399999694,147,225000.0000000000,217455.8125000000,225000.0000000000,225000.0000000000,0.0000000000,0.0000000000,0.0000000000,0.0000000000,,,
18.9439999694,148,215829.6093750000,215660.6093750000,225000.0000000000,210667.9687500000,0.0000000000,0.0000000000,0.0000000000,0.0000000000,,,
18.9479999694,148,201632.8593750000,214465.6562500000,224863.1562500000,170580.2343750000,0.0000000000,0.0000000000,0.0000000000,0.0000000000,,,
18.9519999693,148,216870.8750000000,215491.2812500000,225000.0000000000,208112.9218750000,0.0000000000,0.0000000000,0.0000000000,0.0000000000,,,
18.9559999693,148,225000.0000000000,217317.1718750000,225000.0000000000,225000.0000000000,0.0000000000,0.0000000000,0.0000000000,0.0000000000,,,
18.9599999692,148,225000.0000000000,217448.5625000000,225000.0000000000,225000.0000000000,0.0000000000,0.0000000000,0.0000000000,0.0000000000,,,
18.9639999692,148,215982.7968750000,215658.0000000000,225000.0000000000,211026.3906250000,0.0000000000,0.0000000000,0.0000000000,0.0000000000,,,
18.9679999694,148,201692.8437500000,214460.2968750000,224934.5312500000,170757.7031250000,0.0000000000,0.0000000000,0.0000000000,0.0000000000,,,
18.9719999693,148,216765.4375000000,215479.0781250000,225000.0000000000,207912.2968750000,0.0000000000,0.0000000000,0.0000000000,0.0000000000,,,
18.9759999693,148,225000.0000000000,217304.0156250000,225000.0000000000,225000.0000000000,0.0000000000,0.0000000000,0.0000000000,0.0000000000,,,
18.9799999692,148,225000.0000000000,217443.9218750000,225000.0000000000,225000.0000000000,0.0000000000,0.0000000000,0.0000000000,0.0000000000,,,
18.9839999692,148,216125.5468750000,215651.6250000000,225000.0000000000,211373.0156250000,0.0000000000,0.0000000000,0.0000000000,0.0000000000,,,
18.9879999694,148,201702.9218750000,214439.8281250000,224940.0312500000,170852.5468750000,0.0000000000,0.0000000000,0.0000000000,0.0000000000,,,
18.9919999694,148,216621.0468750000,215451.0781250000,225000.0000000000,207634.2812500000,0.0000000000,0.0000000000,0.0000000000,0.0000000000,,,
18.9959999693,148,225000.0000000000,217280.7187500000,225000.0000000000,225000.0000000000,0.0000000000,0.0000000000,0.0000000000,0.0000000000,,,
18.9999999693,148,225000.0000000000,217435.3906250000,225000.0000000000,225000.0000000000,0.0000000000,0.0000000000,0.0000000000,0.0000000000,,,
19.0039999692,148,216257.8593750000,215651.3750000000,225000.0000000000,211717.1875000000,0.0000000000,0.0000000000,0.0000000000,0.0000000000,,,
19.0079999692,148,201725.9062500000,214434.0312500000,224960.9531250000,170944.7343750000,0.0000000000,0.0000000000,0.0000000000,0.0000000000,,,
19.0119999694,148,216486.5937500000,215436.5000000000,225000.0000000000,207349.3750000000,0.0000000000,0.0000000000,0.0000000000,0.0000000000,,,
19.0159999693,148,225000.0000000000,217271.8906250000,225000.0000000000,225000.0000000000,0.0000000000,0.0000000000,0.0000000000,0.0000000000,,,
19.0199999693,148,225000.0000000000,217439.1718750000,225000.0000000000,225000.0000000000,0.0000000000,0.0000000000,0.0000000000,0.0000000000,,,
19.0239999692,148,216403.5000000000,215661.1718750000,225000.0000000000,212056.9218750000,0.0000000000,0.0000000000,0.0000000000,0.0000000000,,,
19.0279999692,148,201746.6093750000,214436.6093750000,224990.9375000000,171035.3125000000,0.0000000000,0.0000000000,0.0000000000,0.0000000000,,,
19.0319999694,148,216355.2968750000,215433.1562500000,225000.0000000000,207054.0937500000,0.0000000000,0.0000000000,0.0000000000,0.0000000000,,,
19.0359999693,148,225000.0000000000,217274.8906250000,225000.0000000000,225000.0000000000,0.0000000000,0.0000000000,0.0000000000,0.0000000000,,,
19.0399999693,148,225000.0000000000,217456.7187500000,225000.0000000000,225000.0000000000,0.0000000000,0.0000000000,0.0000000000,0.0000000000,,,
19.0439999693,148,216551.6562500000,215681.0937500000,225000.0000000000,212414.6562500000,0.0000000000,0.0000000000,0.0000000000,0.0000000000,,,
19.0479999692,148,201763.1875000000,214438.9375000000,225000.0000000000,171116.7500000000,0.0000000000,0.0000000000,0.0000000000,0.0000000000,,,
19.0519999692,148,216221.1406250000,215421.5937500000,225000.0000000000,206761.4375000000,0.0000000000,0.0000000000,0.0000000000,0.0000000000,,,
19.0559999694,148,225000.0000000000,217267.0312500000,225000.0000000000,225000.0000000000,0.0000000000,0.0000000000,0.0000000000,0.0000000000,,,
19.0599999693,148,225000.0000000000,217466.2343750000,225000.0000000000,225000.0000000000,0.0000000000,0.0000000000,0.0000000000,0.0000000000,,,
19.0639999693,148,216687.1406250000,215694.7187500000,225000.0000000000,212696.2812500000,0.0000000000,0.0000000000,0.0000000000,0.0000000000,,,
19.0679999692,148,201781.0781250000,214445.3281250000,225000.0000000000,171202.5625000000,0.0000000000,0.0000000000,0.0000000000,0.0000000000,,,
19.0719999692,149,216092.5156250000,215414.0781250000,225000.0000000000,206496.4375000000,0.0000000000,0.0000000000,0.0000000000,0.0000000000,,,
19.0759999692,149,225000.0000000000,217262.7500000000,225000.0000000000,225000.0000000000,0.0000000000,0.0000000000,0.0000000000,0.0000000000,,,
19.0799999691,149,225000.0000000000,217471.0156250000,225000.0000000000,225000.0000000000,0.0000000000,0.0000000000,0.0000000000,0.0000000000,,,
19.0839999691,149,216822.9062500000,215698.5312500000,225000.0000000000,213046.0937500000,0.0000000000,0.0000000000,0.0000000000,0.0000000000,,,
19.0879999690,149,201775.9062500000,214435.6875000000,224972.5625000000,171277.8750000000,0.0000000000,0.0000000000,0.0000000000,0.0000000000,,,
19.0919999690,149,215950.5312500000,215398.0156250000,225000.0000000000,206196.0468750000,0.0000000000,0.0000000000,0.0000000000,0.0000000000,,,
19.0959999692,149,225000.0000000000,217246.3750000000,225000.0000000000,225000.0000000000,0.0000000000,0.0000000000,0.0000000000,0.0000000000,,,
19.0999999691,149,225000.0000000000,217464.2500000000,225000.0000000000,225000.0000000000,0.0000000000,0.0000000000,0.0000000000,0.0000000000,,,
19.1039999691,149,216959.1093750000,215697.1875000000,225000.0000000000,213359.0625000000,0.0000000000,0.0000000000,0.0000000000,0.0000000000,,,
19.1079999690,149,201781.0000000000,214422.7968750000,224975.5625000000,171372.0781250000,0.0000000000,0.0000000000,0.0000000000,0.0000000000,,,
19.1119999690,149,215821.7187500000,215378.8437500000,225000.0000000000,205929.2812500000,0.0000000000,0.0000000000,0.0000000000,0.0000000000,,,
19.1159999692,149,225000.0000000000,217236.3281250000,225000.0000000000,225000.0000000000,0.0000000000,0.0000000000,0.0000000000,0.0000000000,,,
19.1199999691,149,225000.0000000000,217469.8593750000,225000.0000000000,225000.0000000000,0.0000000000,0.0000000000,0.0000000000,0.0000000000,,,
19.1239999691,149,217089.5312500000,215704.9375000000,225000.0000000000,213670.4062500000,0.0000000000,0.0000000000,0.0000000000,0.0000000000,,,
19.1279999691,149,201786.3906250000,214418.6093750000,224984.0781250000,171493.0937500000,0.0000000000,0.0000000000,0.0000000000,0.0000000000,,,
19.1319999690,149,215681.9843750000,215365.4843750000,225000.0000000000,205641.7968750000,0.0000000000,0.0000000000,0.0000000000,0.0000000000,,,
19.1359999690,149,225000.0000000000,217234.3125000000,225000.0000000000,225000.0000000000,0.0000000000,0.0000000000,0.0000000000,0.0000000000,,,
19.1399999692,149,225000.0000000000,217487.9687500000,225000.0000000000,225000.0000000000,0.0000000000,0.0000000000,0.0000000000,0.0000000000,,,
19.1439999691,149,217236.9375000000,215733.0781250000,225000.0000000000,214011.1875000000,0.0000000000,0.0000000000,0.0000000000,0.0000000000,,,
19.1479999691,149,201795.7343750000,214438.1562500000,224979.4375000000,171555.8750000000,0.0000000000,0.0000000000,0.0000000000,0.0000000000,,,
19.1519999690,149,215552.6406250000,215378.1875000000,225000.0000000000,205350.9375000000,0.0000000000,0.0000000000,0.0000000000,0.0000000000,,,
19.1559999690,149,225000.0000000000,217250.0781250000,225000.0000000000,225000.0000000000,0.0000000000,0.0000000000,0.0000000000,0.0000000000,,,
19.1599999692,149,225000.0000000000,217513.3750000000,225000.0000000000,225000.0000000000,0.0000000000,0.0000000000,0.0000000000,0.0000000000,,,
19.1639999691,149,217382.3750000000,215756.0156250000,225000.0000000000,214319.8281250000,0.0000000000,0.0000000000,0.0000000000,0.0000000000,,,
19.1679999691,149,201804.7656250000,214444.4687500000,224973.5000000000,171637.8750000000,0.0000000000,0.0000000000,0.0000000000,0.0000000000,,,
19.1719999691,149,215403.7500000000,215365.1875000000,225000.0000000000,205030.7968750000,0.0000000000,0.0000000000,0.0000000000,0.0000000000,,,
19.1759999690,149,225000.0000000000,217234.7968750000,225000.0000000000,225000.0000000000,0.0000000000,0.0000000000,0.0000000000,0.0000000000,,,
19.1799999690,149,225000.0000000000,217506.0781250000,225000.0000000000,225000.0000000000,0.0000000000,0.0000000000,0.0000000000,0.0000000000,,,
19.1839999692,149,217529.9375000000,215754.2656250000,225000.0000000000,214639.0781250000,0.0000000000,0.0000000000,0.0000000000,0.0000000000,,,
19.1879999691,149,201839.8281250000,214435.7500000000,224982.3281250000,171723.3593750000,0.0000000000,0.0000000000,0.0000000000,0.0000000000,,,
19.1919999691,149,215288.5781250000,215351.0312500000,225000.0000000000,204749.2500000000,0.0000000000,0.0000000000,0.0000000000,0.0000000000,,,
19.1959999690,149,225000.0000000000,217229.4218750000,225000.0000000000,225000.0000000000,0.0000000000,0.0000000000,0.0000000000,0.0000000000,,,
19.1999999690,150,225000.0000000000,217521.6562500000,225000.0000000000,225000.0000000000,0.0000000000,0.0000000000,0.0000000000,0.0000000000,,,
19.2039999689,150,217689.2187500000,215776.0000000000,225000.0000000000,214963.7656250000,0.0000000000,0.0000000000,0.0000000000,0.0000000000,,,
19.2079999689,150,201881.6406250000,214443.9218750000,225000.0000000000,171828.1875000000,0.0000000000,0.0000000000,0.0000000000,0.0000000000,,,
19.2119999689,150,215160.4218750000,215343.4531250000,225000.0000000000,204441.8125000000,0.0000000000,0.0000000000,0.0000000000,0.0000000000,,,
19.2159999688,150,225000.0000000000,217219.8281250000,225000.0000000000,225000.0000000000,0.0000000000,0.0000000000,0.0000000000,0.0000000000,,,
19.2199999688,150,225000.0000000000,217520.0781250000,225000.0000000000,225000.0000000000,0.0000000000,0.0000000000,0.0000000000,0.0000000000,,,
19.2239999690,150,217819.8906250000,215775.6406250000,225000.0000000000,215266.0468750000,0.0000000000,0.0000000000,0.0000000000,0.0000000000,,,
19.2279999689,150,201900.4375000000,214436.4218750000,225000.0000000000,171905.2968750000,0.0000000000,0.0000000000,0.0000000000,0.0000000000,,,
19.2319999689,150,215042.6562500000,215331.0468750000,225000.0000000000,204175.1718750000,0.0000000000,0.0000000000,0.0000000000,0.0000000000,,,
19.2359999688,150,225000.0000000000,217212.5000000000,225000.0000000000,225000.0000000000,0.0000000000,0.0000000000,0.0000000000,0.0000000000,,,
19.2399999688,150,225000.0000000000,217530.4843750000,225000.0000000000,225000.0000000000,0.0000000000,0.0000000000,0.0000000000,0.0000000000,,,
19.2439999690,150,217954.4843750000,215787.3125000000,225000.0000000000,215567.2656250000,0.0000000000,0.0000000000,0.0000000000,0.0000000000,,,
19.2479999689,150,201916.1562500000,214433.2187500000,225000.0000000000,171990.2187500000,0.0000000000,0.0000000000,0.0000000000,0.0000000000,,,
19.2519999689,150,214906.0000000000,215317.3281250000,225000.0000000000,203867.8750000000,0.0000000000,0.0000000000,0.0000000000,0.0000000000,,,
19.2559999689,150,225000.0000000000,217207.7500000000,225000.0000000000,225000.0000000000,0.0000000000,0.0000000000,0.0000000000,0.0000000000,,,
19.2599999688,150,225000.0000000000,217536.7500000000,225000.0000000000,225000.0000000000,0.0000000000,0.0000000000,0.0000000000,0.0000000000,,,
19.2639999688,150,218096.9062500000,215810.0625000000,225000.0000000000,215914.4687500000,0.0000000000,0.0000000000,0.0000000000,0.0000000000,,,
19.2679999690,150,201951.4843750000,214449.0781250000,225000.0000000000,172101.2343750000,0.0000000000,0.0000000000,0.0000000000,0.0000000000,,,
19.2719999689,150,214790.0625000000,215318.7031250000,225000.0000000000,203597.5625000000,0.0000000000,0.0000000000,0.0000000000,0.0000000000,,,
19.2759999689,150,225000.0000000000,217206.9062500000,225000.0000000000,225000.0000000000,0.0000000000,0.0000000000,0.0000000000,0.0000000000,,,
19.2799999688,150,225000.0000000000,217547.0781250000,225000.0000000000,225000.0000000000,0.0000000000,0.0000000000,0.0000000000,0.0000000000,,,
19.2839999688,150,218231.0000000000,215818.1562500000,225000.0000000000,216186.2968750000,0.0000000000,0.0000000000,0.0000000000,0.0000000000,,,
19.2879999690,150,201981.8125000000,214448.1093750000,225000.0000000000,172187.2812500000,0.0000000000,0.0000000000,0.0000000000,0.0000000000,,,
19.2919999689,150,214672.5312500000,215308.9687500000,225000.0000000000,203321.2812500000,0.0000000000,0.0000000000,0.0000000000,0.0000000000,,,
19.2959999689,150,225000.0000000000,217196.5781250000,225000.0000000000,225000.0000000000,0.0000000000,0.0000000000,0.0000000000,0.0000000000,,,
19.2999999688,150,225000.0000000000,217547.9218750000,225000.0000000000,225000.0000000000,0.0000000000,0.0000000000,0.0000000000,0.0000000000,,,
19.3039999688,150,218386.5625000000,215826.8281250000,225000.0000000000,216489.2187500000,0.0000000000,0.0000000000,0.0000000000,0.0000000000,,,
19.3079999688,150,202022.1093750000,214448.5156250000,225000.0000000000,172258.3750000000,0.0000000000,0.0000000000,0.0000000000,0.0000000000,,,
19.3119999690,150,214566.0156250000,215299.0468750000,225000.0000000000,203030.1406250000,0.0000000000,0.0000000000,0.0000000000,0.0000000000,,,
19.3159999689,150,225000.0000000000,217195.3593750000,225000.0000000000,225000.0000000000,0.0000000000,0.0000000000,0.0000000000,0.0000000000,,,
19.3199999689,150,225000.0000000000,217559.7968750000,225000.0000000000,225000.0000000000,0.0000000000,0.0000000000,0.0000000000,0.0000000000,,,
19.3239999688,150,218535.5312500000,215839.7031250000,225000.0000000000,216788.9375000000,0.0000000000,0.0000000000,0.0000000000,0.0000000000,,,
19.3279999688,151,202056.8437500000,214452.9375000000,225000.0000000000,172358.5000000000,0.0000000000,0.0000000000,0.0000000000,0.0000000000,,,
19.3319999687,151,214444.3281250000,215293.1406250000,225000.0000000000,202738.0468750000,0.0000000000,0.0000000000,0.0000000000,0.0000000000,,,
19.3359999687,151,225000.0000000000,217187.6875000000,225000.0000000000,225000.0000000000,0.0000000000,0.0000000000,0.0000000000,0.0000000000,,,
19.3399999687,151,225000.0000000000,217565.9687500000,225000.0000000000,225000.0000000000,0.0000000000,0.0000000000,0.0000000000,0.0000000000,,,
19.3439999686,151,218670.9843750000,215853.3281250000,225000.0000000000,217095.5625000000,0.0000000000,0.0000000000,0.0000000000,0.0000000000,,,
19.3479999686,151,202065.1250000000,214451.8125000000,225000.0000000000,172456.5156250000,0.0000000000,0.0000000000,0.0000000000,0.0000000000,,,
19.3519999688,151,214304.8593750000,215278.5000000000,225000.0000000000,202444.5468750000,0.0000000000,0.0000000000,0.0000000000,0.0000000000,,,
19.3559999687,151,225000.0000000000,217173.4218750000,225000.0000000000,225000.0000000000,0.0000000000,0.0000000000,0.0000000000,0.0000000000,,,
19.3599999687,151,225000.0000000000,217561.9375000000,225000.0000000000,225000.0000000000,0.0000000000,0.0000000000,0.0000000000,0.0000000000,,,
19.3639999686,151,218804.2031250000,215849.5937500000,225000.0000000000,217417.1875000000,0.0000000000,0.0000000000,0.0000000000,0.0000000000,,,
19.3679999686,151,202075.7187500000,214437.1718750000,225000.0000000000,172562.4687500000,0.0000000000,0.0000000000,0.0000000000,0.0000000000,,,
19.3719999688,151,214175.3593750000,215256.5000000000,225000.0000000000,202162.0937500000,0.0000000000,0.0000000000,0.0000000000,0.0000000000,,,
19.3759999687,151,225000.0000000000,217156.3125000000,225000.0000000000,225000.0000000000,0.0000000000,0.0000000000,0.0000000000,0.0000000000,,,
19.3799999687,151,225000.0000000000,217562.5625000000,225000.0000000000,225000.0000000000,0.0000000000,0.0000000000,0.0000000000,0.0000000000,,,
19.3839999686,151,218932.2812500000,215862.2343750000,225000.0000000000,217715.5468750000,0.0000000000,0.0000000000,0.0000000000,0.0000000000,,,
19.3879999686,151,202094.6562500000,214448.4843750000,225000.0000000000,172696.2812500000,0.0000000000,0.0000000000,0.0000000000,0.0000000000,,,
19.3919999686,151,214038.9375000000,215258.2500000000,225000.0000000000,201889.4375000000,0.0000000000,0.0000000000,0.0000000000,0.0000000000,,,
19.3959999688,151,225000.0000000000,217160.5781250000,225000.0000000000,225000.0000000000,0.0000000000,0.0000000000,0.0000000000,0.0000000000,,,
19.3999999687,151,225000.0000000000,217581.7968750000,225000.0000000000,225000.0000000000,0.0000000000,0.0000000000,0.0000000000,0.0000000000,,,
19.4039999687,151,219081.6250000000,215890.0468750000,225000.0000000000,218042.3281250000,0.0000000000,0.0000000000,0.0000000000,0.0000000000,,,
19.4079999686,151,202103.8906250000,214461.9062500000,225000.0000000000,172773.2031250000,0.0000000000,0.0000000000,0.0000000000,0.0000000000,,,
19.4119999686,151,213901.4218750000,215257.4687500000,225000.0000000000,201570.9531250000,0.0000000000,0.0000000000,0.0000000000,0.0000000000,,,
19.4159999688,151,225000.0000000000,217163.3593750000,225000.0000000000,225000.0000000000,0.0000000000,0.0000000000,0.0000000000,0.0000000000,,,
19.4199999687,151,225000.0000000000,217595.5312500000,225000.0000000000,225000.0000000000,0.0000000000,0.0000000000,0.0000000000,0.0000000000,,,
19.4239999687,151,219220.8906250000,215908.8906250000,225000.0000000000,218327.0156250000,0.0000000000,0.0000000000,0.0000000000,0.0000000000,,,
19.4279999686,151,202126.9062500000,214471.0468750000,225000.0000000000,172861.7500000000,0.0000000000,0.0000000000,0.0000000000,0.0000000000,,,
19.4319999686,151,213780.3750000000,215250.8906250000,225000.0000000000,201291.8437500000,0.0000000000,0.0000000000,0.0000000000,0.0000000000,,,
19.4359999686,151,225000.0000000000,217154.9687500000,225000.0000000000,225000.0000000000,0.0000000000,0.0000000000,0.0000000000,0.0000000000,,,
19.4399999687,151,225000.0000000000,217599.1718750000,225000.0000000000,225000.0000000000,0.0000000000,0.0000000000,0.0000000000,0.0000000000,,,
19.4439999687,151,219354.4843750000,215918.4218750000,225000.0000000000,218612.6250000000,0.0000000000,0.0000000000,0.0000000000,0.0000000000,,,
19.4479999687,151,202138.2187500000,214467.3437500000,225000.0000000000,172950.7187500000,0.0000000000,0.0000000000,0.0000000000,0.0000000000,,,
19.4519999686,151,213636.2031250000,215230.8125000000,225000.0000000000,200978.4843750000,0.0000000000,0.0000000000,0.0000000000,0.0000000000,,,
19.4559999686,152,225000.0000000000,217135.5312500000,225000.0000000000,225000.0000000000,0.0000000000,0.0000000000,0.0000000000,0.0000000000,,,
19.4599999685,152,225000.0000000000,217595.9218750000,225000.0000000000,225000.0000000000,0.0000000000,0.0000000000,0.0000000000,0.0000000000,,,
19.4639999685,152,219473.2812500000,215918.2031250000,225000.0000000000,218893.2812500000,0.0000000000,0.0000000000,0.0000000000,0.0000000000,,,
19.4679999684,152,202148.6562500000,214461.9062500000,225000.0000000000,173045.4218750000,0.0000000000,0.0000000000,0.0000000000,0.0000000000,,,
19.4719999684,152,213506.4218750000,215221.9843750000,225000.0000000000,200693.2031250000,0.0000000000,0.0000000000,0.0000000000,0.0000000000,,,
19.4759999684,152,225000.0000000000,217128.5468750000,225000.0000000000,225000.0000000000,0.0000000000,0.0000000000,0.0000000000,0.0000000000,,,
19.4799999685,152,225000.0000000000,217596.8906250000,225000.0000000000,225000.0000000000,0.0000000000,0.0000000000,0.0000000000,0.0000000000,,,
19.4839999685,152,219619.4687500000,215928.7968750000,225000.0000000000,219211.8281250000,0.0000000000,0.0000000000,0.0000000000,0.0000000000,,,
19.4879999685,152,202187.1718750000,214466.5625000000,225000.0000000000,173160.8906250000,0.0000000000,0.0000000000,0.0000000000,0.0000000000,,,
19.4919999684,152,213391.7812500000,215212.7812500000,225000.0000000000,200387.6718750000,0.0000000000,0.0000000000,0.0000000000,0.0000000000,,,
19.4959999684,152,225000.0000000000,217117.8281250000,225000.0000000000,225000.0000000000,0.0000000000,0.0000000000,0.0000000000,0.0000000000,,,
19.4999999686,152,225000.0000000000,217601.1093750000,225000.0000000000,225000.0000000000,0.0000000000,0.0000000000,0.0000000000,0.0000000000,,,
19.5039999685,152,219768.9218750000,215938.4531250000,225000.0000000000,219491.2500000000,0.0000000000,0.0000000000,0.0000000000,0.0000000000,,,
19.5079999685,152,202227.0312500000,214461.1250000000,225000.0000000000,173279.8750000000,0.0000000000,0.0000000000,0.0000000000,0.0000000000,,,
19.5119999684,152,213265.1562500000,215194.4687500000,225000.0000000000,200086.4687500000,0.0000000000,0.0000000000,0.0000000000,0.0000000000,,,
19.5159999684,152,225000.0000000000,217109.8281250000,225000.0000000000,225000.0000000000,0.0000000000,0.0000000000,0.0000000000,0.0000000000,,,
19.5199999684,152,225000.0000000000,217609.2031250000,225000.0000000000,225000.0000000000,0.0000000000,0.0000000000,0.0000000000,0.0000000000,,,
19.5239999685,152,219926.8125000000,215950.1562500000,225000.0000000000,219809.7187500000,0.0000000000,0.0000000000,0.0000000000,0.0000000000,,,
19.5279999685,152,202267.0468750000,214465.5156250000,225000.0000000000,173394.6718750000,0.0000000000,0.0000000000,0.0000000000,0.0000000000,,,
19.5319999685,152,213148.1562500000,215194.0937500000,225000.0000000000,199777.7343750000,0.0000000000,0.0000000000,0.0000000000,0.0000000000,,,
19.5359999684,152,225000.0000000000,217110.9843750000,225000.0000000000,225000.0000000000,0.0000000000,0.0000000000,0.0000000000,0.0000000000,,,
19.5399999684,152,225000.0000000000,217623.4531250000,225000.0000000000,225000.0000000000,0.0000000000,0.0000000000,0.0000000000,0.0000000000,,,
19.5439999686,152,220077.6093750000,215969.2812500000,225000.0000000000,220087.1093750000,0.0000000000,0.0000000000,0.0000000000,0.0000000000,,,
19.5479999685,152,202311.1406250000,214470.4218750000,225000.0000000000,173516.7968750000,0.0000000000,0.0000000000,0.0000000000,0.0000000000,,,
19.5519999685,152,213033.4687500000,215181.6718750000,225000.0000000000,199502.5937500000,0.0000000000,0.0000000000,0.0000000000,0.0000000000,,,
19.5559999684,152,225000.0000000000,217094.2968750000,225000.0000000000,225000.0000000000,0.0000000000,0.0000000000,0.0000000000,0.0000000000,,,
19.5599999684,152,225000.0000000000,217615.7968750000,225000.0000000000,225000.0000000000,0.0000000000,0.0000000000,0.0000000000,0.0000000000,,,
19.5639999683,152,220211.3281250000,215970.5625000000,225000.0000000000,220366.4531250000,0.0000000000,0.0000000000,0.0000000000,0.0000000000,,,
19.5679999685,152,202344.2187500000,214469.8125000000,225000.0000000000,173636.0468750000,0.0000000000,0.0000000000,0.0000000000,0.0000000000,,,
19.5719999685,152,212908.0156250000,215170.8906250000,225000.0000000000,199198.9218750000,0.0000000000,0.0000000000,0.0000000000,0.0000000000,,,
19.5759999685,152,225000.0000000000,217087.4062500000,225000.0000000000,225000.0000000000,0.0000000000,0.0000000000,0.0000000000,0.0000000000,,,
19.5799999684,152,225000.0000000000,217622.1093750000,225000.0000000000,225000.0000000000,0.0000000000,0.0000000000,0.0000000000,0.0000000000,,,
19.5839999684,153,220351.8437500000,215983.2968750000,225000.0000000000,220654.1875000000,0.0000000000,0.0000000000,0.0000000000,0.0000000000,,,
19.5879999683,153,202367.8750000000,214469.4062500000,225000.0000000000,173753.6250000000,0.0000000000,0.0000000000,0.0000000000,0.0000000000,,,
19.5919999683,153,212774.5000000000,215156.2656250000,225000.0000000000,198892.4531250000,0.0000000000,0.0000000000,0.0000000000,0.0000000000,,,
19.5959999682,153,225000.0000000000,217076.6562500000,225000.0000000000,225000.0000000000,0.0000000000,0.0000000000,0.0000000000,0.0000000000,,,
19.5999999682,153,225000.0000000000,217630.1250000000,225000.0000000000,225000.0000000000,0.0000000000,0.0000000000,0.0000000000,0.0000000000,,,
19.6039999682,153,220498.5312500000,216007.1250000000,225000.0000000000,220966.8437500000,0.0000000000,0.0000000000,0.0000000000,0.0000000000,,,
19.6079999683,153,202408.2656250000,214486.9531250000,225000.0000000000,173874.9531250000,0.0000000000,0.0000000000,0.0000000000,0.0000000000,,,
19.6119999683,153,212663.0781250000,215163.6718750000,225000.0000000000,198611.1875000000,0.0000000000,0.0000000000,0.0000000000,0.0000000000,,,
19.6159999683,153,225000.0000000000,217081.6093750000,225000.0000000000,225000.0000000000,0.0000000000,0.0000000000,0.0000000000,0.0000000000,,,
19.6199999682,153,225000.0000000000,217640.0468750000,225000.0000000000,225000.0000000000,0.0000000000,0.0000000000,0.0000000000,0.0000000000,,,
19.6239999682,153,220645.8593750000,216017.8437500000,225000.0000000000,221248.7187500000,0.0000000000,0.0000000000,0.0000000000,0.0000000000,,,
19.6279999684,153,202439.1093750000,214490.4843750000,225000.0000000000,173991.3593750000,0.0000000000,0.0000000000,0.0000000000,0.0000000000,,,
19.6319999683,153,212530.0625000000,215153.1562500000,225000.0000000000,198294.1250000000,0.0000000000,0.0000000000,0.0000000000,0.0000000000,,,
19.6359999683,153,225000.0000000000,217070.4843750000,225000.0000000000,225000.0000000000,0.0000000000,0.0000000000,0.0000000000,0.0000000000,,,
19.6399999682,153,225000.0000000000,217641.3437500000,225000.0000000000,225000.0000000000,0.0000000000,0.0000000000,0.0000000000,0.0000000000,,,
19.6439999682,153,220776.3906250000,216023.1875000000,225000.0000000000,221535.4687500000,0.0000000000,0.0000000000,0.0000000000,0.0000000000,,,
19.6479999681,153,202468.2187500000,214484.9687500000,225000.0000000000,174116.3437500000,0.0000000000,0.0000000000,0.0000000000,0.0000000000,,,
19.6519999683,153,212411.3750000000,215135.7968750000,225000.0000000000,198037.8437500000,0.0000000000,0.0000000000,0.0000000000,0.0000000000,,,
19.6559999683,153,225000.0000000000,217053.6406250000,225000.0000000000,225000.0000000000,0.0000000000,0.0000000000,0.0000000000,0.0000000000,,,
19.6599999683,153,225000.0000000000,217637.7343750000,225000.0000000000,225000.0000000000,0.0000000000,0.0000000000,0.0000000000,0.0000000000,,,
19.6639999682,153,220915.7812500000,216032.5937500000,225000.0000000000,221820.7500000000,0.0000000000,0.0000000000,0.0000000000,0.0000000000,,,
19.6679999682,153,202500.5312500000,214489.0468750000,225000.0000000000,174253.6562500000,0.0000000000,0.0000000000,0.0000000000,0.0000000000,,,
19.6719999684,153,212289.9218750000,215128.6093750000,225000.0000000000,197751.5000000000,0.0000000000,0.0000000000,0.0000000000,0.0000000000,,,
19.6759999683,153,225000.0000000000,217046.9375000000,225000.0000000000,225000.0000000000,0.0000000000,0.0000000000,0.0000000000,0.0000000000,,,
19.6799999683,153,225000.0000000000,217645.7812500000,225000.0000000000,225000.0000000000,0.0000000000,0.0000000000,0.0000000000,0.0000000000,,,
19.6839999682,153,221065.6250000000,216046.5468750000,225000.0000000000,222132.7031250000,0.0000000000,0.0000000000,0.0000000000,0.0000000000,,,
19.6879999682,153,202526.7343750000,214490.2187500000,225000.0000000000,174400.5000000000,0.0000000000,0.0000000000,0.0000000000,0.0000000000,,,
19.6919999681,153,212145.2500000000,215115.0156250000,225000.0000000000,197444.6406250000,0.0000000000,0.0000000000,0.0000000000,0.0000000000,,,
19.6959999683,153,225000.0000000000,217032.4218750000,225000.0000000000,225000.0000000000,0.0000000000,0.0000000000,0.0000000000,0.0000000000,,,
19.6999999683,153,225000.0000000000,217644.0937500000,225000.0000000000,225000.0000000000,0.0000000000,0.0000000000,0.0000000000,0.0000000000,,,
19.7039999682,153,221198.9687500000,216051.8281250000,225000.0000000000,222398.3750000000,0.0000000000,0.0000000000,0.0000000000,0.0000000000,,,
19.7079999682,153,202553.6093750000,214489.7343750000,225000.0000000000,174521.5468750000,0.0000000000,0.0000000000,0.0000000000,0.0000000000,,,
19.7119999682,154,212025.8593750000,215105.7343750000,225000.0000000000,197144.0781250000,0.0000000000,0.0000000000,0.0000000000,0.0000000000,,,
19.7159999681,154,225000.0000000000,217023.3281250000,225000.0000000000,225000.0000000000,0.0000000000,0.0000000000,0.0000000000,0.0000000000,,,
19.7199999681,154,225000.0000000000,217650.7500000000,225000.0000000000,225000.0000000000,0.0000000000,0.0000000000,0.0000000000,0.0000000000,,,
19.7239999680,154,221328.1406250000,216063.1250000000,225000.0000000000,222684.6875000000,0.0000000000,0.0000000000,0.0000000000,0.0000000000,,,
19.7279999680,154,202578.7656250000,214489.3906250000,225000.0000000000,174641.6562500000,0.0000000000,0.0000000000,0.0000000000,0.0000000000,,,
19.7319999679,154,211895.5625000000,215092.5625000000,225000.0000000000,196854.3437500000,0.0000000000,0.0000000000,0.0000000000,0.0000000000,,,
19.7359999681,154,225000.0000000000,217012.5468750000,225000.0000000000,225000.0000000000,0.0000000000,0.0000000000,0.0000000000,0.0000000000,,,
19.7399999681,154,225000.0000000000,217652.0156250000,225000.0000000000,225000.0000000000,0.0000000000,0.0000000000,0.0000000000,0.0000000000,,,
19.7439999681,154,221486.1250000000,216074.1718750000,225000.0000000000,222957.5625000000,0.0000000000,0.0000000000,0.0000000000,0.0000000000,,,
19.7479999680,154,202613.5312500000,214493.7656250000,225000.0000000000,174744.3125000000,0.0000000000,0.0000000000,0.0000000000,0.0000000000,,,
19.7519999680,154,211768.4218750000,215080.3125000000,225000.0000000000,196522.2031250000,0.0000000000,0.0000000000,0.0000000000,0.0000000000,,,
19.7559999682,154,225000.0000000000,217002.3593750000,225000.0000000000,225000.0000000000,0.0000000000,0.0000000000,0.0000000000,0.0000000000,,,
19.7599999681,154,225000.0000000000,217651.6562500000,225000.0000000000,225000.0000000000,0.0000000000,0.0000000000,0.0000000000,0.0000000000,,,
19.7639999681,154,221621.4687500000,216077.7968750000,225000.0000000000,223215.3125000000,0.0000000000,0.0000000000,0.0000000000,0.0000000000,,,
19.7679999680,154,202640.8906250000,214486.7968750000,225000.0000000000,174848.0781250000,0.0000000000,0.0000000000,0.0000000000,0.0000000000,,,
19.7719999680,154,211726.7187500000,215067.9375000000,225000.0000000000,196400.7031250000,0.0000000000,0.0000000000,0.0000000000,0.0000000000,,,
19.7759999679,154,225000.0000000000,216987.7031250000,225000.0000000000,225000.0000000000,0.0000000000,0.0000000000,0.0000000000,0.0000000000,,,
19.7799999681,154,225000.0000000000,217645.8906250000,225000.0000000000,225000.0000000000,0.0000000000,0.0000000000,0.0000000000,0.0000000000,,,
19.7839999681,154,221718.2187500000,216080.3750000000,225000.0000000000,223402.5625000000,0.0000000000,0.0000000000,0.0000000000,0.0000000000,,,
19.7879999680,154,202651.2500000000,214483.3593750000,225000.0000000000,174901.0781250000,0.0000000000,0.0000000000,0.0000000000,0.0000000000,,,
19.7919999680,154,211513.7500000000,215051.0468750000,225000.0000000000,195890.5156250000,0.0000000000,0.0000000000,0.0000000000,0.0000000000,,,
19.7959999680,154,225000.0000000000,216969.3906250000,225000.0000000000,225000.0000000000,0.0000000000,0.0000000000,0.0000000000,0.0000000000,,,
19.7999999681,154,225000.0000000000,217642.7031250000,225000.0000000000,225000.0000000000,0.0000000000,0.0000000000,0.0000000000,0.0000000000,,,
19.8039999681,154,221880.2187500000,216093.5468750000,225000.0000000000,223671.7968750000,0.0000000000,0.0000000000,0.0000000000,0.0000000000,,,
19.8079999681,154,202706.2343750000,214491.7031250000,225000.0000000000,175005.5468750000,0.0000000000,0.0000000000,0.0000000000,0.0000000000,,,
19.8119999680,154,211404.0468750000,215045.8906250000,225000.0000000000,195569.7812500000,0.0000000000,0.0000000000,0.0000000000,0.0000000000,,,
19.8159999680,154,225000.0000000000,216966.0937500000,225000.0000000000,225000.0000000000,0.0000000000,0.0000000000,0.0000000000,0.0000000000,,,
19.8199999679,154,225000.0000000000,217662.2031250000,225000.0000000000,225000.0000000000,0.0000000000,0.0000000000,0.0000000000,0.0000000000,,,
19.8239999681,154,222023.3437500000,216127.0937500000,225000.0000000000,223966.5156250000,0.0000000000,0.0000000000,0.0000000000,0.0000000000,,,
19.8279999681,154,202755.0937500000,214525.3593750000,225000.0000000000,175156.4062500000,0.0000000000,0.0000000000,0.0000000000,0.0000000000,,,
19.8319999680,154,211298.2656250000,215071.7187500000,225000.0000000000,195304.9687500000,0.0000000000,0.0000000000,0.0000000000,0.0000000000,,,
19.8359999680,154,225000.0000000000,216993.2656250000,225000.0000000000,225000.0000000000,0.0000000000,0.0000000000,0.0000000000,0.0000000000,,,
19.8399999680,155,225000.0000000000,217700.9687500000,225000.0000000000,225000.0000000000,0.0000000000,0.0000000000,0.0000000000,0.0000000000,,,
19.8439999679,155,222156.3281250000,216173.2812500000,225000.0000000000,224212.4062500000,0.0000000000,0.0000000000,0.0000000000,0.0000000000,,,
19.8479999679,155,202800.5625000000,214561.7343750000,225000.0000000000,175307.3593750000,0.0000000000,0.0000000000,0.0000000000,0.0000000000,,,
19.8519999678,155,211188.9375000000,215090.2656250000,225000.0000000000,195049.8437500000,0.0000000000,0.0000000000,0.0000000000,0.0000000000,,,
19.8559999678,155,225000.0000000000,217006.3281250000,225000.0000000000,225000.0000000000,0.0000000000,0.0000000000,0.0000000000,0.0000000000,,,
19.8599999677,155,225000.0000000000,217715.1718750000,225000.0000000000,225000.0000000000,0.0000000000,0.0000000000,0.0000000000,0.0000000000,,,
19.8639999679,155,222293.2031250000,216186.1093750000,225000.0000000000,224507.6875000000,0.0000000000,0.0000000000,0.0000000000,0.0000000000,,,
19.8679999679,155,202825.8593750000,214561.3593750000,225000.0000000000,175437.3906250000,0.0000000000,0.0000000000,0.0000000000,0.0000000000,,,
19.8719999678,155,211060.7187500000,215072.5312500000,225000.0000000000,194764.8593750000,0.0000000000,0.0000000000,0.0000000000,0.0000000000,,,
19.8759999678,155,225000.0000000000,216984.5937500000,225000.0000000000,225000.0000000000,0.0000000000,0.0000000000,0.0000000000,0.0000000000,,,
19.8799999678,155,225000.0000000000,217708.2031250000,225000.0000000000,225000.0000000000,0.0000000000,0.0000000000,0.0000000000,0.0000000000,,,
19.8839999679,155,222430.0781250000,216192.5937500000,225000.0000000000,224767.6406250000,0.0000000000,0.0000000000,0.0000000000,0.0000000000,,,
19.8879999679,155,202852.0156250000,214562.2968750000,225000.0000000000,175577.2968750000,0.0000000000,0.0000000000,0.0000000000,0.0000000000,,,
19.8919999679,155,210944.6406250000,215072.1562500000,225000.0000000000,194476.2968750000,0.0000000000,0.0000000000,0.0000000000,0.0000000000,,,
19.8959999678,155,225000.0000000000,216996.5937500000,225000.0000000000,225000.0000000000,0.0000000000,0.0000000000,0.0000000000,0.0000000000,,,
19.8999999678,155,225000.0000000000,217735.6093750000,225000.0000000000,225000.0000000000,0.0000000000,0.0000000000,0.0000000000,0.0000000000,,,
19.9039999677,155,222588.7500000000,216220.8437500000,225000.0000000000,225000.0000000000,0.0000000000,0.0000000000,0.0000000000,0.0000000000,,,
19.9079999679,155,202921.0781250000,214579.2656250000,225000.0000000000,175778.5625000000,0.0000000000,0.0000000000,0.0000000000,0.0000000000,,,
19.9119999679,155,210850.0312500000,215072.8750000000,225000.0000000000,194232.2187500000,0.0000000000,0.0000000000,0.0000000000,0.0000000000,,,
19.9159999678,155,225000.0000000000,216988.4843750000,225000.0000000000,225000.0000000000,0.0000000000,0.0000000000,0.0000000000,0.0000000000,,,
19.9199999678,155,225000.0000000000,217731.1093750000,225000.0000000000,225000.0000000000,0.0000000000,0.0000000000,0.0000000000,0.0000000000,,,
19.9239999678,155,222753.2031250000,216218.7656250000,225000.0000000000,225000.0000000000,0.0000000000,0.0000000000,0.0000000000,0.0000000000,,,
19.9279999679,155,202970.9843750000,214566.1093750000,225000.0000000000,175942.9531250000,0.0000000000,0.0000000000,0.0000000000,0.0000000000,,,
19.9319999679,155,210737.5156250000,215041.9531250000,225000.0000000000,193944.4687500000,0.0000000000,0.0000000000,0.0000000000,0.0000000000,,,
19.9359999679,155,225000.0000000000,216952.5156250000,225000.0000000000,225000.0000000000,0.0000000000,0.0000000000,0.0000000000,0.0000000000,,,
19.9399999678,155,225000.0000000000,217711.5312500000,225000.0000000000,225000.0000000000,0.0000000000,0.0000000000,0.0000000000,0.0000000000,,,
19.9439999678,155,222886.2968750000,216216.5781250000,225000.0000000000,225000.0000000000,0.0000000000,0.0000000000,0.0000000000,0.0000000000,,,
19.9479999677,155,203007.3281250000,214555.7968750000,225000.0000000000,176109.9843750000,0.0000000000,0.0000000000,0.0000000000,0.0000000000,,,
19.9519999679,155,210618.6406250000,215019.2031250000,225000.0000000000,193678.6093750000,0.0000000000,0.0000000000,0.0000000000,0.0000000000,,,
19.9559999679,155,225000.0000000000,216929.5312500000,225000.0000000000,225000.0000000000,0.0000000000,0.0000000000,0.0000000000,0.0000000000,,,
19.9599999678,155,225000.0000000000,217692.7031250000,225000.0000000000,225000.0000000000,0.0000000000,0.0000000000,0.0000000000,0.0000000000,,,
19.9639999678,155,223014.4687500000,216206.0312500000,225000.0000000000,225000.0000000000,0.0000000000,0.0000000000,0.0000000000,0.0000000000,,,
19.9679999677,156,203056.5781250000,214543.7031250000,225000.0000000000,176280.2187500000,0.0000000000,0.0000000000,0.0000000000,0.0000000000,,,
19.9719999677,156,210506.7968750000,214995.8750000000,225000.0000000000,193409.7187500000,0.0000000000,0.0000000000,0.0000000000,0.0000000000,,,
19.9759999677,156,225000.0000000000,216898.7656250000,225000.0000000000,225000.0000000000,0.0000000000,0.0000000000,0.0000000000,0.0000000000,,,
19.9799999676,156,225000.0000000000,217680.2343750000,225000.0000000000,225000.0000000000,0.0000000000,0.0000000000,0.0000000000,0.0000000000,,,
19.9839999676,156,223170.2031250000,216208.9531250000,225000.0000000000,225000.0000000000,0.0000000000,0.0000000000,0.0000000000,0.0000000000,,,
19.9879999675,156,203123.3125000000,214543.8906250000,225000.0000000000,176427.8437500000,0.0000000000,0.0000000000,0.0000000000,0.0000000000,,,
19.9919999677,156,210412.2968750000,214984.5000000000,225000.0000000000,193111.2656250000,0.0000000000,0.0000000000,0.0000000000,0.0000000000,,,
19.9959999677,156,225000.0000000000,216895.9531250000,225000.0000000000,225000.0000000000,0.0000000000,0.0000000000,0.0000000000,0.0000000000,,,
19.9999999676,156,225000.0000000000,217694.6875000000,225000.0000000000,225000.0000000000,0.0000000000,0.0000000000,0.0000000000,0.0000000000,,,
20.0039999676,156,223322.1250000000,216229.3750000000,225000.0000000000,225000.0000000000,0.0000000000,0.0000000000,0.0000000000,0.0000000000,,,
20.0079999676,156,203179.0781250000,214556.2031250000,225000.0000000000,176577.2968750000,0.0000000000,0.0000000000,0.0000000000,0.0000000000,,,
20.0119999677,156,210308.5312500000,214982.6562500000,225000.0000000000,192837.1250000000,0.0000000000,0.0000000000,0.0000000000,0.0000000000,,,
20.0159999677,156,225000.0000000000,216893.4843750000,225000.0000000000,225000.0000000000,0.0000000000,0.0000000000,0.0000000000,0.0000000000,,,
20.0199999677,156,225000.0000000000,217706.5468750000,225000.0000000000,225000.0000000000,0.0000000000,0.0000000000,0.0000000000,0.0000000000,,,
20.0239999676,156,223463.5312500000,216245.5937500000,225000.0000000000,225000.0000000000,0.0000000000,0.0000000000,0.0000000000,0.0000000000,,,
20.0279999676,156,203223.2812500000,214561.8125000000,225000.0000000000,176726.1093750000,0.0000000000,0.0000000000,0.0000000000,0.0000000000,,,
20.0319999675,156,210203.1718750000,214978.7031250000,225000.0000000000,192572.2812500000,0.0000000000,0.0000000000,0.0000000000,0.0000000000,,,
20.0359999677,156,225000.0000000000,216887.6562500000,225000.0000000000,225000.0000000000,0.0000000000,0.0000000000,0.0000000000,0.0000000000,,,
20.0399999677,156,225000.0000000000,217712.6093750000,225000.0000000000,225000.0000000000,0.0000000000,0.0000000000,0.0000000000,0.0000000000,,,
20.0439999676,156,223598.4687500000,216261.3437500000,225000.0000000000,225000.0000000000,0.0000000000,0.0000000000,0.0000000000,0.0000000000,,,
20.0479999676,156,203269.1718750000,214573.1562500000,225000.0000000000,176907.5625000000,0.0000000000,0.0000000000,0.0000000000,0.0000000000,,,
20.0519999675,156,210089.5468750000,214973.7968750000,225000.0000000000,192309.4531250000,0.0000000000,0.0000000000,0.0000000000,0.0000000000,,,
20.0559999677,156,225000.0000000000,216875.6250000000,225000.0000000000,225000.0000000000,0.0000000000,0.0000000000,0.0000000000,0.0000000000,,,
20.0599999677,156,225000.0000000000,217707.6406250000,225000.0000000000,225000.0000000000,0.0000000000,0.0000000000,0.0000000000,0.0000000000,,,
20.0639999676,156,223735.7656250000,216266.8437500000,225000.0000000000,225000.0000000000,0.0000000000,0.0000000000,0.0000000000,0.0000000000,,,
20.0679999676,156,203313.8593750000,214571.6875000000,225000.0000000000,177085.6406250000,0.0000000000,0.0000000000,0.0000000000,0.0000000000,,,
20.0719999676,156,209976.9218750000,214962.9843750000,225000.0000000000,192041.3906250000,0.0000000000,0.0000000000,0.0000000000,0.0000000000,,,
20.0759999675,156,225000.0000000000,216864.7812500000,225000.0000000000,225000.0000000000,0.0000000000,0.0000000000,0.0000000000,0.0000000000,,,
20.0799999677,156,225000.0000000000,217707.0781250000,225000.0000000000,225000.0000000000,0.0000000000,0.0000000000,0.0000000000,0.0000000000,,,
20.0839999677,156,223873.2656250000,216277.1875000000,225000.0000000000,225000.0000000000,0.0000000000,0.0000000000,0.0000000000,0.0000000000,,,
20.0879999676,156,203370.0312500000,214577.0156250000,225000.0000000000,177279.9843750000,0.0000000000,0.0000000000,0.0000000000,0.0000000000,,,
20.0919999676,156,209870.3125000000,214948.2031250000,225000.0000000000,191796.6875000000,0.0000000000,0.0000000000,0.0000000000,0.0000000000,,,
20.0959999675,157,225000.0000000000,216848.3906250000,225000.0000000000,225000.0000000000,0.0000000000,0.0000000000,0.0000000000,0.0000000000,,,
20.0999999675,157,225000.0000000000,217701.4687500000,225000.0000000000,225000.0000000000,0.0000000000,0.0000000000,0.0000000000,0.0000000000,,,
20.1039999675,157,224027.2187500000,216276.7656250000,225000.0000000000,225000.0000000000,0.0000000000,0.0000000000,0.0000000000,0.0000000000,,,
20.1079999674,157,203415.2187500000,214566.3906250000,225000.0000000000,177474.3593750000,0.0000000000,0.0000000000,0.0000000000,0.0000000000,,,
20.1119999674,157,209758.9687500000,214933.7187500000,225000.0000000000,191543.7031250000,0.0000000000,0.0000000000,0.0000000000,0.0000000000,,,
20.1159999673,157,225000.0000000000,216838.6093750000,225000.0000000000,225000.0000000000,0.0000000000,0.0000000000,0.0000000000,0.0000000000,,,
20.1199999675,157,225000.0000000000,217705.7968750000,225000.0000000000,225000.0000000000,0.0000000000,0.0000000000,0.0000000000,0.0000000000,,,
20.1239999675,157,224159.5312500000,216287.6718750000,225000.0000000000,225000.0000000000,0.0000000000,0.0000000000,0.0000000000,0.0000000000,,,
20.1279999674,157,203458.5625000000,214568.5625000000,225000.0000000000,177652.6718750000,0.0000000000,0.0000000000,0.0000000000,0.0000000000,,,
20.1319999674,157,209640.1406250000,214921.2343750000,225000.0000000000,191281.3593750000,0.0000000000,0.0000000000,0.0000000000,0.0000000000,,,
20.1359999673,157,225000.0000000000,216819.8281250000,225000.0000000000,225000.0000000000,0.0000000000,0.0000000000,0.0000000000,0.0000000000,,,
20.1399999675,157,225000.0000000000,217694.3906250000,225000.0000000000,225000.0000000000,0.0000000000,0.0000000000,0.0000000000,0.0000000000,,,
20.1439999675,157,224266.0937500000,216287.7031250000,225000.0000000000,225000.0000000000,0.0000000000,0.0000000000,0.0000000000,0.0000000000,,,
20.1479999674,157,203496.3281250000,214566.6406250000,225000.0000000000,177826.0312500000,0.0000000000,0.0000000000,0.0000000000,0.0000000000,,,
20.1519999674,157,209520.4062500000,214908.5156250000,225000.0000000000,191035.1406250000,0.0000000000,0.0000000000,0.0000000000,0.0000000000,,,
20.1559999674,157,225000.0000000000,216806.6875000000,225000.0000000000,225000.0000000000,0.0000000000,0.0000000000,0.0000000000,0.0000000000,,,
20.1599999673,157,225000.0000000000,217696.7812500000,225000.0000000000,225000.0000000000,0.0000000000,0.0000000000,0.0000000000,0.0000000000,,,
20.1639999675,157,224402.2500000000,216299.0312500000,225000.0000000000,225000.0000000000,0.0000000000,0.0000000000,0.0000000000,0.0000000000,,,
20.1679999675,157,203553.9687500000,214570.9531250000,225000.0000000000,178028.5937500000,0.0000000000,0.0000000000,0.0000000000,0.0000000000,,,
20.1719999674,157,209418.1406250000,214900.5937500000,225000.0000000000,190768.7343750000,0.0000000000,0.0000000000,0.0000000000,0.0000000000,,,
20.1759999674,157,225000.0000000000,216801.1875000000,225000.0000000000,225000.0000000000,0.0000000000,0.0000000000,0.0000000000,0.0000000000,,,
20.1799999673,157,225000.0000000000,217703.8281250000,225000.0000000000,225000.0000000000,0.0000000000,0.0000000000,0.0000000000,0.0000000000,,,
20.1839999675,157,224551.9218750000,216312.2187500000,225000.0000000000,225000.0000000000,0.0000000000,0.0000000000,0.0000000000,0.0000000000,,,
20.1879999675,157,203625.2343750000,214569.4843750000,225000.0000000000,178234.6718750000,0.0000000000,0.0000000000,0.0000000000,0.0000000000,,,
20.1919999674,157,209309.3750000000,214883.5625000000,225000.0000000000,190494.8281250000,0.0000000000,0.0000000000,0.0000000000,0.0000000000,,,
20.1959999674,157,225000.0000000000,216783.9218750000,225000.0000000000,225000.0000000000,0.0000000000,0.0000000000,0.0000000000,0.0000000000,,,
20.1999999674,157,225000.0000000000,217700.8750000000,225000.0000000000,225000.0000000000,0.0000000000,0.0000000000,0.0000000000,0.0000000000,,,
20.2039999673,157,224684.8750000000,216317.9375000000,225000.0000000000,225000.0000000000,0.0000000000,0.0000000000,0.0000000000,0.0000000000,,,
20.2079999675,157,203687.7656250000,214570.9062500000,225000.0000000000,178440.4687500000,0.0000000000,0.0000000000,0.0000000000,0.0000000000,,,
20.2119999675,157,209206.9218750000,214876.1093750000,225000.0000000000,190238.3593750000,0.0000000000,0.0000000000,0.0000000000,0.0000000000,,,
20.2159999674,157,225000.0000000000,216775.9531250000,225000.0000000000,225000.0000000000,0.0000000000,0.0000000000,0.0000000000,0.0000000000,,,
20.2199999674,157,225000.0000000000,217706.6406250000,225000.0000000000,225000.0000000000,0.0000000000,0.0000000000,0.0000000000,0.0000000000,,,
20.2239999673,158,224829.6093750000,216330.8906250000,225000.0000000000,225000.0000000000,0.0000000000,0.0000000000,0.0000000000,0.0000000000,,,
20.2279999673,158,203738.0468750000,214570.6562500000,225000.0000000000,178617.6875000000,0.0000000000,0.0000000000,0.0000000000,0.0000000000,,,
20.2319999672,158,209090.8750000000,214857.2500000000,225000.0000000000,189961.2500000000,0.0000000000,0.0000000000,0.0000000000,0.0000000000,,,
20.2359999672,158,225000.0000000000,216757.2031250000,225000.0000000000,225000.0000000000,0.0000000000,0.0000000000,0.0000000000,0.0000000000,,,
20.2399999672,158,225000.0000000000,217700.6718750000,225000.0000000000,225000.0000000000,0.0000000000,0.0000000000,0.0000000000,0.0000000000,,,
20.2439999671,158,224967.8437500000,216339.6875000000,225000.0000000000,225000.0000000000,0.0000000000,0.0000000000,0.0000000000,0.0000000000,,,
20.2479999673,158,203794.4843750000,214578.7968750000,225000.0000000000,178774.0625000000,0.0000000000,0.0000000000,0.0000000000,0.0000000000,,,
20.2519999673,158,208988.2812500000,214854.4687500000,225000.0000000000,189691.9843750000,0.0000000000,0.0000000000,0.0000000000,0.0000000000,,,
20.2559999672,158,225000.0000000000,216748.7812500000,225000.0000000000,225000.0000000000,0.0000000000,0.0000000000,0.0000000000,0.0000000000,,,
20.2599999672,158,225000.0000000000,217701.8750000000,225000.0000000000,225000.0000000000,0.0000000000,0.0000000000,0.0000000000,0.0000000000,,,
20.2639999671,158,225000.0000000000,216351.9375000000,225000.0000000000,225000.0000000000,0.0000000000,0.0000000000,0.0000000000,0.0000000000,,,
20.2679999673,158,203858.6718750000,214588.1250000000,225000.0000000000,178956.5468750000,0.0000000000,0.0000000000,0.0000000000,0.0000000000,,,
20.2719999673,158,208893.1718750000,214853.5000000000,225000.0000000000,189417.5468750000,0.0000000000,0.0000000000,0.0000000000,0.0000000000,,,
20.2759999672,158,225000.0000000000,216745.9062500000,225000.0000000000,225000.0000000000,0.0000000000,0.0000000000,0.0000000000,0.0000000000,,,
20.2799999672,158,225000.0000000000,217707.9687500000,225000.0000000000,225000.0000000000,0.0000000000,0.0000000000,0.0000000000,0.0000000000,,,
20.2839999672,158,225000.0000000000,216366.3437500000,225000.0000000000,225000.0000000000,0.0000000000,0.0000000000,0.0000000000,0.0000000000,,,
20.2879999671,158,203927.1250000000,214597.7812500000,225000.0000000000,179133.9843750000,0.0000000000,0.0000000000,0.0000000000,0.0000000000,,,
20.2919999673,158,208808.5468750000,214854.5781250000,225000.0000000000,189168.1562500000,0.0000000000,0.0000000000,0.0000000000,0.0000000000,,,
20.2959999673,158,225000.0000000000,216747.4843750000,225000.0000000000,225000.0000000000,0.0000000000,0.0000000000,0.0000000000,0.0000000000,,,
20.2999999672,158,225000.0000000000,217722.2656250000,225000.0000000000,225000.0000000000,0.0000000000,0.0000000000,0.0000000000,0.0000000000,,,
20.3039999672,158,225000.0000000000,216391.8750000000,225000.0000000000,225000.0000000000,0.0000000000,0.0000000000,0.0000000000,0.0000000000,,,
20.3079999671,158,204002.3750000000,214618.5937500000,225000.0000000000,179328.4687500000,0.0000000000,0.0000000000,0.0000000000,0.0000000000,,,
20.3119999673,158,208714.7500000000,214860.2343750000,225000.0000000000,188907.4218750000,0.0000000000,0.0000000000,0.0000000000,0.0000000000,,,
20.3159999673,158,225000.0000000000,216746.6093750000,225000.0000000000,225000.0000000000,0.0000000000,0.0000000000,0.0000000000,0.0000000000,,,
20.3199999672,158,225000.0000000000,217732.2968750000,225000.0000000000,225000.0000000000,0.0000000000,0.0000000000,0.0000000000,0.0000000000,,,
20.3239999672,158,225000.0000000000,216413.1250000000,225000.0000000000,225000.0000000000,0.0000000000,0.0000000000,0.0000000000,0.0000000000,,,
20.3279999672,158,204047.9843750000,214626.2656250000,225000.0000000000,179514.7500000000,0.0000000000,0.0000000000,0.0000000000,0.0000000000,,,
20.3319999671,158,208586.8125000000,214844.6562500000,225000.0000000000,188626.9375000000,0.0000000000,0.0000000000,0.0000000000,0.0000000000,,,
20.3359999673,158,225000.0000000000,216728.4687500000,225000.0000000000,225000.0000000000,0.0000000000,0.0000000000,0.0000000000,0.0000000000,,,
20.3399999673,158,225000.0000000000,217727.1718750000,225000.0000000000,225000.0000000000,0.0000000000,0.0000000000,0.0000000000,0.0000000000,,,
20.3439999672,158,225000.0000000000,216416.1875000000,225000.0000000000,225000.0000000000,0.0000000000,0.0000000000,0.0000000000,0.0000000000,,,
20.3479999672,158,204091.4062500000,214628.7343750000,225000.0000000000,179702.7500000000,0.0000000000,0.0000000000,0.0000000000,0.0000000000,,,
20.3519999671,159,208468.5312500000,214840.9218750000,225000.0000000000,188350.4843750000,0.0000000000,0.0000000000,0.0000000000,0.0000000000,,,
20.3559999671,159,225000.0000000000,216715.1093750000,225000.0000000000,225000.0000000000,0.0000000000,0.0000000000,0.0000000000,0.0000000000,,,
20.3599999670,159,225000.0000000000,217715.7187500000,225000.0000000000,225000.0000000000,0.0000000000,0.0000000000,0.0000000000,0.0000000000,,,
20.3639999670,159,225000.0000000000,216412.5156250000,225000.0000000000,225000.0000000000,0.0000000000,0.0000000000,0.0000000000,0.0000000000,,,
20.3679999670,159,204137.2500000000,214618.2500000000,225000.0000000000,179884.3593750000,0.0000000000,0.0000000000,0.0000000000,0.0000000000,,,
20.3719999669,159,208336.5937500000,214813.0312500000,225000.0000000000,188053.9375000000,0.0000000000,0.0000000000,0.0000000000,0.0000000000,,,
20.3759999671,159,225000.0000000000,216683.7812500000,225000.0000000000,225000.0000000000,0.0000000000,0.0000000000,0.0000000000,0.0000000000,,,
20.3799999671,159,225000.0000000000,217700.8750000000,225000.0000000000,225000.0000000000,0.0000000000,0.0000000000,0.0000000000,0.0000000000,,,
20.3839999670,159,225000.0000000000,216416.4218750000,225000.0000000000,225000.0000000000,0.0000000000,0.0000000000,0.0000000000,0.0000000000,,,
20.3879999670,159,204171.5468750000,214623.8437500000,225000.0000000000,180038.8281250000,0.0000000000,0.0000000000,0.0000000000,0.0000000000,,,
20.3919999669,159,208219.6250000000,214810.9375000000,225000.0000000000,187780.5156250000,0.0000000000,0.0000000000,0.0000000000,0.0000000000,,,
20.3959999671,159,225000.0000000000,216688.0781250000,225000.0000000000,225000.0000000000,0.0000000000,0.0000000000,0.0000000000,0.0000000000,,,
20.3999999671,159,225000.0000000000,217720.8437500000,225000.0000000000,225000.0000000000,0.0000000000,0.0000000000,0.0000000000,0.0000000000,,,
20.4039999670,159,225000.0000000000,216444.9687500000,225000.0000000000,225000.0000000000,0.0000000000,0.0000000000,0.0000000000,0.0000000000,,,
20.4079999670,159,204221.5937500000,214646.7812500000,225000.0000000000,180221.5937500000,0.0000000000,0.0000000000,0.0000000000,0.0000000000,,,
20.4119999669,159,208118.1718750000,214821.0468750000,225000.0000000000,187521.3281250000,0.0000000000,0.0000000000,0.0000000000,0.0000000000,,,
20.4159999669,159,225000.0000000000,216689.0468750000,225000.0000000000,225000.0000000000,0.0000000000,0.0000000000,0.0000000000,0.0000000000,,,
20.4199999671,159,225000.0000000000,217729.5000000000,225000.0000000000,225000.0000000000,0.0000000000,0.0000000000,0.0000000000,0.0000000000,,,
20.4239999671,159,225000.0000000000,216466.5781250000,225000.0000000000,225000.0000000000,0.0000000000,0.0000000000,0.0000000000,0.0000000000,,,
20.4279999670,159,204290.6875000000,214664.6718750000,225000.0000000000,180407.1718750000,0.0000000000,0.0000000000,0.0000000000,0.0000000000,,,
20.4319999670,159,208028.2968750000,214823.9218750000,225000.0000000000,187275.5312500000,0.0000000000,0.0000000000,0.0000000000,0.0000000000,,,
20.4359999669,159,225000.0000000000,216682.4531250000,225000.0000000000,225000.0000000000,0.0000000000,0.0000000000,0.0000000000,0.0000000000,,,
20.4399999671,159,225000.0000000000,217725.9062500000,225000.0000000000,225000.0000000000,0.0000000000,0.0000000000,0.0000000000,0.0000000000,,,
20.4439999671,159,225000.0000000000,216472.4531250000,225000.0000000000,225000.0000000000,0.0000000000,0.0000000000,0.0000000000,0.0000000000,,,
20.4479999670,159,204351.7968750000,214665.2031250000,225000.0000000000,180585.0000000000,0.0000000000,0.0000000000,0.0000000000,0.0000000000,,,
20.4519999670,159,207931.6875000000,214812.9531250000,225000.0000000000,187013.1875000000,0.0000000000,0.0000000000,0.0000000000,0.0000000000,,,
20.4559999669,159,225000.0000000000,216672.5781250000,225000.0000000000,225000.0000000000,0.0000000000,0.0000000000,0.0000000000,0.0000000000,,,
20.4599999669,159,225000.0000000000,217733.0625000000,225000.0000000000,225000.0000000000,0.0000000000,0.0000000000,0.0000000000,0.0000000000,,,
20.4639999671,159,225000.0000000000,216488.8750000000,225000.0000000000,225000.0000000000,0.0000000000,0.0000000000,0.0000000000,0.0000000000,,,
20.4679999670,159,204425.8281250000,214673.1562500000,225000.0000000000,180781.6562500000,0.0000000000,0.0000000000,0.0000000000,0.0000000000,,,
20.4719999670,159,207838.6406250000,214804.4687500000,225000.0000000000,186748.7187500000,0.0000000000,0.0000000000,0.0000000000,0.0000000000,,,
20.4759999670,159,225000.0000000000,216660.9375000000,225000.0000000000,225000.0000000000,0.0000000000,0.0000000000,0.0000000000,0.0000000000,,,
20.4799999669,160,225000.0000000000,217734.2500000000,225000.0000000000,225000.0000000000,0.0000000000,0.0000000000,0.0000000000,0.0000000000,,,
20.4839999669,160,225000.0000000000,216497.6718750000,225000.0000000000,225000.0000000000,0.0000000000,0.0000000000,0.0000000000,0.0000000000,,,
20.4879999668,160,204491.1406250000,214674.0156250000,225000.0000000000,180964.3437500000,0.0000000000,0.0000000000,0.0000000000,0.0000000000,,,
20.4919999668,160,207748.2187500000,214791.1406250000,225000.0000000000,186507.6406250000,0.0000000000,0.0000000000,0.0000000000,0.0000000000,,,
20.4959999667,160,225000.0000000000,216647.1718750000,225000.0000000000,225000.0000000000,0.0000000000,0.0000000000,0.0000000000,0.0000000000,,,
20.4999999667,160,225000.0000000000,217732.8750000000,225000.0000000000,225000.0000000000,0.0000000000,0.0000000000,0.0000000000,0.0000000000,,,
20.5039999669,160,225000.0000000000,216505.0468750000,225000.0000000000,225000.0000000000,0.0000000000,0.0000000000,0.0000000000,0.0000000000,,,
20.5079999669,160,204565.3437500000,214681.8125000000,225000.0000000000,181145.4218750000,0.0000000000,0.0000000000,0.0000000000,0.0000000000,,,
20.5119999668,160,207677.5781250000,214797.3281250000,225000.0000000000,186273.7812500000,0.0000000000,0.0000000000,0.0000000000,0.0000000000,,,
20.5159999668,160,225000.0000000000,216651.5156250000,225000.0000000000,225000.0000000000,0.0000000000,0.0000000000,0.0000000000,0.0000000000,,,
20.5199999667,160,225000.0000000000,217740.9843750000,225000.0000000000,225000.0000000000,0.0000000000,0.0000000000,0.0000000000,0.0000000000,,,
20.5239999669,160,225000.0000000000,216523.5000000000,225000.0000000000,225000.0000000000,0.0000000000,0.0000000000,0.0000000000,0.0000000000,,,
20.5279999669,160,204643.1562500000,214693.9843750000,225000.0000000000,181349.2968750000,0.0000000000,0.0000000000,0.0000000000,0.0000000000,,,
20.5319999668,160,207587.7500000000,214791.0312500000,225000.0000000000,186019.5312500000,0.0000000000,0.0000000000,0.0000000000,0.0000000000,,,
20.5359999668,160,225000.0000000000,216640.7968750000,225000.0000000000,225000.0000000000,0.0000000000,0.0000000000,0.0000000000,0.0000000000,,,
20.5399999667,160,225000.0000000000,217745.7031250000,225000.0000000000,225000.0000000000,0.0000000000,0.0000000000,0.0000000000,0.0000000000,,,
20.5439999667,160,225000.0000000000,216541.8750000000,225000.0000000000,225000.0000000000,0.0000000000,0.0000000000,0.0000000000,0.0000000000,,,
20.5479999669,160,204720.5625000000,214711.4843750000,225000.0000000000,181545.3906250000,0.0000000000,0.0000000000,0.0000000000,0.0000000000,,,
20.5519999668,160,207510.5468750000,214796.4843750000,225000.0000000000,185784.2031250000,0.0000000000,0.0000000000,0.0000000000,0.0000000000,,,
20.5559999668,160,225000.0000000000,216642.2187500000,225000.0000000000,225000.0000000000,0.0000000000,0.0000000000,0.0000000000,0.0000000000,,,
20.5599999668,160,225000.0000000000,217753.7968750000,225000.0000000000,225000.0000000000,0.0000000000,0.0000000000,0.0000000000,0.0000000000,,,
20.5639999667,160,225000.0000000000,216558.1718750000,225000.0000000000,225000.0000000000,0.0000000000,0.0000000000,0.0000000000,0.0000000000,,,
20.5679999669,160,204786.3437500000,214716.9843750000,225000.0000000000,181734.7343750000,0.0000000000,0.0000000000,0.0000000000,0.0000000000,,,
20.5719999669,160,207407.0156250000,214786.2031250000,225000.0000000000,185513.3750000000,0.0000000000,0.0000000000,0.0000000000,0.0000000000,,,
20.5759999668,160,225000.0000000000,216628.4531250000,225000.0000000000,225000.0000000000,0.0000000000,0.0000000000,0.0000000000,0.0000000000,,,
20.5799999668,160,225000.0000000000,217752.1718750000,225000.0000000000,225000.0000000000,0.0000000000,0.0000000000,0.0000000000,0.0000000000,,,
20.5839999667,160,225000.0000000000,216565.6875000000,225000.0000000000,225000.0000000000,0.0000000000,0.0000000000,0.0000000000,0.0000000000,,,
20.5879999667,160,204843.3906250000,214725.1250000000,225000.0000000000,181917.7968750000,0.0000000000,0.0000000000,0.0000000000,0.0000000000,,,
20.5919999669,160,207305.9843750000,214784.9218750000,225000.0000000000,185252.3125000000,0.0000000000,0.0000000000,0.0000000000,0.0000000000,,,
20.5959999668,160,225000.0000000000,216623.3906250000,225000.0000000000,225000.0000000000,0.0000000000,0.0000000000,0.0000000000,0.0000000000,,,
20.5999999668,160,225000.0000000000,217757.7968750000,225000.0000000000,225000.0000000000,0.0000000000,0.0000000000,0.0000000000,0.0000000000,,,
20.6039999668,160,225000.0000000000,216586.8281250000,225000.0000000000,225000.0000000000,0.0000000000,0.0000000000,0.0000000000,0.0000000000,,,
20.6079999667,161,204896.8750000000,214742.4531250000,225000.0000000000,182100.1562500000,0.0000000000,0.0000000000,0.0000000000,0.0000000000,,,
20.6119999667,161,207207.5625000000,214790.5000000000,225000.0000000000,185008.6718750000,0.0000000000,0.0000000000,0.0000000000,0.0000000000,,,
20.6159999666,161,225000.0000000000,216623.0937500000,225000.0000000000,225000.0000000000,0.0000000000,0.0000000000,0.0000000000,0.0000000000,,,
20.6199999666,161,225000.0000000000,217768.4218750000,225000.0000000000,225000.0000000000,0.0000000000,0.0000000000,0.0000000000,0.0000000000,,,
20.6239999665,161,225000.0000000000,216604.4687500000,225000.0000000000,225000.0000000000,0.0000000000,0.0000000000,0.0000000000,0.0000000000,,,
20.6279999665,161,204945.0937500000,214753.0781250000,225000.0000000000,182256.4531250000,0.0000000000,0.0000000000,0.0000000000,0.0000000000,,,
20.6319999667,161,207095.6875000000,214786.7187500000,225000.0000000000,184723.9531250000,0.0000000000,0.0000000000,0.0000000000,0.0000000000,,,
20.6359999666,161,225000.0000000000,216615.8437500000,225000.0000000000,225000.0000000000,0.0000000000,0.0000000000,0.0000000000,0.0000000000,,,
20.6399999666,161,225000.0000000000,217767.9843750000,225000.0000000000,225000.0000000000,0.0000000000,0.0000000000,0.0000000000,0.0000000000,,,
20.6439999666,161,225000.0000000000,216618.8437500000,225000.0000000000,225000.0000000000,0.0000000000,0.0000000000,0.0000000000,0.0000000000,,,
20.6479999665,161,204998.0781250000,214770.2968750000,225000.0000000000,182417.0937500000,0.0000000000,0.0000000000,0.0000000000,0.0000000000,,,
20.6519999667,161,207003.6093750000,214796.2343750000,225000.0000000000,184465.3593750000,0.0000000000,0.0000000000,0.0000000000,0.0000000000,,,
20.6559999667,161,225000.0000000000,216623.4843750000,225000.0000000000,225000.0000000000,0.0000000000,0.0000000000,0.0000000000,0.0000000000,,,
20.6599999666,161,225000.0000000000,217783.8125000000,225000.0000000000,225000.0000000000,0.0000000000,0.0000000000,0.0000000000,0.0000000000,,,
20.6639999666,161,225000.0000000000,216643.6406250000,225000.0000000000,225000.0000000000,0.0000000000,0.0000000000,0.0000000000,0.0000000000,,,
20.6679999665,161,205056.0625000000,214789.2968750000,225000.0000000000,182579.5468750000,0.0000000000,0.0000000000,0.0000000000,0.0000000000,,,
20.6719999665,161,206902.5000000000,214799.1406250000,225000.0000000000,184194.5312500000,0.0000000000,0.0000000000,0.0000000000,0.0000000000,,,
20.6759999667,161,225000.0000000000,216616.7812500000,225000.0000000000,225000.0000000000,0.0000000000,0.0000000000,0.0000000000,0.0000000000,,,
20.6799999666,161,225000.0000000000,217784.5156250000,225000.0000000000,225000.0000000000,0.0000000000,0.0000000000,0.0000000000,0.0000000000,,,
20.6839999666,161,225000.0000000000,216655.1093750000,225000.0000000000,225000.0000000000,0.0000000000,0.0000000000,0.0000000000,0.0000000000,,,
20.6879999666,161,205114.1093750000,214799.5156250000,225000.0000000000,182766.2812500000,0.0000000000,0.0000000000,0.0000000000,0.0000000000,,,
20.6919999665,161,206805.1093750000,214800.1562500000,225000.0000000000,183935.5937500000,0.0000000000,0.0000000000,0.0000000000,0.0000000000,,,
20.6959999667,161,225000.0000000000,216616.9531250000,225000.0000000000,225000.0000000000,0.0000000000,0.0000000000,0.0000000000,0.0000000000,,,
20.6999999667,161,225000.0000000000,217794.9531250000,225000.0000000000,225000.0000000000,0.0000000000,0.0000000000,0.0000000000,0.0000000000,,,
20.7039999666,161,225000.0000000000,216674.1250000000,225000.0000000000,225000.0000000000,0.0000000000,0.0000000000,0.0000000000,0.0000000000,,,
20.7079999666,161,205183.5937500000,214810.6718750000,225000.0000000000,182956.5625000000,0.0000000000,0.0000000000,0.0000000000,0.0000000000,,,
20.7119999665,161,206706.1250000000,214793.1562500000,225000.0000000000,183668.0156250000,0.0000000000,0.0000000000,0.0000000000,0.0000000000,,,
20.7159999665,161,225000.0000000000,216602.7656250000,225000.0000000000,225000.0000000000,0.0000000000,0.0000000000,0.0000000000,0.0000000000,,,
20.7199999667,161,225000.0000000000,217791.4531250000,225000.0000000000,225000.0000000000,0.0000000000,0.0000000000,0.0000000000,0.0000000000,,,
20.7239999666,161,225000.0000000000,216682.6406250000,225000.0000000000,225000.0000000000,0.0000000000,0.0000000000,0.0000000000,0.0000000000,,,
20.7279999666,161,205247.8125000000,214821.0468750000,225000.0000000000,183124.5468750000,0.0000000000,0.0000000000,0.0000000000,0.0000000000,,,
20.7319999665,161,206618.3125000000,214797.7187500000,225000.0000000000,183398.1875000000,0.0000000000,0.0000000000,0.0000000000,0.0000000000,,,
20.7359999665,162,225000.0000000000,216604.1718750000,225000.0000000000,225000.0000000000,0.0000000000,0.0000000000,0.0000000000,0.0000000000,,,
20.7399999665,162,225000.0000000000,217801.9218750000,225000.0000000000,225000.0000000000,0.0000000000,0.0000000000,0.0000000000,0.0000000000,,,
20.7439999664,162,225000.0000000000,216706.0000000000,225000.0000000000,225000.0000000000,0.0000000000,0.0000000000,0.0000000000,0.0000000000,,,
20.7479999664,162,205324.4687500000,214841.2656250000,225000.0000000000,183312.2500000000,0.0000000000,0.0000000000,0.0000000000,0.0000000000,,,
20.7519999663,162,206521.2187500000,214802.7812500000,225000.0000000000,183102.1250000000,0.0000000000,0.0000000000,0.0000000000,0.0000000000,,,
20.7559999663,162,225000.0000000000,216600.3906250000,225000.0000000000,225000.0000000000,0.0000000000,0.0000000000,0.0000000000,0.0000000000,,,
20.7599999665,162,225000.0000000000,217808.6250000000,225000.0000000000,225000.0000000000,0.0000000000,0.0000000000,0.0000000000,0.0000000000,,,
20.7639999664,162,225000.0000000000,216723.3437500000,225000.0000000000,225000.0000000000,0.0000000000,0.0000000000,0.0000000000,0.0000000000,,,
20.7679999664,162,205381.2812500000,214853.7968750000,225000.0000000000,183480.2812500000,0.0000000000,0.0000000000,0.0000000000,0.0000000000,,,
20.7719999664,162,206430.7500000000,214801.3593750000,225000.0000000000,182863.4062500000,0.0000000000,0.0000000000,0.0000000000,0.0000000000,,,
20.7759999663,162,225000.0000000000,216595.7343750000,225000.0000000000,225000.0000000000,0.0000000000,0.0000000000,0.0000000000,0.0000000000,,,
20.7799999665,162,225000.0000000000,217807.6406250000,225000.0000000000,225000.0000000000,0.0000000000,0.0000000000,0.0000000000,0.0000000000,,,
20.7839999665,162,225000.0000000000,216737.1406250000,225000.0000000000,225000.0000000000,0.0000000000,0.0000000000,0.0000000000,0.0000000000,,,
20.7879999664,162,205455.1718750000,214872.2500000000,225000.0000000000,183679.4218750000,0.0000000000,0.0000000000,0.0000000000,0.0000000000,,,
20.7919999664,162,206335.3437500000,214806.4062500000,225000.0000000000,182591.4375000000,0.0000000000,0.0000000000,0.0000000000,0.0000000000,,,
20.7959999663,162,225000.0000000000,216591.6250000000,225000.0000000000,225000.0000000000,0.0000000000,0.0000000000,0.0000000000,0.0000000000,,,
20.7999999663,162,225000.0000000000,217815.4843750000,225000.0000000000,225000.0000000000,0.0000000000,0.0000000000,0.0000000000,0.0000000000,,,
20.8039999665,162,225000.0000000000,216756.2656250000,225000.0000000000,225000.0000000000,0.0000000000,0.0000000000,0.0000000000,0.0000000000,,,
20.8079999664,162,205521.8750000000,214882.5781250000,225000.0000000000,183858.6406250000,0.0000000000,0.0000000000,0.0000000000,0.0000000000,,,
20.8119999664,162,206227.4687500000,214799.0468750000,225000.0000000000,182284.7812500000,0.0000000000,0.0000000000,0.0000000000,0.0000000000,,,
20.8159999663,162,225000.0000000000,216577.0312500000,225000.0000000000,225000.0000000000,0.0000000000,0.0000000000,0.0000000000,0.0000000000,,,
20.8199999663,162,225000.0000000000,217811.8437500000,225000.0000000000,225000.0000000000,0.0000000000,0.0000000000,0.0000000000,0.0000000000,,,
20.8239999665,162,225000.0000000000,216764.3906250000,225000.0000000000,225000.0000000000,0.0000000000,0.0000000000,0.0000000000,0.0000000000,,,
20.8279999665,162,205581.1250000000,214889.3125000000,225000.0000000000,184025.1562500000,0.0000000000,0.0000000000,0.0000000000,0.0000000000,,,
20.8319999664,162,206129.8281250000,214795.8281250000,225000.0000000000,182000.5468750000,0.0000000000,0.0000000000,0.0000000000,0.0000000000,,,
20.8359999664,162,225000.0000000000,216570.0625000000,225000.0000000000,225000.0000000000,0.0000000000,0.0000000000,0.0000000000,0.0000000000,,,
20.8399999663,162,225000.0000000000,217807.6875000000,225000.0000000000,225000.0000000000,0.0000000000,0.0000000000,0.0000000000,0.0000000000,,,
20.8439999663,162,225000.0000000000,216772.7812500000,225000.0000000000,225000.0000000000,0.0000000000,0.0000000000,0.0000000000,0.0000000000,,,
20.8479999665,162,205661.8593750000,214895.7187500000,225000.0000000000,184207.1718750000,0.0000000000,0.0000000000,0.0000000000,0.0000000000,,,
20.8519999664,162,206042.1250000000,214790.2031250000,225000.0000000000,181722.8750000000,0.0000000000,0.0000000000,0.0000000000,0.0000000000,,,
20.8559999664,162,225000.0000000000,216561.4531250000,225000.0000000000,225000.0000000000,0.0000000000,0.0000000000,0.0000000000,0.0000000000,,,
20.8599999663,162,225000.0000000000,217816.4375000000,225000.0000000000,225000.0000000000,0.0000000000,0.0000000000,0.0000000000,0.0000000000,,,
20.8639999663,163,225000.0000000000,216800.1718750000,225000.0000000000,225000.0000000000,0.0000000000,0.0000000000,0.0000000000,0.0000000000,,,
20.8679999663,163,205747.7500000000,214930.8906250000,225000.0000000000,184429.7656250000,0.0000000000,0.0000000000,0.0000000000,0.0000000000,,,
20.8719999662,163,205964.7656250000,214817.6875000000,225000.0000000000,181488.7812500000,0.0000000000,0.0000000000,0.0000000000,0.0000000000,,,
20.8759999662,163,225000.0000000000,216587.3593750000,225000.0000000000,225000.0000000000,0.0000000000,0.0000000000,0.0000000000,0.0000000000,,,
20.8799999661,163,225000.0000000000,217848.4062500000,225000.0000000000,225000.0000000000,0.0000000000,0.0000000000,0.0000000000,0.0000000000,,,
20.8839999661,163,225000.0000000000,216846.1875000000,225000.0000000000,225000.0000000000,0.0000000000,0.0000000000,0.0000000000,0.0000000000,,,
20.8879999663,163,205821.2968750000,214974.5468750000,225000.0000000000,184646.5937500000,0.0000000000,0.0000000000,0.0000000000,0.0000000000,,,
20.8919999662,163,205875.0156250000,214847.8750000000,225000.0000000000,181239.1406250000,0.0000000000,0.0000000000,0.0000000000,0.0000000000,,,
20.8959999662,163,225000.0000000000,216604.5781250000,225000.0000000000,225000.0000000000,0.0000000000,0.0000000000,0.0000000000,0.0000000000,,,
20.8999999661,163,225000.0000000000,217873.7031250000,225000.0000000000,225000.0000000000,0.0000000000,0.0000000000,0.0000000000,0.0000000000,,,
20.9039999661,163,225000.0000000000,216876.6093750000,225000.0000000000,225000.0000000000,0.0000000000,0.0000000000,0.0000000000,0.0000000000,,,
20.9079999663,163,205887.8906250000,214996.7656250000,225000.0000000000,184858.9687500000,0.0000000000,0.0000000000,0.0000000000,0.0000000000,,,
20.9119999663,163,205772.1562500000,214851.1875000000,225000.0000000000,180981.9375000000,0.0000000000,0.0000000000,0.0000000000,0.0000000000,,,
20.9159999662,163,225000.0000000000,216593.9375000000,225000.0000000000,225000.0000000000,0.0000000000,0.0000000000,0.0000000000,0.0000000000,,,
20.9199999662,163,225000.0000000000,217863.4843750000,225000.0000000000,225000.0000000000,0.0000000000,0.0000000000,0.0000000000,0.0000000000,,,
20.9239999661,163,225000.0000000000,216875.7500000000,225000.0000000000,225000.0000000000,0.0000000000,0.0000000000,0.0000000000,0.0000000000,,,
20.9279999661,163,205940.5937500000,214995.6562500000,225000.0000000000,185038.4843750000,0.0000000000,0.0000000000,0.0000000000,0.0000000000,,,
20.9319999663,163,205657.7031250000,214838.7031250000,225000.0000000000,180688.0781250000,0.0000000000,0.0000000000,0.0000000000,0.0000000000,,,
20.9359999662,163,225000.0000000000,216580.7031250000,225000.0000000000,225000.0000000000,0.0000000000,0.0000000000,0.0000000000,0.0000000000,,,
20.9399999662,163,225000.0000000000,217865.9218750000,225000.0000000000,225000.0000000000,0.0000000000,0.0000000000,0.0000000000,0.0000000000,,,
20.9439999661,163,225000.0000000000,216897.2968750000,225000.0000000000,225000.0000000000,0.0000000000,0.0000000000,0.0000000000,0.0000000000,,,
20.9479999661,163,206017.3593750000,215012.1875000000,225000.0000000000,185250.8906250000,0.0000000000,0.0000000000,0.0000000000,0.0000000000,,,
20.9519999663,163,205581.1093750000,214840.0937500000,225000.0000000000,180479.7343750000,0.0000000000,0.0000000000,0.0000000000,0.0000000000,,,
20.9559999662,163,225000.0000000000,216572.0468750000,225000.0000000000,225000.0000000000,0.0000000000,0.0000000000,0.0000000000,0.0000000000,,,
20.9599999662,163,225000.0000000000,217857.8437500000,225000.0000000000,225000.0000000000,0.0000000000,0.0000000000,0.0000000000,0.0000000000,,,
20.9639999662,163,225000.0000000000,216890.9687500000,225000.0000000000,225000.0000000000,0.0000000000,0.0000000000,0.0000000000,0.0000000000,,,
20.9679999661,163,206099.0312500000,214998.2812500000,225000.0000000000,185475.7187500000,0.0000000000,0.0000000000,0.0000000000,0.0000000000,,,
20.9719999661,163,205487.9218750000,214807.7656250000,225000.0000000000,180231.1406250000,0.0000000000,0.0000000000,0.0000000000,0.0000000000,,,
20.9759999663,163,225000.0000000000,216532.0312500000,225000.0000000000,225000.0000000000,0.0000000000,0.0000000000,0.0000000000,0.0000000000,,,
20.9799999662,163,225000.0000000000,217823.5625000000,225000.0000000000,225000.0000000000,0.0000000000,0.0000000000,0.0000000000,0.0000000000,,,
20.9839999662,163,225000.0000000000,216868.5937500000,225000.0000000000,225000.0000000000,0.0000000000,0.0000000000,0.0000000000,0.0000000000,,,
20.9879999661,163,206157.6406250000,214979.3437500000,225000.0000000000,185669.8906250000,0.0000000000,0.0000000000,0.0000000000,0.0000000000,,,
20.9919999661,164,205381.3593750000,214779.0937500000,225000.0000000000,179946.1250000000,0.0000000000,0.0000000000,0.0000000000,0.0000000000,,,
20.9959999660,164,225000.0000000000,216496.7812500000,225000.0000000000,225000.0000000000,0.0000000000,0.0000000000,0.0000000000,0.0000000000,,,
20.9999999660,164,225000.0000000000,217799.5000000000,225000.0000000000,225000.0000000000,0.0000000000,0.0000000000,0.0000000000,0.0000000000,,,
21.0039999660,164,225000.0000000000,216862.0937500000,225000.0000000000,225000.0000000000,0.0000000000,0.0000000000,0.0000000000,0.0000000000,,,
21.0079999659,164,206228.3281250000,214977.1250000000,225000.0000000000,185862.7343750000,0.0000000000,0.0000000000,0.0000000000,0.0000000000,,,
21.0119999659,164,205287.4218750000,214768.4687500000,225000.0000000000,179664.7343750000,0.0000000000,0.0000000000,0.0000000000,0.0000000000,,,
21.0159999661,164,225000.0000000000,216478.5156250000,225000.0000000000,225000.0000000000,0.0000000000,0.0000000000,0.0000000000,0.0000000000,,,
21.0199999660,164,225000.0000000000,217792.4531250000,225000.0000000000,225000.0000000000,0.0000000000,0.0000000000,0.0000000000,0.0000000000,,,
21.0239999660,164,225000.0000000000,216872.8281250000,225000.0000000000,225000.0000000000,0.0000000000,0.0000000000,0.0000000000,0.0000000000,,,
21.0279999659,164,206324.5625000000,214989.3750000000,225000.0000000000,186072.0781250000,0.0000000000,0.0000000000,0.0000000000,0.0000000000,,,
21.0319999659,164,205218.7656250000,214767.6093750000,225000.0000000000,179407.0312500000,0.0000000000,0.0000000000,0.0000000000,0.0000000000,,,
21.0359999661,164,225000.0000000000,216474.1718750000,225000.0000000000,225000.0000000000,0.0000000000,0.0000000000,0.0000000000,0.0000000000,,,
21.0399999660,164,225000.0000000000,217794.8125000000,225000.0000000000,225000.0000000000,0.0000000000,0.0000000000,0.0000000000,0.0000000000,,,
21.0439999660,164,225000.0000000000,216884.5000000000,225000.0000000000,225000.0000000000,0.0000000000,0.0000000000,0.0000000000,0.0000000000,,,
21.0479999660,164,206421.2187500000,214996.4687500000,225000.0000000000,186275.8437500000,0.0000000000,0.0000000000,0.0000000000,0.0000000000,,,
21.0519999659,164,205142.9843750000,214760.4531250000,225000.0000000000,179124.5156250000,0.0000000000,0.0000000000,0.0000000000,0.0000000000,,,
21.0559999659,164,225000.0000000000,216463.3437500000,225000.0000000000,225000.0000000000,0.0000000000,0.0000000000,0.0000000000,0.0000000000,,,
21.0599999661,164,225000.0000000000,217794.8593750000,225000.0000000000,225000.0000000000,0.0000000000,0.0000000000,0.0000000000,0.0000000000,,,
21.0639999660,164,225000.0000000000,216896.8906250000,225000.0000000000,225000.0000000000,0.0000000000,0.0000000000,0.0000000000,0.0000000000,,,
21.0679999660,164,206503.7500000000,215006.7031250000,225000.0000000000,186478.2812500000,0.0000000000,0.0000000000,0.0000000000,0.0000000000,,,
21.0719999659,164,205056.6718750000,214757.2031250000,225000.0000000000,178873.9687500000,0.0000000000,0.0000000000,0.0000000000,0.0000000000,,,
21.0759999659,164,225000.0000000000,216448.1250000000,225000.0000000000,225000.0000000000,0.0000000000,0.0000000000,0.0000000000,0.0000000000,,,
21.0799999661,164,225000.0000000000,217787.6562500000,225000.0000000000,225000.0000000000,0.0000000000,0.0000000000,0.0000000000,0.0000000000,,,
21.0839999660,164,225000.0000000000,216900.9062500000,225000.0000000000,225000.0000000000,0.0000000000,0.0000000000,0.0000000000,0.0000000000,,,
21.0879999660,164,206568.1562500000,215010.8593750000,225000.0000000000,186678.0468750000,0.0000000000,0.0000000000,0.0000000000,0.0000000000,,,
21.0919999660,164,204943.2812500000,214751.2031250000,225000.0000000000,178573.5312500000,0.0000000000,0.0000000000,0.0000000000,0.0000000000,,,
21.0959999659,164,225000.0000000000,216437.5000000000,225000.0000000000,225000.0000000000,0.0000000000,0.0000000000,0.0000000000,0.0000000000,,,
21.0999999659,164,225000.0000000000,217786.3593750000,225000.0000000000,225000.0000000000,0.0000000000,0.0000000000,0.0000000000,0.0000000000,,,
21.1039999661,164,225000.0000000000,216911.7187500000,225000.0000000000,225000.0000000000,0.0000000000,0.0000000000,0.0000000000,0.0000000000,,,
21.1079999660,164,206629.2500000000,215018.9375000000,225000.0000000000,186883.2812500000,0.0000000000,0.0000000000,0.0000000000,0.0000000000,,,
21.1119999660,164,204838.6718750000,214744.2031250000,225000.0000000000,178317.5937500000,0.0000000000,0.0000000000,0.0000000000,0.0000000000,,,
21.1159999659,164,225000.0000000000,216425.3281250000,225000.0000000000,225000.0000000000,0.0000000000,0.0000000000,0.0000000000,0.0000000000,,,
21.1199999659,165,225000.0000000000,217777.0000000000,225000.0000000000,225000.0000000000,0.0000000000,0.0000000000,0.0000000000,0.0000000000,,,
21.1239999658,165,225000.0000000000,216910.4843750000,225000.0000000000,225000.0000000000,0.0000000000,0.0000000000,0.0000000000,0.0000000000,,,
21.1279999658,165,206713.3906250000,215015.7187500000,225000.0000000000,187131.5468750000,0.0000000000,0.0000000000,0.0000000000,0.0000000000,,,
21.1319999658,165,204759.6718750000,214730.7968750000,225000.0000000000,178096.5312500000,0.0000000000,0.0000000000,0.0000000000,0.0000000000,,,
21.1359999657,165,225000.0000000000,216397.7031250000,225000.0000000000,225000.0000000000,0.0000000000,0.0000000000,0.0000000000,0.0000000000,,,
21.1399999657,165,225000.0000000000,217753.8593750000,225000.0000000000,225000.0000000000,0.0000000000,0.0000000000,0.0000000000,0.0000000000,,,
21.1439999659,165,225000.0000000000,216899.3906250000,225000.0000000000,225000.0000000000,0.0000000000,0.0000000000,0.0000000000,0.0000000000,,,
21.1479999658,165,206792.6562500000,215005.5312500000,225000.0000000000,187378.9843750000,0.0000000000,0.0000000000,0.0000000000,0.0000000000,,,
21.1519999658,165,204721.0468750000,214712.1562500000,225000.0000000000,178043.2812500000,0.0000000000,0.0000000000,0.0000000000,0.0000000000,,,
21.1559999657,165,225000.0000000000,216384.4218750000,225000.0000000000,225000.0000000000,0.0000000000,0.0000000000,0.0000000000,0.0000000000,,,
21.1599999657,165,225000.0000000000,217751.4062500000,225000.0000000000,225000.0000000000,0.0000000000,0.0000000000,0.0000000000,0.0000000000,,,
21.1639999659,165,225000.0000000000,216914.8593750000,225000.0000000000,225000.0000000000,0.0000000000,0.0000000000,0.0000000000,0.0000000000,,,
21.1679999658,165,206828.4843750000,215020.2343750000,225000.0000000000,187501.9687500000,0.0000000000,0.0000000000,0.0000000000,0.0000000000,,,
21.1719999658,165,204543.0312500000,214712.7187500000,225000.0000000000,177544.0000000000,0.0000000000,0.0000000000,0.0000000000,0.0000000000,,,
21.1759999658,165,225000.0000000000,216372.4375000000,225000.0000000000,225000.0000000000,0.0000000000,0.0000000000,0.0000000000,0.0000000000,,,
21.1799999657,165,225000.0000000000,217749.0312500000,225000.0000000000,225000.0000000000,0.0000000000,0.0000000000,0.0000000000,0.0000000000,,,
21.1839999657,165,225000.0000000000,216924.2500000000,225000.0000000000,225000.0000000000,0.0000000000,0.0000000000,0.0000000000,0.0000000000,,,
21.1879999659,165,206893.9375000000,215026.7656250000,225000.0000000000,187698.7656250000,0.0000000000,0.0000000000,0.0000000000,0.0000000000,,,
21.1919999658,165,204443.1250000000,214706.9218750000,225000.0000000000,177275.1250000000,0.0000000000,0.0000000000,0.0000000000,0.0000000000,,,
21.1959999658,165,225000.0000000000,216363.7968750000,225000.0000000000,225000.0000000000,0.0000000000,0.0000000000,0.0000000000,0.0000000000,,,
21.1999999657,165,225000.0000000000,217752.0312500000,225000.0000000000,225000.0000000000,0.0000000000,0.0000000000,0.0000000000,0.0000000000,,,
21.2039999657,165,225000.0000000000,216940.8437500000,225000.0000000000,225000.0000000000,0.0000000000,0.0000000000,0.0000000000,0.0000000000,,,
21.2079999659,165,206973.2500000000,215047.6875000000,225000.0000000000,187898.3750000000,0.0000000000,0.0000000000,0.0000000000,0.0000000000,,,
21.2119999658,165,204362.6093750000,214716.5468750000,225000.0000000000,177025.9062500000,0.0000000000,0.0000000000,0.0000000000,0.0000000000,,,
21.2159999658,165,225000.0000000000,216361.2031250000,225000.0000000000,225000.0000000000,0.0000000000,0.0000000000,0.0000000000,0.0000000000,,,
21.2199999657,165,225000.0000000000,217748.9687500000,225000.0000000000,225000.0000000000,0.0000000000,0.0000000000,0.0000000000,0.0000000000,,,
21.2239999657,165,225000.0000000000,216947.9843750000,225000.0000000000,225000.0000000000,0.0000000000,0.0000000000,0.0000000000,0.0000000000,,,
21.2279999657,165,207063.1875000000,215053.0000000000,225000.0000000000,188132.4218750000,0.0000000000,0.0000000000,0.0000000000,0.0000000000,,,
21.2319999659,165,204284.2031250000,214705.7187500000,225000.0000000000,176785.5781250000,0.0000000000,0.0000000000,0.0000000000,0.0000000000,,,
21.2359999658,165,225000.0000000000,216342.9531250000,225000.0000000000,225000.0000000000,0.0000000000,0.0000000000,0.0000000000,0.0000000000,,,
21.2399999658,165,225000.0000000000,217739.0000000000,225000.0000000000,225000.0000000000,0.0000000000,0.0000000000,0.0000000000,0.0000000000,,,
21.2439999657,165,225000.0000000000,216950.2656250000,225000.0000000000,225000.0000000000,0.0000000000,0.0000000000,0.0000000000,0.0000000000,,,
21.2479999657,166,207157.4687500000,215055.6250000000,225000.0000000000,188365.5625000000,0.0000000000,0.0000000000,0.0000000000,0.0000000000,,,
21.2519999656,166,204212.6093750000,214697.1562500000,225000.0000000000,176517.2500000000,0.0000000000,0.0000000000,0.0000000000,0.0000000000,,,
21.2559999656,166,225000.0000000000,216322.5468750000,225000.0000000000,225000.0000000000,0.0000000000,0.0000000000,0.0000000000,0.0000000000,,,
21.2599999656,166,225000.0000000000,217724.6250000000,225000.0000000000,225000.0000000000,0.0000000000,0.0000000000,0.0000000000,0.0000000000,,,
21.2639999655,166,225000.0000000000,216950.9375000000,225000.0000000000,225000.0000000000,0.0000000000,0.0000000000,0.0000000000,0.0000000000,,,
21.2679999655,166,207239.4531250000,215056.3906250000,225000.0000000000,188547.8437500000,0.0000000000,0.0000000000,0.0000000000,0.0000000000,,,
21.2719999657,166,204112.0781250000,214683.4687500000,225000.0000000000,176177.3281250000,0.0000000000,0.0000000000,0.0000000000,0.0000000000,,,
21.2759999656,166,225000.0000000000,216300.2812500000,225000.0000000000,225000.0000000000,0.0000000000,0.0000000000,0.0000000000,0.0000000000,,,
21.2799999656,166,225000.0000000000,217712.0468750000,225000.0000000000,225000.0000000000,0.0000000000,0.0000000000,0.0000000000,0.0000000000,,,
21.2839999655,166,225000.0000000000,216951.0937500000,225000.0000000000,225000.0000000000,0.0000000000,0.0000000000,0.0000000000,0.0000000000,,,
21.2879999655,166,207316.8906250000,215062.0625000000,225000.0000000000,188708.9375000000,0.0000000000,0.0000000000,0.0000000000,0.0000000000,,,
21.2919999657,166,204034.0625000000,214687.2656250000,225000.0000000000,175858.5000000000,0.0000000000,0.0000000000,0.0000000000,0.0000000000,,,
21.2959999656,166,225000.0000000000,216304.3593750000,225000.0000000000,225000.0000000000,0.0000000000,0.0000000000,0.0000000000,0.0000000000,,,
21.2999999656,166,225000.0000000000,217722.4687500000,225000.0000000000,225000.0000000000,0.0000000000,0.0000000000,0.0000000000,0.0000000000,,,
21.3039999655,166,225000.0000000000,216981.3281250000,225000.0000000000,225000.0000000000,0.0000000000,0.0000000000,0.0000000000,0.0000000000,,,
21.3079999655,166,207406.3750000000,215094.9062500000,225000.0000000000,188888.9843750000,0.0000000000,0.0000000000,0.0000000000,0.0000000000,,,
21.3119999655,166,203939.8906250000,214700.5156250000,225000.0000000000,175506.9843750000,0.0000000000,0.0000000000,0.0000000000,0.0000000000,,,
21.3159999656,166,225000.0000000000,216303.4843750000,225000.0000000000,225000.0000000000,0.0000000000,0.0000000000,0.0000000000,0.0000000000,,,
21.3199999656,166,225000.0000000000,217727.2500000000,225000.0000000000,225000.0000000000,0.0000000000,0.0000000000,0.0000000000,0.0000000000,,,
21.3239999656,166,225000.0000000000,216996.0468750000,225000.0000000000,225000.0000000000,0.0000000000,0.0000000000,0.0000000000,0.0000000000,,,
21.3279999655,166,207486.2968750000,215108.8750000000,225000.0000000000,189042.8750000000,0.0000000000,0.0000000000,0.0000000000,0.0000000000,,,
21.3319999655,166,203851.5625000000,214701.4531250000,225000.0000000000,175171.1562500000,0.0000000000,0.0000000000,0.0000000000,0.0000000000,,,
21.3359999657,166,225000.0000000000,216295.3281250000,225000.0000000000,225000.0000000000,0.0000000000,0.0000000000,0.0000000000,0.0000000000,,,
21.3399999656,166,225000.0000000000,217722.6875000000,225000.0000000000,225000.0000000000,0.0000000000,0.0000000000,0.0000000000,0.0000000000,,,
21.3439999656,166,225000.0000000000,217003.4843750000,225000.0000000000,225000.0000000000,0.0000000000,0.0000000000,0.0000000000,0.0000000000,,,
21.3479999655,166,207567.2187500000,215121.5625000000,225000.0000000000,189230.2968750000,0.0000000000,0.0000000000,0.0000000000,0.0000000000,,,
21.3519999655,166,203753.1250000000,214704.0468750000,225000.0000000000,174830.7812500000,0.0000000000,0.0000000000,0.0000000000,0.0000000000,,,
21.3559999655,166,225000.0000000000,216284.3593750000,225000.0000000000,225000.0000000000,0.0000000000,0.0000000000,0.0000000000,0.0000000000,,,
21.3599999656,166,225000.0000000000,217718.1250000000,225000.0000000000,225000.0000000000,0.0000000000,0.0000000000,0.0000000000,0.0000000000,,,
21.3639999656,166,225000.0000000000,217008.8750000000,225000.0000000000,225000.0000000000,0.0000000000,0.0000000000,0.0000000000,0.0000000000,,,
21.3679999656,166,207626.1250000000,215120.1093750000,225000.0000000000,189379.8906250000,0.0000000000,0.0000000000,0.0000000000,0.0000000000,,,
21.3719999655,166,203642.9375000000,214691.6562500000,225000.0000000000,174463.3437500000,0.0000000000,0.0000000000,0.0000000000,0.0000000000,,,
21.3759999655,167,225000.0000000000,216266.9687500000,225000.0000000000,225000.0000000000,0.0000000000,0.0000000000,0.0000000000,0.0000000000,,,
21.3799999654,167,225000.0000000000,217701.2812500000,225000.0000000000,225000.0000000000,0.0000000000,0.0000000000,0.0000000000,0.0000000000,,,
21.3839999654,167,225000.0000000000,217002.9375000000,225000.0000000000,225000.0000000000,0.0000000000,0.0000000000,0.0000000000,0.0000000000,,,
21.3879999653,167,207683.2812500000,215116.5781250000,225000.0000000000,189524.4531250000,0.0000000000,0.0000000000,0.0000000000,0.0000000000,,,
21.3919999653,167,203521.6562500000,214672.3125000000,225000.0000000000,174093.9843750000,0.0000000000,0.0000000000,0.0000000000,0.0000000000,,,
21.3959999653,167,225000.0000000000,216238.7812500000,225000.0000000000,225000.0000000000,0.0000000000,0.0000000000,0.0000000000,0.0000000000,,,
21.3999999654,167,225000.0000000000,217682.0781250000,225000.0000000000,225000.0000000000,0.0000000000,0.0000000000,0.0000000000,0.0000000000,,,
21.4039999654,167,225000.0000000000,216998.5937500000,225000.0000000000,225000.0000000000,0.0000000000,0.0000000000,0.0000000000,0.0000000000,,,
21.4079999654,167,207735.6406250000,215116.0312500000,225000.0000000000,189708.4531250000,0.0000000000,0.0000000000,0.0000000000,0.0000000000,,,
21.4119999653,167,203397.4687500000,214661.0000000000,225000.0000000000,173740.5625000000,0.0000000000,0.0000000000,0.0000000000,0.0000000000,,,
21.4159999653,167,225000.0000000000,216221.4218750000,225000.0000000000,225000.0000000000,0.0000000000,0.0000000000,0.0000000000,0.0000000000,,,
21.4199999655,167,225000.0000000000,217679.8281250000,225000.0000000000,225000.0000000000,0.0000000000,0.0000000000,0.0000000000,0.0000000000,,,
21.4239999654,167,225000.0000000000,217013.1093750000,225000.0000000000,225000.0000000000,0.0000000000,0.0000000000,0.0000000000,0.0000000000,,,
21.4279999654,167,207795.9375000000,215134.6250000000,225000.0000000000,189878.2656250000,0.0000000000,0.0000000000,0.0000000000,0.0000000000,,,
21.4319999653,167,203289.9531250000,214674.8125000000,225000.0000000000,173402.1250000000,0.0000000000,0.0000000000,0.0000000000,0.0000000000,,,
21.4359999653,167,225000.0000000000,216226.5312500000,225000.0000000000,225000.0000000000,0.0000000000,0.0000000000,0.0000000000,0.0000000000,,,
21.4399999653,167,225000.0000000000,217682.5937500000,225000.0000000000,225000.0000000000,0.0000000000,0.0000000000,0.0000000000,0.0000000000,,,
21.4439999654,167,225000.0000000000,217030.1875000000,225000.0000000000,225000.0000000000,0.0000000000,0.0000000000,0.0000000000,0.0000000000,,,
21.4479999654,167,207859.5937500000,215153.3750000000,225000.0000000000,190093.0937500000,0.0000000000,0.0000000000,0.0000000000,0.0000000000,,,
21.4519999654,167,203195.7656250000,214680.0468750000,225000.0000000000,173133.8593750000,0.0000000000,0.0000000000,0.0000000000,0.0000000000,,,
21.4559999653,167,225000.0000000000,216224.8125000000,225000.0000000000,225000.0000000000,0.0000000000,0.0000000000,0.0000000000,0.0000000000,,,
21.4599999653,167,225000.0000000000,217691.2031250000,225000.0000000000,225000.0000000000,0.0000000000,0.0000000000,0.0000000000,0.0000000000,,,
21.4639999655,167,225000.0000000000,217051.0312500000,225000.0000000000,225000.0000000000,0.0000000000,0.0000000000,0.0000000000,0.0000000000,,,
21.4679999654,167,207948.8750000000,215171.7187500000,225000.0000000000,190353.4218750000,0.0000000000,0.0000000000,0.0000000000,0.0000000000,,,
21.4719999654,167,203105.5781250000,214683.6093750000,225000.0000000000,172887.5937500000,0.0000000000,0.0000000000,0.0000000000,0.0000000000,,,
21.4759999653,167,225000.0000000000,216217.2656250000,225000.0000000000,224905.8281250000,0.0000000000,0.0000000000,0.0000000000,0.0000000000,,,
21.4799999653,167,225000.0000000000,217686.4843750000,225000.0000000000,225000.0000000000,0.0000000000,0.0000000000,0.0000000000,0.0000000000,,,
21.4839999652,167,225000.0000000000,217053.6875000000,225000.0000000000,225000.0000000000,0.0000000000,0.0000000000,0.0000000000,0.0000000000,,,
21.4879999654,167,208044.4687500000,215172.1250000000,225000.0000000000,190648.8437500000,0.0000000000,0.0000000000,0.0000000000,0.0000000000,,,
21.4919999654,167,203036.7343750000,214667.7812500000,225000.0000000000,172723.1875000000,0.0000000000,0.0000000000,0.0000000000,0.0000000000,,,
21.4959999654,167,225000.0000000000,216187.7187500000,225000.0000000000,224660.3281250000,0.0000000000,0.0000000000,0.0000000000,0.0000000000,,,
21.4999999653,167,225000.0000000000,217664.6250000000,225000.0000000000,225000.0000000000,0.0000000000,0.0000000000,0.0000000000,0.0000000000,,,
21.5039999653,168,225000.0000000000,217040.5468750000,225000.0000000000,225000.0000000000,0.0000000000,0.0000000000,0.0000000000,0.0000000000,,,
21.5079999652,168,208151.0156250000,215158.7343750000,225000.0000000000,190959.7968750000,0.0000000000,0.0000000000,0.0000000000,0.0000000000,,,
21.5119999652,168,202980.8593750000,214642.1093750000,225000.0000000000,172600.5156250000,0.0000000000,0.0000000000,0.0000000000,0.0000000000,,,
21.5159999651,168,225000.0000000000,216159.6875000000,225000.0000000000,224425.0781250000,0.0000000000,0.0000000000,0.0000000000,0.0000000000,,,
21.5199999651,168,225000.0000000000,217646.6406250000,225000.0000000000,225000.0000000000,0.0000000000,0.0000000000,0.0000000000,0.0000000000,,,
21.5239999651,168,225000.0000000000,217038.4531250000,225000.0000000000,225000.0000000000,0.0000000000,0.0000000000,0.0000000000,0.0000000000,,,
21.5279999652,168,208277.1250000000,215155.2187500000,225000.0000000000,191308.0468750000,0.0000000000,0.0000000000,0.0000000000,0.0000000000,,,
21.5319999652,168,202948.6562500000,214631.8437500000,225000.0000000000,172547.5468750000,0.0000000000,0.0000000000,0.0000000000,0.0000000000,,,
21.5359999652,168,224909.5312500000,216149.2500000000,225000.0000000000,224209.2968750000,0.0000000000,0.0000000000,0.0000000000,0.0000000000,,,
21.5399999651,168,225000.0000000000,217642.2187500000,225000.0000000000,225000.0000000000,0.0000000000,0.0000000000,0.0000000000,0.0000000000,,,
21.5439999651,168,225000.0000000000,217043.6093750000,225000.0000000000,225000.0000000000,0.0000000000,0.0000000000,0.0000000000,0.0000000000,,,
21.5479999653,168,208427.9218750000,215158.8125000000,225000.0000000000,191717.1093750000,0.0000000000,0.0000000000,0.0000000000,0.0000000000,,,
21.5519999652,168,202930.2187500000,214622.0468750000,225000.0000000000,172529.5312500000,0.0000000000,0.0000000000,0.0000000000,0.0000000000,,,
21.5559999652,168,224783.2812500000,216131.0312500000,225000.0000000000,223996.5156250000,0.0000000000,0.0000000000,0.0000000000,0.0000000000,,,
21.5599999651,168,225000.0000000000,217630.3125000000,225000.0000000000,225000.0000000000,0.0000000000,0.0000000000,0.0000000000,0.0000000000,,,
21.5639999651,168,225000.0000000000,217044.8437500000,225000.0000000000,225000.0000000000,0.0000000000,0.0000000000,0.0000000000,0.0000000000,,,
21.5679999650,168,208571.6406250000,215161.5468750000,225000.0000000000,192103.0312500000,0.0000000000,0.0000000000,0.0000000000,0.0000000000,,,
21.5719999652,168,202916.4843750000,214611.9218750000,225000.0000000000,172540.7343750000,0.0000000000,0.0000000000,0.0000000000,0.0000000000,,,
21.5759999652,168,224657.4062500000,216112.9531250000,225000.0000000000,223809.0781250000,0.0000000000,0.0000000000,0.0000000000,0.0000000000,,,
21.5799999651,168,225000.0000000000,217617.3906250000,225000.0000000000,225000.0000000000,0.0000000000,0.0000000000,0.0000000000,0.0000000000,,,
21.5839999651,168,225000.0000000000,217040.4375000000,225000.0000000000,225000.0000000000,0.0000000000,0.0000000000,0.0000000000,0.0000000000,,,
21.5879999651,168,208720.4687500000,215153.3125000000,225000.0000000000,192530.2187500000,0.0000000000,0.0000000000,0.0000000000,0.0000000000,,,
21.5919999653,168,202906.2187500000,214590.1093750000,225000.0000000000,172585.9843750000,0.0000000000,0.0000000000,0.0000000000,0.0000000000,,,
21.5959999652,168,224515.7343750000,216084.3906250000,225000.0000000000,223588.1406250000,0.0000000000,0.0000000000,0.0000000000,0.0000000000,,,
21.5999999652,168,225000.0000000000,217601.9062500000,225000.0000000000,225000.0000000000,0.0000000000,0.0000000000,0.0000000000,0.0000000000,,,
21.6039999651,168,225000.0000000000,217041.2656250000,225000.0000000000,225000.0000000000,0.0000000000,0.0000000000,0.0000000000,0.0000000000,,,
21.6079999651,168,208851.8437500000,215153.9687500000,225000.0000000000,192923.0625000000,0.0000000000,0.0000000000,0.0000000000,0.0000000000,,,
21.6119999650,168,202880.0156250000,214581.8750000000,225000.0000000000,172587.1718750000,0.0000000000,0.0000000000,0.0000000000,0.0000000000,,,
21.6159999652,168,224380.4062500000,216072.9687500000,225000.0000000000,223382.6562500000,0.0000000000,0.0000000000,0.0000000000,0.0000000000,,,
21.6199999652,168,225000.0000000000,217596.6718750000,225000.0000000000,225000.0000000000,0.0000000000,0.0000000000,0.0000000000,0.0000000000,,,
21.6239999651,168,225000.0000000000,217042.5000000000,225000.0000000000,225000.0000000000,0.0000000000,0.0000000000,0.0000000000,0.0000000000,,,
21.6279999651,168,208982.3593750000,215149.2968750000,225000.0000000000,193313.8281250000,0.0000000000,0.0000000000,0.0000000000,0.0000000000,,,
21.6319999651,169,202842.6250000000,214561.7812500000,225000.0000000000,172550.9062500000,0.0000000000,0.0000000000,0.0000000000,0.0000000000,,,
21.6359999650,169,224233.5312500000,216045.5625000000,225000.0000000000,223154.8281250000,0.0000000000,0.0000000000,0.0000000000,0.0000000000,,,
21.6399999650,169,225000.0000000000,217577.7187500000,225000.0000000000,225000.0000000000,0.0000000000,0.0000000000,0.0000000000,0.0000000000,,,
21.6439999649,169,225000.0000000000,217040.7968750000,225000.0000000000,225000.0000000000,0.0000000000,0.0000000000,0.0000000000,0.0000000000,,,
21.6479999649,169,209107.7500000000,215150.9062500000,225000.0000000000,193679.6250000000,0.0000000000,0.0000000000,0.0000000000,0.0000000000,,,
21.6519999648,169,202801.1250000000,214548.1562500000,225000.0000000000,172522.7656250000,0.0000000000,0.0000000000,0.0000000000,0.0000000000,,,
21.6559999650,169,224077.0312500000,216025.2500000000,225000.0000000000,222924.6718750000,0.0000000000,0.0000000000,0.0000000000,0.0000000000,,,
21.6599999650,169,225000.0000000000,217567.0156250000,225000.0000000000,225000.0000000000,0.0000000000,0.0000000000,0.0000000000,0.0000000000,,,
21.6639999649,169,225000.0000000000,217043.9062500000,225000.0000000000,225000.0000000000,0.0000000000,0.0000000000,0.0000000000,0.0000000000,,,
21.6679999649,169,209226.3281250000,215153.6406250000,225000.0000000000,194047.9531250000,0.0000000000,0.0000000000,0.0000000000,0.0000000000,,,
21.6719999649,169,202762.5000000000,214539.7031250000,225000.0000000000,172483.6562500000,0.0000000000,0.0000000000,0.0000000000,0.0000000000,,,
21.6759999651,169,223922.6093750000,216007.2812500000,225000.0000000000,222658.8125000000,0.0000000000,0.0000000000,0.0000000000,0.0000000000,,,
21.6799999650,169,225000.0000000000,217555.1562500000,225000.0000000000,225000.0000000000,0.0000000000,0.0000000000,0.0000000000,0.0000000000,,,
21.6839999650,169,225000.0000000000,217042.3750000000,225000.0000000000,225000.0000000000,0.0000000000,0.0000000000,0.0000000000,0.0000000000,,,
21.6879999649,169,209323.2656250000,215151.3906250000,225000.0000000000,194358.2812500000,0.0000000000,0.0000000000,0.0000000000,0.0000000000,,,
21.6919999649,169,202706.5312500000,214529.8437500000,225000.0000000000,172414.9062500000,0.0000000000,0.0000000000,0.0000000000,0.0000000000,,,
21.6959999648,169,223776.9687500000,216003.1562500000,225000.0000000000,222444.1875000000,0.0000000000,0.0000000000,0.0000000000,0.0000000000,,,
21.6999999650,169,225000.0000000000,217560.7656250000,225000.0000000000,225000.0000000000,0.0000000000,0.0000000000,0.0000000000,0.0000000000,,,
21.7039999650,169,225000.0000000000,217060.1562500000,225000.0000000000,225000.0000000000,0.0000000000,0.0000000000,0.0000000000,0.0000000000,,,
21.7079999649,169,209444.4531250000,215170.8593750000,225000.0000000000,194704.2343750000,0.0000000000,0.0000000000,0.0000000000,0.0000000000,,,
21.7119999649,169,202668.1718750000,214536.7343750000,225000.0000000000,172361.9375000000,0.0000000000,0.0000000000,0.0000000000,0.0000000000,,,
21.7159999649,169,223637.8750000000,215997.0937500000,225000.0000000000,222178.2656250000,0.0000000000,0.0000000000,0.0000000000,0.0000000000,,,
21.7199999650,169,225000.0000000000,217560.7968750000,225000.0000000000,225000.0000000000,0.0000000000,0.0000000000,0.0000000000,0.0000000000,,,
21.7239999650,169,225000.0000000000,217066.5312500000,225000.0000000000,225000.0000000000,0.0000000000,0.0000000000,0.0000000000,0.0000000000,,,
21.7279999650,169,209559.2968750000,215172.1718750000,225000.0000000000,195051.9062500000,0.0000000000,0.0000000000,0.0000000000,0.0000000000,,,
21.7319999649,169,202615.0937500000,214524.5625000000,225000.0000000000,172292.3437500000,0.0000000000,0.0000000000,0.0000000000,0.0000000000,,,
21.7359999649,169,223476.7968750000,215973.6406250000,225000.0000000000,221902.5937500000,0.0000000000,0.0000000000,0.0000000000,0.0000000000,,,
21.7399999648,169,225000.0000000000,217542.9218750000,225000.0000000000,225000.0000000000,0.0000000000,0.0000000000,0.0000000000,0.0000000000,,,
21.7439999650,169,225000.0000000000,217064.2031250000,225000.0000000000,225000.0000000000,0.0000000000,0.0000000000,0.0000000000,0.0000000000,,,
21.7479999650,169,209658.2187500000,215171.2343750000,225000.0000000000,195389.8281250000,0.0000000000,0.0000000000,0.0000000000,0.0000000000,,,
21.7519999649,169,202556.6718750000,214512.8281250000,225000.0000000000,172244.6250000000,0.0000000000,0.0000000000,0.0000000000,0.0000000000,,,
21.7559999649,169,223321.7656250000,215956.1562500000,225000.0000000000,221680.7656250000,0.0000000000,0.0000000000,0.0000000000,0.0000000000,,,
21.7599999649,170,225000.0000000000,217535.9531250000,225000.0000000000,225000.0000000000,0.0000000000,0.0000000000,0.0000000000,0.0000000000,,,
21.7639999648,170,225000.0000000000,217074.7656250000,225000.0000000000,225000.0000000000,0.0000000000,0.0000000000,0.0000000000,0.0000000000,,,
21.7679999648,170,209770.3906250000,215180.8125000000,225000.0000000000,195735.8125000000,0.0000000000,0.0000000000,0.0000000000,0.0000000000,,,
21.7719999647,170,202514.5312500000,214508.6562500000,225000.0000000000,172206.8750000000,0.0000000000,0.0000000000,0.0000000000,0.0000000000,,,
21.7759999647,170,223184.7187500000,215944.8437500000,225000.0000000000,221437.2812500000,0.0000000000,0.0000000000,0.0000000000,0.0000000000,,,
21.7799999646,170,225000.0000000000,217529.5625000000,225000.0000000000,225000.0000000000,0.0000000000,0.0000000000,0.0000000000,0.0000000000,,,
21.7839999648,170,225000.0000000000,217075.9218750000,225000.0000000000,225000.0000000000,0.0000000000,0.0000000000,0.0000000000,0.0000000000,,,
21.7879999648,170,209897.9375000000,215179.5468750000,225000.0000000000,196080.3906250000,0.0000000000,0.0000000000,0.0000000000,0.0000000000,,,
21.7919999647,170,202481.0937500000,214493.6875000000,225000.0000000000,172168.8437500000,0.0000000000,0.0000000000,0.0000000000,0.0000000000,,,
21.7959999647,170,223041.0781250000,215927.7500000000,225000.0000000000,221171.0468750000,0.0000000000,0.0000000000,0.0000000000,0.0000000000,,,
21.7999999647,170,225000.0000000000,217528.0937500000,225000.0000000000,225000.0000000000,0.0000000000,0.0000000000,0.0000000000,0.0000000000,,,
21.8039999648,170,225000.0000000000,217092.7187500000,225000.0000000000,225000.0000000000,0.0000000000,0.0000000000,0.0000000000,0.0000000000,,,
21.8079999648,170,210015.0156250000,215201.9218750000,225000.0000000000,196411.4375000000,0.0000000000,0.0000000000,0.0000000000,0.0000000000,,,
21.8119999648,170,202456.6562500000,214513.0156250000,225000.0000000000,172136.6406250000,0.0000000000,0.0000000000,0.0000000000,0.0000000000,,,
21.8159999647,170,222915.0937500000,215938.8906250000,225000.0000000000,220935.6562500000,0.0000000000,0.0000000000,0.0000000000,0.0000000000,,,
21.8199999647,170,225000.0000000000,217537.6406250000,225000.0000000000,225000.0000000000,0.0000000000,0.0000000000,0.0000000000,0.0000000000,,,
21.8239999646,170,225000.0000000000,217104.4843750000,225000.0000000000,225000.0000000000,0.0000000000,0.0000000000,0.0000000000,0.0000000000,,,
21.8279999648,170,210139.1718750000,215209.5937500000,225000.0000000000,196735.4687500000,0.0000000000,0.0000000000,0.0000000000,0.0000000000,,,
21.8319999648,170,202424.1718750000,214502.7968750000,225000.0000000000,172076.1718750000,0.0000000000,0.0000000000,0.0000000000,0.0000000000,,,
21.8359999647,170,222780.8281250000,215920.1093750000,225000.0000000000,220709.6718750000,0.0000000000,0.0000000000,0.0000000000,0.0000000000,,,
21.8399999647,170,225000.0000000000,217526.4531250000,225000.0000000000,225000.0000000000,0.0000000000,0.0000000000,0.0000000000,0.0000000000,,,
21.8439999647,170,225000.0000000000,217100.2812500000,225000.0000000000,225000.0000000000,0.0000000000,0.0000000000,0.0000000000,0.0000000000,,,
21.8479999648,170,210268.3437500000,215202.4375000000,225000.0000000000,197086.5468750000,0.0000000000,0.0000000000,0.0000000000,0.0000000000,,,
21.8519999648,170,202418.0781250000,214485.3750000000,225000.0000000000,172068.4062500000,0.0000000000,0.0000000000,0.0000000000,0.0000000000,,,
21.8559999648,170,222666.0000000000,215901.5781250000,225000.0000000000,220447.1718750000,0.0000000000,0.0000000000,0.0000000000,0.0000000000,,,
21.8599999647,170,225000.0000000000,217514.7968750000,225000.0000000000,225000.0000000000,0.0000000000,0.0000000000,0.0000000000,0.0000000000,,,
21.8639999647,170,225000.0000000000,217099.6093750000,225000.0000000000,225000.0000000000,0.0000000000,0.0000000000,0.0000000000,0.0000000000,,,
21.8679999646,170,210421.9843750000,215199.7968750000,225000.0000000000,197452.8281250000,0.0000000000,0.0000000000,0.0000000000,0.0000000000,,,
21.8719999648,170,202422.6093750000,214466.0312500000,225000.0000000000,172072.7500000000,0.0000000000,0.0000000000,0.0000000000,0.0000000000,,,
21.8759999648,170,222532.1250000000,215874.3281250000,225000.0000000000,220224.6250000000,0.0000000000,0.0000000000,0.0000000000,0.0000000000,,,
21.8799999647,170,225000.0000000000,217505.6718750000,225000.0000000000,225000.0000000000,0.0000000000,0.0000000000,0.0000000000,0.0000000000,,,
21.8839999647,170,225000.0000000000,217115.8125000000,225000.0000000000,225000.0000000000,0.0000000000,0.0000000000,0.0000000000,0.0000000000,,,
21.8879999646,171,210572.3125000000,215219.0937500000,225000.0000000000,197840.1875000000,0.0000000000,0.0000000000,0.0000000000,0.0000000000,,,
21.8919999646,171,202423.9062500000,214477.9375000000,225000.0000000000,172124.3281250000,0.0000000000,0.0000000000,0.0000000000,0.0000000000,,,
21.8959999646,171,222388.7187500000,215882.3750000000,225000.0000000000,219999.7031250000,0.0000000000,0.0000000000,0.0000000000,0.0000000000,,,
21.8999999645,171,225000.0000000000,217521.1718750000,225000.0000000000,225000.0000000000,0.0000000000,0.0000000000,0.0000000000,0.0000000000,,,
21.9039999645,171,225000.0000000000,217146.3906250000,225000.0000000000,225000.0000000000,0.0000000000,0.0000000000,0.0000000000,0.0000000000,,,
21.9079999644,171,210708.8750000000,215252.7812500000,225000.0000000000,198235.4218750000,0.0000000000,0.0000000000,0.0000000000,0.0000000000,,,
21.9119999646,171,202417.6562500000,214502.2656250000,225000.0000000000,172155.2187500000,0.0000000000,0.0000000000,0.0000000000,0.0000000000,,,
21.9159999646,171,222260.3750000000,215895.9375000000,225000.0000000000,219769.4843750000,0.0000000000,0.0000000000,0.0000000000,0.0000000000,,,
21.9199999645,171,225000.0000000000,217532.7343750000,225000.0000000000,225000.0000000000,0.0000000000,0.0000000000,0.0000000000,0.0000000000,,,
21.9239999645,171,225000.0000000000,217159.4843750000,225000.0000000000,225000.0000000000,0.0000000000,0.0000000000,0.0000000000,0.0000000000,,,
21.9279999644,171,210828.3593750000,215258.7343750000,225000.0000000000,198587.2656250000,0.0000000000,0.0000000000,0.0000000000,0.0000000000,,,
21.9319999646,171,202384.5781250000,214489.0937500000,225000.0000000000,172147.5000000000,0.0000000000,0.0000000000,0.0000000000,0.0000000000,,,
21.9359999646,171,222100.5937500000,215870.9218750000,225000.0000000000,219511.4062500000,0.0000000000,0.0000000000,0.0000000000,0.0000000000,,,
21.9399999646,171,225000.0000000000,217511.5781250000,225000.0000000000,225000.0000000000,0.0000000000,0.0000000000,0.0000000000,0.0000000000,,,
21.9439999645,171,225000.0000000000,217151.2968750000,225000.0000000000,225000.0000000000,0.0000000000,0.0000000000,0.0000000000,0.0000000000,,,
21.9479999645,171,210933.6718750000,215251.4375000000,225000.0000000000,198945.3750000000,0.0000000000,0.0000000000,0.0000000000,0.0000000000,,,
21.9519999644,171,202337.8906250000,214472.8437500000,225000.0000000000,172114.4062500000,0.0000000000,0.0000000000,0.0000000000,0.0000000000,,,
21.9559999646,171,221944.4843750000,215852.7656250000,225000.0000000000,219241.2968750000,0.0000000000,0.0000000000,0.0000000000,0.0000000000,,,
21.9599999646,171,225000.0000000000,217507.0156250000,225000.0000000000,225000.0000000000,0.0000000000,0.0000000000,0.0000000000,0.0000000000,,,
21.9639999645,171,225000.0000000000,217160.0625000000,225000.0000000000,225000.0000000000,0.0000000000,0.0000000000,0.0000000000,0.0000000000,,,
21.9679999645,171,211076.7031250000,215265.4375000000,225000.0000000000,199312.0625000000,0.0000000000,0.0000000000,0.0000000000,0.0000000000,,,
21.9719999644,171,202331.9843750000,214477.3437500000,225000.0000000000,172123.3593750000,0.0000000000,0.0000000000,0.0000000000,0.0000000000,,,
21.9759999646,171,221814.1250000000,215850.3750000000,225000.0000000000,218983.2968750000,0.0000000000,0.0000000000,0.0000000000,0.0000000000,,,
21.9799999646,171,225000.0000000000,217509.2656250000,225000.0000000000,225000.0000000000,0.0000000000,0.0000000000,0.0000000000,0.0000000000,,,
21.9839999645,171,225000.0000000000,217176.6718750000,225000.0000000000,225000.0000000000,0.0000000000,0.0000000000,0.0000000000,0.0000000000,,,
21.9879999645,171,211219.2656250000,215275.0156250000,225000.0000000000,199696.4218750000,0.0000000000,0.0000000000,0.0000000000,0.0000000000,,,
21.9919999645,171,202319.9062500000,214467.6718750000,225000.0000000000,172125.2812500000,0.0000000000,0.0000000000,0.0000000000,0.0000000000,,,
21.9959999644,171,221681.7343750000,215831.2500000000,225000.0000000000,218746.6718750000,0.0000000000,0.0000000000,0.0000000000,0.0000000000,,,
21.9999999646,171,225000.0000000000,217497.8593750000,225000.0000000000,225000.0000000000,0.0000000000,0.0000000000,0.0000000000,0.0000000000,,,
22.0039999646,171,225000.0000000000,217176.1875000000,225000.0000000000,225000.0000000000,0.0000000000,0.0000000000,0.0000000000,0.0000000000,,,
22.0079999645,171,211348.8750000000,215277.0468750000,225000.0000000000,200017.2656250000,0.0000000000,0.0000000000,0.0000000000,0.0000000000,,,
22.0119999645,171,202311.5781250000,214461.6875000000,225000.0000000000,172120.6250000000,0.0000000000,0.0000000000,0.0000000000,0.0000000000,,,
22.0159999644,172,221556.9062500000,215819.7187500000,225000.0000000000,218506.6406250000,0.0000000000,0.0000000000,0.0000000000,0.0000000000,,,
22.0199999644,172,225000.0000000000,217490.0625000000,225000.0000000000,225000.0000000000,0.0000000000,0.0000000000,0.0000000000,0.0000000000,,,
22.0239999644,172,225000.0000000000,217180.0156250000,225000.0000000000,225000.0000000000,0.0000000000,0.0000000000,0.0000000000,0.0000000000,,,
22.0279999643,172,211487.7343750000,215286.0312500000,225000.0000000000,200354.1250000000,0.0000000000,0.0000000000,0.0000000000,0.0000000000,,,
22.0319999643,172,202308.7031250000,214463.1250000000,225000.0000000000,172098.7656250000,0.0000000000,0.0000000000,0.0000000000,0.0000000000,,,
22.0359999642,172,221433.6250000000,215811.4843750000,225000.0000000000,218226.2656250000,0.0000000000,0.0000000000,0.0000000000,0.0000000000,,,
22.0399999644,172,225000.0000000000,217488.6875000000,225000.0000000000,225000.0000000000,0.0000000000,0.0000000000,0.0000000000,0.0000000000,,,
22.0439999644,172,225000.0000000000,217191.5312500000,225000.0000000000,225000.0000000000,0.0000000000,0.0000000000,0.0000000000,0.0000000000,,,
22.0479999643,172,211624.6562500000,215299.0468750000,225000.0000000000,200663.4375000000,0.0000000000,0.0000000000,0.0000000000,0.0000000000,,,
22.0519999643,172,202313.9062500000,214462.1875000000,225000.0000000000,172080.6875000000,0.0000000000,0.0000000000,0.0000000000,0.0000000000,,,
22.0559999642,172,221315.5312500000,215803.2656250000,225000.0000000000,217978.0312500000,0.0000000000,0.0000000000,0.0000000000,0.0000000000,,,
22.0599999644,172,225000.0000000000,217488.3906250000,225000.0000000000,225000.0000000000,0.0000000000,0.0000000000,0.0000000000,0.0000000000,,,
22.0639999644,172,225000.0000000000,217199.7656250000,225000.0000000000,225000.0000000000,0.0000000000,0.0000000000,0.0000000000,0.0000000000,,,
22.0679999643,172,211761.0468750000,215304.2187500000,225000.0000000000,200994.6875000000,0.0000000000,0.0000000000,0.0000000000,0.0000000000,,,
22.0719999643,172,202303.7187500000,214455.5156250000,225000.0000000000,172065.6875000000,0.0000000000,0.0000000000,0.0000000000,0.0000000000,,,
22.0759999643,172,221183.7812500000,215791.7656250000,225000.0000000000,217710.0781250000,0.0000000000,0.0000000000,0.0000000000,0.0000000000,,,
22.0799999642,172,225000.0000000000,217484.4531250000,225000.0000000000,225000.0000000000,0.0000000000,0.0000000000,0.0000000000,0.0000000000,,,
22.0839999644,172,225000.0000000000,217211.0312500000,225000.0000000000,225000.0000000000,0.0000000000,0.0000000000,0.0000000000,0.0000000000,,,
22.0879999644,172,211877.1875000000,215314.7656250000,225000.0000000000,201324.7812500000,0.0000000000,0.0000000000,0.0000000000,0.0000000000,,,
22.0919999643,172,202253.9531250000,214451.3906250000,225000.0000000000,171992.0156250000,0.0000000000,0.0000000000,0.0000000000,0.0000000000,,,
22.0959999643,172,221036.3906250000,215781.2500000000,225000.0000000000,217410.1093750000,0.0000000000,0.0000000000,0.0000000000,0.0000000000,,,
22.0999999642,172,225000.0000000000,217480.9062500000,225000.0000000000,225000.0000000000,0.0000000000,0.0000000000,0.0000000000,0.0000000000,,,
22.1039999644,172,225000.0000000000,217219.1562500000,225000.0000000000,225000.0000000000,0.0000000000,0.0000000000,0.0000000000,0.0000000000,,,
22.1079999644,172,211985.0937500000,215326.3437500000,225000.0000000000,201644.9687500000,0.0000000000,0.0000000000,0.0000000000,0.0000000000,,,
22.1119999643,172,202213.4843750000,214458.8125000000,225000.0000000000,171954.0000000000,0.0000000000,0.0000000000,0.0000000000,0.0000000000,,,
22.1159999643,172,220886.2968750000,215779.6093750000,225000.0000000000,217153.2031250000,0.0000000000,0.0000000000,0.0000000000,0.0000000000,,,
22.1199999643,172,225000.0000000000,217485.7187500000,225000.0000000000,225000.0000000000,0.0000000000,0.0000000000,0.0000000000,0.0000000000,,,
22.1239999642,172,225000.0000000000,217239.8437500000,225000.0000000000,225000.0000000000,0.0000000000,0.0000000000,0.0000000000,0.0000000000,,,
22.1279999644,172,212099.4375000000,215344.2343750000,225000.0000000000,201958.2187500000,0.0000000000,0.0000000000,0.0000000000,0.0000000000,,,
22.1319999644,172,202162.7031250000,214455.5156250000,225000.0000000000,171890.0000000000,0.0000000000,0.0000000000,0.0000000000,0.0000000000,,,
22.1359999643,172,220740.9531250000,215764.9687500000,225000.0000000000,216858.9843750000,0.0000000000,0.0000000000,0.0000000000,0.0000000000,,,
22.1399999643,172,225000.0000000000,217471.2343750000,225000.0000000000,225000.0000000000,0.0000000000,0.0000000000,0.0000000000,0.0000000000,,,
22.1439999642,173,225000.0000000000,217232.1093750000,225000.0000000000,225000.0000000000,0.0000000000,0.0000000000,0.0000000000,0.0000000000,,,
22.1479999642,173,212223.5468750000,215339.9687500000,225000.0000000000,202262.9687500000,0.0000000000,0.0000000000,0.0000000000,0.0000000000,,,
22.1519999641,173,202144.6250000000,214442.4218750000,225000.0000000000,171893.2031250000,0.0000000000,0.0000000000,0.0000000000,0.0000000000,,,
22.1559999641,173,220610.1406250000,215747.8281250000,225000.0000000000,216596.2968750000,0.0000000000,0.0000000000,0.0000000000,0.0000000000,,,
22.1599999641,173,225000.0000000000,217465.6718750000,225000.0000000000,225000.0000000000,0.0000000000,0.0000000000,0.0000000000,0.0000000000,,,
22.1639999640,173,225000.0000000000,217244.0468750000,225000.0000000000,225000.0000000000,0.0000000000,0.0000000000,0.0000000000,0.0000000000,,,
22.1679999642,173,212351.0312500000,215353.2968750000,225000.0000000000,202608.2968750000,0.0000000000,0.0000000000,0.0000000000,0.0000000000,,,
22.1719999642,173,202122.5312500000,214445.2656250000,225000.0000000000,171886.8125000000,0.0000000000,0.0000000000,0.0000000000,0.0000000000,,,
22.1759999641,173,220466.5625000000,215742.5156250000,225000.0000000000,216305.8125000000,0.0000000000,0.0000000000,0.0000000000,0.0000000000,,,
22.1799999641,173,225000.0000000000,217465.3906250000,225000.0000000000,225000.0000000000,0.0000000000,0.0000000000,0.0000000000,0.0000000000,,,
22.1839999640,173,225000.0000000000,217256.5156250000,225000.0000000000,225000.0000000000,0.0000000000,0.0000000000,0.0000000000,0.0000000000,,,
22.1879999642,173,212458.0781250000,215366.9843750000,225000.0000000000,202910.2968750000,0.0000000000,0.0000000000,0.0000000000,0.0000000000,,,
22.1919999642,173,202094.6875000000,214447.4218750000,225000.0000000000,171871.5000000000,0.0000000000,0.0000000000,0.0000000000,0.0000000000,,,
22.1959999641,173,220320.2968750000,215737.5625000000,225000.0000000000,216064.6562500000,0.0000000000,0.0000000000,0.0000000000,0.0000000000,,,
22.1999999641,173,225000.0000000000,217467.4531250000,225000.0000000000,225000.0000000000,0.0000000000,0.0000000000,0.0000000000,0.0000000000,,,
22.2039999641,173,225000.0000000000,217269.6875000000,225000.0000000000,225000.0000000000,0.0000000000,0.0000000000,0.0000000000,0.0000000000,,,
22.2079999640,173,212579.8750000000,215379.4843750000,225000.0000000000,203245.9687500000,0.0000000000,0.0000000000,0.0000000000,0.0000000000,,,
22.2119999642,173,202078.8281250000,214450.7968750000,225000.0000000000,171872.5937500000,0.0000000000,0.0000000000,0.0000000000,0.0000000000,,,
22.2159999642,173,220183.3125000000,215733.0000000000,225000.0000000000,215780.9531250000,0.0000000000,0.0000000000,0.0000000000,0.0000000000,,,
22.2199999641,173,225000.0000000000,217466.4218750000,225000.0000000000,225000.0000000000,0.0000000000,0.0000000000,0.0000000000,0.0000000000,,,
22.2239999641,173,225000.0000000000,217278.2187500000,225000.0000000000,225000.0000000000,0.0000000000,0.0000000000,0.0000000000,0.0000000000,,,
22.2279999640,173,212719.1875000000,215390.4843750000,225000.0000000000,203611.2343750000,0.0000000000,0.0000000000,0.0000000000,0.0000000000,,,
22.2319999642,173,202086.3125000000,214448.2500000000,225000.0000000000,171898.2656250000,0.0000000000,0.0000000000,0.0000000000,0.0000000000,,,
22.2359999642,173,220055.0312500000,215724.1718750000,225000.0000000000,215562.5625000000,0.0000000000,0.0000000000,0.0000000000,0.0000000000,,,
22.2399999641,173,225000.0000000000,217467.6875000000,225000.0000000000,225000.0000000000,0.0000000000,0.0000000000,0.0000000000,0.0000000000,,,
22.2439999641,173,225000.0000000000,217294.6875000000,225000.0000000000,225000.0000000000,0.0000000000,0.0000000000,0.0000000000,0.0000000000,,,
22.2479999640,173,212872.9531250000,215405.9218750000,225000.0000000000,203947.5000000000,0.0000000000,0.0000000000,0.0000000000,0.0000000000,,,
22.2519999640,173,202098.3281250000,214446.3750000000,225000.0000000000,171896.2500000000,0.0000000000,0.0000000000,0.0000000000,0.0000000000,,,
22.2559999642,173,219926.5312500000,215711.3593750000,225000.0000000000,215263.0937500000,0.0000000000,0.0000000000,0.0000000000,0.0000000000,,,
22.2599999642,173,225000.0000000000,217462.8281250000,225000.0000000000,225000.0000000000,0.0000000000,0.0000000000,0.0000000000,0.0000000000,,,
22.2639999641,173,225000.0000000000,217301.6093750000,225000.0000000000,225000.0000000000,0.0000000000,0.0000000000,0.0000000000,0.0000000000,,,
22.2679999641,173,213001.5625000000,215412.5312500000,225000.0000000000,204240.5312500000,0.0000000000,0.0000000000,0.0000000000,0.0000000000,,,
22.2719999640,174,202104.1250000000,214452.2656250000,225000.0000000000,171875.2500000000,0.0000000000,0.0000000000,0.0000000000,0.0000000000,,,
22.2759999640,174,219806.3593750000,215718.2500000000,225000.0000000000,214989.7343750000,0.0000000000,0.0000000000,0.0000000000,0.0000000000,,,
22.2799999639,174,225000.0000000000,217477.6875000000,225000.0000000000,225000.0000000000,0.0000000000,0.0000000000,0.0000000000,0.0000000000,,,
22.2839999639,174,225000.0000000000,217325.3437500000,225000.0000000000,225000.0000000000,0.0000000000,0.0000000000,0.0000000000,0.0000000000,,,
22.2879999639,174,213132.4687500000,215435.5156250000,225000.0000000000,204525.5468750000,0.0000000000,0.0000000000,0.0000000000,0.0000000000,,,
22.2919999638,174,202104.1562500000,214457.2812500000,225000.0000000000,171846.8437500000,0.0000000000,0.0000000000,0.0000000000,0.0000000000,,,
22.2959999640,174,219678.3593750000,215709.5312500000,225000.0000000000,214700.8281250000,0.0000000000,0.0000000000,0.0000000000,0.0000000000,,,
22.2999999640,174,225000.0000000000,217467.7187500000,225000.0000000000,225000.0000000000,0.0000000000,0.0000000000,0.0000000000,0.0000000000,,,
22.3039999639,174,225000.0000000000,217327.4843750000,225000.0000000000,225000.0000000000,0.0000000000,0.0000000000,0.0000000000,0.0000000000,,,
22.3079999639,174,213264.5625000000,215441.0468750000,225000.0000000000,204877.7968750000,0.0000000000,0.0000000000,0.0000000000,0.0000000000,,,
22.3119999638,174,202106.7812500000,214454.9531250000,225000.0000000000,171877.7500000000,0.0000000000,0.0000000000,0.0000000000,0.0000000000,,,
22.3159999640,174,219558.8437500000,215701.3437500000,225000.0000000000,214470.0312500000,0.0000000000,0.0000000000,0.0000000000,0.0000000000,,,
22.3199999640,174,225000.0000000000,217472.7031250000,225000.0000000000,225000.0000000000,0.0000000000,0.0000000000,0.0000000000,0.0000000000,,,
22.3239999639,174,225000.0000000000,217350.1250000000,225000.0000000000,225000.0000000000,0.0000000000,0.0000000000,0.0000000000,0.0000000000,,,
22.3279999639,174,213415.6562500000,215467.4531250000,225000.0000000000,205214.0468750000,0.0000000000,0.0000000000,0.0000000000,0.0000000000,,,
22.3319999638,174,202121.5312500000,214469.8437500000,225000.0000000000,171897.3281250000,0.0000000000,0.0000000000,0.0000000000,0.0000000000,,,
22.3359999638,174,219434.9843750000,215704.1406250000,225000.0000000000,214179.9218750000,0.0000000000,0.0000000000,0.0000000000,0.0000000000,,,
22.3399999640,174,225000.0000000000,217481.8750000000,225000.0000000000,225000.0000000000,0.0000000000,0.0000000000,0.0000000000,0.0000000000,,,
22.3439999640,174,225000.0000000000,217372.1250000000,225000.0000000000,225000.0000000000,0.0000000000,0.0000000000,0.0000000000,0.0000000000,,,
22.3479999639,174,213554.2343750000,215487.9843750000,225000.0000000000,205543.7656250000,0.0000000000,0.0000000000,0.0000000000,0.0000000000,,,
22.3519999639,174,202114.0312500000,214477.8906250000,225000.0000000000,171875.6093750000,0.0000000000,0.0000000000,0.0000000000,0.0000000000,,,
22.3559999638,174,219309.0312500000,215706.8750000000,225000.0000000000,213901.3906250000,0.0000000000,0.0000000000,0.0000000000,0.0000000000,,,
22.3599999640,174,225000.0000000000,217486.1718750000,225000.0000000000,225000.0000000000,0.0000000000,0.0000000000,0.0000000000,0.0000000000,,,
22.3639999640,174,225000.0000000000,217385.5312500000,225000.0000000000,225000.0000000000,0.0000000000,0.0000000000,0.0000000000,0.0000000000,,,
22.3679999639,174,213687.8125000000,215508.3906250000,225000.0000000000,205857.3750000000,0.0000000000,0.0000000000,0.0000000000,0.0000000000,,,
22.3719999639,174,202112.2812500000,214490.5781250000,225000.0000000000,171875.9218750000,0.0000000000,0.0000000000,0.0000000000,0.0000000000,,,
22.3759999638,174,219175.3437500000,215704.2656250000,225000.0000000000,213618.9062500000,0.0000000000,0.0000000000,0.0000000000,0.0000000000,,,
22.3799999638,174,225000.0000000000,217484.8281250000,225000.0000000000,225000.0000000000,0.0000000000,0.0000000000,0.0000000000,0.0000000000,,,
22.3839999640,174,225000.0000000000,217397.8125000000,225000.0000000000,225000.0000000000,0.0000000000,0.0000000000,0.0000000000,0.0000000000,,,
22.3879999639,174,213805.8281250000,215521.0468750000,225000.0000000000,206147.0156250000,0.0000000000,0.0000000000,0.0000000000,0.0000000000,,,
22.3919999639,174,202079.2031250000,214484.1875000000,225000.0000000000,171842.1562500000,0.0000000000,0.0000000000,0.0000000000,0.0000000000,,,
22.3959999639,174,219025.5468750000,215688.6562500000,225000.0000000000,213311.0156250000,0.0000000000,0.0000000000,0.0000000000,0.0000000000,,,
22.3999999638,175,225000.0000000000,217474.7656250000,225000.0000000000,225000.0000000000,0.0000000000,0.0000000000,0.0000000000,0.0000000000,,,
22.4039999638,175,225000.0000000000,217401.0937500000,225000.0000000000,225000.0000000000,0.0000000000,0.0000000000,0.0000000000,0.0000000000,,,
22.4079999637,175,213911.9062500000,215525.6875000000,225000.0000000000,206455.0000000000,0.0000000000,0.0000000000,0.0000000000,0.0000000000,,,
22.4119999637,175,202047.3437500000,214480.2187500000,225000.0000000000,171844.3281250000,0.0000000000,0.0000000000,0.0000000000,0.0000000000,,,
22.4159999636,175,218872.9218750000,215674.4218750000,225000.0000000000,213027.4843750000,0.0000000000,0.0000000000,0.0000000000,0.0000000000,,,
22.4199999636,175,225000.0000000000,217468.2187500000,225000.0000000000,225000.0000000000,0.0000000000,0.0000000000,0.0000000000,0.0000000000,,,
22.4239999638,175,225000.0000000000,217409.5468750000,225000.0000000000,225000.0000000000,0.0000000000,0.0000000000,0.0000000000,0.0000000000,,,
22.4279999638,175,214018.5625000000,215540.6562500000,225000.0000000000,206771.5781250000,0.0000000000,0.0000000000,0.0000000000,0.0000000000,,,
22.4319999637,175,202023.0468750000,214486.1250000000,225000.0000000000,171873.3281250000,0.0000000000,0.0000000000,0.0000000000,0.0000000000,,,
22.4359999637,175,218796.1093750000,215679.2968750000,225000.0000000000,212898.3593750000,0.0000000000,0.0000000000,0.0000000000,0.0000000000,,,
22.4399999636,175,225000.0000000000,217475.6562500000,225000.0000000000,225000.0000000000,0.0000000000,0.0000000000,0.0000000000,0.0000000000,,,
22.4439999638,175,225000.0000000000,217424.5000000000,225000.0000000000,225000.0000000000,0.0000000000,0.0000000000,0.0000000000,0.0000000000,,,
22.4479999638,175,214116.7812500000,215556.8906250000,225000.0000000000,207040.8125000000,0.0000000000,0.0000000000,0.0000000000,0.0000000000,,,
22.4519999637,175,201966.2968750000,214492.9062500000,225000.0000000000,171773.4687500000,0.0000000000,0.0000000000,0.0000000000,0.0000000000,,,
22.4559999637,175,218581.7968750000,215675.4062500000,225000.0000000000,212446.3593750000,0.0000000000,0.0000000000,0.0000000000,0.0000000000,,,
22.4599999636,175,225000.0000000000,217476.8593750000,225000.0000000000,225000.0000000000,0.0000000000,0.0000000000,0.0000000000,0.0000000000,,,
22.4639999636,175,225000.0000000000,217441.0781250000,225000.0000000000,225000.0000000000,0.0000000000,0.0000000000,0.0000000000,0.0000000000,,,
22.4679999638,175,214249.9531250000,215578.6093750000,225000.0000000000,207369.7343750000,0.0000000000,0.0000000000,0.0000000000,0.0000000000,,,
22.4719999637,175,201957.1718750000,214507.3125000000,225000.0000000000,171764.8750000000,0.0000000000,0.0000000000,0.0000000000,0.0000000000,,,
22.4759999637,175,218450.5625000000,215673.9843750000,225000.0000000000,212167.6718750000,0.0000000000,0.0000000000,0.0000000000,0.0000000000,,,
22.4799999637,175,225000.0000000000,217474.8437500000,225000.0000000000,225000.0000000000,0.0000000000,0.0000000000,0.0000000000,0.0000000000,,,
22.4839999636,175,225000.0000000000,217450.9531250000,225000.0000000000,225000.0000000000,0.0000000000,0.0000000000,0.0000000000,0.0000000000,,,
22.4879999638,175,214374.8906250000,215591.3437500000,225000.0000000000,207691.4375000000,0.0000000000,0.0000000000,0.0000000000,0.0000000000,,,
22.4919999638,175,201939.4218750000,214503.9531250000,225000.0000000000,171762.1406250000,0.0000000000,0.0000000000,0.0000000000,0.0000000000,,,
22.4959999637,175,218314.3593750000,215662.0468750000,225000.0000000000,211891.4375000000,0.0000000000,0.0000000000,0.0000000000,0.0000000000,,,
22.4999999637,175,225000.0000000000,217469.7031250000,225000.0000000000,225000.0000000000,0.0000000000,0.0000000000,0.0000000000,0.0000000000,,,
22.5039999636,175,225000.0000000000,217460.9375000000,225000.0000000000,225000.0000000000,0.0000000000,0.0000000000,0.0000000000,0.0000000000,,,
22.5079999636,175,214503.3593750000,215605.7500000000,225000.0000000000,207976.8593750000,0.0000000000,0.0000000000,0.0000000000,0.0000000000,,,
22.5119999638,175,201940.7500000000,214507.7656250000,225000.0000000000,171779.1718750000,0.0000000000,0.0000000000,0.0000000000,0.0000000000,,,
22.5159999637,175,218191.5312500000,215656.1718750000,225000.0000000000,211624.0468750000,0.0000000000,0.0000000000,0.0000000000,0.0000000000,,,
22.5199999637,175,225000.0000000000,217468.1250000000,225000.0000000000,225000.0000000000,0.0000000000,0.0000000000,0.0000000000,0.0000000000,,,
22.5239999637,175,225000.0000000000,217466.4531250000,225000.0000000000,225000.0000000000,0.0000000000,0.0000000000,0.0000000000,0.0000000000,,,
22.5279999636,176,214640.4062500000,215610.4687500000,225000.0000000000,208292.2812500000,0.0000000000,0.0000000000,0.0000000000,0.0000000000,,,
22.5319999636,176,201956.3125000000,214501.8906250000,225000.0000000000,171808.2812500000,0.0000000000,0.0000000000,0.0000000000,0.0000000000,,,
22.5359999635,176,218071.7031250000,215637.1562500000,225000.0000000000,211329.7812500000,0.0000000000,0.0000000000,0.0000000000,0.0000000000,,,
22.5399999635,176,225000.0000000000,217451.5937500000,225000.0000000000,225000.0000000000,0.0000000000,0.0000000000,0.0000000000,0.0000000000,,,
22.5439999634,176,225000.0000000000,217467.3437500000,225000.0000000000,225000.0000000000,0.0000000000,0.0000000000,0.0000000000,0.0000000000,,,
22.5479999634,176,214788.8593750000,215618.2187500000,225000.0000000000,208643.3593750000,0.0000000000,0.0000000000,0.0000000000,0.0000000000,,,
22.5519999636,176,201970.6562500000,214504.2968750000,225000.0000000000,171836.6562500000,0.0000000000,0.0000000000,0.0000000000,0.0000000000,,,
22.5559999635,176,217947.1875000000,215633.9687500000,225000.0000000000,211048.9687500000,0.0000000000,0.0000000000,0.0000000000,0.0000000000,,,
22.5599999635,176,225000.0000000000,217454.6562500000,225000.0000000000,225000.0000000000,0.0000000000,0.0000000000,0.0000000000,0.0000000000,,,
22.5639999635,176,225000.0000000000,217484.1250000000,225000.0000000000,225000.0000000000,0.0000000000,0.0000000000,0.0000000000,0.0000000000,,,
22.5679999634,176,214941.5000000000,215636.2968750000,225000.0000000000,208951.1718750000,0.0000000000,0.0000000000,0.0000000000,0.0000000000,,,
22.5719999636,176,201991.8750000000,214508.0625000000,225000.0000000000,171858.4843750000,0.0000000000,0.0000000000,0.0000000000,0.0000000000,,,
22.5759999636,176,217842.0937500000,215626.7812500000,225000.0000000000,210776.6718750000,0.0000000000,0.0000000000,0.0000000000,0.0000000000,,,
22.5799999635,176,225000.0000000000,217452.5312500000,225000.0000000000,225000.0000000000,0.0000000000,0.0000000000,0.0000000000,0.0000000000,,,
22.5839999635,176,225000.0000000000,217489.9218750000,225000.0000000000,225000.0000000000,0.0000000000,0.0000000000,0.0000000000,0.0000000000,,,
22.5879999634,176,215080.9843750000,215642.6875000000,225000.0000000000,209275.3437500000,0.0000000000,0.0000000000,0.0000000000,0.0000000000,,,
22.5919999634,176,202014.3750000000,214504.7343750000,225000.0000000000,171911.3593750000,0.0000000000,0.0000000000,0.0000000000,0.0000000000,,,
22.5959999636,176,217729.6406250000,215618.4062500000,225000.0000000000,210534.2031250000,0.0000000000,0.0000000000,0.0000000000,0.0000000000,,,
22.5999999635,176,225000.0000000000,217449.8750000000,225000.0000000000,225000.0000000000,0.0000000000,0.0000000000,0.0000000000,0.0000000000,,,
22.6039999635,176,225000.0000000000,217501.6406250000,225000.0000000000,225000.0000000000,0.0000000000,0.0000000000,0.0000000000,0.0000000000,,,
22.6079999635,176,215231.4218750000,215659.2656250000,225000.0000000000,209616.6250000000,0.0000000000,0.0000000000,0.0000000000,0.0000000000,,,
22.6119999634,176,202031.8437500000,214513.1250000000,225000.0000000000,171956.4218750000,0.0000000000,0.0000000000,0.0000000000,0.0000000000,,,
22.6159999636,176,217605.3906250000,215615.9531250000,225000.0000000000,210242.8125000000,0.0000000000,0.0000000000,0.0000000000,0.0000000000,,,
22.6199999636,176,225000.0000000000,217448.6718750000,225000.0000000000,225000.0000000000,0.0000000000,0.0000000000,0.0000000000,0.0000000000,,,
22.6239999635,176,225000.0000000000,217512.7812500000,225000.0000000000,225000.0000000000,0.0000000000,0.0000000000,0.0000000000,0.0000000000,,,
22.6279999635,176,215370.0625000000,215674.4687500000,225000.0000000000,209940.4375000000,0.0000000000,0.0000000000,0.0000000000,0.0000000000,,,
22.6319999634,176,202027.1562500000,214512.2500000000,225000.0000000000,171973.0937500000,0.0000000000,0.0000000000,0.0000000000,0.0000000000,,,
22.6359999634,176,217463.6875000000,215600.8125000000,225000.0000000000,209956.8593750000,0.0000000000,0.0000000000,0.0000000000,0.0000000000,,,
22.6399999636,176,225000.0000000000,217438.0312500000,225000.0000000000,225000.0000000000,0.0000000000,0.0000000000,0.0000000000,0.0000000000,,,
22.6439999635,176,225000.0000000000,217518.4062500000,225000.0000000000,225000.0000000000,0.0000000000,0.0000000000,0.0000000000,0.0000000000,,,
22.6479999635,176,215481.5468750000,215681.8750000000,225000.0000000000,210214.6406250000,0.0000000000,0.0000000000,0.0000000000,0.0000000000,,,
22.6519999634,176,202011.5156250000,214503.6093750000,225000.0000000000,172002.0468750000,0.0000000000,0.0000000000,0.0000000000,0.0000000000,,,
22.6559999634,177,217323.8437500000,215580.9687500000,225000.0000000000,209684.7500000000,0.0000000000,0.0000000000,0.0000000000,0.0000000000,,,
22.6599999634,177,225000.0000000000,217417.7968750000,225000.0000000000,225000.0000000000,0.0000000000,0.0000000000,0.0000000000,0.0000000000,,,
22.6639999633,177,225000.0000000000,217508.9687500000,225000.0000000000,225000.0000000000,0.0000000000,0.0000000000,0.0000000000,0.0000000000,,,
22.6679999633,177,215590.6562500000,215675.6250000000,225000.0000000000,210568.9062500000,0.0000000000,0.0000000000,0.0000000000,0.0000000000,,,
22.6719999632,177,201989.9687500000,214493.7031250000,225000.0000000000,172042.7500000000,0.0000000000,0.0000000000,0.0000000000,0.0000000000,,,
22.6759999632,177,217168.7812500000,215568.3906250000,225000.0000000000,209382.2031250000,0.0000000000,0.0000000000,0.0000000000,0.0000000000,,,
22.6799999634,177,225000.0000000000,217416.8281250000,225000.0000000000,225000.0000000000,0.0000000000,0.0000000000,0.0000000000,0.0000000000,,,
22.6839999633,177,225000.0000000000,217518.4062500000,225000.0000000000,225000.0000000000,0.0000000000,0.0000000000,0.0000000000,0.0000000000,,,
22.6879999633,177,215708.7968750000,215689.0312500000,225000.0000000000,210862.9062500000,0.0000000000,0.0000000000,0.0000000000,0.0000000000,,,
22.6919999633,177,201973.4531250000,214495.7500000000,225000.0000000000,172060.7500000000,0.0000000000,0.0000000000,0.0000000000,0.0000000000,,,
22.6959999632,177,217032.1250000000,215559.0781250000,225000.0000000000,209115.0000000000,0.0000000000,0.0000000000,0.0000000000,0.0000000000,,,
22.6999999634,177,225000.0000000000,217409.8593750000,225000.0000000000,225000.0000000000,0.0000000000,0.0000000000,0.0000000000,0.0000000000,,,
22.7039999634,177,225000.0000000000,217526.3750000000,225000.0000000000,225000.0000000000,0.0000000000,0.0000000000,0.0000000000,0.0000000000,,,
22.7079999633,177,215837.8125000000,215705.6093750000,225000.0000000000,211172.7656250000,0.0000000000,0.0000000000,0.0000000000,0.0000000000,,,
22.7119999633,177,201984.0156250000,214502.0000000000,225000.0000000000,172107.4062500000,0.0000000000,0.0000000000,0.0000000000,0.0000000000,,,
22.7159999632,177,216912.6562500000,215553.2031250000,225000.0000000000,208847.3593750000,0.0000000000,0.0000000000,0.0000000000,0.0000000000,,,
22.7199999632,177,225000.0000000000,217404.5468750000,225000.0000000000,225000.0000000000,0.0000000000,0.0000000000,0.0000000000,0.0000000000,,,
22.7239999634,177,225000.0000000000,217534.1562500000,225000.0000000000,225000.0000000000,0.0000000000,0.0000000000,0.0000000000,0.0000000000,,,
22.7279999633,177,215972.1718750000,215719.4843750000,225000.0000000000,211477.7812500000,0.0000000000,0.0000000000,0.0000000000,0.0000000000,,,
22.7319999633,177,201974.8750000000,214503.6875000000,225000.0000000000,172113.9687500000,0.0000000000,0.0000000000,0.0000000000,0.0000000000,,,
22.7359999632,177,216780.4062500000,215546.3437500000,225000.0000000000,208546.4218750000,0.0000000000,0.0000000000,0.0000000000,0.0000000000,,,
22.7399999632,177,225000.0000000000,217399.5312500000,225000.0000000000,225000.0000000000,0.0000000000,0.0000000000,0.0000000000,0.0000000000,,,
22.7439999634,177,225000.0000000000,217538.6562500000,225000.0000000000,225000.0000000000,0.0000000000,0.0000000000,0.0000000000,0.0000000000,,,
22.7479999634,177,216092.6875000000,215723.5000000000,225000.0000000000,211751.5781250000,0.0000000000,0.0000000000,0.0000000000,0.0000000000,,,
22.7519999633,177,201972.4062500000,214500.4687500000,225000.0000000000,172158.2031250000,0.0000000000,0.0000000000,0.0000000000,0.0000000000,,,
22.7559999633,177,216658.8906250000,215531.6406250000,225000.0000000000,208289.8593750000,0.0000000000,0.0000000000,0.0000000000,0.0000000000,,,
22.7599999632,177,225000.0000000000,217386.2031250000,225000.0000000000,225000.0000000000,0.0000000000,0.0000000000,0.0000000000,0.0000000000,,,
22.7639999632,177,225000.0000000000,217534.6718750000,225000.0000000000,225000.0000000000,0.0000000000,0.0000000000,0.0000000000,0.0000000000,,,
22.7679999634,177,216222.8437500000,215720.9531250000,225000.0000000000,212069.8750000000,0.0000000000,0.0000000000,0.0000000000,0.0000000000,,,
22.7719999633,177,201977.6562500000,214490.0937500000,225000.0000000000,172217.2343750000,0.0000000000,0.0000000000,0.0000000000,0.0000000000,,,
22.7759999633,177,216539.9375000000,215514.2968750000,225000.0000000000,208036.1250000000,0.0000000000,0.0000000000,0.0000000000,0.0000000000,,,
22.7799999632,177,225000.0000000000,217370.8906250000,225000.0000000000,225000.0000000000,0.0000000000,0.0000000000,0.0000000000,0.0000000000,,,
22.7839999632,178,225000.0000000000,217531.8281250000,225000.0000000000,225000.0000000000,0.0000000000,0.0000000000,0.0000000000,0.0000000000,,,
22.7879999632,178,216355.5625000000,215723.5625000000,225000.0000000000,212400.0781250000,0.0000000000,0.0000000000,0.0000000000,0.0000000000,,,
22.7919999631,178,201971.8750000000,214481.7500000000,225000.0000000000,172261.4843750000,0.0000000000,0.0000000000,0.0000000000,0.0000000000,,,
22.7959999631,178,216405.1093750000,215494.8750000000,225000.0000000000,207740.5781250000,0.0000000000,0.0000000000,0.0000000000,0.0000000000,,,
22.7999999630,178,225000.0000000000,217354.2812500000,225000.0000000000,225000.0000000000,0.0000000000,0.0000000000,0.0000000000,0.0000000000,,,
22.8039999630,178,225000.0000000000,217527.6875000000,225000.0000000000,225000.0000000000,0.0000000000,0.0000000000,0.0000000000,0.0000000000,,,
22.8079999632,178,216480.1250000000,215724.0468750000,225000.0000000000,212692.9531250000,0.0000000000,0.0000000000,0.0000000000,0.0000000000,,,
22.8119999631,178,201978.1718750000,214470.9843750000,225000.0000000000,172324.8750000000,0.0000000000,0.0000000000,0.0000000000,0.0000000000,,,
22.8159999631,178,216282.0468750000,215474.7500000000,225000.0000000000,207485.6875000000,0.0000000000,0.0000000000,0.0000000000,0.0000000000,,,
22.8199999630,178,225000.0000000000,217340.7343750000,225000.0000000000,225000.0000000000,0.0000000000,0.0000000000,0.0000000000,0.0000000000,,,
22.8239999630,178,225000.0000000000,217527.2031250000,225000.0000000000,225000.0000000000,0.0000000000,0.0000000000,0.0000000000,0.0000000000,,,
22.8279999632,178,216616.1718750000,215730.6093750000,225000.0000000000,212993.6562500000,0.0000000000,0.0000000000,0.0000000000,0.0000000000,,,
22.8319999631,178,201988.4218750000,214469.2968750000,225000.0000000000,172363.0937500000,0.0000000000,0.0000000000,0.0000000000,0.0000000000,,,
22.8359999631,178,216160.6250000000,215457.7187500000,225000.0000000000,207199.2500000000,0.0000000000,0.0000000000,0.0000000000,0.0000000000,,,
22.8399999631,178,225000.0000000000,217323.0937500000,225000.0000000000,225000.0000000000,0.0000000000,0.0000000000,0.0000000000,0.0000000000,,,
22.8439999630,178,225000.0000000000,217527.7656250000,225000.0000000000,225000.0000000000,0.0000000000,0.0000000000,0.0000000000,0.0000000000,,,
22.8479999630,178,216740.5937500000,215735.2031250000,225000.0000000000,213293.2812500000,0.0000000000,0.0000000000,0.0000000000,0.0000000000,,,
22.8519999632,178,201988.8281250000,214466.0000000000,225000.0000000000,172381.6875000000,0.0000000000,0.0000000000,0.0000000000,0.0000000000,,,
22.8559999631,178,216033.8125000000,215449.6562500000,225000.0000000000,206907.5312500000,0.0000000000,0.0000000000,0.0000000000,0.0000000000,,,
22.8599999631,178,225000.0000000000,217319.0156250000,225000.0000000000,225000.0000000000,0.0000000000,0.0000000000,0.0000000000,0.0000000000,,,
22.8639999630,178,225000.0000000000,217533.7812500000,225000.0000000000,225000.0000000000,0.0000000000,0.0000000000,0.0000000000,0.0000000000,,,
22.8679999630,178,216859.7656250000,215743.7031250000,225000.0000000000,213544.9375000000,0.0000000000,0.0000000000,0.0000000000,0.0000000000,,,
22.8719999632,178,201988.7343750000,214462.0312500000,225000.0000000000,172399.7656250000,0.0000000000,0.0000000000,0.0000000000,0.0000000000,,,
22.8759999631,178,215900.0468750000,215432.0000000000,225000.0000000000,206612.5937500000,0.0000000000,0.0000000000,0.0000000000,0.0000000000,,,
22.8799999631,178,225000.0000000000,217305.9062500000,225000.0000000000,225000.0000000000,0.0000000000,0.0000000000,0.0000000000,0.0000000000,,,
22.8839999631,178,225000.0000000000,217538.2031250000,225000.0000000000,225000.0000000000,0.0000000000,0.0000000000,0.0000000000,0.0000000000,,,
22.8879999630,178,216983.5000000000,215757.9375000000,225000.0000000000,213799.9531250000,0.0000000000,0.0000000000,0.0000000000,0.0000000000,,,
22.8919999630,178,201994.3125000000,214465.1718750000,225000.0000000000,172399.5781250000,0.0000000000,0.0000000000,0.0000000000,0.0000000000,,,
22.8959999632,178,215782.3750000000,215424.1406250000,225000.0000000000,206335.1562500000,0.0000000000,0.0000000000,0.0000000000,0.0000000000,,,
22.8999999631,178,225000.0000000000,217294.2812500000,225000.0000000000,225000.0000000000,0.0000000000,0.0000000000,0.0000000000,0.0000000000,,,
22.9039999631,178,225000.0000000000,217529.1406250000,225000.0000000000,225000.0000000000,0.0000000000,0.0000000000,0.0000000000,0.0000000000,,,
22.9079999630,178,217106.5781250000,215754.3437500000,225000.0000000000,214091.8281250000,0.0000000000,0.0000000000,0.0000000000,0.0000000000,,,
22.9119999630,179,202009.7343750000,214463.3750000000,225000.0000000000,172422.5000000000,0.0000000000,0.0000000000,0.0000000000,0.0000000000,,,
22.9159999629,179,215658.6406250000,215413.7656250000,225000.0000000000,206021.1250000000,0.0000000000,0.0000000000,0.0000000000,0.0000000000,,,
22.9199999629,179,225000.0000000000,217289.5156250000,225000.0000000000,225000.0000000000,0.0000000000,0.0000000000,0.0000000000,0.0000000000,,,
22.9239999629,179,225000.0000000000,217549.2031250000,225000.0000000000,225000.0000000000,0.0000000000,0.0000000000,0.0000000000,0.0000000000,,,
22.9279999628,179,217234.3906250000,215789.2656250000,225000.0000000000,214376.0937500000,0.0000000000,0.0000000000,0.0000000000,0.0000000000,,,
22.9319999628,179,202024.7656250000,214490.9218750000,225000.0000000000,172470.4375000000,0.0000000000,0.0000000000,0.0000000000,0.0000000000,,,
22.9359999630,179,215535.5937500000,215435.2656250000,225000.0000000000,205742.8437500000,0.0000000000,0.0000000000,0.0000000000,0.0000000000,,,
22.9399999629,179,225000.0000000000,217319.0468750000,225000.0000000000,225000.0000000000,0.0000000000,0.0000000000,0.0000000000,0.0000000000,,,
22.9439999629,179,225000.0000000000,217589.9375000000,225000.0000000000,225000.0000000000,0.0000000000,0.0000000000,0.0000000000,0.0000000000,,,
22.9479999628,179,217362.2031250000,215835.8906250000,225000.0000000000,214662.4531250000,0.0000000000,0.0000000000,0.0000000000,0.0000000000,,,
22.9519999628,179,202036.1093750000,214527.1562500000,225000.0000000000,172520.5937500000,0.0000000000,0.0000000000,0.0000000000,0.0000000000,,,
22.9559999630,179,215423.7968750000,215459.0156250000,225000.0000000000,205481.5937500000,0.0000000000,0.0000000000,0.0000000000,0.0000000000,,,
22.9599999629,179,225000.0000000000,217338.9218750000,225000.0000000000,225000.0000000000,0.0000000000,0.0000000000,0.0000000000,0.0000000000,,,
22.9639999629,179,225000.0000000000,217611.8593750000,225000.0000000000,225000.0000000000,0.0000000000,0.0000000000,0.0000000000,0.0000000000,,,
22.9679999629,179,217479.4375000000,215852.8125000000,225000.0000000000,214931.1718750000,0.0000000000,0.0000000000,0.0000000000,0.0000000000,,,
22.9719999628,179,202020.0156250000,214528.8125000000,225000.0000000000,172548.2500000000,0.0000000000,0.0000000000,0.0000000000,0.0000000000,,,
22.9759999628,179,215292.7656250000,215444.9531250000,225000.0000000000,205220.5625000000,0.0000000000,0.0000000000,0.0000000000,0.0000000000,,,
22.9799999630,179,225000.0000000000,217319.6250000000,225000.0000000000,225000.0000000000,0.0000000000,0.0000000000,0.0000000000,0.0000000000,,,
22.9839999629,179,225000.0000000000,217603.7031250000,225000.0000000000,225000.0000000000,0.0000000000,0.0000000000,0.0000000000,0.0000000000,,,
22.9879999629,179,217595.8125000000,215846.6718750000,225000.0000000000,215216.7812500000,0.0000000000,0.0000000000,0.0000000000,0.0000000000,,,
22.9919999628,179,201997.7812500000,214511.6875000000,225000.0000000000,172577.4531250000,0.0000000000,0.0000000000,0.0000000000,0.0000000000,,,
22.9959999628,179,215146.6406250000,215419.5000000000,225000.0000000000,204889.6250000000,0.0000000000,0.0000000000,0.0000000000,0.0000000000,,,
22.9999999630,179,225000.0000000000,217307.2187500000,225000.0000000000,225000.0000000000,0.0000000000,0.0000000000,0.0000000000,0.0000000000,,,
23.0039999629,179,225000.0000000000,217610.4843750000,225000.0000000000,225000.0000000000,0.0000000000,0.0000000000,0.0000000000,0.0000000000,,,
23.0079999629,179,217718.7656250000,215858.4375000000,225000.0000000000,215463.6250000000,0.0000000000,0.0000000000,0.0000000000,0.0000000000,,,
23.0119999629,179,201999.7031250000,214511.7812500000,225000.0000000000,172631.0000000000,0.0000000000,0.0000000000,0.0000000000,0.0000000000,,,
23.0159999628,179,215039.2500000000,215413.0625000000,225000.0000000000,204659.5781250000,0.0000000000,0.0000000000,0.0000000000,0.0000000000,,,
23.0199999628,179,225000.0000000000,217301.9062500000,225000.0000000000,225000.0000000000,0.0000000000,0.0000000000,0.0000000000,0.0000000000,,,
23.0239999630,179,225000.0000000000,217614.9687500000,225000.0000000000,225000.0000000000,0.0000000000,0.0000000000,0.0000000000,0.0000000000,,,
23.0279999629,179,217861.4375000000,215869.7656250000,225000.0000000000,215751.7656250000,0.0000000000,0.0000000000,0.0000000000,0.0000000000,,,
23.0319999629,179,202025.7812500000,214512.0000000000,225000.0000000000,172698.3125000000,0.0000000000,0.0000000000,0.0000000000,0.0000000000,,,
23.0359999628,179,214934.6093750000,215397.1093750000,225000.0000000000,204363.6718750000,0.0000000000,0.0000000000,0.0000000000,0.0000000000,,,
23.0399999628,180,225000.0000000000,217282.6406250000,225000.0000000000,225000.0000000000,0.0000000000,0.0000000000,0.0000000000,0.0000000000,,,
23.0439999627,180,225000.0000000000,217600.5625000000,225000.0000000000,225000.0000000000,0.0000000000,0.0000000000,0.0000000000,0.0000000000,,,
23.0479999627,180,217982.4375000000,215858.2500000000,225000.0000000000,216034.5312500000,0.0000000000,0.0000000000,0.0000000000,0.0000000000,,,
23.0519999627,180,202034.5468750000,214495.3125000000,225000.0000000000,172747.8593750000,0.0000000000,0.0000000000,0.0000000000,0.0000000000,,,
23.0559999626,180,214804.8437500000,215371.2968750000,225000.0000000000,204064.3437500000,0.0000000000,0.0000000000,0.0000000000,0.0000000000,,,
23.0599999626,180,225000.0000000000,217258.7656250000,225000.0000000000,225000.0000000000,0.0000000000,0.0000000000,0.0000000000,0.0000000000,,,
23.0639999628,180,225000.0000000000,217593.1093750000,225000.0000000000,225000.0000000000,0.0000000000,0.0000000000,0.0000000000,0.0000000000,,,
23.0679999627,180,218106.7500000000,215857.1875000000,225000.0000000000,216279.8437500000,0.0000000000,0.0000000000,0.0000000000,0.0000000000,,,
23.0719999627,180,202043.9687500000,214486.8125000000,225000.0000000000,172775.1562500000,0.0000000000,0.0000000000,0.0000000000,0.0000000000,,,
23.0759999626,180,214677.3125000000,215351.8593750000,225000.0000000000,203744.4062500000,0.0000000000,0.0000000000,0.0000000000,0.0000000000,,,
23.0799999626,180,225000.0000000000,217243.2968750000,225000.0000000000,225000.0000000000,0.0000000000,0.0000000000,0.0000000000,0.0000000000,,,
23.0839999628,180,225000.0000000000,217590.7031250000,225000.0000000000,225000.0000000000,0.0000000000,0.0000000000,0.0000000000,0.0000000000,,,
23.0879999627,180,218221.9062500000,215861.9375000000,225000.0000000000,216528.8437500000,0.0000000000,0.0000000000,0.0000000000,0.0000000000,,,
23.0919999627,180,202061.1562500000,214479.5000000000,225000.0000000000,172822.6562500000,0.0000000000,0.0000000000,0.0000000000,0.0000000000,,,
23.0959999627,180,214557.8750000000,215331.1562500000,225000.0000000000,203478.9531250000,0.0000000000,0.0000000000,0.0000000000,0.0000000000,,,
23.0999999626,180,225000.0000000000,217222.5625000000,225000.0000000000,225000.0000000000,0.0000000000,0.0000000000,0.0000000000,0.0000000000,,,
23.1039999626,180,225000.0000000000,217579.6718750000,225000.0000000000,225000.0000000000,0.0000000000,0.0000000000,0.0000000000,0.0000000000,,,
23.1079999628,180,218352.0468750000,215862.6875000000,225000.0000000000,216804.5625000000,0.0000000000,0.0000000000,0.0000000000,0.0000000000,,,
23.1119999627,180,202092.8906250000,214477.7500000000,225000.0000000000,172898.7343750000,0.0000000000,0.0000000000,0.0000000000,0.0000000000,,,
23.1159999627,180,214447.0937500000,215320.7968750000,225000.0000000000,203184.7968750000,0.0000000000,0.0000000000,0.0000000000,0.0000000000,,,
23.1199999626,180,225000.0000000000,217216.4687500000,225000.0000000000,225000.0000000000,0.0000000000,0.0000000000,0.0000000000,0.0000000000,,,
23.1239999626,180,225000.0000000000,217582.3281250000,225000.0000000000,225000.0000000000,0.0000000000,0.0000000000,0.0000000000,0.0000000000,,,
23.1279999628,180,218474.9687500000,215864.8281250000,225000.0000000000,217055.1718750000,0.0000000000,0.0000000000,0.0000000000,0.0000000000,,,
23.1319999627,180,202111.3906250000,214473.5156250000,225000.0000000000,172965.3281250000,0.0000000000,0.0000000000,0.0000000000,0.0000000000,,,
23.1359999627,180,214342.0312500000,215308.8125000000,225000.0000000000,202931.5625000000,0.0000000000,0.0000000000,0.0000000000,0.0000000000,,,
23.1399999626,180,225000.0000000000,217198.5781250000,225000.0000000000,225000.0000000000,0.0000000000,0.0000000000,0.0000000000,0.0000000000,,,
23.1439999626,180,225000.0000000000,217570.0468750000,225000.0000000000,225000.0000000000,0.0000000000,0.0000000000,0.0000000000,0.0000000000,,,
23.1479999626,180,218587.0000000000,215863.0781250000,225000.0000000000,217278.5468750000,0.0000000000,0.0000000000,0.0000000000,0.0000000000,,,
23.1519999627,180,202084.4687500000,214480.9375000000,225000.0000000000,172996.6875000000,0.0000000000,0.0000000000,0.0000000000,0.0000000000,,,
23.1559999627,180,214189.9218750000,215307.0156250000,225000.0000000000,202615.6718750000,0.0000000000,0.0000000000,0.0000000000,0.0000000000,,,
23.1599999627,180,225000.0000000000,217175.5937500000,225000.0000000000,225000.0000000000,0.0000000000,0.0000000000,0.0000000000,0.0000000000,,,
23.1639999626,180,225000.0000000000,217552.9375000000,225000.0000000000,225000.0000000000,0.0000000000,0.0000000000,0.0000000000,0.0000000000,,,
23.1679999626,181,218715.3750000000,215866.7343750000,225000.0000000000,217570.6562500000,0.0000000000,0.0000000000,0.0000000000,0.0000000000,,,
23.1719999625,181,202096.1875000000,214484.2187500000,225000.0000000000,173090.6406250000,0.0000000000,0.0000000000,0.0000000000,0.0000000000,,,
23.1759999625,181,214066.3593750000,215285.7656250000,225000.0000000000,202327.1250000000,0.0000000000,0.0000000000,0.0000000000,0.0000000000,,,
23.1799999624,181,225000.0000000000,217148.2968750000,225000.0000000000,225000.0000000000,0.0000000000,0.0000000000,0.0000000000,0.0000000000,,,
23.1839999624,181,225000.0000000000,217538.5312500000,225000.0000000000,225000.0000000000,0.0000000000,0.0000000000,0.0000000000,0.0000000000,,,
23.1879999624,181,218839.9375000000,215858.1562500000,225000.0000000000,217844.6250000000,0.0000000000,0.0000000000,0.0000000000,0.0000000000,,,
23.1919999626,181,202101.6406250000,214463.1875000000,225000.0000000000,173170.8437500000,0.0000000000,0.0000000000,0.0000000000,0.0000000000,,,
23.1959999625,181,213941.5468750000,215256.0156250000,225000.0000000000,202053.4687500000,0.0000000000,0.0000000000,0.0000000000,0.0000000000,,,
23.1999999625,181,225000.0000000000,217117.3593750000,225000.0000000000,225000.0000000000,0.0000000000,0.0000000000,0.0000000000,0.0000000000,,,
23.2039999624,181,225000.0000000000,217515.3593750000,225000.0000000000,225000.0000000000,0.0000000000,0.0000000000,0.0000000000,0.0000000000,,,
23.2079999624,181,218972.6562500000,215840.9843750000,225000.0000000000,218118.5000000000,0.0000000000,0.0000000000,0.0000000000,0.0000000000,,,
23.2119999626,181,202114.4218750000,214439.6406250000,225000.0000000000,173258.7656250000,0.0000000000,0.0000000000,0.0000000000,0.0000000000,,,
23.2159999625,181,213812.1093750000,215223.3281250000,225000.0000000000,201781.3281250000,0.0000000000,0.0000000000,0.0000000000,0.0000000000,,,
23.2199999625,181,225000.0000000000,217095.8281250000,225000.0000000000,225000.0000000000,0.0000000000,0.0000000000,0.0000000000,0.0000000000,,,
23.2239999624,181,225000.0000000000,217518.0156250000,225000.0000000000,225000.0000000000,0.0000000000,0.0000000000,0.0000000000,0.0000000000,,,
23.2279999624,181,219095.3125000000,215858.5312500000,225000.0000000000,218394.8281250000,0.0000000000,0.0000000000,0.0000000000,0.0000000000,,,
23.2319999624,181,202126.6093750000,214456.6875000000,225000.0000000000,173336.7656250000,0.0000000000,0.0000000000,0.0000000000,0.0000000000,,,
23.2359999625,181,213703.5781250000,215234.7031250000,225000.0000000000,201512.9218750000,0.0000000000,0.0000000000,0.0000000000,0.0000000000,,,
23.2399999625,181,225000.0000000000,217104.7343750000,225000.0000000000,225000.0000000000,0.0000000000,0.0000000000,0.0000000000,0.0000000000,,,
23.2439999625,181,225000.0000000000,217531.3593750000,225000.0000000000,225000.0000000000,0.0000000000,0.0000000000,0.0000000000,0.0000000000,,,
23.2479999624,181,219222.4375000000,215873.8906250000,225000.0000000000,218677.3906250000,0.0000000000,0.0000000000,0.0000000000,0.0000000000,,,
23.2519999624,181,202149.6406250000,214461.2343750000,225000.0000000000,173439.2031250000,0.0000000000,0.0000000000,0.0000000000,0.0000000000,,,
23.2559999626,181,213587.4218750000,215225.5000000000,225000.0000000000,201261.1093750000,0.0000000000,0.0000000000,0.0000000000,0.0000000000,,,
23.2599999625,181,225000.0000000000,217093.2343750000,225000.0000000000,225000.0000000000,0.0000000000,0.0000000000,0.0000000000,0.0000000000,,,
23.2639999625,181,225000.0000000000,217525.6250000000,225000.0000000000,225000.0000000000,0.0000000000,0.0000000000,0.0000000000,0.0000000000,,,
23.2679999624,181,219347.1718750000,215869.6562500000,225000.0000000000,218938.4218750000,0.0000000000,0.0000000000,0.0000000000,0.0000000000,,,
23.2719999624,181,202163.6718750000,214445.6718750000,225000.0000000000,173535.7031250000,0.0000000000,0.0000000000,0.0000000000,0.0000000000,,,
23.2759999624,181,213461.8906250000,215199.9687500000,225000.0000000000,200991.6250000000,0.0000000000,0.0000000000,0.0000000000,0.0000000000,,,
23.2799999625,181,225000.0000000000,217071.5000000000,225000.0000000000,225000.0000000000,0.0000000000,0.0000000000,0.0000000000,0.0000000000,,,
23.2839999625,181,225000.0000000000,217523.1093750000,225000.0000000000,225000.0000000000,0.0000000000,0.0000000000,0.0000000000,0.0000000000,,,
23.2879999625,181,219468.8593750000,215873.7343750000,225000.0000000000,219211.9062500000,0.0000000000,0.0000000000,0.0000000000,0.0000000000,,,
23.2919999624,181,202178.9687500000,214438.3750000000,225000.0000000000,173615.7343750000,0.0000000000,0.0000000000,0.0000000000,0.0000000000,,,
23.2959999624,182,213345.9687500000,215183.9687500000,225000.0000000000,200726.7343750000,0.0000000000,0.0000000000,0.0000000000,0.0000000000,,,
23.2999999623,182,225000.0000000000,217063.4531250000,225000.0000000000,225000.0000000000,0.0000000000,0.0000000000,0.0000000000,0.0000000000,,,
23.3039999623,182,225000.0000000000,217529.7343750000,225000.0000000000,225000.0000000000,0.0000000000,0.0000000000,0.0000000000,0.0000000000,,,
23.3079999622,182,219588.9375000000,215886.3593750000,225000.0000000000,219477.9843750000,0.0000000000,0.0000000000,0.0000000000,0.0000000000,,,
23.3119999622,182,202200.6562500000,214447.8906250000,225000.0000000000,173712.1093750000,0.0000000000,0.0000000000,0.0000000000,0.0000000000,,,
23.3159999622,182,213229.9531250000,215181.2187500000,225000.0000000000,200453.1406250000,0.0000000000,0.0000000000,0.0000000000,0.0000000000,,,
23.3199999623,182,225000.0000000000,217056.3125000000,225000.0000000000,225000.0000000000,0.0000000000,0.0000000000,0.0000000000,0.0000000000,,,
23.3239999623,182,225000.0000000000,217531.5468750000,225000.0000000000,225000.0000000000,0.0000000000,0.0000000000,0.0000000000,0.0000000000,,,
23.3279999623,182,219710.4687500000,215893.9375000000,225000.0000000000,219728.6875000000,0.0000000000,0.0000000000,0.0000000000,0.0000000000,,,
23.3319999622,182,202213.2656250000,214444.8125000000,225000.0000000000,173773.7500000000,0.0000000000,0.0000000000,0.0000000000,0.0000000000,,,
23.3359999622,182,213110.6250000000,215169.5937500000,225000.0000000000,200187.3125000000,0.0000000000,0.0000000000,0.0000000000,0.0000000000,,,
23.3399999624,182,225000.0000000000,217046.3437500000,225000.0000000000,225000.0000000000,0.0000000000,0.0000000000,0.0000000000,0.0000000000,,,
23.3439999623,182,225000.0000000000,217530.1093750000,225000.0000000000,225000.0000000000,0.0000000000,0.0000000000,0.0000000000,0.0000000000,,,
23.3479999623,182,219814.9218750000,215910.9843750000,225000.0000000000,219935.1562500000,0.0000000000,0.0000000000,0.0000000000,0.0000000000,,,
23.3519999622,182,202251.7500000000,214470.0000000000,225000.0000000000,173854.2968750000,0.0000000000,0.0000000000,0.0000000000,0.0000000000,,,
23.3559999622,182,213003.1562500000,215181.6718750000,225000.0000000000,199897.0156250000,0.0000000000,0.0000000000,0.0000000000,0.0000000000,,,
23.3599999622,182,225000.0000000000,217044.4687500000,225000.0000000000,225000.0000000000,0.0000000000,0.0000000000,0.0000000000,0.0000000000,,,
23.3639999623,182,225000.0000000000,217535.3281250000,225000.0000000000,225000.0000000000,0.0000000000,0.0000000000,0.0000000000,0.0000000000,,,
23.3679999623,182,219914.0000000000,215925.3125000000,225000.0000000000,220148.2656250000,0.0000000000,0.0000000000,0.0000000000,0.0000000000,,,
23.3719999623,182,202302.9062500000,214473.4843750000,225000.0000000000,173926.5781250000,0.0000000000,0.0000000000,0.0000000000,0.0000000000,,,
23.3759999622,182,212895.1093750000,215156.5937500000,225000.0000000000,199586.5468750000,0.0000000000,0.0000000000,0.0000000000,0.0000000000,,,
23.3799999622,182,225000.0000000000,217000.9843750000,225000.0000000000,225000.0000000000,0.0000000000,0.0000000000,0.0000000000,0.0000000000,,,
23.3839999624,182,225000.0000000000,217497.2812500000,225000.0000000000,225000.0000000000,0.0000000000,0.0000000000,0.0000000000,0.0000000000,,,
23.3879999623,182,220020.0468750000,215901.7343750000,225000.0000000000,220341.9687500000,0.0000000000,0.0000000000,0.0000000000,0.0000000000,,,
23.3919999623,182,202325.4843750000,214450.6562500000,225000.0000000000,173992.4531250000,0.0000000000,0.0000000000,0.0000000000,0.0000000000,,,
23.3959999622,182,212781.4218750000,215124.7187500000,225000.0000000000,199310.7656250000,0.0000000000,0.0000000000,0.0000000000,0.0000000000,,,
23.3999999622,182,225000.0000000000,216958.1718750000,225000.0000000000,225000.0000000000,0.0000000000,0.0000000000,0.0000000000,0.0000000000,,,
23.4039999621,182,225000.0000000000,217461.1718750000,225000.0000000000,225000.0000000000,0.0000000000,0.0000000000,0.0000000000,0.0000000000,,,
23.4079999623,182,220114.2187500000,215879.1718750000,225000.0000000000,220555.2812500000,0.0000000000,0.0000000000,0.0000000000,0.0000000000,,,
23.4119999623,182,202302.3125000000,214424.8906250000,225000.0000000000,174027.8906250000,0.0000000000,0.0000000000,0.0000000000,0.0000000000,,,
23.4159999622,182,212608.2187500000,215086.0468750000,225000.0000000000,198930.4375000000,0.0000000000,0.0000000000,0.0000000000,0.0000000000,,,
23.4199999622,182,225000.0000000000,216926.1250000000,225000.0000000000,225000.0000000000,0.0000000000,0.0000000000,0.0000000000,0.0000000000,,,
23.4239999622,183,225000.0000000000,217442.4218750000,225000.0000000000,225000.0000000000,0.0000000000,0.0000000000,0.0000000000,0.0000000000,,,
23.4279999621,183,220210.8125000000,215868.5625000000,225000.0000000000,220768.8437500000,0.0000000000,0.0000000000,0.0000000000,0.0000000000,,,
23.4319999621,183,202275.3593750000,214420.0000000000,225000.0000000000,174076.7500000000,0.0000000000,0.0000000000,0.0000000000,0.0000000000,,,
23.4359999620,183,212478.8281250000,215094.4687500000,225000.0000000000,198675.2968750000,0.0000000000,0.0000000000,0.0000000000,0.0000000000,,,
23.4399999620,183,225000.0000000000,216954.1562500000,225000.0000000000,225000.0000000000,0.0000000000,0.0000000000,0.0000000000,0.0000000000,,,
23.4439999619,183,225000.0000000000,217505.0781250000,225000.0000000000,225000.0000000000,0.0000000000,0.0000000000,0.0000000000,0.0000000000,,,
23.4479999621,183,220343.3125000000,215956.9687500000,225000.0000000000,221077.7812500000,0.0000000000,0.0000000000,0.0000000000,0.0000000000,,,
23.4519999621,183,202297.0937500000,214510.5781250000,225000.0000000000,174225.1875000000,0.0000000000,0.0000000000,0.0000000000,0.0000000000,,,
23.4559999621,183,212389.4843750000,215179.6093750000,225000.0000000000,198477.8906250000,0.0000000000,0.0000000000,0.0000000000,0.0000000000,,,
23.4599999620,183,225000.0000000000,217039.1250000000,225000.0000000000,225000.0000000000,0.0000000000,0.0000000000,0.0000000000,0.0000000000,,,
23.4639999620,183,225000.0000000000,217592.2031250000,225000.0000000000,225000.0000000000,0.0000000000,0.0000000000,0.0000000000,0.0000000000,,,
23.4679999622,183,220541.2656250000,216037.7812500000,225000.0000000000,221432.8281250000,0.0000000000,0.0000000000,0.0000000000,0.0000000000,,,
23.4719999621,183,202390.5156250000,214570.0937500000,225000.0000000000,174473.2343750000,0.0000000000,0.0000000000,0.0000000000,0.0000000000,,,
23.4759999621,183,212338.1562500000,215207.9218750000,225000.0000000000,198349.1406250000,0.0000000000,0.0000000000,0.0000000000,0.0000000000,,,
23.4799999620,183,225000.0000000000,217045.0312500000,225000.0000000000,225000.0000000000,0.0000000000,0.0000000000,0.0000000000,0.0000000000,,,
23.4839999620,183,225000.0000000000,217596.8906250000,225000.0000000000,225000.0000000000,0.0000000000,0.0000000000,0.0000000000,0.0000000000,,,
23.4879999619,183,220720.7031250000,216045.6093750000,225000.0000000000,221769.3125000000,0.0000000000,0.0000000000,0.0000000000,0.0000000000,,,
23.4919999621,183,202482.9062500000,214567.0468750000,225000.0000000000,174717.1406250000,0.0000000000,0.0000000000,0.0000000000,0.0000000000,,,
23.4959999621,183,212288.6718750000,215181.8281250000,225000.0000000000,198187.2187500000,0.0000000000,0.0000000000,0.0000000000,0.0000000000,,,
23.4999999620,183,225000.0000000000,217006.9062500000,225000.0000000000,225000.0000000000,0.0000000000,0.0000000000,0.0000000000,0.0000000000,,,
23.5039999620,183,225000.0000000000,217562.4843750000,225000.0000000000,225000.0000000000,0.0000000000,0.0000000000,0.0000000000,0.0000000000,,,
23.5079999620,183,220896.0625000000,216016.5000000000,225000.0000000000,222053.8593750000,0.0000000000,0.0000000000,0.0000000000,0.0000000000,,,
23.5119999622,183,202563.3437500000,214527.8281250000,225000.0000000000,174869.2968750000,0.0000000000,0.0000000000,0.0000000000,0.0000000000,,,
23.5159999621,183,212224.6718750000,215128.7187500000,225000.0000000000,197963.9218750000,0.0000000000,0.0000000000,0.0000000000,0.0000000000,,,
23.5199999621,183,225000.0000000000,216949.0625000000,225000.0000000000,225000.0000000000,0.0000000000,0.0000000000,0.0000000000,0.0000000000,,,
23.5239999620,183,225000.0000000000,217514.4687500000,225000.0000000000,225000.0000000000,0.0000000000,0.0000000000,0.0000000000,0.0000000000,,,
23.5279999620,183,221028.0312500000,215978.6406250000,225000.0000000000,222282.9531250000,0.0000000000,0.0000000000,0.0000000000,0.0000000000,,,
23.5319999619,183,202580.1406250000,214489.7968750000,225000.0000000000,174954.8281250000,0.0000000000,0.0000000000,0.0000000000,0.0000000000,,,
23.5359999621,183,212094.9218750000,215090.1718750000,225000.0000000000,197673.3906250000,0.0000000000,0.0000000000,0.0000000000,0.0000000000,,,
23.5399999621,183,225000.0000000000,216931.9531250000,225000.0000000000,225000.0000000000,0.0000000000,0.0000000000,0.0000000000,0.0000000000,,,
23.5439999620,183,225000.0000000000,217530.0781250000,225000.0000000000,225000.0000000000,0.0000000000,0.0000000000,0.0000000000,0.0000000000,,,
23.5479999620,183,221136.9218750000,216015.5156250000,225000.0000000000,222547.2343750000,0.0000000000,0.0000000000,0.0000000000,0.0000000000,,,
23.5519999620,184,202567.9843750000,214535.6093750000,225000.0000000000,174992.0625000000,0.0000000000,0.0000000000,0.0000000000,0.0000000000,,,
23.5559999619,184,211959.9375000000,215145.7812500000,225000.0000000000,197352.8125000000,0.0000000000,0.0000000000,0.0000000000,0.0000000000,,,
23.5599999619,184,225000.0000000000,217003.0781250000,225000.0000000000,225000.0000000000,0.0000000000,0.0000000000,0.0000000000,0.0000000000,,,
23.5639999618,184,225000.0000000000,217615.6875000000,225000.0000000000,225000.0000000000,0.0000000000,0.0000000000,0.0000000000,0.0000000000,,,
23.5679999618,184,221282.1718750000,216108.2968750000,225000.0000000000,222797.4062500000,0.0000000000,0.0000000000,0.0000000000,0.0000000000,,,
23.5719999617,184,202594.2187500000,214618.5625000000,225000.0000000000,175096.7812500000,0.0000000000,0.0000000000,0.0000000000,0.0000000000,,,
23.5759999619,184,211857.4687500000,215209.8281250000,225000.0000000000,197126.1875000000,0.0000000000,0.0000000000,0.0000000000,0.0000000000,,,
23.5799999619,184,225000.0000000000,217055.4062500000,225000.0000000000,225000.0000000000,0.0000000000,0.0000000000,0.0000000000,0.0000000000,,,
23.5839999618,184,225000.0000000000,217668.6875000000,225000.0000000000,225000.0000000000,0.0000000000,0.0000000000,0.0000000000,0.0000000000,,,
23.5879999618,184,221405.7656250000,216158.6093750000,225000.0000000000,223074.1562500000,0.0000000000,0.0000000000,0.0000000000,0.0000000000,,,
23.5919999618,184,202613.9375000000,214648.8281250000,225000.0000000000,175233.4531250000,0.0000000000,0.0000000000,0.0000000000,0.0000000000,,,
23.5959999620,184,211820.8281250000,215218.4218750000,225000.0000000000,197040.9218750000,0.0000000000,0.0000000000,0.0000000000,0.0000000000,,,
23.5999999619,184,225000.0000000000,217050.3593750000,225000.0000000000,225000.0000000000,0.0000000000,0.0000000000,0.0000000000,0.0000000000,,,
23.6039999619,184,225000.0000000000,217664.2500000000,225000.0000000000,225000.0000000000,0.0000000000,0.0000000000,0.0000000000,0.0000000000,,,
23.6079999618,184,221518.5000000000,216159.1250000000,225000.0000000000,223268.2656250000,0.0000000000,0.0000000000,0.0000000000,0.0000000000,,,
23.6119999618,184,202610.6562500000,214635.8125000000,225000.0000000000,175241.9375000000,0.0000000000,0.0000000000,0.0000000000,0.0000000000,,,
23.6159999617,184,211618.7812500000,215187.2968750000,225000.0000000000,196550.0468750000,0.0000000000,0.0000000000,0.0000000000,0.0000000000,,,
23.6199999619,184,225000.0000000000,217026.1406250000,225000.0000000000,225000.0000000000,0.0000000000,0.0000000000,0.0000000000,0.0000000000,,,
23.6239999619,184,225000.0000000000,217659.2187500000,225000.0000000000,225000.0000000000,0.0000000000,0.0000000000,0.0000000000,0.0000000000,,,
23.6279999618,184,221695.2500000000,216152.6093750000,225000.0000000000,223509.8281250000,0.0000000000,0.0000000000,0.0000000000,0.0000000000,,,
23.6319999618,184,202683.5156250000,214618.8281250000,225000.0000000000,175330.7187500000,0.0000000000,0.0000000000,0.0000000000,0.0000000000,,,
23.6359999618,184,211547.9687500000,215164.9843750000,225000.0000000000,196243.4687500000,0.0000000000,0.0000000000,0.0000000000,0.0000000000,,,
23.6399999619,184,225000.0000000000,217015.1406250000,225000.0000000000,225000.0000000000,0.0000000000,0.0000000000,0.0000000000,0.0000000000,,,
23.6439999619,184,225000.0000000000,217662.8281250000,225000.0000000000,225000.0000000000,0.0000000000,0.0000000000,0.0000000000,0.0000000000,,,
23.6479999619,184,221862.9218750000,216159.7343750000,225000.0000000000,223733.2031250000,0.0000000000,0.0000000000,0.0000000000,0.0000000000,,,
23.6519999618,184,202764.0625000000,214614.3281250000,225000.0000000000,175445.2812500000,0.0000000000,0.0000000000,0.0000000000,0.0000000000,,,
23.6559999618,184,211503.3125000000,215158.6250000000,225000.0000000000,196029.4843750000,0.0000000000,0.0000000000,0.0000000000,0.0000000000,,,
23.6599999617,184,225000.0000000000,217019.6875000000,225000.0000000000,225000.0000000000,0.0000000000,0.0000000000,0.0000000000,0.0000000000,,,
23.6639999619,184,225000.0000000000,217681.5468750000,225000.0000000000,225000.0000000000,0.0000000000,0.0000000000,0.0000000000,0.0000000000,,,
23.6679999619,184,222023.7500000000,216181.6250000000,225000.0000000000,223991.8125000000,0.0000000000,0.0000000000,0.0000000000,0.0000000000,,,
23.6719999618,184,202817.3281250000,214626.6093750000,225000.0000000000,175549.8750000000,0.0000000000,0.0000000000,0.0000000000,0.0000000000,,,
23.6759999618,184,211412.9218750000,215168.2656250000,225000.0000000000,195751.2343750000,0.0000000000,0.0000000000,0.0000000000,0.0000000000,,,
23.6799999618,185,225000.0000000000,217042.8281250000,225000.0000000000,225000.0000000000,0.0000000000,0.0000000000,0.0000000000,0.0000000000,,,
23.6839999617,185,225000.0000000000,217718.0468750000,225000.0000000000,225000.0000000000,0.0000000000,0.0000000000,0.0000000000,0.0000000000,,,
23.6879999617,185,222158.9218750000,216211.6718750000,225000.0000000000,224247.1562500000,0.0000000000,0.0000000000,0.0000000000,0.0000000000,,,
23.6919999616,185,202830.8750000000,214639.0625000000,225000.0000000000,175624.0468750000,0.0000000000,0.0000000000,0.0000000000,0.0000000000,,,
23.6959999616,185,211280.6406250000,215173.8125000000,225000.0000000000,195435.1093750000,0.0000000000,0.0000000000,0.0000000000,0.0000000000,,,
23.6999999615,185,225000.0000000000,217056.5625000000,225000.0000000000,225000.0000000000,0.0000000000,0.0000000000,0.0000000000,0.0000000000,,,
23.7039999617,185,225000.0000000000,217745.7500000000,225000.0000000000,225000.0000000000,0.0000000000,0.0000000000,0.0000000000,0.0000000000,,,
23.7079999617,185,222243.6562500000,216239.5625000000,225000.0000000000,224466.7343750000,0.0000000000,0.0000000000,0.0000000000,0.0000000000,,,
23.7119999616,185,202806.8437500000,214654.8593750000,225000.0000000000,175686.0312500000,0.0000000000,0.0000000000,0.0000000000,0.0000000000,,,
23.7159999616,185,211116.8125000000,215179.6250000000,225000.0000000000,195137.1406250000,0.0000000000,0.0000000000,0.0000000000,0.0000000000,,,
23.7199999616,185,225000.0000000000,217069.8125000000,225000.0000000000,225000.0000000000,0.0000000000,0.0000000000,0.0000000000,0.0000000000,,,
23.7239999617,185,225000.0000000000,217768.3906250000,225000.0000000000,225000.0000000000,0.0000000000,0.0000000000,0.0000000000,0.0000000000,,,
23.7279999617,185,222312.5937500000,216255.4687500000,225000.0000000000,224653.3593750000,0.0000000000,0.0000000000,0.0000000000,0.0000000000,,,
23.7319999617,185,202771.1718750000,214655.6093750000,225000.0000000000,175744.2812500000,0.0000000000,0.0000000000,0.0000000000,0.0000000000,,,
23.7359999616,185,210950.4062500000,215165.6093750000,225000.0000000000,194836.1250000000,0.0000000000,0.0000000000,0.0000000000,0.0000000000,,,
23.7399999616,185,225000.0000000000,217050.7187500000,225000.0000000000,225000.0000000000,0.0000000000,0.0000000000,0.0000000000,0.0000000000,,,
23.7439999615,185,225000.0000000000,217756.1406250000,225000.0000000000,225000.0000000000,0.0000000000,0.0000000000,0.0000000000,0.0000000000,,,
23.7479999617,185,222397.2343750000,216245.8437500000,225000.0000000000,224843.5312500000,0.0000000000,0.0000000000,0.0000000000,0.0000000000,,,
23.7519999617,185,202718.5468750000,214627.3437500000,225000.0000000000,175745.5781250000,0.0000000000,0.0000000000,0.0000000000,0.0000000000,,,
23.7559999616,185,210761.3125000000,215121.2968750000,225000.0000000000,194425.8281250000,0.0000000000,0.0000000000,0.0000000000,0.0000000000,,,
23.7599999616,185,225000.0000000000,217002.6562500000,225000.0000000000,225000.0000000000,0.0000000000,0.0000000000,0.0000000000,0.0000000000,,,
23.7639999615,185,225000.0000000000,217717.5625000000,225000.0000000000,225000.0000000000,0.0000000000,0.0000000000,0.0000000000,0.0000000000,,,
23.7679999617,185,222493.1875000000,216221.3281250000,225000.0000000000,225000.0000000000,0.0000000000,0.0000000000,0.0000000000,0.0000000000,,,
23.7719999617,185,202692.1718750000,214605.7968750000,225000.0000000000,175783.2343750000,0.0000000000,0.0000000000,0.0000000000,0.0000000000,,,
23.7759999617,185,210612.1718750000,215090.2343750000,225000.0000000000,194106.3906250000,0.0000000000,0.0000000000,0.0000000000,0.0000000000,,,
23.7799999616,185,225000.0000000000,216973.5468750000,225000.0000000000,225000.0000000000,0.0000000000,0.0000000000,0.0000000000,0.0000000000,,,
23.7839999616,185,225000.0000000000,217707.7968750000,225000.0000000000,225000.0000000000,0.0000000000,0.0000000000,0.0000000000,0.0000000000,,,
23.7879999615,185,222624.2968750000,216226.8125000000,225000.0000000000,225000.0000000000,0.0000000000,0.0000000000,0.0000000000,0.0000000000,,,
23.7919999617,185,202710.7031250000,214608.0468750000,225000.0000000000,175896.7656250000,0.0000000000,0.0000000000,0.0000000000,0.0000000000,,,
23.7959999617,185,210495.7968750000,215084.0625000000,225000.0000000000,193831.2812500000,0.0000000000,0.0000000000,0.0000000000,0.0000000000,,,
23.7999999616,185,225000.0000000000,216967.1406250000,225000.0000000000,225000.0000000000,0.0000000000,0.0000000000,0.0000000000,0.0000000000,,,
23.8039999616,185,225000.0000000000,217715.0156250000,225000.0000000000,225000.0000000000,0.0000000000,0.0000000000,0.0000000000,0.0000000000,,,
23.8079999615,186,222765.7031250000,216239.1250000000,225000.0000000000,225000.0000000000,0.0000000000,0.0000000000,0.0000000000,0.0000000000,,,
23.8119999615,186,202762.1562500000,214613.7343750000,225000.0000000000,176078.7812500000,0.0000000000,0.0000000000,0.0000000000,0.0000000000,,,
23.8159999615,186,210405.4375000000,215082.3281250000,225000.0000000000,193621.7812500000,0.0000000000,0.0000000000,0.0000000000,0.0000000000,,,
23.8199999614,186,225000.0000000000,216970.2187500000,225000.0000000000,225000.0000000000,0.0000000000,0.0000000000,0.0000000000,0.0000000000,,,
23.8239999614,186,225000.0000000000,217725.3437500000,225000.0000000000,225000.0000000000,0.0000000000,0.0000000000,0.0000000000,0.0000000000,,,
23.8279999613,186,222915.7656250000,216252.9375000000,225000.0000000000,225000.0000000000,0.0000000000,0.0000000000,0.0000000000,0.0000000000,,,
23.8319999615,186,202832.5625000000,214615.3437500000,225000.0000000000,176308.7812500000,0.0000000000,0.0000000000,0.0000000000,0.0000000000,,,
23.8359999615,186,210316.0000000000,215071.4375000000,225000.0000000000,193411.6562500000,0.0000000000,0.0000000000,0.0000000000,0.0000000000,,,
23.8399999614,186,225000.0000000000,216962.3281250000,225000.0000000000,225000.0000000000,0.0000000000,0.0000000000,0.0000000000,0.0000000000,,,
23.8439999614,186,225000.0000000000,217729.7343750000,225000.0000000000,225000.0000000000,0.0000000000,0.0000000000,0.0000000000,0.0000000000,,,
23.8479999613,186,223037.8906250000,216261.1562500000,225000.0000000000,225000.0000000000,0.0000000000,0.0000000000,0.0000000000,0.0000000000,,,
23.8519999615,186,202877.4062500000,214613.0625000000,225000.0000000000,176480.9062500000,0.0000000000,0.0000000000,0.0000000000,0.0000000000,,,
23.8559999615,186,210211.3437500000,215058.7968750000,225000.0000000000,193202.3906250000,0.0000000000,0.0000000000,0.0000000000,0.0000000000,,,
23.8599999615,186,225000.0000000000,216948.7968750000,225000.0000000000,225000.0000000000,0.0000000000,0.0000000000,0.0000000000,0.0000000000,,,
23.8639999614,186,225000.0000000000,217721.7187500000,225000.0000000000,225000.0000000000,0.0000000000,0.0000000000,0.0000000000,0.0000000000,,,
23.8679999614,186,223155.7500000000,216263.7031250000,225000.0000000000,225000.0000000000,0.0000000000,0.0000000000,0.0000000000,0.0000000000,,,
23.8719999613,186,202920.1875000000,214613.8125000000,225000.0000000000,176634.2500000000,0.0000000000,0.0000000000,0.0000000000,0.0000000000,,,
23.8759999615,186,210111.0937500000,215051.3750000000,225000.0000000000,192947.0937500000,0.0000000000,0.0000000000,0.0000000000,0.0000000000,,,
23.8799999615,186,225000.0000000000,216939.4531250000,225000.0000000000,225000.0000000000,0.0000000000,0.0000000000,0.0000000000,0.0000000000,,,
23.8839999614,186,225000.0000000000,217724.7500000000,225000.0000000000,225000.0000000000,0.0000000000,0.0000000000,0.0000000000,0.0000000000,,,
23.8879999614,186,223268.8281250000,216266.0312500000,225000.0000000000,225000.0000000000,0.0000000000,0.0000000000,0.0000000000,0.0000000000,,,
23.8919999613,186,202954.1406250000,214602.4218750000,225000.0000000000,176736.1718750000,0.0000000000,0.0000000000,0.0000000000,0.0000000000,,,
23.8959999615,186,209993.3437500000,215019.8281250000,225000.0000000000,192657.6875000000,0.0000000000,0.0000000000,0.0000000000,0.0000000000,,,
23.8999999615,186,225000.0000000000,216906.0937500000,225000.0000000000,225000.0000000000,0.0000000000,0.0000000000,0.0000000000,0.0000000000,,,
23.9039999614,186,225000.0000000000,217713.8906250000,225000.0000000000,225000.0000000000,0.0000000000,0.0000000000,0.0000000000,0.0000000000,,,
23.9079999614,186,223394.7812500000,216283.3906250000,225000.0000000000,225000.0000000000,0.0000000000,0.0000000000,0.0000000000,0.0000000000,,,
23.9119999614,186,202995.4062500000,214624.1718750000,225000.0000000000,176808.0312500000,0.0000000000,0.0000000000,0.0000000000,0.0000000000,,,
23.9159999613,186,209892.0312500000,215031.7343750000,225000.0000000000,192345.9062500000,0.0000000000,0.0000000000,0.0000000000,0.0000000000,,,
23.9199999615,186,225000.0000000000,216912.3125000000,225000.0000000000,225000.0000000000,0.0000000000,0.0000000000,0.0000000000,0.0000000000,,,
23.9239999615,186,225000.0000000000,217720.3281250000,225000.0000000000,225000.0000000000,0.0000000000,0.0000000000,0.0000000000,0.0000000000,,,
23.9279999614,186,223515.3437500000,216301.4687500000,225000.0000000000,225000.0000000000,0.0000000000,0.0000000000,0.0000000000,0.0000000000,,,
23.9319999614,186,203028.7656250000,214639.7031250000,225000.0000000000,176891.0156250000,0.0000000000,0.0000000000,0.0000000000,0.0000000000,,,
23.9359999613,187,209781.9218750000,215029.3750000000,225000.0000000000,192043.9375000000,0.0000000000,0.0000000000,0.0000000000,0.0000000000,,,
23.9399999613,187,225000.0000000000,216904.3750000000,225000.0000000000,225000.0000000000,0.0000000000,0.0000000000,0.0000000000,0.0000000000,,,
23.9439999613,187,225000.0000000000,217724.3281250000,225000.0000000000,225000.0000000000,0.0000000000,0.0000000000,0.0000000000,0.0000000000,,,
23.9479999612,187,223636.3437500000,216313.9843750000,225000.0000000000,225000.0000000000,0.0000000000,0.0000000000,0.0000000000,0.0000000000,,,
23.9519999612,187,203066.0000000000,214656.2500000000,225000.0000000000,176963.5625000000,0.0000000000,0.0000000000,0.0000000000,0.0000000000,,,
23.9559999611,187,209679.4062500000,215041.1250000000,225000.0000000000,191729.5625000000,0.0000000000,0.0000000000,0.0000000000,0.0000000000,,,
23.9599999613,187,225000.0000000000,216904.7968750000,225000.0000000000,225000.0000000000,0.0000000000,0.0000000000,0.0000000000,0.0000000000,,,
23.9639999613,187,225000.0000000000,217728.3125000000,225000.0000000000,225000.0000000000,0.0000000000,0.0000000000,0.0000000000,0.0000000000,,,
23.9679999612,187,223771.6875000000,216323.3593750000,225000.0000000000,225000.0000000000,0.0000000000,0.0000000000,0.0000000000,0.0000000000,,,
23.9719999612,187,203091.9062500000,214656.6250000000,225000.0000000000,177015.9218750000,0.0000000000,0.0000000000,0.0000000000,0.0000000000,,,
23.9759999611,187,209567.1093750000,215029.6406250000,225000.0000000000,191407.2656250000,0.0000000000,0.0000000000,0.0000000000,0.0000000000,,,
23.9799999613,187,225000.0000000000,216895.0937500000,225000.0000000000,225000.0000000000,0.0000000000,0.0000000000,0.0000000000,0.0000000000,,,
23.9839999613,187,225000.0000000000,217736.0937500000,225000.0000000000,225000.0000000000,0.0000000000,0.0000000000,0.0000000000,0.0000000000,,,
23.9879999612,187,223909.7656250000,216354.9531250000,225000.0000000000,225000.0000000000,0.0000000000,0.0000000000,0.0000000000,0.0000000000,,,
23.9919999612,187,203138.3125000000,214692.8593750000,225000.0000000000,177136.6718750000,0.0000000000,0.0000000000,0.0000000000,0.0000000000,,,
23.9959999612,187,209464.5468750000,215056.6562500000,225000.0000000000,191142.9843750000,0.0000000000,0.0000000000,0.0000000000,0.0000000000,,,
23.9999999611,187,225000.0000000000,216918.8281250000,225000.0000000000,225000.0000000000,0.0000000000,0.0000000000,0.0000000000,0.0000000000,,,
24.0039999613,187,225000.0000000000,217773.0000000000,225000.0000000000,225000.0000000000,0.0000000000,0.0000000000,0.0000000000,0.0000000000,,,
24.0079999613,187,224041.5781250000,216403.2343750000,225000.0000000000,225000.0000000000,0.0000000000,0.0000000000,0.0000000000,0.0000000000,,,
24.0119999612,187,203187.6562500000,214741.5156250000,225000.0000000000,177268.5312500000,0.0000000000,0.0000000000,0.0000000000,0.0000000000,,,
24.0159999612,187,209365.6406250000,215091.8906250000,225000.0000000000,190849.3906250000,0.0000000000,0.0000000000,0.0000000000,0.0000000000,,,
24.0199999611,187,225000.0000000000,216940.6093750000,225000.0000000000,225000.0000000000,0.0000000000,0.0000000000,0.0000000000,0.0000000000,,,
24.0239999613,187,225000.0000000000,217794.0625000000,225000.0000000000,225000.0000000000,0.0000000000,0.0000000000,0.0000000000,0.0000000000,,,
24.0279999613,187,224167.6875000000,216424.1562500000,225000.0000000000,225000.0000000000,0.0000000000,0.0000000000,0.0000000000,0.0000000000,,,
24.0319999612,187,203206.1718750000,214750.0468750000,225000.0000000000,177365.3281250000,0.0000000000,0.0000000000,0.0000000000,0.0000000000,,,
24.0359999612,187,209242.5000000000,215080.9843750000,225000.0000000000,190571.9375000000,0.0000000000,0.0000000000,0.0000000000,0.0000000000,,,
24.0399999612,187,225000.0000000000,216922.8281250000,225000.0000000000,225000.0000000000,0.0000000000,0.0000000000,0.0000000000,0.0000000000,,,
24.0439999611,187,225000.0000000000,217788.6718750000,225000.0000000000,225000.0000000000,0.0000000000,0.0000000000,0.0000000000,0.0000000000,,,
24.0479999613,187,224286.1406250000,216432.4375000000,225000.0000000000,225000.0000000000,0.0000000000,0.0000000000,0.0000000000,0.0000000000,,,
24.0519999613,187,203220.4375000000,214752.3750000000,225000.0000000000,177464.9218750000,0.0000000000,0.0000000000,0.0000000000,0.0000000000,,,
24.0559999612,187,209108.3437500000,215075.9062500000,225000.0000000000,190240.2812500000,0.0000000000,0.0000000000,0.0000000000,0.0000000000,,,
24.0599999612,187,225000.0000000000,216925.0312500000,225000.0000000000,225000.0000000000,0.0000000000,0.0000000000,0.0000000000,0.0000000000,,,
24.0639999611,188,225000.0000000000,217807.0156250000,225000.0000000000,225000.0000000000,0.0000000000,0.0000000000,0.0000000000,0.0000000000,,,
24.0679999611,188,224431.4843750000,216463.6875000000,225000.0000000000,225000.0000000000,0.0000000000,0.0000000000,0.0000000000,0.0000000000,,,
24.0719999610,188,203252.0625000000,214780.2031250000,225000.0000000000,177596.2656250000,0.0000000000,0.0000000000,0.0000000000,0.0000000000,,,
24.0759999610,188,208996.5000000000,215089.9062500000,225000.0000000000,189962.4062500000,0.0000000000,0.0000000000,0.0000000000,0.0000000000,,,
24.0799999610,188,225000.0000000000,216933.5781250000,225000.0000000000,225000.0000000000,0.0000000000,0.0000000000,0.0000000000,0.0000000000,,,
24.0839999609,188,225000.0000000000,217817.5781250000,225000.0000000000,225000.0000000000,0.0000000000,0.0000000000,0.0000000000,0.0000000000,,,
24.0879999611,188,224550.7031250000,216476.9062500000,225000.0000000000,225000.0000000000,0.0000000000,0.0000000000,0.0000000000,0.0000000000,,,
24.0919999611,188,203295.1562500000,214786.0156250000,225000.0000000000,177710.9843750000,0.0000000000,0.0000000000,0.0000000000,0.0000000000,,,
24.0959999610,188,208899.1250000000,215084.8437500000,225000.0000000000,189687.2656250000,0.0000000000,0.0000000000,0.0000000000,0.0000000000,,,
24.0999999610,188,225000.0000000000,216918.5937500000,225000.0000000000,225000.0000000000,0.0000000000,0.0000000000,0.0000000000,0.0000000000,,,
24.1039999609,188,225000.0000000000,217812.7812500000,225000.0000000000,225000.0000000000,0.0000000000,0.0000000000,0.0000000000,0.0000000000,,,
24.1079999611,188,224699.3593750000,216481.8125000000,225000.0000000000,225000.0000000000,0.0000000000,0.0000000000,0.0000000000,0.0000000000,,,
24.1119999611,188,203353.3906250000,214785.0000000000,225000.0000000000,177830.8593750000,0.0000000000,0.0000000000,0.0000000000,0.0000000000,,,
24.1159999610,188,208793.6718750000,215061.4531250000,225000.0000000000,189353.9843750000,0.0000000000,0.0000000000,0.0000000000,0.0000000000,,,
24.1199999610,188,225000.0000000000,216882.9218750000,225000.0000000000,225000.0000000000,0.0000000000,0.0000000000,0.0000000000,0.0000000000,,,
24.1239999610,188,225000.0000000000,217778.8750000000,225000.0000000000,225000.0000000000,0.0000000000,0.0000000000,0.0000000000,0.0000000000,,,
24.1279999609,188,224846.6406250000,216459.7656250000,225000.0000000000,225000.0000000000,0.0000000000,0.0000000000,0.0000000000,0.0000000000,,,
24.1319999611,188,203394.1093750000,214764.2656250000,225000.0000000000,177893.7031250000,0.0000000000,0.0000000000,0.0000000000,0.0000000000,,,
24.1359999611,188,208690.7968750000,215035.1718750000,225000.0000000000,189017.1250000000,0.0000000000,0.0000000000,0.0000000000,0.0000000000,,,
24.1399999610,188,225000.0000000000,216861.8906250000,225000.0000000000,225000.0000000000,0.0000000000,0.0000000000,0.0000000000,0.0000000000,,,
24.1439999610,188,225000.0000000000,217772.9531250000,225000.0000000000,225000.0000000000,0.0000000000,0.0000000000,0.0000000000,0.0000000000,,,
24.1479999609,188,224997.8906250000,216464.3593750000,225000.0000000000,225000.0000000000,0.0000000000,0.0000000000,0.0000000000,0.0000000000,,,
24.1519999611,188,203475.8125000000,214766.4062500000,225000.0000000000,178026.9843750000,0.0000000000,0.0000000000,0.0000000000,0.0000000000,,,
24.1559999611,188,208622.0781250000,215023.8437500000,225000.0000000000,188746.2656250000,0.0000000000,0.0000000000,0.0000000000,0.0000000000,,,
24.1599999610,188,225000.0000000000,216841.2031250000,225000.0000000000,225000.0000000000,0.0000000000,0.0000000000,0.0000000000,0.0000000000,,,
24.1639999610,188,225000.0000000000,217765.3125000000,225000.0000000000,225000.0000000000,0.0000000000,0.0000000000,0.0000000000,0.0000000000,,,
24.1679999609,188,225000.0000000000,216470.0937500000,225000.0000000000,225000.0000000000,0.0000000000,0.0000000000,0.0000000000,0.0000000000,,,
24.1719999609,188,203541.9531250000,214766.9218750000,225000.0000000000,178163.7812500000,0.0000000000,0.0000000000,0.0000000000,0.0000000000,,,
24.1759999611,188,208517.9062500000,215011.1562500000,225000.0000000000,188423.0312500000,0.0000000000,0.0000000000,0.0000000000,0.0000000000,,,
24.1799999611,188,225000.0000000000,216825.4062500000,225000.0000000000,225000.0000000000,0.0000000000,0.0000000000,0.0000000000,0.0000000000,,,
24.1839999610,188,225000.0000000000,217757.4218750000,225000.0000000000,225000.0000000000,0.0000000000,0.0000000000,0.0000000000,0.0000000000,,,
24.1879999610,188,225000.0000000000,216474.1250000000,225000.0000000000,225000.0000000000,0.0000000000,0.0000000000,0.0000000000,0.0000000000,,,
24.1919999609,189,203584.8750000000,214772.4218750000,225000.0000000000,178291.2031250000,0.0000000000,0.0000000000,0.0000000000,0.0000000000,,,
24.1959999609,189,208420.3593750000,215011.6718750000,225000.0000000000,188157.8125000000,0.0000000000,0.0000000000,0.0000000000,0.0000000000,,,
24.1999999608,189,225000.0000000000,216823.8593750000,225000.0000000000,225000.0000000000,0.0000000000,0.0000000000,0.0000000000,0.0000000000,,,
24.2039999608,189,225000.0000000000,217764.5781250000,225000.0000000000,225000.0000000000,0.0000000000,0.0000000000,0.0000000000,0.0000000000,,,
24.2079999608,189,225000.0000000000,216495.7031250000,225000.0000000000,225000.0000000000,0.0000000000,0.0000000000,0.0000000000,0.0000000000,,,
24.2119999607,189,203621.6406250000,214796.8750000000,225000.0000000000,178445.3281250000,0.0000000000,0.0000000000,0.0000000000,0.0000000000,,,
24.2159999609,189,208298.9375000000,215021.2187500000,225000.0000000000,187880.3437500000,0.0000000000,0.0000000000,0.0000000000,0.0000000000,,,
24.2199999609,189,225000.0000000000,216825.0937500000,225000.0000000000,225000.0000000000,0.0000000000,0.0000000000,0.0000000000,0.0000000000,,,
24.2239999608,189,225000.0000000000,217773.1718750000,225000.0000000000,225000.0000000000,0.0000000000,0.0000000000,0.0000000000,0.0000000000,,,
24.2279999608,189,225000.0000000000,216513.7343750000,225000.0000000000,225000.0000000000,0.0000000000,0.0000000000,0.0000000000,0.0000000000,,,
24.2319999607,189,203647.0937500000,214814.5781250000,225000.0000000000,178580.5156250000,0.0000000000,0.0000000000,0.0000000000,0.0000000000,,,
24.2359999609,189,208173.5156250000,215026.4218750000,225000.0000000000,187592.2187500000,0.0000000000,0.0000000000,0.0000000000,0.0000000000,,,
24.2399999609,189,225000.0000000000,216813.6406250000,225000.0000000000,225000.0000000000,0.0000000000,0.0000000000,0.0000000000,0.0000000000,,,
24.2439999608,189,225000.0000000000,217761.4687500000,225000.0000000000,225000.0000000000,0.0000000000,0.0000000000,0.0000000000,0.0000000000,,,
24.2479999608,189,225000.0000000000,216510.7031250000,225000.0000000000,225000.0000000000,0.0000000000,0.0000000000,0.0000000000,0.0000000000,,,
24.2519999607,189,203661.7656250000,214801.2500000000,225000.0000000000,178688.3593750000,0.0000000000,0.0000000000,0.0000000000,0.0000000000,,,
24.2559999607,189,208007.1093750000,214984.7343750000,225000.0000000000,187214.2656250000,0.0000000000,0.0000000000,0.0000000000,0.0000000000,,,
24.2599999609,189,225000.0000000000,216748.6718750000,225000.0000000000,225000.0000000000,0.0000000000,0.0000000000,0.0000000000,0.0000000000,,,
24.2639999609,189,225000.0000000000,217694.1562500000,225000.0000000000,225000.0000000000,0.0000000000,0.0000000000,0.0000000000,0.0000000000,,,
24.2679999608,189,225000.0000000000,216457.1875000000,225000.0000000000,225000.0000000000,0.0000000000,0.0000000000,0.0000000000,0.0000000000,,,
24.2719999608,189,203637.7968750000,214753.1562500000,225000.0000000000,178697.8750000000,0.0000000000,0.0000000000,0.0000000000,0.0000000000,,,
24.2759999607,189,207841.3281250000,214928.4218750000,225000.0000000000,186822.4218750000,0.0000000000,0.0000000000,0.0000000000,0.0000000000,,,
24.2799999609,189,225000.0000000000,216688.1562500000,225000.0000000000,225000.0000000000,0.0000000000,0.0000000000,0.0000000000,0.0000000000,,,
24.2839999609,189,225000.0000000000,217647.3437500000,225000.0000000000,225000.0000000000,0.0000000000,0.0000000000,0.0000000000,0.0000000000,,,
24.2879999608,189,225000.0000000000,216435.5468750000,225000.0000000000,225000.0000000000,0.0000000000,0.0000000000,0.0000000000,0.0000000000,,,
24.2919999608,189,203624.9218750000,214749.2500000000,225000.0000000000,178724.3593750000,0.0000000000,0.0000000000,0.0000000000,0.0000000000,,,
24.2959999607,189,207680.7968750000,214927.2656250000,225000.0000000000,186412.1875000000,0.0000000000,0.0000000000,0.0000000000,0.0000000000,,,
24.2999999607,189,225000.0000000000,216696.7968750000,225000.0000000000,225000.0000000000,0.0000000000,0.0000000000,0.0000000000,0.0000000000,,,
24.3039999609,189,225000.0000000000,217673.6093750000,225000.0000000000,225000.0000000000,0.0000000000,0.0000000000,0.0000000000,0.0000000000,,,
24.3079999608,189,225000.0000000000,216476.7500000000,225000.0000000000,225000.0000000000,0.0000000000,0.0000000000,0.0000000000,0.0000000000,,,
24.3119999608,189,203601.7968750000,214789.8750000000,225000.0000000000,178735.2656250000,0.0000000000,0.0000000000,0.0000000000,0.0000000000,,,
24.3159999608,189,207518.5937500000,214959.4687500000,225000.0000000000,186042.2343750000,0.0000000000,0.0000000000,0.0000000000,0.0000000000,,,
24.3199999607,190,225000.0000000000,216726.9218750000,225000.0000000000,225000.0000000000,0.0000000000,0.0000000000,0.0000000000,0.0000000000,,,
24.3239999607,190,225000.0000000000,217721.2656250000,225000.0000000000,225000.0000000000,0.0000000000,0.0000000000,0.0000000000,0.0000000000,,,
24.3279999606,190,225000.0000000000,216548.2812500000,225000.0000000000,225000.0000000000,0.0000000000,0.0000000000,0.0000000000,0.0000000000,,,
24.3319999606,190,203645.4375000000,214867.9375000000,225000.0000000000,178917.2656250000,0.0000000000,0.0000000000,0.0000000000,0.0000000000,,,
24.3359999605,190,207426.4062500000,215033.5000000000,225000.0000000000,185816.9687500000,0.0000000000,0.0000000000,0.0000000000,0.0000000000,,,
24.3399999605,190,225000.0000000000,216805.6406250000,225000.0000000000,225000.0000000000,0.0000000000,0.0000000000,0.0000000000,0.0000000000,,,
24.3439999607,190,225000.0000000000,217815.3593750000,225000.0000000000,225000.0000000000,0.0000000000,0.0000000000,0.0000000000,0.0000000000,,,
24.3479999606,190,225000.0000000000,216650.8437500000,225000.0000000000,225000.0000000000,0.0000000000,0.0000000000,0.0000000000,0.0000000000,,,
24.3519999606,190,203782.7656250000,214961.1875000000,225000.0000000000,179186.5468750000,0.0000000000,0.0000000000,0.0000000000,0.0000000000,,,
24.3559999606,190,207418.0156250000,215106.7812500000,225000.0000000000,185663.6093750000,0.0000000000,0.0000000000,0.0000000000,0.0000000000,,,
24.3599999605,190,225000.0000000000,216862.8593750000,225000.0000000000,225000.0000000000,0.0000000000,0.0000000000,0.0000000000,0.0000000000,,,
24.3639999607,190,225000.0000000000,217868.9687500000,225000.0000000000,225000.0000000000,0.0000000000,0.0000000000,0.0000000000,0.0000000000,,,
24.3679999607,190,225000.0000000000,216708.4843750000,225000.0000000000,225000.0000000000,0.0000000000,0.0000000000,0.0000000000,0.0000000000,,,
24.3719999606,190,203971.6406250000,215008.0781250000,225000.0000000000,179562.1406250000,0.0000000000,0.0000000000,0.0000000000,0.0000000000,,,
24.3759999606,190,207446.2656250000,215127.3593750000,225000.0000000000,185610.5468750000,0.0000000000,0.0000000000,0.0000000000,0.0000000000,,,
24.3799999605,190,225000.0000000000,216861.3437500000,225000.0000000000,225000.0000000000,0.0000000000,0.0000000000,0.0000000000,0.0000000000,,,
24.3839999605,190,225000.0000000000,217861.8125000000,225000.0000000000,225000.0000000000,0.0000000000,0.0000000000,0.0000000000,0.0000000000,,,
24.3879999607,190,225000.0000000000,216700.2812500000,225000.0000000000,225000.0000000000,0.0000000000,0.0000000000,0.0000000000,0.0000000000,,,
24.3919999606,190,204127.7500000000,214989.3750000000,225000.0000000000,179796.1093750000,0.0000000000,0.0000000000,0.0000000000,0.0000000000,,,
24.3959999606,190,207422.7031250000,215085.3281250000,225000.0000000000,185361.5625000000,0.0000000000,0.0000000000,0.0000000000,0.0000000000,,,
24.3999999606,190,225000.0000000000,216801.7968750000,225000.0000000000,225000.0000000000,0.0000000000,0.0000000000,0.0000000000,0.0000000000,,,
24.4039999605,190,225000.0000000000,217804.8125000000,225000.0000000000,225000.0000000000,0.0000000000,0.0000000000,0.0000000000,0.0000000000,,,
24.4079999607,190,225000.0000000000,216653.3906250000,225000.0000000000,225000.0000000000,0.0000000000,0.0000000000,0.0000000000,0.0000000000,,,
24.4119999607,190,204198.7187500000,214937.0781250000,225000.0000000000,179892.4531250000,0.0000000000,0.0000000000,0.0000000000,0.0000000000,,,
24.4159999606,190,207333.8125000000,215027.0156250000,225000.0000000000,185012.0781250000,0.0000000000,0.0000000000,0.0000000000,0.0000000000,,,
24.4199999606,190,225000.0000000000,216743.5937500000,225000.0000000000,225000.0000000000,0.0000000000,0.0000000000,0.0000000000,0.0000000000,,,
24.4239999605,190,225000.0000000000,217763.0781250000,225000.0000000000,225000.0000000000,0.0000000000,0.0000000000,0.0000000000,0.0000000000,,,
24.4279999605,190,225000.0000000000,216631.7187500000,225000.0000000000,225000.0000000000,0.0000000000,0.0000000000,0.0000000000,0.0000000000,,,
24.4319999607,190,204193.6250000000,214922.8593750000,225000.0000000000,179865.7187500000,0.0000000000,0.0000000000,0.0000000000,0.0000000000,,,
24.4359999606,190,207152.8281250000,215014.3281250000,225000.0000000000,184502.8593750000,0.0000000000,0.0000000000,0.0000000000,0.0000000000,,,
24.4399999606,190,225000.0000000000,216744.1875000000,225000.0000000000,225000.0000000000,0.0000000000,0.0000000000,0.0000000000,0.0000000000,,,
24.4439999606,190,225000.0000000000,217787.3750000000,225000.0000000000,225000.0000000000,0.0000000000,0.0000000000,0.0000000000,0.0000000000,,,
24.4479999605,191,225000.0000000000,216680.3593750000,225000.0000000000,225000.0000000000,0.0000000000,0.0000000000,0.0000000000,0.0000000000,,,
24.4519999605,191,204178.1718750000,214985.6875000000,225000.0000000000,179880.7968750000,0.0000000000,0.0000000000,0.0000000000,0.0000000000,,,
24.4559999604,191,206995.7500000000,215077.2187500000,225000.0000000000,184100.1250000000,0.0000000000,0.0000000000,0.0000000000,0.0000000000,,,
24.4599999604,191,225000.0000000000,216811.6718750000,225000.0000000000,225000.0000000000,0.0000000000,0.0000000000,0.0000000000,0.0000000000,,,
24.4639999603,191,225000.0000000000,217865.6562500000,225000.0000000000,225000.0000000000,0.0000000000,0.0000000000,0.0000000000,0.0000000000,,,
24.4679999603,191,225000.0000000000,216764.2500000000,225000.0000000000,225000.0000000000,0.0000000000,0.0000000000,0.0000000000,0.0000000000,,,
24.4719999605,191,204202.9062500000,215060.3750000000,225000.0000000000,180009.1093750000,0.0000000000,0.0000000000,0.0000000000,0.0000000000,,,
24.4759999604,191,206859.2343750000,215125.6406250000,225000.0000000000,183752.3750000000,0.0000000000,0.0000000000,0.0000000000,0.0000000000,,,
24.4799999604,191,225000.0000000000,216831.9843750000,225000.0000000000,225000.0000000000,0.0000000000,0.0000000000,0.0000000000,0.0000000000,,,
24.4839999604,191,225000.0000000000,217875.4687500000,225000.0000000000,225000.0000000000,0.0000000000,0.0000000000,0.0000000000,0.0000000000,,,
24.4879999603,191,225000.0000000000,216772.2968750000,225000.0000000000,225000.0000000000,0.0000000000,0.0000000000,0.0000000000,0.0000000000,,,
24.4919999605,191,204225.4062500000,215052.5000000000,225000.0000000000,180084.5625000000,0.0000000000,0.0000000000,0.0000000000,0.0000000000,,,
24.4959999605,191,206730.4531250000,215096.7812500000,225000.0000000000,183370.1875000000,0.0000000000,0.0000000000,0.0000000000,0.0000000000,,,
24.4999999604,191,225000.0000000000,216790.8125000000,225000.0000000000,225000.0000000000,0.0000000000,0.0000000000,0.0000000000,0.0000000000,,,
24.5039999604,191,225000.0000000000,217843.5000000000,225000.0000000000,225000.0000000000,0.0000000000,0.0000000000,0.0000000000,0.0000000000,,,
24.5079999603,191,225000.0000000000,216749.3125000000,225000.0000000000,225000.0000000000,0.0000000000,0.0000000000,0.0000000000,0.0000000000,,,
24.5119999603,191,204247.0468750000,215015.8593750000,225000.0000000000,180129.6250000000,0.0000000000,0.0000000000,0.0000000000,0.0000000000,,,
24.5159999605,191,206586.4687500000,215046.2968750000,225000.0000000000,182937.0937500000,0.0000000000,0.0000000000,0.0000000000,0.0000000000,,,
24.5199999604,191,225000.0000000000,216748.8281250000,225000.0000000000,225000.0000000000,0.0000000000,0.0000000000,0.0000000000,0.0000000000,,,
24.5239999604,191,225000.0000000000,217816.8906250000,225000.0000000000,225000.0000000000,0.0000000000,0.0000000000,0.0000000000,0.0000000000,,,
24.5279999604,191,225000.0000000000,216730.6406250000,225000.0000000000,225000.0000000000,0.0000000000,0.0000000000,0.0000000000,0.0000000000,,,
24.5319999603,191,204277.9531250000,214991.3593750000,225000.0000000000,180183.5625000000,0.0000000000,0.0000000000,0.0000000000,0.0000000000,,,
24.5359999605,191,206452.3437500000,215007.3281250000,225000.0000000000,182520.9218750000,0.0000000000,0.0000000000,0.0000000000,0.0000000000,,,
24.5399999605,191,225000.0000000000,216712.7500000000,225000.0000000000,225000.0000000000,0.0000000000,0.0000000000,0.0000000000,0.0000000000,,,
24.5439999604,191,225000.0000000000,217798.2968750000,225000.0000000000,225000.0000000000,0.0000000000,0.0000000000,0.0000000000,0.0000000000,,,
24.5479999604,191,225000.0000000000,216724.6093750000,225000.0000000000,225000.0000000000,0.0000000000,0.0000000000,0.0000000000,0.0000000000,,,
24.5519999603,191,204318.9375000000,214977.8750000000,225000.0000000000,180304.9218750000,0.0000000000,0.0000000000,0.0000000000,0.0000000000,,,
24.5559999603,191,206329.3593750000,214984.0156250000,225000.0000000000,182148.3281250000,0.0000000000,0.0000000000,0.0000000000,0.0000000000,,,
24.5599999605,191,225000.0000000000,216690.1250000000,225000.0000000000,225000.0000000000,0.0000000000,0.0000000000,0.0000000000,0.0000000000,,,
24.5639999604,191,225000.0000000000,217790.7031250000,225000.0000000000,225000.0000000000,0.0000000000,0.0000000000,0.0000000000,0.0000000000,,,
24.5679999604,191,225000.0000000000,216724.4531250000,225000.0000000000,225000.0000000000,0.0000000000,0.0000000000,0.0000000000,0.0000000000,,,
24.5719999603,191,204345.3593750000,214971.9531250000,225000.0000000000,180388.1562500000,0.0000000000,0.0000000000,0.0000000000,0.0000000000,,,
24.5759999603,192,206187.0156250000,214967.6250000000,225000.0000000000,181740.5781250000,0.0000000000,0.0000000000,0.0000000000,0.0000000000,,,
24.5799999603,192,225000.0000000000,216669.2031250000,225000.0000000000,225000.0000000000,0.0000000000,0.0000000000,0.0000000000,0.0000000000,,,
24.5839999602,192,225000.0000000000,217773.4843750000,225000.0000000000,225000.0000000000,0.0000000000,0.0000000000,0.0000000000,0.0000000000,,,
24.5879999602,192,225000.0000000000,216715.4375000000,225000.0000000000,225000.0000000000,0.0000000000,0.0000000000,0.0000000000,0.0000000000,,,
24.5919999601,192,204353.0781250000,214960.5000000000,225000.0000000000,180449.4687500000,0.0000000000,0.0000000000,0.0000000000,0.0000000000,,,
24.5959999601,192,206026.3437500000,214942.7656250000,225000.0000000000,181295.7031250000,0.0000000000,0.0000000000,0.0000000000,0.0000000000,,,
24.5999999603,192,225000.0000000000,216644.8437500000,225000.0000000000,225000.0000000000,0.0000000000,0.0000000000,0.0000000000,0.0000000000,,,
24.6039999602,192,225000.0000000000,217762.2968750000,225000.0000000000,225000.0000000000,0.0000000000,0.0000000000,0.0000000000,0.0000000000,,,
24.6079999602,192,225000.0000000000,216719.4531250000,225000.0000000000,225000.0000000000,0.0000000000,0.0000000000,0.0000000000,0.0000000000,,,
24.6119999602,192,204351.1250000000,214961.7500000000,225000.0000000000,180495.1718750000,0.0000000000,0.0000000000,0.0000000000,0.0000000000,,,
24.6159999601,192,205852.3593750000,214934.1250000000,225000.0000000000,180831.4218750000,0.0000000000,0.0000000000,0.0000000000,0.0000000000,,,
24.6199999603,192,225000.0000000000,216633.2343750000,225000.0000000000,225000.0000000000,0.0000000000,0.0000000000,0.0000000000,0.0000000000,,,
24.6239999603,192,225000.0000000000,217760.0000000000,225000.0000000000,225000.0000000000,0.0000000000,0.0000000000,0.0000000000,0.0000000000,,,
24.6279999602,192,225000.0000000000,216720.7968750000,225000.0000000000,225000.0000000000,0.0000000000,0.0000000000,0.0000000000,0.0000000000,,,
24.6319999602,192,204361.6562500000,214959.5312500000,225000.0000000000,180573.3906250000,0.0000000000,0.0000000000,0.0000000000,0.0000000000,,,
24.6359999601,192,205696.2500000000,214924.7968750000,225000.0000000000,180388.6875000000,0.0000000000,0.0000000000,0.0000000000,0.0000000000,,,
24.6399999601,192,225000.0000000000,216624.0781250000,225000.0000000000,225000.0000000000,0.0000000000,0.0000000000,0.0000000000,0.0000000000,,,
24.6439999603,192,225000.0000000000,217765.6093750000,225000.0000000000,225000.0000000000,0.0000000000,0.0000000000,0.0000000000,0.0000000000,,,
24.6479999602,192,225000.0000000000,216746.9843750000,225000.0000000000,225000.0000000000,0.0000000000,0.0000000000,0.0000000000,0.0000000000,,,
24.6519999602,192,204390.8750000000,214985.0625000000,225000.0000000000,180700.0468750000,0.0000000000,0.0000000000,0.0000000000,0.0000000000,,,
24.6559999601,192,205580.0625000000,214939.8906250000,225000.0000000000,180076.8125000000,0.0000000000,0.0000000000,0.0000000000,0.0000000000,,,
24.6599999601,192,225000.0000000000,216638.6406250000,225000.0000000000,225000.0000000000,0.0000000000,0.0000000000,0.0000000000,0.0000000000,,,
24.6639999603,192,225000.0000000000,217794.1718750000,225000.0000000000,225000.0000000000,0.0000000000,0.0000000000,0.0000000000,0.0000000000,,,
24.6679999602,192,225000.0000000000,216780.5937500000,225000.0000000000,225000.0000000000,0.0000000000,0.0000000000,0.0000000000,0.0000000000,,,
24.6719999602,192,204497.2812500000,215010.7656250000,225000.0000000000,180971.8593750000,0.0000000000,0.0000000000,0.0000000000,0.0000000000,,,
24.6759999602,192,205526.6875000000,214949.5312500000,225000.0000000000,179903.7812500000,0.0000000000,0.0000000000,0.0000000000,0.0000000000,,,
24.6799999601,192,225000.0000000000,216642.8281250000,225000.0000000000,225000.0000000000,0.0000000000,0.0000000000,0.0000000000,0.0000000000,,,
24.6839999601,192,225000.0000000000,217803.1875000000,225000.0000000000,225000.0000000000,0.0000000000,0.0000000000,0.0000000000,0.0000000000,,,
24.6879999603,192,225000.0000000000,216792.7343750000,225000.0000000000,225000.0000000000,0.0000000000,0.0000000000,0.0000000000,0.0000000000,,,
24.6919999602,192,204618.4375000000,215017.7812500000,225000.0000000000,181259.7968750000,0.0000000000,0.0000000000,0.0000000000,0.0000000000,,,
24.6959999602,192,205483.0156250000,214942.0156250000,225000.0000000000,179709.3906250000,0.0000000000,0.0000000000,0.0000000000,0.0000000000,,,
24.6999999601,192,225000.0000000000,216626.9843750000,225000.0000000000,225000.0000000000,0.0000000000,0.0000000000,0.0000000000,0.0000000000,,,
24.7039999601,193,225000.0000000000,217789.6093750000,225000.0000000000,225000.0000000000,0.0000000000,0.0000000000,0.0000000000,0.0000000000,,,
24.7079999601,193,225000.0000000000,216791.3437500000,225000.0000000000,225000.0000000000,0.0000000000,0.0000000000,0.0000000000,0.0000000000,,,
24.7119999600,193,204735.3750000000,215012.7656250000,225000.0000000000,181525.1250000000,0.0000000000,0.0000000000,0.0000000000,0.0000000000,,,
24.7159999600,193,205426.7187500000,214924.7343750000,225000.0000000000,179505.4687500000,0.0000000000,0.0000000000,0.0000000000,0.0000000000,,,
24.7199999599,193,225000.0000000000,216602.1875000000,225000.0000000000,225000.0000000000,0.0000000000,0.0000000000,0.0000000000,0.0000000000,,,
24.7239999599,193,225000.0000000000,217769.2812500000,225000.0000000000,225000.0000000000,0.0000000000,0.0000000000,0.0000000000,0.0000000000,,,
24.7279999601,193,225000.0000000000,216778.6250000000,225000.0000000000,225000.0000000000,0.0000000000,0.0000000000,0.0000000000,0.0000000000,,,
24.7319999600,193,204804.7343750000,214997.0312500000,225000.0000000000,181676.2656250000,0.0000000000,0.0000000000,0.0000000000,0.0000000000,,,
24.7359999600,193,205388.0156250000,214902.0000000000,225000.0000000000,179324.0468750000,0.0000000000,0.0000000000,0.0000000000,0.0000000000,,,
24.7399999599,193,225000.0000000000,216586.0000000000,225000.0000000000,225000.0000000000,0.0000000000,0.0000000000,0.0000000000,0.0000000000,,,
24.7439999599,193,225000.0000000000,217764.7187500000,225000.0000000000,225000.0000000000,0.0000000000,0.0000000000,0.0000000000,0.0000000000,,,
24.7479999601,193,225000.0000000000,216784.1562500000,225000.0000000000,225000.0000000000,0.0000000000,0.0000000000,0.0000000000,0.0000000000,,,
24.7519999600,193,204850.3281250000,214998.9531250000,225000.0000000000,181770.9375000000,0.0000000000,0.0000000000,0.0000000000,0.0000000000,,,
24.7559999600,193,205215.1718750000,214892.0468750000,225000.0000000000,178776.9843750000,0.0000000000,0.0000000000,0.0000000000,0.0000000000,,,
24.7599999600,193,225000.0000000000,216568.9843750000,225000.0000000000,225000.0000000000,0.0000000000,0.0000000000,0.0000000000,0.0000000000,,,
24.7639999599,193,225000.0000000000,217763.4375000000,225000.0000000000,225000.0000000000,0.0000000000,0.0000000000,0.0000000000,0.0000000000,,,
24.7679999599,193,225000.0000000000,216799.5312500000,225000.0000000000,225000.0000000000,0.0000000000,0.0000000000,0.0000000000,0.0000000000,,,
24.7719999601,193,204884.3437500000,215010.2812500000,225000.0000000000,181950.4062500000,0.0000000000,0.0000000000,0.0000000000,0.0000000000,,,
24.7759999600,193,205080.7656250000,214892.5000000000,225000.0000000000,178484.0312500000,0.0000000000,0.0000000000,0.0000000000,0.0000000000,,,
24.7799999600,193,225000.0000000000,216566.0937500000,225000.0000000000,225000.0000000000,0.0000000000,0.0000000000,0.0000000000,0.0000000000,,,
24.7839999599,193,225000.0000000000,217770.8125000000,225000.0000000000,225000.0000000000,0.0000000000,0.0000000000,0.0000000000,0.0000000000,,,
24.7879999599,193,225000.0000000000,216819.1562500000,225000.0000000000,225000.0000000000,0.0000000000,0.0000000000,0.0000000000,0.0000000000,,,
24.7919999601,193,204913.7500000000,215032.6718750000,225000.0000000000,182160.0000000000,0.0000000000,0.0000000000,0.0000000000,0.0000000000,,,
24.7959999600,193,204945.6406250000,214905.4843750000,225000.0000000000,178233.6718750000,0.0000000000,0.0000000000,0.0000000000,0.0000000000,,,
24.7999999600,193,225000.0000000000,216574.8593750000,225000.0000000000,225000.0000000000,0.0000000000,0.0000000000,0.0000000000,0.0000000000,,,
24.8039999600,193,225000.0000000000,217781.5937500000,225000.0000000000,225000.0000000000,0.0000000000,0.0000000000,0.0000000000,0.0000000000,,,
24.8079999599,193,225000.0000000000,216838.7187500000,225000.0000000000,225000.0000000000,0.0000000000,0.0000000000,0.0000000000,0.0000000000,,,
24.8119999599,193,204941.8593750000,215051.9843750000,225000.0000000000,182390.8750000000,0.0000000000,0.0000000000,0.0000000000,0.0000000000,,,
24.8159999601,193,204792.7500000000,214910.6250000000,225000.0000000000,177961.5312500000,0.0000000000,0.0000000000,0.0000000000,0.0000000000,,,
24.8199999600,193,225000.0000000000,216568.2343750000,225000.0000000000,225000.0000000000,0.0000000000,0.0000000000,0.0000000000,0.0000000000,,,
24.8239999600,193,225000.0000000000,217780.2500000000,225000.0000000000,225000.0000000000,0.0000000000,0.0000000000,0.0000000000,0.0000000000,,,
24.8279999599,193,225000.0000000000,216846.0937500000,225000.0000000000,225000.0000000000,0.0000000000,0.0000000000,0.0000000000,0.0000000000,,,
24.8319999599,194,204918.5937500000,215055.8281250000,225000.0000000000,182584.3750000000,0.0000000000,0.0000000000,0.0000000000,0.0000000000,,,
24.8359999598,194,204601.1875000000,214900.5781250000,225000.0000000000,177722.5312500000,0.0000000000,0.0000000000,0.0000000000,0.0000000000,,,
24.8399999598,194,225000.0000000000,216551.4687500000,225000.0000000000,225000.0000000000,0.0000000000,0.0000000000,0.0000000000,0.0000000000,,,
24.8439999598,194,225000.0000000000,217770.7031250000,225000.0000000000,225000.0000000000,0.0000000000,0.0000000000,0.0000000000,0.0000000000,,,
24.8479999597,194,225000.0000000000,216850.0781250000,225000.0000000000,225000.0000000000,0.0000000000,0.0000000000,0.0000000000,0.0000000000,,,
24.8519999597,194,204905.4062500000,215059.5000000000,225000.0000000000,182835.9375000000,0.0000000000,0.0000000000,0.0000000000,0.0000000000,,,
24.8559999599,194,204401.9218750000,214889.4687500000,225000.0000000000,177463.1562500000,0.0000000000,0.0000000000,0.0000000000,0.0000000000,,,
24.8599999598,194,225000.0000000000,216533.2031250000,225000.0000000000,225000.0000000000,0.0000000000,0.0000000000,0.0000000000,0.0000000000,,,
24.8639999598,194,225000.0000000000,217765.3906250000,225000.0000000000,225000.0000000000,0.0000000000,0.0000000000,0.0000000000,0.0000000000,,,
24.8679999597,194,225000.0000000000,216854.4218750000,225000.0000000000,225000.0000000000,0.0000000000,0.0000000000,0.0000000000,0.0000000000,,,
24.8719999597,194,204903.8125000000,215062.2812500000,225000.0000000000,183055.5000000000,0.0000000000,0.0000000000,0.0000000000,0.0000000000,,,
24.8759999599,194,204223.2812500000,214886.1718750000,225000.0000000000,177202.9531250000,0.0000000000,0.0000000000,0.0000000000,0.0000000000,,,
24.8799999598,194,225000.0000000000,216525.7187500000,225000.0000000000,225000.0000000000,0.0000000000,0.0000000000,0.0000000000,0.0000000000,,,
24.8839999598,194,225000.0000000000,217762.7656250000,225000.0000000000,225000.0000000000,0.0000000000,0.0000000000,0.0000000000,0.0000000000,,,
24.8879999598,194,225000.0000000000,216863.2031250000,225000.0000000000,225000.0000000000,0.0000000000,0.0000000000,0.0000000000,0.0000000000,,,
24.8919999597,194,204911.8437500000,215068.4062500000,225000.0000000000,183275.2656250000,0.0000000000,0.0000000000,0.0000000000,0.0000000000,,,
24.8959999597,194,204046.9062500000,214876.7031250000,225000.0000000000,176942.8906250000,0.0000000000,0.0000000000,0.0000000000,0.0000000000,,,
24.8999999599,194,225000.0000000000,216513.7656250000,225000.0000000000,225000.0000000000,0.0000000000,0.0000000000,0.0000000000,0.0000000000,,,
24.9039999598,194,225000.0000000000,217764.0156250000,225000.0000000000,225000.0000000000,0.0000000000,0.0000000000,0.0000000000,0.0000000000,,,
24.9079999598,194,225000.0000000000,216877.7968750000,225000.0000000000,225000.0000000000,0.0000000000,0.0000000000,0.0000000000,0.0000000000,,,
24.9119999597,194,204941.2968750000,215083.2656250000,225000.0000000000,183543.9687500000,0.0000000000,0.0000000000,0.0000000000,0.0000000000,,,
24.9159999597,194,203897.2187500000,214881.9062500000,225000.0000000000,176729.0937500000,0.0000000000,0.0000000000,0.0000000000,0.0000000000,,,
24.9199999599,194,225000.0000000000,216506.4062500000,225000.0000000000,225000.0000000000,0.0000000000,0.0000000000,0.0000000000,0.0000000000,,,
24.9239999598,194,225000.0000000000,217758.2812500000,225000.0000000000,225000.0000000000,0.0000000000,0.0000000000,0.0000000000,0.0000000000,,,
24.9279999598,194,225000.0000000000,216883.1250000000,225000.0000000000,225000.0000000000,0.0000000000,0.0000000000,0.0000000000,0.0000000000,,,
24.9319999598,194,204965.7812500000,215077.5468750000,225000.0000000000,183847.9687500000,0.0000000000,0.0000000000,0.0000000000,0.0000000000,,,
24.9359999597,194,203747.6718750000,214859.7968750000,225000.0000000000,176586.9062500000,0.0000000000,0.0000000000,0.0000000000,0.0000000000,,,
24.9399999597,194,225000.0000000000,216478.4843750000,225000.0000000000,225000.0000000000,0.0000000000,0.0000000000,0.0000000000,0.0000000000,,,
24.9439999599,194,225000.0000000000,217735.5937500000,225000.0000000000,225000.0000000000,0.0000000000,0.0000000000,0.0000000000,0.0000000000,,,
24.9479999598,194,225000.0000000000,216872.0312500000,225000.0000000000,225000.0000000000,0.0000000000,0.0000000000,0.0000000000,0.0000000000,,,
24.9519999598,194,205014.2656250000,215069.2343750000,225000.0000000000,184107.4218750000,0.0000000000,0.0000000000,0.0000000000,0.0000000000,,,
24.9559999597,194,203626.5312500000,214841.0312500000,225000.0000000000,176366.9687500000,0.0000000000,0.0000000000,0.0000000000,0.0000000000,,,
24.9599999597,195,225000.0000000000,216459.5781250000,225000.0000000000,225000.0000000000,0.0000000000,0.0000000000,0.0000000000,0.0000000000,,,
24.9639999596,195,225000.0000000000,217728.1093750000,225000.0000000000,225000.0000000000,0.0000000000,0.0000000000,0.0000000000,0.0000000000,,,
24.9679999596,195,225000.0000000000,216875.7031250000,225000.0000000000,225000.0000000000,0.0000000000,0.0000000000,0.0000000000,0.0000000000,,,
24.9719999596,195,205125.4843750000,215079.2031250000,225000.0000000000,184382.6562500000,0.0000000000,0.0000000000,0.0000000000,0.0000000000,,,
24.9759999595,195,203568.5000000000,214848.9218750000,225000.0000000000,176170.6250000000,0.0000000000,0.0000000000,0.0000000000,0.0000000000,,,
24.9799999595,195,225000.0000000000,216468.4375000000,225000.0000000000,225000.0000000000,0.0000000000,0.0000000000,0.0000000000,0.0000000000,,,
24.9839999597,195,225000.0000000000,217749.7812500000,225000.0000000000,225000.0000000000,0.0000000000,0.0000000000,0.0000000000,0.0000000000,,,
24.9879999596,195,225000.0000000000,216912.9531250000,225000.0000000000,225000.0000000000,0.0000000000,0.0000000000,0.0000000000,0.0000000000,,,
24.9919999596,195,205254.3593750000,215114.9062500000,225000.0000000000,184702.3281250000,0.0000000000,0.0000000000,0.0000000000,0.0000000000,,,
24.9959999595,195,203517.4687500000,214865.5781250000,225000.0000000000,176016.3437500000,0.0000000000,0.0000000000,0.0000000000,0.0000000000,,,
24.9999999595,195,225000.0000000000,216475.9687500000,225000.0000000000,225000.0000000000,0.0000000000,0.0000000000,0.0000000000,0.0000000000,,,
25.0039999597,195,225000.0000000000,217757.6093750000,225000.0000000000,225000.0000000000,0.0000000000,0.0000000000,0.0000000000,0.0000000000,,,
25.0079999596,195,225000.0000000000,216923.7656250000,225000.0000000000,225000.0000000000,0.0000000000,0.0000000000,0.0000000000,0.0000000000,,,
25.0119999596,195,205341.7968750000,215120.1406250000,225000.0000000000,184972.7031250000,0.0000000000,0.0000000000,0.0000000000,0.0000000000,,,
25.0159999595,195,203443.6718750000,214858.3906250000,225000.0000000000,175862.9531250000,0.0000000000,0.0000000000,0.0000000000,0.0000000000,,,
25.0199999595,195,225000.0000000000,216456.0156250000,225000.0000000000,225000.0000000000,0.0000000000,0.0000000000,0.0000000000,0.0000000000,,,
25.0239999595,195,225000.0000000000,217747.7656250000,225000.0000000000,225000.0000000000,0.0000000000,0.0000000000,0.0000000000,0.0000000000,,,
25.0279999597,195,225000.0000000000,216930.8750000000,225000.0000000000,225000.0000000000,0.0000000000,0.0000000000,0.0000000000,0.0000000000,,,
25.0319999596,195,205429.4531250000,215122.4531250000,225000.0000000000,185253.7343750000,0.0000000000,0.0000000000,0.0000000000,0.0000000000,,,
25.0359999596,195,203355.1718750000,214845.1406250000,225000.0000000000,175657.5937500000,0.0000000000,0.0000000000,0.0000000000,0.0000000000,,,
25.0399999595,195,225000.0000000000,216438.2343750000,225000.0000000000,225000.0000000000,0.0000000000,0.0000000000,0.0000000000,0.0000000000,,,
25.0439999595,195,225000.0000000000,217742.1093750000,225000.0000000000,225000.0000000000,0.0000000000,0.0000000000,0.0000000000,0.0000000000,,,
25.0479999597,195,225000.0000000000,216933.5000000000,225000.0000000000,225000.0000000000,0.0000000000,0.0000000000,0.0000000000,0.0000000000,,,
25.0519999596,195,205531.1562500000,215120.5937500000,225000.0000000000,185532.2656250000,0.0000000000,0.0000000000,0.0000000000,0.0000000000,,,
25.0559999596,195,203297.0625000000,214832.9843750000,225000.0000000000,175483.2500000000,0.0000000000,0.0000000000,0.0000000000,0.0000000000,,,
25.0599999595,195,225000.0000000000,216426.0000000000,225000.0000000000,225000.0000000000,0.0000000000,0.0000000000,0.0000000000,0.0000000000,,,
25.0639999595,195,225000.0000000000,217736.3593750000,225000.0000000000,225000.0000000000,0.0000000000,0.0000000000,0.0000000000,0.0000000000,,,
25.0679999595,195,225000.0000000000,216936.3125000000,225000.0000000000,225000.0000000000,0.0000000000,0.0000000000,0.0000000000,0.0000000000,,,
25.0719999596,195,205698.3125000000,215123.2187500000,225000.0000000000,185823.2187500000,0.0000000000,0.0000000000,0.0000000000,0.0000000000,,,
25.0759999596,195,203317.0781250000,214824.5625000000,225000.0000000000,175345.9218750000,0.0000000000,0.0000000000,0.0000000000,0.0000000000,,,
25.0799999596,195,225000.0000000000,216412.5625000000,225000.0000000000,225000.0000000000,0.0000000000,0.0000000000,0.0000000000,0.0000000000,,,
25.0839999595,195,225000.0000000000,217727.6718750000,225000.0000000000,225000.0000000000,0.0000000000,0.0000000000,0.0000000000,0.0000000000,,,
25.0879999595,196,225000.0000000000,216935.6718750000,225000.0000000000,225000.0000000000,0.0000000000,0.0000000000,0.0000000000,0.0000000000,,,
25.0919999594,196,205888.4375000000,215123.7656250000,225000.0000000000,186133.8750000000,0.0000000000,0.0000000000,0.0000000000,0.0000000000,,,
25.0959999594,196,203351.4687500000,214818.1718750000,225000.0000000000,175223.5937500000,0.0000000000,0.0000000000,0.0000000000,0.0000000000,,,
25.0999999593,196,225000.0000000000,216389.4218750000,225000.0000000000,225000.0000000000,0.0000000000,0.0000000000,0.0000000000,0.0000000000,,,
25.1039999593,196,225000.0000000000,217705.1406250000,225000.0000000000,225000.0000000000,0.0000000000,0.0000000000,0.0000000000,0.0000000000,,,
25.1079999593,196,225000.0000000000,216926.9843750000,225000.0000000000,225000.0000000000,0.0000000000,0.0000000000,0.0000000000,0.0000000000,,,
25.1119999595,196,206034.3125000000,215111.0156250000,225000.0000000000,186437.4843750000,0.0000000000,0.0000000000,0.0000000000,0.0000000000,,,
25.1159999594,196,203301.0312500000,214785.1250000000,225000.0000000000,174999.7031250000,0.0000000000,0.0000000000,0.0000000000,0.0000000000,,,
25.1199999594,196,225000.0000000000,216354.7812500000,225000.0000000000,225000.0000000000,0.0000000000,0.0000000000,0.0000000000,0.0000000000,,,
25.1239999593,196,225000.0000000000,217688.2812500000,225000.0000000000,225000.0000000000,0.0000000000,0.0000000000,0.0000000000,0.0000000000,,,
25.1279999593,196,225000.0000000000,216925.8906250000,225000.0000000000,225000.0000000000,0.0000000000,0.0000000000,0.0000000000,0.0000000000,,,
25.1319999595,196,206155.3437500000,215110.1875000000,225000.0000000000,186738.2812500000,0.0000000000,0.0000000000,0.0000000000,0.0000000000,,,
25.1359999594,196,203253.5937500000,214776.7968750000,225000.0000000000,174820.6093750000,0.0000000000,0.0000000000,0.0000000000,0.0000000000,,,
25.1399999594,196,225000.0000000000,216341.9062500000,225000.0000000000,225000.0000000000,0.0000000000,0.0000000000,0.0000000000,0.0000000000,,,
25.1439999593,196,225000.0000000000,217679.4218750000,225000.0000000000,225000.0000000000,0.0000000000,0.0000000000,0.0000000000,0.0000000000,,,
25.1479999593,196,225000.0000000000,216927.3125000000,225000.0000000000,225000.0000000000,0.0000000000,0.0000000000,0.0000000000,0.0000000000,,,
25.1519999593,196,206273.8593750000,215115.0937500000,225000.0000000000,187024.2343750000,0.0000000000,0.0000000000,0.0000000000,0.0000000000,,,
25.1559999594,196,203215.8750000000,214770.9218750000,225000.0000000000,174678.5625000000,0.0000000000,0.0000000000,0.0000000000,0.0000000000,,,
25.1599999594,196,225000.0000000000,216322.4687500000,225000.0000000000,225000.0000000000,0.0000000000,0.0000000000,0.0000000000,0.0000000000,,,
25.1639999594,196,225000.0000000000,217658.5312500000,225000.0000000000,225000.0000000000,0.0000000000,0.0000000000,0.0000000000,0.0000000000,,,
25.1679999593,196,225000.0000000000,216916.4218750000,225000.0000000000,225000.0000000000,0.0000000000,0.0000000000,0.0000000000,0.0000000000,,,
25.1719999593,196,206364.9218750000,215103.4843750000,225000.0000000000,187299.1718750000,0.0000000000,0.0000000000,0.0000000000,0.0000000000,,,
25.1759999595,196,203143.7812500000,214746.0781250000,225000.0000000000,174507.7031250000,0.0000000000,0.0000000000,0.0000000000,0.0000000000,,,
25.1799999594,196,225000.0000000000,216280.7812500000,225000.0000000000,225000.0000000000,0.0000000000,0.0000000000,0.0000000000,0.0000000000,,,
25.1839999594,196,225000.0000000000,217612.8281250000,225000.0000000000,225000.0000000000,0.0000000000,0.0000000000,0.0000000000,0.0000000000,,,
25.1879999593,196,225000.0000000000,216880.3125000000,225000.0000000000,225000.0000000000,0.0000000000,0.0000000000,0.0000000000,0.0000000000,,,
25.1919999593,196,206423.8750000000,215076.3593750000,225000.0000000000,187508.4531250000,0.0000000000,0.0000000000,0.0000000000,0.0000000000,,,
25.1959999593,196,203029.3906250000,214707.2968750000,225000.0000000000,174277.9687500000,0.0000000000,0.0000000000,0.0000000000,0.0000000000,,,
25.1999999594,196,225000.0000000000,216226.4687500000,225000.0000000000,225000.0000000000,0.0000000000,0.0000000000,0.0000000000,0.0000000000,,,
25.2039999594,196,225000.0000000000,217566.5781250000,225000.0000000000,225000.0000000000,0.0000000000,0.0000000000,0.0000000000,0.0000000000,,,
25.2079999594,196,225000.0000000000,216854.3281250000,225000.0000000000,225000.0000000000,0.0000000000,0.0000000000,0.0000000000,0.0000000000,,,
25.2119999593,196,206462.5625000000,215059.9843750000,225000.0000000000,187706.0000000000,0.0000000000,0.0000000000,0.0000000000,0.0000000000,,,
25.2159999593,197,202896.8281250000,214692.4375000000,225000.0000000000,174022.1250000000,0.0000000000,0.0000000000,0.0000000000,0.0000000000,,,
25.2199999592,197,225000.0000000000,216213.7500000000,225000.0000000000,225000.0000000000,0.0000000000,0.0000000000,0.0000000000,0.0000000000,,,
25.2239999592,197,225000.0000000000,217555.7187500000,225000.0000000000,225000.0000000000,0.0000000000,0.0000000000,0.0000000000,0.0000000000,,,
25.2279999591,197,225000.0000000000,216849.5468750000,225000.0000000000,225000.0000000000,0.0000000000,0.0000000000,0.0000000000,0.0000000000,,,
25.2319999591,197,206508.7656250000,215051.7500000000,225000.0000000000,187934.2812500000,0.0000000000,0.0000000000,0.0000000000,0.0000000000,,,
25.2359999591,197,202785.2187500000,214664.9218750000,225000.0000000000,173849.3906250000,0.0000000000,0.0000000000,0.0000000000,0.0000000000,,,
25.2399999592,197,225000.0000000000,216176.6406250000,225000.0000000000,225000.0000000000,0.0000000000,0.0000000000,0.0000000000,0.0000000000,,,
25.2439999592,197,225000.0000000000,217533.8281250000,225000.0000000000,225000.0000000000,0.0000000000,0.0000000000,0.0000000000,0.0000000000,,,
25.2479999592,197,225000.0000000000,216854.2968750000,225000.0000000000,225000.0000000000,0.0000000000,0.0000000000,0.0000000000,0.0000000000,,,
25.2519999591,197,206620.3750000000,215080.6093750000,225000.0000000000,188274.9218750000,0.0000000000,0.0000000000,0.0000000000,0.0000000000,,,
25.2559999591,197,202743.3281250000,214711.4218750000,225000.0000000000,173781.6093750000,0.0000000000,0.0000000000,0.0000000000,0.0000000000,,,
25.2599999593,197,225000.0000000000,216235.6406250000,225000.0000000000,225000.0000000000,0.0000000000,0.0000000000,0.0000000000,0.0000000000,,,
25.2639999592,197,225000.0000000000,217607.4062500000,225000.0000000000,225000.0000000000,0.0000000000,0.0000000000,0.0000000000,0.0000000000,,,
25.2679999592,197,225000.0000000000,216938.1406250000,225000.0000000000,225000.0000000000,0.0000000000,0.0000000000,0.0000000000,0.0000000000,,,
25.2719999591,197,206820.8750000000,215155.6718750000,225000.0000000000,188727.3593750000,0.0000000000,0.0000000000,0.0000000000,0.0000000000,,,
25.2759999591,197,202778.1093750000,214759.1718750000,225000.0000000000,173753.2031250000,0.0000000000,0.0000000000,0.0000000000,0.0000000000,,,
25.2799999590,197,225000.0000000000,216261.0937500000,225000.0000000000,225000.0000000000,0.0000000000,0.0000000000,0.0000000000,0.0000000000,,,
25.2839999592,197,225000.0000000000,217630.3593750000,225000.0000000000,225000.0000000000,0.0000000000,0.0000000000,0.0000000000,0.0000000000,,,
25.2879999592,197,225000.0000000000,216970.3281250000,225000.0000000000,225000.0000000000,0.0000000000,0.0000000000,0.0000000000,0.0000000000,,,
25.2919999592,197,207088.3125000000,215186.2500000000,225000.0000000000,189181.1562500000,0.0000000000,0.0000000000,0.0000000000,0.0000000000,,,
25.2959999591,197,202911.6406250000,214771.9062500000,225000.0000000000,173782.0625000000,0.0000000000,0.0000000000,0.0000000000,0.0000000000,,,
25.2999999591,197,225000.0000000000,216263.7500000000,225000.0000000000,225000.0000000000,0.0000000000,0.0000000000,0.0000000000,0.0000000000,,,
25.3039999593,197,225000.0000000000,217637.0937500000,225000.0000000000,225000.0000000000,0.0000000000,0.0000000000,0.0000000000,0.0000000000,,,
25.3079999592,197,225000.0000000000,216985.4062500000,225000.0000000000,225000.0000000000,0.0000000000,0.0000000000,0.0000000000,0.0000000000,,,
25.3119999592,197,207348.8125000000,215191.8906250000,225000.0000000000,189572.2812500000,0.0000000000,0.0000000000,0.0000000000,0.0000000000,,,
25.3159999591,197,203037.2968750000,214767.2968750000,225000.0000000000,173755.0312500000,0.0000000000,0.0000000000,0.0000000000,0.0000000000,,,
25.3199999591,197,225000.0000000000,216252.3750000000,225000.0000000000,225000.0000000000,0.0000000000,0.0000000000,0.0000000000,0.0000000000,,,
25.3239999590,197,225000.0000000000,217629.4843750000,225000.0000000000,225000.0000000000,0.0000000000,0.0000000000,0.0000000000,0.0000000000,,,
25.3279999592,197,225000.0000000000,216984.3281250000,225000.0000000000,225000.0000000000,0.0000000000,0.0000000000,0.0000000000,0.0000000000,,,
25.3319999592,197,207553.5468750000,215186.8437500000,225000.0000000000,189928.2656250000,0.0000000000,0.0000000000,0.0000000000,0.0000000000,,,
25.3359999591,197,203105.1250000000,214747.9531250000,225000.0000000000,173697.7656250000,0.0000000000,0.0000000000,0.0000000000,0.0000000000,,,
25.3399999591,197,225000.0000000000,216226.8437500000,225000.0000000000,225000.0000000000,0.0000000000,0.0000000000,0.0000000000,0.0000000000,,,
25.3439999591,198,225000.0000000000,217610.5468750000,225000.0000000000,225000.0000000000,0.0000000000,0.0000000000,0.0000000000,0.0000000000,,,
25.3479999590,198,225000.0000000000,216976.3437500000,225000.0000000000,225000.0000000000,0.0000000000,0.0000000000,0.0000000000,0.0000000000,,,
25.3519999590,198,207697.4687500000,215184.8906250000,225000.0000000000,190245.2500000000,0.0000000000,0.0000000000,0.0000000000,0.0000000000,,,
25.3559999589,198,203087.1562500000,214743.0156250000,225000.0000000000,173566.1406250000,0.0000000000,0.0000000000,0.0000000000,0.0000000000,,,
25.3599999589,198,225000.0000000000,216223.8437500000,225000.0000000000,225000.0000000000,0.0000000000,0.0000000000,0.0000000000,0.0000000000,,,
25.3639999588,198,225000.0000000000,217624.4375000000,225000.0000000000,225000.0000000000,0.0000000000,0.0000000000,0.0000000000,0.0000000000,,,
25.3679999590,198,225000.0000000000,217012.2812500000,225000.0000000000,225000.0000000000,0.0000000000,0.0000000000,0.0000000000,0.0000000000,,,
25.3719999590,198,207797.5000000000,215226.7812500000,225000.0000000000,190572.6718750000,0.0000000000,0.0000000000,0.0000000000,0.0000000000,,,
25.3759999590,198,203020.3906250000,214776.6562500000,225000.0000000000,173428.0312500000,0.0000000000,0.0000000000,0.0000000000,0.0000000000,,,
25.3799999589,198,225000.0000000000,216249.3281250000,225000.0000000000,225000.0000000000,0.0000000000,0.0000000000,0.0000000000,0.0000000000,,,
25.3839999589,198,225000.0000000000,217657.2343750000,225000.0000000000,225000.0000000000,0.0000000000,0.0000000000,0.0000000000,0.0000000000,,,
25.3879999591,198,225000.0000000000,217050.9218750000,225000.0000000000,225000.0000000000,0.0000000000,0.0000000000,0.0000000000,0.0000000000,,,
25.3919999590,198,207889.2500000000,215259.4218750000,225000.0000000000,190880.3906250000,0.0000000000,0.0000000000,0.0000000000,0.0000000000,,,
25.3959999590,198,202961.3437500000,214793.2812500000,225000.0000000000,173308.0937500000,0.0000000000,0.0000000000,0.0000000000,0.0000000000,,,
25.3999999589,198,225000.0000000000,216253.6093750000,225000.0000000000,225000.0000000000,0.0000000000,0.0000000000,0.0000000000,0.0000000000,,,
25.4039999589,198,225000.0000000000,217657.3437500000,225000.0000000000,225000.0000000000,0.0000000000,0.0000000000,0.0000000000,0.0000000000,,,
25.4079999588,198,225000.0000000000,217061.7968750000,225000.0000000000,225000.0000000000,0.0000000000,0.0000000000,0.0000000000,0.0000000000,,,
25.4119999590,198,207992.9687500000,215265.7500000000,225000.0000000000,191145.6718750000,0.0000000000,0.0000000000,0.0000000000,0.0000000000,,,
25.4159999590,198,202886.2812500000,214776.1250000000,225000.0000000000,173080.1562500000,0.0000000000,0.0000000000,0.0000000000,0.0000000000,,,
25.4199999589,198,225000.0000000000,216223.2500000000,225000.0000000000,224771.4531250000,0.0000000000,0.0000000000,0.0000000000,0.0000000000,,,
25.4239999589,198,225000.0000000000,217632.6718750000,225000.0000000000,225000.0000000000,0.0000000000,0.0000000000,0.0000000000,0.0000000000,,,
25.4279999589,198,225000.0000000000,217039.1875000000,225000.0000000000,225000.0000000000,0.0000000000,0.0000000000,0.0000000000,0.0000000000,,,
25.4319999591,198,208049.5468750000,215231.9375000000,225000.0000000000,191343.1250000000,0.0000000000,0.0000000000,0.0000000000,0.0000000000,,,
25.4359999590,198,202787.8281250000,214735.1562500000,225000.0000000000,172859.4687500000,0.0000000000,0.0000000000,0.0000000000,0.0000000000,,,
25.4399999590,198,224974.3125000000,216182.9375000000,225000.0000000000,224511.8125000000,0.0000000000,0.0000000000,0.0000000000,0.0000000000,,,
25.4439999589,198,225000.0000000000,217607.5468750000,225000.0000000000,225000.0000000000,0.0000000000,0.0000000000,0.0000000000,0.0000000000,,,
25.4479999589,198,225000.0000000000,217034.5468750000,225000.0000000000,225000.0000000000,0.0000000000,0.0000000000,0.0000000000,0.0000000000,,,
25.4519999588,198,208141.6718750000,215238.7812500000,225000.0000000000,191588.9843750000,0.0000000000,0.0000000000,0.0000000000,0.0000000000,,,
25.4559999590,198,202708.0625000000,214734.3593750000,225000.0000000000,172653.1406250000,0.0000000000,0.0000000000,0.0000000000,0.0000000000,,,
25.4599999590,198,224839.6562500000,216176.5312500000,225000.0000000000,224242.3281250000,0.0000000000,0.0000000000,0.0000000000,0.0000000000,,,
25.4639999589,198,225000.0000000000,217608.2656250000,225000.0000000000,225000.0000000000,0.0000000000,0.0000000000,0.0000000000,0.0000000000,,,
25.4679999589,198,225000.0000000000,217044.9687500000,225000.0000000000,225000.0000000000,0.0000000000,0.0000000000,0.0000000000,0.0000000000,,,
25.4719999589,199,208240.6250000000,215240.9218750000,225000.0000000000,191874.5000000000,0.0000000000,0.0000000000,0.0000000000,0.0000000000,,,
25.4759999588,199,202644.3750000000,214721.3437500000,225000.0000000000,172505.4062500000,0.0000000000,0.0000000000,0.0000000000,0.0000000000,,,
25.4799999588,199,224696.5156250000,216160.5156250000,225000.0000000000,223970.6875000000,0.0000000000,0.0000000000,0.0000000000,0.0000000000,,,
25.4839999587,199,225000.0000000000,217601.3125000000,225000.0000000000,225000.0000000000,0.0000000000,0.0000000000,0.0000000000,0.0000000000,,,
25.4879999587,199,225000.0000000000,217041.9687500000,225000.0000000000,225000.0000000000,0.0000000000,0.0000000000,0.0000000000,0.0000000000,,,
25.4919999586,199,208346.3593750000,215234.4218750000,225000.0000000000,192169.0312500000,0.0000000000,0.0000000000,0.0000000000,0.0000000000,,,
25.4959999588,199,202575.6406250000,214705.7968750000,225000.0000000000,172331.8125000000,0.0000000000,0.0000000000,0.0000000000,0.0000000000,,,
25.4999999588,199,224546.9531250000,216145.7031250000,225000.0000000000,223705.7031250000,0.0000000000,0.0000000000,0.0000000000,0.0000000000,,,
25.5039999587,199,225000.0000000000,217596.7031250000,225000.0000000000,225000.0000000000,0.0000000000,0.0000000000,0.0000000000,0.0000000000,,,
25.5079999587,199,225000.0000000000,217047.5156250000,225000.0000000000,225000.0000000000,0.0000000000,0.0000000000,0.0000000000,0.0000000000,,,
25.5119999587,199,208429.8281250000,215232.8125000000,225000.0000000000,192424.7343750000,0.0000000000,0.0000000000,0.0000000000,0.0000000000,,,
25.5159999589,199,202490.7187500000,214689.5937500000,225000.0000000000,172140.2500000000,0.0000000000,0.0000000000,0.0000000000,0.0000000000,,,
25.5199999588,199,224381.8125000000,216126.6093750000,225000.0000000000,223420.3750000000,0.0000000000,0.0000000000,0.0000000000,0.0000000000,,,
25.5239999588,199,225000.0000000000,217590.2656250000,225000.0000000000,225000.0000000000,0.0000000000,0.0000000000,0.0000000000,0.0000000000,,,
25.5279999587,199,225000.0000000000,217055.2187500000,225000.0000000000,225000.0000000000,0.0000000000,0.0000000000,0.0000000000,0.0000000000,,,
25.5319999587,199,208511.7968750000,215235.7187500000,225000.0000000000,192701.0312500000,0.0000000000,0.0000000000,0.0000000000,0.0000000000,,,
25.5359999586,199,202398.9375000000,214674.9687500000,225000.0000000000,171962.3750000000,0.0000000000,0.0000000000,0.0000000000,0.0000000000,,,
25.5399999588,199,224198.8593750000,216105.7187500000,225000.0000000000,223120.3437500000,0.0000000000,0.0000000000,0.0000000000,0.0000000000,,,
25.5439999588,199,225000.0000000000,217575.4843750000,225000.0000000000,225000.0000000000,0.0000000000,0.0000000000,0.0000000000,0.0000000000,,,
25.5479999587,199,225000.0000000000,217044.4062500000,225000.0000000000,225000.0000000000,0.0000000000,0.0000000000,0.0000000000,0.0000000000,,,
25.5519999587,199,208589.0156250000,215223.0625000000,225000.0000000000,192966.1562500000,0.0000000000,0.0000000000,0.0000000000,0.0000000000,,,
25.5559999587,199,202321.4218750000,214657.8281250000,225000.0000000000,171809.1562500000,0.0000000000,0.0000000000,0.0000000000,0.0000000000,,,
25.5599999588,199,224042.2187500000,216090.6718750000,225000.0000000000,222860.8125000000,0.0000000000,0.0000000000,0.0000000000,0.0000000000,,,
25.5639999588,199,225000.0000000000,217574.6093750000,225000.0000000000,225000.0000000000,0.0000000000,0.0000000000,0.0000000000,0.0000000000,,,
25.5679999588,199,225000.0000000000,217058.8125000000,225000.0000000000,225000.0000000000,0.0000000000,0.0000000000,0.0000000000,0.0000000000,,,
25.5719999587,199,208684.8750000000,215232.4375000000,225000.0000000000,193250.7656250000,0.0000000000,0.0000000000,0.0000000000,0.0000000000,,,
25.5759999587,199,202267.3125000000,214653.1406250000,225000.0000000000,171734.0312500000,0.0000000000,0.0000000000,0.0000000000,0.0000000000,,,
25.5799999586,199,223900.8125000000,216081.5468750000,225000.0000000000,222638.5000000000,0.0000000000,0.0000000000,0.0000000000,0.0000000000,,,
25.5839999588,199,225000.0000000000,217572.3437500000,225000.0000000000,225000.0000000000,0.0000000000,0.0000000000,0.0000000000,0.0000000000,,,
25.5879999588,199,225000.0000000000,217063.2656250000,225000.0000000000,225000.0000000000,0.0000000000,0.0000000000,0.0000000000,0.0000000000,,,
25.5919999587,199,208812.0625000000,215229.1406250000,225000.0000000000,193661.5312500000,0.0000000000,0.0000000000,0.0000000000,0.0000000000,,,
25.5959999587,199,202248.3750000000,214634.2343750000,225000.0000000000,171851.5468750000,0.0000000000,0.0000000000,0.0000000000,0.0000000000,,,
25.5999999586,200,223770.8281250000,216059.6406250000,225000.0000000000,222459.7968750000,0.0000000000,0.0000000000,0.0000000000,0.0000000000,,,
25.6039999586,200,225000.0000000000,217558.8593750000,225000.0000000000,225000.0000000000,0.0000000000,0.0000000000,0.0000000000,0.0000000000,,,
25.6079999586,200,225000.0000000000,217058.9687500000,225000.0000000000,225000.0000000000,0.0000000000,0.0000000000,0.0000000000,0.0000000000,,,
25.6119999585,200,208963.1250000000,215219.1718750000,225000.0000000000,194102.9375000000,0.0000000000,0.0000000000,0.0000000000,0.0000000000,,,
25.6159999585,200,202257.8437500000,214617.5000000000,225000.0000000000,172004.9375000000,0.0000000000,0.0000000000,0.0000000000,0.0000000000,,,
25.6199999584,200,223662.3593750000,216046.1718750000,225000.0000000000,222311.4687500000,0.0000000000,0.0000000000,0.0000000000,0.0000000000,,,
25.6239999586,200,225000.0000000000,217562.8281250000,225000.0000000000,225000.0000000000,0.0000000000,0.0000000000,0.0000000000,0.0000000000,,,
25.6279999586,200,225000.0000000000,217080.5937500000,225000.0000000000,225000.0000000000,0.0000000000,0.0000000000,0.0000000000,0.0000000000,,,
25.6319999585,200,209157.3750000000,215241.7500000000,225000.0000000000,194578.8906250000,0.0000000000,0.0000000000,0.0000000000,0.0000000000,,,
25.6359999585,200,202329.7343750000,214628.0156250000,225000.0000000000,172232.5000000000,0.0000000000,0.0000000000,0.0000000000,0.0000000000,,,
25.6399999585,200,223567.6250000000,216049.2500000000,225000.0000000000,222179.0781250000,0.0000000000,0.0000000000,0.0000000000,0.0000000000,,,
25.6439999586,200,225000.0000000000,217571.9531250000,225000.0000000000,225000.0000000000,0.0000000000,0.0000000000,0.0000000000,0.0000000000,,,
25.6479999586,200,225000.0000000000,217099.3906250000,225000.0000000000,225000.0000000000,0.0000000000,0.0000000000,0.0000000000,0.0000000000,,,
25.6519999586,200,209359.8281250000,215256.6718750000,225000.0000000000,195063.7656250000,0.0000000000,0.0000000000,0.0000000000,0.0000000000,,,
25.6559999585,200,202392.0312500000,214629.4531250000,225000.0000000000,172427.0156250000,0.0000000000,0.0000000000,0.0000000000,0.0000000000,,,
25.6599999585,200,223460.7968750000,216050.3593750000,225000.0000000000,222053.2500000000,0.0000000000,0.0000000000,0.0000000000,0.0000000000,,,
25.6639999584,200,225000.0000000000,217586.0781250000,225000.0000000000,225000.0000000000,0.0000000000,0.0000000000,0.0000000000,0.0000000000,,,
25.6679999586,200,225000.0000000000,217120.9062500000,225000.0000000000,225000.0000000000,0.0000000000,0.0000000000,0.0000000000,0.0000000000,,,
25.6719999586,200,209537.0468750000,215272.3281250000,225000.0000000000,195511.9062500000,0.0000000000,0.0000000000,0.0000000000,0.0000000000,,,
25.6759999585,200,202435.8125000000,214631.6093750000,225000.0000000000,172570.3437500000,0.0000000000,0.0000000000,0.0000000000,0.0000000000,,,
25.6799999585,200,223337.4843750000,216045.9531250000,225000.0000000000,221846.1875000000,0.0000000000,0.0000000000,0.0000000000,0.0000000000,,,
25.6839999584,200,225000.0000000000,217591.1718750000,225000.0000000000,225000.0000000000,0.0000000000,0.0000000000,0.0000000000,0.0000000000,,,
25.6879999586,200,225000.0000000000,217131.9062500000,225000.0000000000,225000.0000000000,0.0000000000,0.0000000000,0.0000000000,0.0000000000,,,
25.6919999586,200,209690.5156250000,215278.5000000000,225000.0000000000,195905.0000000000,0.0000000000,0.0000000000,0.0000000000,0.0000000000,,,
25.6959999586,200,202445.4687500000,214627.8125000000,225000.0000000000,172622.6250000000,0.0000000000,0.0000000000,0.0000000000,0.0000000000,,,
25.6999999585,200,223206.2500000000,216040.9375000000,225000.0000000000,221665.7812500000,0.0000000000,0.0000000000,0.0000000000,0.0000000000,,,
25.7039999585,200,225000.0000000000,217591.2343750000,225000.0000000000,225000.0000000000,0.0000000000,0.0000000000,0.0000000000,0.0000000000,,,
25.7079999584,200,225000.0000000000,217142.6562500000,225000.0000000000,225000.0000000000,0.0000000000,0.0000000000,0.0000000000,0.0000000000,,,
25.7119999586,200,209798.5000000000,215284.4218750000,225000.0000000000,196257.8750000000,0.0000000000,0.0000000000,0.0000000000,0.0000000000,,,
25.7159999586,200,202399.0312500000,214617.0625000000,225000.0000000000,172604.7812500000,0.0000000000,0.0000000000,0.0000000000,0.0000000000,,,
25.7199999585,200,223027.7968750000,216018.9531250000,225000.0000000000,221411.4531250000,0.0000000000,0.0000000000,0.0000000000,0.0000000000,,,
25.7239999585,200,225000.0000000000,217571.2500000000,225000.0000000000,225000.0000000000,0.0000000000,0.0000000000,0.0000000000,0.0000000000,,,
25.7279999584,201,225000.0000000000,217127.0156250000,225000.0000000000,225000.0000000000,0.0000000000,0.0000000000,0.0000000000,0.0000000000,,,
25.7319999584,201,209864.0625000000,215267.7656250000,225000.0000000000,196536.0468750000,0.0000000000,0.0000000000,0.0000000000,0.0000000000,,,
25.7359999584,201,202316.7500000000,214593.1718750000,225000.0000000000,172496.5937500000,0.0000000000,0.0000000000,0.0000000000,0.0000000000,,,
25.7399999583,201,222847.9531250000,215986.3906250000,225000.0000000000,221143.8125000000,0.0000000000,0.0000000000,0.0000000000,0.0000000000,,,
25.7439999583,201,225000.0000000000,217545.8437500000,225000.0000000000,225000.0000000000,0.0000000000,0.0000000000,0.0000000000,0.0000000000,,,
25.7479999582,201,225000.0000000000,217120.7187500000,225000.0000000000,225000.0000000000,0.0000000000,0.0000000000,0.0000000000,0.0000000000,,,
25.7519999584,201,209931.4062500000,215270.3125000000,225000.0000000000,196801.4062500000,0.0000000000,0.0000000000,0.0000000000,0.0000000000,,,
25.7559999584,201,202234.1875000000,214588.0156250000,225000.0000000000,172372.2187500000,0.0000000000,0.0000000000,0.0000000000,0.0000000000,,,
25.7599999583,201,222681.2656250000,215982.4375000000,225000.0000000000,220860.0468750000,0.0000000000,0.0000000000,0.0000000000,0.0000000000,,,
25.7639999583,201,225000.0000000000,217554.5156250000,225000.0000000000,225000.0000000000,0.0000000000,0.0000000000,0.0000000000,0.0000000000,,,
25.7679999582,201,225000.0000000000,217146.5781250000,225000.0000000000,225000.0000000000,0.0000000000,0.0000000000,0.0000000000,0.0000000000,,,
25.7719999584,201,210043.5000000000,215299.7968750000,225000.0000000000,197127.7968750000,0.0000000000,0.0000000000,0.0000000000,0.0000000000,,,
25.7759999584,201,202194.1406250000,214606.4375000000,225000.0000000000,172293.1875000000,0.0000000000,0.0000000000,0.0000000000,0.0000000000,,,
25.7799999584,201,222544.0625000000,215985.2343750000,225000.0000000000,220595.2031250000,0.0000000000,0.0000000000,0.0000000000,0.0000000000,,,
25.7839999583,201,225000.0000000000,217557.3281250000,225000.0000000000,225000.0000000000,0.0000000000,0.0000000000,0.0000000000,0.0000000000,,,
25.7879999583,201,225000.0000000000,217160.6093750000,225000.0000000000,225000.0000000000,0.0000000000,0.0000000000,0.0000000000,0.0000000000,,,
25.7919999582,201,210162.6093750000,215309.0781250000,225000.0000000000,197441.9687500000,0.0000000000,0.0000000000,0.0000000000,0.0000000000,,,
25.7959999584,201,202168.6562500000,214598.4531250000,225000.0000000000,172255.6718750000,0.0000000000,0.0000000000,0.0000000000,0.0000000000,,,
25.7999999584,201,222408.7968750000,215970.3750000000,225000.0000000000,220358.8750000000,0.0000000000,0.0000000000,0.0000000000,0.0000000000,,,
25.8039999583,201,225000.0000000000,217552.6406250000,225000.0000000000,225000.0000000000,0.0000000000,0.0000000000,0.0000000000,0.0000000000,,,
25.8079999583,201,225000.0000000000,217166.1250000000,225000.0000000000,225000.0000000000,0.0000000000,0.0000000000,0.0000000000,0.0000000000,,,
25.8119999582,201,210295.5625000000,215320.6093750000,225000.0000000000,197759.9687500000,0.0000000000,0.0000000000,0.0000000000,0.0000000000,,,
25.8159999584,201,202154.3593750000,214604.5625000000,225000.0000000000,172197.8750000000,0.0000000000,0.0000000000,0.0000000000,0.0000000000,,,
25.8199999584,201,222289.9062500000,215968.5000000000,225000.0000000000,220093.8906250000,0.0000000000,0.0000000000,0.0000000000,0.0000000000,,,
25.8239999583,201,225000.0000000000,217549.9062500000,225000.0000000000,225000.0000000000,0.0000000000,0.0000000000,0.0000000000,0.0000000000,,,
25.8279999583,201,225000.0000000000,217168.2500000000,225000.0000000000,225000.0000000000,0.0000000000,0.0000000000,0.0000000000,0.0000000000,,,
25.8319999583,201,210413.1250000000,215320.0156250000,225000.0000000000,198073.6875000000,0.0000000000,0.0000000000,0.0000000000,0.0000000000,,,
25.8359999582,201,202126.8750000000,214594.4531250000,225000.0000000000,172143.5000000000,0.0000000000,0.0000000000,0.0000000000,0.0000000000,,,
25.8399999584,201,222158.7187500000,215952.2656250000,225000.0000000000,219846.2968750000,0.0000000000,0.0000000000,0.0000000000,0.0000000000,,,
25.8439999584,201,225000.0000000000,217542.5781250000,225000.0000000000,225000.0000000000,0.0000000000,0.0000000000,0.0000000000,0.0000000000,,,
25.8479999583,201,225000.0000000000,217170.2812500000,225000.0000000000,225000.0000000000,0.0000000000,0.0000000000,0.0000000000,0.0000000000,,,
25.8519999583,201,210527.3125000000,215319.1406250000,225000.0000000000,198350.9062500000,0.0000000000,0.0000000000,0.0000000000,0.0000000000,,,
25.8559999582,202,202130.2500000000,214579.7500000000,225000.0000000000,172184.1406250000,0.0000000000,0.0000000000,0.0000000000,0.0000000000,,,
25.8599999582,202,222187.9531250000,215935.2656250000,225000.0000000000,219882.6718750000,0.0000000000,0.0000000000,0.0000000000,0.0000000000,,,
25.8639999582,202,225000.0000000000,217523.9843750000,225000.0000000000,225000.0000000000,0.0000000000,0.0000000000,0.0000000000,0.0000000000,,,
25.8679999581,202,225000.0000000000,217164.1250000000,225000.0000000000,225000.0000000000,0.0000000000,0.0000000000,0.0000000000,0.0000000000,,,
25.8719999581,202,210622.4531250000,215317.9531250000,225000.0000000000,198611.4375000000,0.0000000000,0.0000000000,0.0000000000,0.0000000000,,,
25.8759999580,202,202054.2968750000,214571.7656250000,225000.0000000000,171958.6093750000,0.0000000000,0.0000000000,0.0000000000,0.0000000000,,,
25.8799999582,202,221869.1093750000,215920.8281250000,225000.0000000000,219290.9218750000,0.0000000000,0.0000000000,0.0000000000,0.0000000000,,,
25.8839999582,202,225000.0000000000,217523.6875000000,225000.0000000000,225000.0000000000,0.0000000000,0.0000000000,0.0000000000,0.0000000000,,,
25.8879999581,202,225000.0000000000,217179.4375000000,225000.0000000000,225000.0000000000,0.0000000000,0.0000000000,0.0000000000,0.0000000000,,,
25.8919999581,202,210762.5156250000,215340.5312500000,225000.0000000000,198954.3593750000,0.0000000000,0.0000000000,0.0000000000,0.0000000000,,,
25.8959999580,202,202051.5781250000,214589.0937500000,225000.0000000000,171961.1093750000,0.0000000000,0.0000000000,0.0000000000,0.0000000000,,,
25.8999999582,202,221743.5625000000,215935.7187500000,225000.0000000000,219072.7031250000,0.0000000000,0.0000000000,0.0000000000,0.0000000000,,,
25.9039999582,202,225000.0000000000,217551.9687500000,225000.0000000000,225000.0000000000,0.0000000000,0.0000000000,0.0000000000,0.0000000000,,,
25.9079999581,202,225000.0000000000,217226.1093750000,225000.0000000000,225000.0000000000,0.0000000000,0.0000000000,0.0000000000,0.0000000000,,,
25.9119999581,202,210909.7187500000,215386.4843750000,225000.0000000000,199363.2812500000,0.0000000000,0.0000000000,0.0000000000,0.0000000000,,,
25.9159999581,202,202051.9531250000,214619.8750000000,225000.0000000000,171993.3281250000,0.0000000000,0.0000000000,0.0000000000,0.0000000000,,,
25.9199999580,202,221607.1093750000,215952.0781250000,225000.0000000000,218804.4218750000,0.0000000000,0.0000000000,0.0000000000,0.0000000000,,,
25.9239999582,202,225000.0000000000,217568.8437500000,225000.0000000000,225000.0000000000,0.0000000000,0.0000000000,0.0000000000,0.0000000000,,,
25.9279999582,202,225000.0000000000,217247.1562500000,225000.0000000000,225000.0000000000,0.0000000000,0.0000000000,0.0000000000,0.0000000000,,,
25.9319999581,202,211042.9687500000,215404.5625000000,225000.0000000000,199721.8437500000,0.0000000000,0.0000000000,0.0000000000,0.0000000000,,,
25.9359999581,202,202037.6406250000,214623.5312500000,225000.0000000000,171984.6406250000,0.0000000000,0.0000000000,0.0000000000,0.0000000000,,,
25.9399999580,202,221472.4218750000,215945.6406250000,225000.0000000000,218600.8437500000,0.0000000000,0.0000000000,0.0000000000,0.0000000000,,,
25.9439999582,202,225000.0000000000,217565.6406250000,225000.0000000000,225000.0000000000,0.0000000000,0.0000000000,0.0000000000,0.0000000000,,,
25.9479999582,202,225000.0000000000,217252.7656250000,225000.0000000000,225000.0000000000,0.0000000000,0.0000000000,0.0000000000,0.0000000000,,,
25.9519999581,202,211161.0625000000,215401.2343750000,225000.0000000000,200035.9062500000,0.0000000000,0.0000000000,0.0000000000,0.0000000000,,,
25.9559999581,202,201995.4218750000,214601.7187500000,225000.0000000000,171939.7031250000,0.0000000000,0.0000000000,0.0000000000,0.0000000000,,,
25.9599999581,202,221313.7656250000,215916.0781250000,225000.0000000000,218319.1250000000,0.0000000000,0.0000000000,0.0000000000,0.0000000000,,,
25.9639999580,202,225000.0000000000,217549.2500000000,225000.0000000000,225000.0000000000,0.0000000000,0.0000000000,0.0000000000,0.0000000000,,,
25.9679999582,202,225000.0000000000,217254.2343750000,225000.0000000000,225000.0000000000,0.0000000000,0.0000000000,0.0000000000,0.0000000000,,,
25.9719999582,202,211307.5156250000,215409.2031250000,225000.0000000000,200400.5156250000,0.0000000000,0.0000000000,0.0000000000,0.0000000000,,,
25.9759999581,202,201989.3906250000,214597.2968750000,225000.0000000000,171909.8281250000,0.0000000000,0.0000000000,0.0000000000,0.0000000000,,,
25.9799999581,202,221197.3281250000,215902.0625000000,225000.0000000000,218042.3281250000,0.0000000000,0.0000000000,0.0000000000,0.0000000000,,,
25.9839999580,203,225000.0000000000,217536.1718750000,225000.0000000000,225000.0000000000,0.0000000000,0.0000000000,0.0000000000,0.0000000000,,,
25.9879999580,203,225000.0000000000,217251.3906250000,225000.0000000000,225000.0000000000,0.0000000000,0.0000000000,0.0000000000,0.0000000000,,,
25.9919999579,203,211447.2500000000,215404.8593750000,225000.0000000000,200742.6093750000,0.0000000000,0.0000000000,0.0000000000,0.0000000000,,,
25.9959999579,203,202013.9531250000,214585.8125000000,225000.0000000000,171993.7812500000,0.0000000000,0.0000000000,0.0000000000,0.0000000000,,,
25.9999999579,203,221087.6562500000,215890.6250000000,225000.0000000000,217841.7187500000,0.0000000000,0.0000000000,0.0000000000,0.0000000000,,,
26.0039999578,203,225000.0000000000,217529.9375000000,225000.0000000000,225000.0000000000,0.0000000000,0.0000000000,0.0000000000,0.0000000000,,,
26.0079999580,203,225000.0000000000,217249.0156250000,225000.0000000000,225000.0000000000,0.0000000000,0.0000000000,0.0000000000,0.0000000000,,,
26.0119999580,203,211594.8906250000,215394.3750000000,225000.0000000000,201129.3281250000,0.0000000000,0.0000000000,0.0000000000,0.0000000000,,,
26.0159999579,203,202024.8906250000,214563.7500000000,225000.0000000000,172058.8437500000,0.0000000000,0.0000000000,0.0000000000,0.0000000000,,,
26.0199999579,203,220940.0468750000,215852.1718750000,225000.0000000000,217575.0000000000,0.0000000000,0.0000000000,0.0000000000,0.0000000000,,,
26.0239999578,203,225000.0000000000,217494.2968750000,225000.0000000000,225000.0000000000,0.0000000000,0.0000000000,0.0000000000,0.0000000000,,,
26.0279999580,203,225000.0000000000,217236.1562500000,225000.0000000000,225000.0000000000,0.0000000000,0.0000000000,0.0000000000,0.0000000000,,,
26.0319999580,203,211721.1875000000,215401.0781250000,225000.0000000000,201451.4375000000,0.0000000000,0.0000000000,0.0000000000,0.0000000000,,,
26.0359999579,203,202032.3593750000,214562.8906250000,225000.0000000000,172096.8281250000,0.0000000000,0.0000000000,0.0000000000,0.0000000000,,,
26.0399999579,203,220807.8125000000,215841.7031250000,225000.0000000000,217354.5312500000,0.0000000000,0.0000000000,0.0000000000,0.0000000000,,,
26.0439999579,203,225000.0000000000,217478.4531250000,225000.0000000000,225000.0000000000,0.0000000000,0.0000000000,0.0000000000,0.0000000000,,,
26.0479999578,203,225000.0000000000,217228.7656250000,225000.0000000000,225000.0000000000,0.0000000000,0.0000000000,0.0000000000,0.0000000000,,,
26.0519999580,203,211840.6562500000,215398.1250000000,225000.0000000000,201752.9218750000,0.0000000000,0.0000000000,0.0000000000,0.0000000000,,,
26.0559999580,203,202021.2968750000,214552.7187500000,225000.0000000000,172062.6875000000,0.0000000000,0.0000000000,0.0000000000,0.0000000000,,,
26.0599999579,203,220672.0781250000,215821.1875000000,225000.0000000000,217071.8281250000,0.0000000000,0.0000000000,0.0000000000,0.0000000000,,,
26.0639999579,203,225000.0000000000,217463.2343750000,225000.0000000000,225000.0000000000,0.0000000000,0.0000000000,0.0000000000,0.0000000000,,,
26.0679999578,203,225000.0000000000,217230.4687500000,225000.0000000000,225000.0000000000,0.0000000000,0.0000000000,0.0000000000,0.0000000000,,,
26.0719999580,203,211948.6406250000,215404.2343750000,225000.0000000000,202045.4687500000,0.0000000000,0.0000000000,0.0000000000,0.0000000000,,,
26.0759999580,203,202013.8437500000,214551.7500000000,225000.0000000000,172050.2656250000,0.0000000000,0.0000000000,0.0000000000,0.0000000000,,,
26.0799999579,203,220527.5000000000,215810.2500000000,225000.0000000000,216790.3593750000,0.0000000000,0.0000000000,0.0000000000,0.0000000000,,,
26.0839999579,203,225000.0000000000,217455.3750000000,225000.0000000000,225000.0000000000,0.0000000000,0.0000000000,0.0000000000,0.0000000000,,,
26.0879999578,203,225000.0000000000,217229.9687500000,225000.0000000000,225000.0000000000,0.0000000000,0.0000000000,0.0000000000,0.0000000000,,,
26.0919999578,203,212042.4687500000,215406.1093750000,225000.0000000000,202289.1718750000,0.0000000000,0.0000000000,0.0000000000,0.0000000000,,,
26.0959999580,203,201967.0625000000,214539.8906250000,225000.0000000000,171985.4375000000,0.0000000000,0.0000000000,0.0000000000,0.0000000000,,,
26.0999999580,203,220355.3906250000,215791.6093750000,225000.0000000000,216496.7500000000,0.0000000000,0.0000000000,0.0000000000,0.0000000000,,,
26.1039999579,203,225000.0000000000,217439.8437500000,225000.0000000000,225000.0000000000,0.0000000000,0.0000000000,0.0000000000,0.0000000000,,,
26.1079999579,203,225000.0000000000,217222.6406250000,225000.0000000000,225000.0000000000,0.0000000000,0.0000000000,0.0000000000,0.0000000000,,,
26.1119999578,204,212128.9062500000,215398.0781250000,225000.0000000000,202550.8281250000,0.0000000000,0.0000000000,0.0000000000,0.0000000000,,,
26.1159999578,204,201920.8593750000,214521.8125000000,225000.0000000000,171918.1718750000,0.0000000000,0.0000000000,0.0000000000,0.0000000000,,,
26.1199999577,204,220211.2187500000,215760.4843750000,225000.0000000000,216200.4531250000,0.0000000000,0.0000000000,0.0000000000,0.0000000000,,,
26.1239999577,204,225000.0000000000,217409.0312500000,225000.0000000000,225000.0000000000,0.0000000000,0.0000000000,0.0000000000,0.0000000000,,,
26.1279999577,204,225000.0000000000,217204.8125000000,225000.0000000000,225000.0000000000,0.0000000000,0.0000000000,0.0000000000,0.0000000000,,,
26.1319999576,204,212217.8593750000,215391.9531250000,225000.0000000000,202811.1875000000,0.0000000000,0.0000000000,0.0000000000,0.0000000000,,,
26.1359999578,204,201861.4375000000,214514.4687500000,225000.0000000000,171819.3906250000,0.0000000000,0.0000000000,0.0000000000,0.0000000000,,,
26.1399999578,204,220061.5468750000,215754.3437500000,225000.0000000000,215906.1875000000,0.0000000000,0.0000000000,0.0000000000,0.0000000000,,,
26.1439999577,204,225000.0000000000,217413.9062500000,225000.0000000000,225000.0000000000,0.0000000000,0.0000000000,0.0000000000,0.0000000000,,,
26.1479999577,204,225000.0000000000,217221.1093750000,225000.0000000000,225000.0000000000,0.0000000000,0.0000000000,0.0000000000,0.0000000000,,,
26.1519999576,204,212351.2343750000,215407.5937500000,225000.0000000000,203154.7968750000,0.0000000000,0.0000000000,0.0000000000,0.0000000000,,,
26.1559999578,204,201849.7187500000,214514.8750000000,225000.0000000000,171819.0000000000,0.0000000000,0.0000000000,0.0000000000,0.0000000000,,,
26.1599999578,204,219959.4843750000,215740.8906250000,225000.0000000000,215676.8593750000,0.0000000000,0.0000000000,0.0000000000,0.0000000000,,,
26.1639999577,204,225000.0000000000,217405.5625000000,225000.0000000000,225000.0000000000,0.0000000000,0.0000000000,0.0000000000,0.0000000000,,,
26.1679999577,204,225000.0000000000,217233.3437500000,225000.0000000000,225000.0000000000,0.0000000000,0.0000000000,0.0000000000,0.0000000000,,,
26.1719999576,204,212542.1406250000,215430.6875000000,225000.0000000000,203613.9218750000,0.0000000000,0.0000000000,0.0000000000,0.0000000000,,,
26.1759999576,204,201901.1406250000,214535.8281250000,225000.0000000000,171965.7187500000,0.0000000000,0.0000000000,0.0000000000,0.0000000000,,,
26.1799999578,204,219888.7031250000,215759.4218750000,225000.0000000000,215532.5312500000,0.0000000000,0.0000000000,0.0000000000,0.0000000000,,,
26.1839999577,204,225000.0000000000,217432.3437500000,225000.0000000000,225000.0000000000,0.0000000000,0.0000000000,0.0000000000,0.0000000000,,,
26.1879999577,204,225000.0000000000,217274.2187500000,225000.0000000000,225000.0000000000,0.0000000000,0.0000000000,0.0000000000,0.0000000000,,,
26.1919999577,204,212740.2500000000,215471.7500000000,225000.0000000000,204046.2031250000,0.0000000000,0.0000000000,0.0000000000,0.0000000000,,,
26.1959999576,204,201961.7812500000,214560.3281250000,225000.0000000000,172109.2187500000,0.0000000000,0.0000000000,0.0000000000,0.0000000000,,,
26.1999999578,204,219792.4218750000,215766.5468750000,225000.0000000000,215323.1562500000,0.0000000000,0.0000000000,0.0000000000,0.0000000000,,,
26.2039999578,204,225000.0000000000,217441.8281250000,225000.0000000000,225000.0000000000,0.0000000000,0.0000000000,0.0000000000,0.0000000000,,,
26.2079999577,204,225000.0000000000,217289.1875000000,225000.0000000000,225000.0000000000,0.0000000000,0.0000000000,0.0000000000,0.0000000000,,,
26.2119999577,204,212881.4062500000,215482.0312500000,225000.0000000000,204414.8750000000,0.0000000000,0.0000000000,0.0000000000,0.0000000000,,,
26.2159999576,204,201959.2031250000,214552.0937500000,225000.0000000000,172134.6562500000,0.0000000000,0.0000000000,0.0000000000,0.0000000000,,,
26.2199999576,204,219653.3906250000,215747.0781250000,225000.0000000000,215051.1562500000,0.0000000000,0.0000000000,0.0000000000,0.0000000000,,,
26.2239999578,204,225000.0000000000,217422.8750000000,225000.0000000000,225000.0000000000,0.0000000000,0.0000000000,0.0000000000,0.0000000000,,,
26.2279999577,204,225000.0000000000,217279.2968750000,225000.0000000000,225000.0000000000,0.0000000000,0.0000000000,0.0000000000,0.0000000000,,,
26.2319999577,204,212984.1562500000,215469.2500000000,225000.0000000000,204689.0000000000,0.0000000000,0.0000000000,0.0000000000,0.0000000000,,,
26.2359999577,204,201927.9375000000,214530.9375000000,225000.0000000000,172093.3125000000,0.0000000000,0.0000000000,0.0000000000,0.0000000000,,,
26.2399999576,205,219506.0937500000,215728.9687500000,225000.0000000000,214781.9687500000,0.0000000000,0.0000000000,0.0000000000,0.0000000000,,,
26.2439999576,205,225000.0000000000,217419.7031250000,225000.0000000000,225000.0000000000,0.0000000000,0.0000000000,0.0000000000,0.0000000000,,,
26.2479999575,205,225000.0000000000,217296.0781250000,225000.0000000000,225000.0000000000,0.0000000000,0.0000000000,0.0000000000,0.0000000000,,,
26.2519999575,205,213107.0937500000,215500.7968750000,225000.0000000000,205010.6718750000,0.0000000000,0.0000000000,0.0000000000,0.0000000000,,,
26.2559999574,205,201903.2656250000,214564.0625000000,225000.0000000000,172053.7500000000,0.0000000000,0.0000000000,0.0000000000,0.0000000000,,,
26.2599999574,205,219371.0156250000,215763.5781250000,225000.0000000000,214492.4687500000,0.0000000000,0.0000000000,0.0000000000,0.0000000000,,,
26.2639999576,205,225000.0000000000,217465.2031250000,225000.0000000000,225000.0000000000,0.0000000000,0.0000000000,0.0000000000,0.0000000000,,,
26.2679999575,205,225000.0000000000,217356.8281250000,225000.0000000000,225000.0000000000,0.0000000000,0.0000000000,0.0000000000,0.0000000000,,,
26.2719999575,205,213238.5468750000,215554.6250000000,225000.0000000000,205410.2500000000,0.0000000000,0.0000000000,0.0000000000,0.0000000000,,,
26.2759999575,205,201878.9843750000,214597.5312500000,225000.0000000000,172088.6250000000,0.0000000000,0.0000000000,0.0000000000,0.0000000000,,,
26.2799999574,205,219229.1250000000,215779.9375000000,225000.0000000000,214248.6562500000,0.0000000000,0.0000000000,0.0000000000,0.0000000000,,,
26.2839999576,205,225000.0000000000,217482.6093750000,225000.0000000000,225000.0000000000,0.0000000000,0.0000000000,0.0000000000,0.0000000000,,,
26.2879999576,205,225000.0000000000,217376.8906250000,225000.0000000000,225000.0000000000,0.0000000000,0.0000000000,0.0000000000,0.0000000000,,,
26.2919999575,205,213349.6718750000,215562.4687500000,225000.0000000000,205744.7968750000,0.0000000000,0.0000000000,0.0000000000,0.0000000000,,,
26.2959999575,205,201846.4687500000,214582.4687500000,225000.0000000000,172089.1562500000,0.0000000000,0.0000000000,0.0000000000,0.0000000000,,,
26.2999999574,205,219076.1250000000,215751.1562500000,225000.0000000000,213983.1718750000,0.0000000000,0.0000000000,0.0000000000,0.0000000000,,,
26.3039999574,205,225000.0000000000,217457.4218750000,225000.0000000000,225000.0000000000,0.0000000000,0.0000000000,0.0000000000,0.0000000000,,,
26.3079999576,205,225000.0000000000,217355.7343750000,225000.0000000000,225000.0000000000,0.0000000000,0.0000000000,0.0000000000,0.0000000000,,,
26.3119999575,205,213480.8593750000,215542.6406250000,225000.0000000000,206036.0000000000,0.0000000000,0.0000000000,0.0000000000,0.0000000000,,,
26.3159999575,205,201831.0312500000,214551.9687500000,225000.0000000000,172026.3906250000,0.0000000000,0.0000000000,0.0000000000,0.0000000000,,,
26.3199999575,205,218936.4375000000,215715.1875000000,225000.0000000000,213665.5781250000,0.0000000000,0.0000000000,0.0000000000,0.0000000000,,,
26.3239999574,205,225000.0000000000,217434.1875000000,225000.0000000000,225000.0000000000,0.0000000000,0.0000000000,0.0000000000,0.0000000000,,,
26.3279999576,205,225000.0000000000,217354.3437500000,225000.0000000000,225000.0000000000,0.0000000000,0.0000000000,0.0000000000,0.0000000000,,,
26.3319999576,205,213613.0000000000,215545.4375000000,225000.0000000000,206282.3437500000,0.0000000000,0.0000000000,0.0000000000,0.0000000000,,,
26.3359999575,205,201816.6250000000,214543.2968750000,225000.0000000000,171922.1406250000,0.0000000000,0.0000000000,0.0000000000,0.0000000000,,,
26.3399999575,205,218805.5000000000,215702.7187500000,225000.0000000000,213337.5468750000,0.0000000000,0.0000000000,0.0000000000,0.0000000000,,,
26.3439999574,205,225000.0000000000,217433.4687500000,225000.0000000000,225000.0000000000,0.0000000000,0.0000000000,0.0000000000,0.0000000000,,,
26.3479999574,205,225000.0000000000,217367.8906250000,225000.0000000000,225000.0000000000,0.0000000000,0.0000000000,0.0000000000,0.0000000000,,,
26.3519999576,205,213736.4375000000,215554.5781250000,225000.0000000000,206577.5468750000,0.0000000000,0.0000000000,0.0000000000,0.0000000000,,,
26.3559999575,205,201790.3125000000,214541.0312500000,225000.0000000000,171849.7187500000,0.0000000000,0.0000000000,0.0000000000,0.0000000000,,,
26.3599999575,205,218671.2031250000,215690.4062500000,225000.0000000000,213011.0156250000,0.0000000000,0.0000000000,0.0000000000,0.0000000000,,,
26.3639999575,205,225000.0000000000,217422.0937500000,225000.0000000000,225000.0000000000,0.0000000000,0.0000000000,0.0000000000,0.0000000000,,,
26.3679999574,206,225000.0000000000,217369.1718750000,225000.0000000000,225000.0000000000,0.0000000000,0.0000000000,0.0000000000,0.0000000000,,,
26.3719999574,206,213868.2656250000,215558.5468750000,225000.0000000000,206866.7656250000,0.0000000000,0.0000000000,0.0000000000,0.0000000000,,,
26.3759999573,206,201777.1093750000,214532.7656250000,225000.0000000000,171814.0468750000,0.0000000000,0.0000000000,0.0000000000,0.0000000000,,,
26.3799999573,206,218547.0625000000,215680.5000000000,225000.0000000000,212717.4687500000,0.0000000000,0.0000000000,0.0000000000,0.0000000000,,,
26.3839999572,206,225000.0000000000,217419.2031250000,225000.0000000000,225000.0000000000,0.0000000000,0.0000000000,0.0000000000,0.0000000000,,,
26.3879999572,206,225000.0000000000,217378.2187500000,225000.0000000000,225000.0000000000,0.0000000000,0.0000000000,0.0000000000,0.0000000000,,,
26.3919999574,206,213987.6250000000,215568.2031250000,225000.0000000000,207153.0156250000,0.0000000000,0.0000000000,0.0000000000,0.0000000000,,,
26.3959999573,206,201736.0156250000,214532.0312500000,225000.0000000000,171773.7343750000,0.0000000000,0.0000000000,0.0000000000,0.0000000000,,,
26.3999999573,206,218403.7500000000,215669.6406250000,225000.0000000000,212435.1093750000,0.0000000000,0.0000000000,0.0000000000,0.0000000000,,,
26.4039999573,206,225000.0000000000,217415.2031250000,225000.0000000000,225000.0000000000,0.0000000000,0.0000000000,0.0000000000,0.0000000000,,,
26.4079999572,206,225000.0000000000,217386.9843750000,225000.0000000000,225000.0000000000,0.0000000000,0.0000000000,0.0000000000,0.0000000000,,,
26.4119999574,206,214107.1718750000,215577.4531250000,225000.0000000000,207484.0781250000,0.0000000000,0.0000000000,0.0000000000,0.0000000000,,,
26.4159999574,206,201710.9687500000,214528.6875000000,225000.0000000000,171781.5937500000,0.0000000000,0.0000000000,0.0000000000,0.0000000000,,,
26.4199999573,206,218261.0937500000,215661.8593750000,225000.0000000000,212141.6875000000,0.0000000000,0.0000000000,0.0000000000,0.0000000000,,,
26.4239999573,206,225000.0000000000,217415.3125000000,225000.0000000000,225000.0000000000,0.0000000000,0.0000000000,0.0000000000,0.0000000000,,,
26.4279999572,206,225000.0000000000,217390.7656250000,225000.0000000000,225000.0000000000,0.0000000000,0.0000000000,0.0000000000,0.0000000000,,,
26.4319999572,206,214210.2500000000,215573.0312500000,225000.0000000000,207781.9687500000,0.0000000000,0.0000000000,0.0000000000,0.0000000000,,,
26.4359999574,206,201662.9531250000,214506.9843750000,225000.0000000000,171775.6406250000,0.0000000000,0.0000000000,0.0000000000,0.0000000000,,,
26.4399999573,206,218098.0937500000,215626.7343750000,225000.0000000000,211853.4843750000,0.0000000000,0.0000000000,0.0000000000,0.0000000000,,,
26.4439999573,206,225000.0000000000,217383.9843750000,225000.0000000000,225000.0000000000,0.0000000000,0.0000000000,0.0000000000,0.0000000000,,,
26.4479999573,206,225000.0000000000,217372.8437500000,225000.0000000000,225000.0000000000,0.0000000000,0.0000000000,0.0000000000,0.0000000000,,,
26.4519999572,206,214308.7500000000,215555.7031250000,225000.0000000000,208066.7656250000,0.0000000000,0.0000000000,0.0000000000,0.0000000000,,,
26.4559999574,206,201614.5468750000,214479.7968750000,225000.0000000000,171762.3593750000,0.0000000000,0.0000000000,0.0000000000,0.0000000000,,,
26.4599999574,206,217944.8593750000,215599.1875000000,225000.0000000000,211552.6406250000,0.0000000000,0.0000000000,0.0000000000,0.0000000000,,,
26.4639999573,206,225000.0000000000,217365.3437500000,225000.0000000000,225000.0000000000,0.0000000000,0.0000000000,0.0000000000,0.0000000000,,,
26.4679999573,206,225000.0000000000,217367.4218750000,225000.0000000000,225000.0000000000,0.0000000000,0.0000000000,0.0000000000,0.0000000000,,,
26.4719999572,206,214423.6562500000,215555.4687500000,225000.0000000000,208371.5468750000,0.0000000000,0.0000000000,0.0000000000,0.0000000000,,,
26.4759999572,206,201584.0000000000,214474.3750000000,225000.0000000000,171772.0468750000,0.0000000000,0.0000000000,0.0000000000,0.0000000000,,,
26.4799999574,206,217800.8437500000,215588.9687500000,225000.0000000000,211281.9218750000,0.0000000000,0.0000000000,0.0000000000,0.0000000000,,,
26.4839999573,206,225000.0000000000,217366.4843750000,225000.0000000000,225000.0000000000,0.0000000000,0.0000000000,0.0000000000,0.0000000000,,,
26.4879999573,206,225000.0000000000,217387.4062500000,225000.0000000000,225000.0000000000,0.0000000000,0.0000000000,0.0000000000,0.0000000000,,,
26.4919999572,206,214557.8125000000,215577.7500000000,225000.0000000000,208707.3593750000,0.0000000000,0.0000000000,0.0000000000,0.0000000000,,,
26.4959999572,207,201583.2187500000,214479.6562500000,225000.0000000000,171816.9218750000,0.0000000000,0.0000000000,0.0000000000,0.0000000000,,,
26.4999999572,207,217671.4843750000,215580.8437500000,225000.0000000000,210987.2812500000,0.0000000000,0.0000000000,0.0000000000,0.0000000000,,,
26.5039999571,207,225000.0000000000,217363.4062500000,225000.0000000000,225000.0000000000,0.0000000000,0.0000000000,0.0000000000,0.0000000000,,,
26.5079999571,207,225000.0000000000,217395.1562500000,225000.0000000000,225000.0000000000,0.0000000000,0.0000000000,0.0000000000,0.0000000000,,,
26.5119999570,207,214696.7187500000,215586.5781250000,225000.0000000000,209065.6406250000,0.0000000000,0.0000000000,0.0000000000,0.0000000000,,,
26.5159999570,207,201606.0937500000,214481.0781250000,225000.0000000000,171899.9218750000,0.0000000000,0.0000000000,0.0000000000,0.0000000000,,,
26.5199999572,207,217560.3281250000,215582.2031250000,225000.0000000000,210739.9375000000,0.0000000000,0.0000000000,0.0000000000,0.0000000000,,,
26.5239999571,207,225000.0000000000,217372.0937500000,225000.0000000000,225000.0000000000,0.0000000000,0.0000000000,0.0000000000,0.0000000000,,,
26.5279999571,207,225000.0000000000,217413.0000000000,225000.0000000000,225000.0000000000,0.0000000000,0.0000000000,0.0000000000,0.0000000000,,,
26.5319999570,207,214849.7656250000,215602.7187500000,225000.0000000000,209403.8750000000,0.0000000000,0.0000000000,0.0000000000,0.0000000000,,,
26.5359999570,207,201643.2656250000,214480.7031250000,225000.0000000000,171994.8593750000,0.0000000000,0.0000000000,0.0000000000,0.0000000000,,,
26.5399999572,207,217439.8437500000,215569.8125000000,225000.0000000000,210526.5937500000,0.0000000000,0.0000000000,0.0000000000,0.0000000000,,,
26.5439999572,207,225000.0000000000,217367.8593750000,225000.0000000000,225000.0000000000,0.0000000000,0.0000000000,0.0000000000,0.0000000000,,,
26.5479999571,207,225000.0000000000,217423.1093750000,225000.0000000000,225000.0000000000,0.0000000000,0.0000000000,0.0000000000,0.0000000000,,,
26.5519999571,207,214997.0781250000,215615.2812500000,225000.0000000000,209737.2187500000,0.0000000000,0.0000000000,0.0000000000,0.0000000000,,,
26.5559999570,207,201680.9062500000,214487.2500000000,225000.0000000000,172064.1875000000,0.0000000000,0.0000000000,0.0000000000,0.0000000000,,,
26.5599999570,207,217327.6562500000,215570.7187500000,225000.0000000000,210250.7500000000,0.0000000000,0.0000000000,0.0000000000,0.0000000000,,,
26.5639999572,207,225000.0000000000,217375.2031250000,225000.0000000000,225000.0000000000,0.0000000000,0.0000000000,0.0000000000,0.0000000000,,,
26.5679999571,207,225000.0000000000,217436.7031250000,225000.0000000000,225000.0000000000,0.0000000000,0.0000000000,0.0000000000,0.0000000000,,,
26.5719999571,207,215143.5312500000,215627.8750000000,225000.0000000000,210028.7187500000,0.0000000000,0.0000000000,0.0000000000,0.0000000000,,,
26.5759999570,207,201720.0625000000,214484.2968750000,225000.0000000000,172100.6406250000,0.0000000000,0.0000000000,0.0000000000,0.0000000000,,,
26.5799999570,207,217211.2187500000,215552.5625000000,225000.0000000000,209960.2187500000,0.0000000000,0.0000000000,0.0000000000,0.0000000000,,,
26.5839999572,207,225000.0000000000,217350.7968750000,225000.0000000000,225000.0000000000,0.0000000000,0.0000000000,0.0000000000,0.0000000000,,,
26.5879999571,207,225000.0000000000,217422.5468750000,225000.0000000000,225000.0000000000,0.0000000000,0.0000000000,0.0000000000,0.0000000000,,,
26.5919999571,207,215272.2500000000,215616.4218750000,225000.0000000000,210322.0937500000,0.0000000000,0.0000000000,0.0000000000,0.0000000000,,,
26.5959999571,207,201721.3437500000,214464.5312500000,225000.0000000000,172106.2656250000,0.0000000000,0.0000000000,0.0000000000,0.0000000000,,,
26.5999999570,207,217084.7500000000,215527.8281250000,225000.0000000000,209668.1718750000,0.0000000000,0.0000000000,0.0000000000,0.0000000000,,,
26.6039999570,207,225000.0000000000,217336.0937500000,225000.0000000000,225000.0000000000,0.0000000000,0.0000000000,0.0000000000,0.0000000000,,,
26.6079999572,207,225000.0000000000,217424.9687500000,225000.0000000000,225000.0000000000,0.0000000000,0.0000000000,0.0000000000,0.0000000000,,,
26.6119999571,207,215402.1718750000,215627.2656250000,225000.0000000000,210592.6718750000,0.0000000000,0.0000000000,0.0000000000,0.0000000000,,,
26.6159999571,207,201712.8281250000,214469.0000000000,225000.0000000000,172078.1406250000,0.0000000000,0.0000000000,0.0000000000,0.0000000000,,,
26.6199999570,207,216954.2031250000,215523.2187500000,225000.0000000000,209355.7187500000,0.0000000000,0.0000000000,0.0000000000,0.0000000000,,,
26.6239999570,208,225000.0000000000,217337.0625000000,225000.0000000000,225000.0000000000,0.0000000000,0.0000000000,0.0000000000,0.0000000000,,,
26.6279999570,208,225000.0000000000,217439.8281250000,225000.0000000000,225000.0000000000,0.0000000000,0.0000000000,0.0000000000,0.0000000000,,,
26.6319999569,208,215525.2031250000,215645.5625000000,225000.0000000000,210873.3750000000,0.0000000000,0.0000000000,0.0000000000,0.0000000000,,,
26.6359999569,208,201685.4843750000,214471.4218750000,225000.0000000000,172042.7500000000,0.0000000000,0.0000000000,0.0000000000,0.0000000000,,,
26.6399999568,208,216797.3281250000,215508.5312500000,225000.0000000000,209010.9218750000,0.0000000000,0.0000000000,0.0000000000,0.0000000000,,,
26.6439999568,208,225000.0000000000,217321.8906250000,225000.0000000000,225000.0000000000,0.0000000000,0.0000000000,0.0000000000,0.0000000000,,,
26.6479999570,208,225000.0000000000,217438.6093750000,225000.0000000000,225000.0000000000,0.0000000000,0.0000000000,0.0000000000,0.0000000000,,,
26.6519999569,208,215634.5937500000,215652.5625000000,225000.0000000000,211158.7812500000,0.0000000000,0.0000000000,0.0000000000,0.0000000000,,,
26.6559999569,208,201647.0312500000,214474.1875000000,225000.0000000000,172009.9843750000,0.0000000000,0.0000000000,0.0000000000,0.0000000000,,,
26.6599999568,208,216646.1093750000,215504.7343750000,225000.0000000000,208696.7343750000,0.0000000000,0.0000000000,0.0000000000,0.0000000000,,,
26.6639999568,208,225000.0000000000,217319.3125000000,225000.0000000000,225000.0000000000,0.0000000000,0.0000000000,0.0000000000,0.0000000000,,,
26.6679999570,208,225000.0000000000,217443.4375000000,225000.0000000000,225000.0000000000,0.0000000000,0.0000000000,0.0000000000,0.0000000000,,,
26.6719999569,208,215748.5781250000,215661.6718750000,225000.0000000000,211454.8437500000,0.0000000000,0.0000000000,0.0000000000,0.0000000000,,,
26.6759999569,208,201625.8593750000,214473.2968750000,225000.0000000000,172032.9062500000,0.0000000000,0.0000000000,0.0000000000,0.0000000000,,,
26.6799999569,208,216490.5000000000,215490.3593750000,225000.0000000000,208403.8906250000,0.0000000000,0.0000000000,0.0000000000,0.0000000000,,,
26.6839999568,208,225000.0000000000,217307.6718750000,225000.0000000000,225000.0000000000,0.0000000000,0.0000000000,0.0000000000,0.0000000000,,,
26.6879999568,208,225000.0000000000,217448.7343750000,225000.0000000000,225000.0000000000,0.0000000000,0.0000000000,0.0000000000,0.0000000000,,,
26.6919999570,208,215852.8906250000,215665.9375000000,225000.0000000000,211735.4531250000,0.0000000000,0.0000000000,0.0000000000,0.0000000000,,,
26.6959999569,208,201596.9531250000,214462.1718750000,225000.0000000000,172054.1250000000,0.0000000000,0.0000000000,0.0000000000,0.0000000000,,,
26.6999999569,208,216331.3437500000,215472.6875000000,225000.0000000000,208103.9843750000,0.0000000000,0.0000000000,0.0000000000,0.0000000000,,,
26.7039999568,208,225000.0000000000,217294.2343750000,225000.0000000000,225000.0000000000,0.0000000000,0.0000000000,0.0000000000,0.0000000000,,,
26.7079999568,208,225000.0000000000,217451.3750000000,225000.0000000000,225000.0000000000,0.0000000000,0.0000000000,0.0000000000,0.0000000000,,,
26.7119999570,208,215983.1406250000,215680.9062500000,225000.0000000000,212062.9375000000,0.0000000000,0.0000000000,0.0000000000,0.0000000000,,,
26.7159999569,208,201598.2031250000,214470.8281250000,225000.0000000000,172085.2968750000,0.0000000000,0.0000000000,0.0000000000,0.0000000000,,,
26.7199999569,208,216199.3281250000,215466.9218750000,225000.0000000000,207802.2343750000,0.0000000000,0.0000000000,0.0000000000,0.0000000000,,,
26.7239999569,208,225000.0000000000,217289.7187500000,225000.0000000000,225000.0000000000,0.0000000000,0.0000000000,0.0000000000,0.0000000000,,,
26.7279999568,208,225000.0000000000,217455.3281250000,225000.0000000000,225000.0000000000,0.0000000000,0.0000000000,0.0000000000,0.0000000000,,,
26.7319999568,208,216120.7343750000,215687.8281250000,225000.0000000000,212382.4062500000,0.0000000000,0.0000000000,0.0000000000,0.0000000000,,,
26.7359999570,208,201598.1093750000,214470.0781250000,225000.0000000000,172106.1406250000,0.0000000000,0.0000000000,0.0000000000,0.0000000000,,,
26.7399999569,208,216062.8750000000,215456.7812500000,225000.0000000000,207483.3593750000,0.0000000000,0.0000000000,0.0000000000,0.0000000000,,,
26.7439999569,208,225000.0000000000,217279.7968750000,225000.0000000000,225000.0000000000,0.0000000000,0.0000000000,0.0000000000,0.0000000000,,,
26.7479999568,208,225000.0000000000,217457.2031250000,225000.0000000000,225000.0000000000,0.0000000000,0.0000000000,0.0000000000,0.0000000000,,,
26.7519999568,209,216255.2968750000,215699.5000000000,225000.0000000000,212686.8437500000,0.0000000000,0.0000000000,0.0000000000,0.0000000000,,,
26.7559999567,209,201609.4531250000,214477.1093750000,225000.0000000000,172156.0781250000,0.0000000000,0.0000000000,0.0000000000,0.0000000000,,,
26.7599999567,209,215929.5781250000,215454.6718750000,225000.0000000000,207178.6875000000,0.0000000000,0.0000000000,0.0000000000,0.0000000000,,,
26.7639999567,209,225000.0000000000,217281.5156250000,225000.0000000000,225000.0000000000,0.0000000000,0.0000000000,0.0000000000,0.0000000000,,,
26.7679999566,209,225000.0000000000,217472.0312500000,225000.0000000000,225000.0000000000,0.0000000000,0.0000000000,0.0000000000,0.0000000000,,,
26.7719999566,209,216399.0156250000,215715.6093750000,225000.0000000000,212990.0937500000,0.0000000000,0.0000000000,0.0000000000,0.0000000000,,,
26.7759999568,209,201607.9687500000,214476.8593750000,225000.0000000000,172162.4062500000,0.0000000000,0.0000000000,0.0000000000,0.0000000000,,,
26.7799999567,209,215793.8906250000,215441.5156250000,225000.0000000000,206875.0781250000,0.0000000000,0.0000000000,0.0000000000,0.0000000000,,,
26.7839999567,209,225000.0000000000,217272.2968750000,225000.0000000000,225000.0000000000,0.0000000000,0.0000000000,0.0000000000,0.0000000000,,,
26.7879999566,209,225000.0000000000,217478.7968750000,225000.0000000000,225000.0000000000,0.0000000000,0.0000000000,0.0000000000,0.0000000000,,,
26.7919999566,209,216533.3437500000,215726.6093750000,225000.0000000000,213268.6093750000,0.0000000000,0.0000000000,0.0000000000,0.0000000000,,,
26.7959999568,209,201611.4531250000,214476.3281250000,225000.0000000000,172181.1093750000,0.0000000000,0.0000000000,0.0000000000,0.0000000000,,,
26.7999999567,209,215665.7031250000,215428.7812500000,225000.0000000000,206554.2031250000,0.0000000000,0.0000000000,0.0000000000,0.0000000000,,,
26.8039999567,209,225000.0000000000,217257.8593750000,225000.0000000000,225000.0000000000,0.0000000000,0.0000000000,0.0000000000,0.0000000000,,,
26.8079999567,209,225000.0000000000,217475.2500000000,225000.0000000000,225000.0000000000,0.0000000000,0.0000000000,0.0000000000,0.0000000000,,,
26.8119999566,209,216677.5625000000,215729.0312500000,225000.0000000000,213571.2187500000,0.0000000000,0.0000000000,0.0000000000,0.0000000000,,,
26.8159999566,209,201628.5937500000,214470.7968750000,225000.0000000000,172200.4687500000,0.0000000000,0.0000000000,0.0000000000,0.0000000000,,,
26.8199999568,209,215532.7656250000,215412.9531250000,225000.0000000000,206212.3125000000,0.0000000000,0.0000000000,0.0000000000,0.0000000000,,,
26.8239999567,209,225000.0000000000,217249.7031250000,225000.0000000000,225000.0000000000,0.0000000000,0.0000000000,0.0000000000,0.0000000000,,,
26.8279999567,209,225000.0000000000,217489.2031250000,225000.0000000000,225000.0000000000,0.0000000000,0.0000000000,0.0000000000,0.0000000000,,,
26.8319999566,209,216835.7031250000,215761.0312500000,225000.0000000000,213856.5468750000,0.0000000000,0.0000000000,0.0000000000,0.0000000000,,,
26.8359999566,209,201673.6093750000,214507.7031250000,225000.0000000000,172234.1562500000,0.0000000000,0.0000000000,0.0000000000,0.0000000000,,,
26.8399999568,209,215454.0781250000,215448.6562500000,225000.0000000000,205960.4687500000,0.0000000000,0.0000000000,0.0000000000,0.0000000000,,,
26.8439999567,209,225000.0000000000,217288.0312500000,225000.0000000000,225000.0000000000,0.0000000000,0.0000000000,0.0000000000,0.0000000000,,,
26.8479999567,209,225000.0000000000,217539.3281250000,225000.0000000000,225000.0000000000,0.0000000000,0.0000000000,0.0000000000,0.0000000000,,,
26.8519999566,209,217004.2500000000,215813.5156250000,225000.0000000000,214186.0312500000,0.0000000000,0.0000000000,0.0000000000,0.0000000000,,,
26.8559999566,209,201714.2968750000,214541.9843750000,225000.0000000000,172301.1093750000,0.0000000000,0.0000000000,0.0000000000,0.0000000000,,,
26.8599999566,209,215333.8593750000,215458.6875000000,225000.0000000000,205659.0781250000,0.0000000000,0.0000000000,0.0000000000,0.0000000000,,,
26.8639999568,209,225000.0000000000,217292.5937500000,225000.0000000000,225000.0000000000,0.0000000000,0.0000000000,0.0000000000,0.0000000000,,,
26.8679999567,209,225000.0000000000,217549.0156250000,225000.0000000000,225000.0000000000,0.0000000000,0.0000000000,0.0000000000,0.0000000000,,,
26.8719999567,209,217133.7343750000,215818.6406250000,225000.0000000000,214499.8281250000,0.0000000000,0.0000000000,0.0000000000,0.0000000000,,,
26.8759999566,209,201710.8437500000,214528.2031250000,225000.0000000000,172352.0156250000,0.0000000000,0.0000000000,0.0000000000,0.0000000000,,,
26.8799999566,210,215184.3281250000,215429.6718750000,225000.0000000000,205361.5156250000,0.0000000000,0.0000000000,0.0000000000,0.0000000000,,,
26.8839999565,210,225000.0000000000,217262.4218750000,225000.0000000000,225000.0000000000,0.0000000000,0.0000000000,0.0000000000,0.0000000000,,,
26.8879999565,210,225000.0000000000,217528.2500000000,225000.0000000000,225000.0000000000,0.0000000000,0.0000000000,0.0000000000,0.0000000000,,,
26.8919999565,210,217235.2500000000,215806.0937500000,225000.0000000000,214790.4687500000,0.0000000000,0.0000000000,0.0000000000,0.0000000000,,,
26.8959999564,210,201690.7500000000,214511.7343750000,225000.0000000000,172392.0937500000,0.0000000000,0.0000000000,0.0000000000,0.0000000000,,,
26.8999999564,210,215046.0000000000,215411.5937500000,225000.0000000000,205072.7656250000,0.0000000000,0.0000000000,0.0000000000,0.0000000000,,,
26.9039999566,210,225000.0000000000,217253.0000000000,225000.0000000000,225000.0000000000,0.0000000000,0.0000000000,0.0000000000,0.0000000000,,,
26.9079999565,210,225000.0000000000,217530.6093750000,225000.0000000000,225000.0000000000,0.0000000000,0.0000000000,0.0000000000,0.0000000000,,,
26.9119999565,210,217370.9687500000,215810.6718750000,225000.0000000000,215092.7500000000,0.0000000000,0.0000000000,0.0000000000,0.0000000000,,,
26.9159999564,210,201709.6093750000,214507.5000000000,225000.0000000000,172487.8906250000,0.0000000000,0.0000000000,0.0000000000,0.0000000000,,,
26.9199999564,210,214923.5937500000,215398.6093750000,225000.0000000000,204801.6875000000,0.0000000000,0.0000000000,0.0000000000,0.0000000000,,,
26.9239999566,210,225000.0000000000,217245.8750000000,225000.0000000000,225000.0000000000,0.0000000000,0.0000000000,0.0000000000,0.0000000000,,,
26.9279999565,210,225000.0000000000,217540.2968750000,225000.0000000000,225000.0000000000,0.0000000000,0.0000000000,0.0000000000,0.0000000000,,,
26.9319999565,210,217506.3750000000,215829.0156250000,225000.0000000000,215356.5000000000,0.0000000000,0.0000000000,0.0000000000,0.0000000000,,,
26.9359999564,210,201712.7187500000,214513.9531250000,225000.0000000000,172516.1093750000,0.0000000000,0.0000000000,0.0000000000,0.0000000000,,,
26.9399999564,210,214786.8281250000,215390.1562500000,225000.0000000000,204473.9218750000,0.0000000000,0.0000000000,0.0000000000,0.0000000000,,,
26.9439999564,210,225000.0000000000,217234.5312500000,225000.0000000000,225000.0000000000,0.0000000000,0.0000000000,0.0000000000,0.0000000000,,,
26.9479999566,210,225000.0000000000,217539.2187500000,225000.0000000000,225000.0000000000,0.0000000000,0.0000000000,0.0000000000,0.0000000000,,,
26.9519999565,210,217605.6093750000,215828.9687500000,225000.0000000000,215578.3906250000,0.0000000000,0.0000000000,0.0000000000,0.0000000000,,,
26.9559999565,210,201675.5625000000,214504.2187500000,225000.0000000000,172461.0781250000,0.0000000000,0.0000000000,0.0000000000,0.0000000000,,,
26.9599999564,210,214618.0312500000,215365.7500000000,225000.0000000000,204079.7343750000,0.0000000000,0.0000000000,0.0000000000,0.0000000000,,,
26.9639999564,210,225000.0000000000,217206.7656250000,225000.0000000000,225000.0000000000,0.0000000000,0.0000000000,0.0000000000,0.0000000000,,,
26.9679999566,210,225000.0000000000,217518.0937500000,225000.0000000000,225000.0000000000,0.0000000000,0.0000000000,0.0000000000,0.0000000000,,,
26.9719999565,210,217687.2500000000,215815.0937500000,225000.0000000000,215771.0312500000,0.0000000000,0.0000000000,0.0000000000,0.0000000000,,,
26.9759999565,210,201643.2187500000,214481.4218750000,225000.0000000000,172388.1250000000,0.0000000000,0.0000000000,0.0000000000,0.0000000000,,,
26.9799999564,210,214445.2968750000,215328.0625000000,225000.0000000000,203663.5937500000,0.0000000000,0.0000000000,0.0000000000,0.0000000000,,,
26.9839999564,210,225000.0000000000,217167.0156250000,225000.0000000000,225000.0000000000,0.0000000000,0.0000000000,0.0000000000,0.0000000000,,,
26.9879999564,210,225000.0000000000,217491.1562500000,225000.0000000000,225000.0000000000,0.0000000000,0.0000000000,0.0000000000,0.0000000000,,,
26.9919999565,210,217786.0625000000,215796.7031250000,225000.0000000000,215939.4687500000,0.0000000000,0.0000000000,0.0000000000,0.0000000000,,,
26.9959999565,210,201621.3906250000,214451.0625000000,225000.0000000000,172318.7343750000,0.0000000000,0.0000000000,0.0000000000,0.0000000000,,,
26.9999999565,210,214283.0781250000,215285.4218750000,225000.0000000000,203285.1562500000,0.0000000000,0.0000000000,0.0000000000,0.0000000000,,,
27.0039999564,210,225000.0000000000,217128.3125000000,225000.0000000000,225000.0000000000,0.0000000000,0.0000000000,0.0000000000,0.0000000000,,,
27.0079999564,211,225000.0000000000,217468.4687500000,225000.0000000000,225000.0000000000,0.0000000000,0.0000000000,0.0000000000,0.0000000000,,,
27.0119999563,211,217890.0781250000,215782.2968750000,225000.0000000000,216158.3906250000,0.0000000000,0.0000000000,0.0000000000,0.0000000000,,,
27.0159999563,211,201607.5781250000,214439.1562500000,225000.0000000000,172274.2343750000,0.0000000000,0.0000000000,0.0000000000,0.0000000000,,,
27.0199999562,211,214215.5937500000,215276.9687500000,225000.0000000000,203006.9375000000,0.0000000000,0.0000000000,0.0000000000,0.0000000000,,,
27.0239999562,211,225000.0000000000,217120.9062500000,225000.0000000000,225000.0000000000,0.0000000000,0.0000000000,0.0000000000,0.0000000000,,,
27.0279999562,211,225000.0000000000,217466.5156250000,225000.0000000000,225000.0000000000,0.0000000000,0.0000000000,0.0000000000,0.0000000000,,,
27.0319999564,211,217988.6875000000,215784.0937500000,225000.0000000000,216384.3125000000,0.0000000000,0.0000000000,0.0000000000,0.0000000000,,,
27.0359999563,211,201573.4531250000,214434.2500000000,225000.0000000000,172218.3125000000,0.0000000000,0.0000000000,0.0000000000,0.0000000000,,,
27.0399999563,211,213980.2031250000,215256.1250000000,225000.0000000000,202499.9687500000,0.0000000000,0.0000000000,0.0000000000,0.0000000000,,,
27.0439999562,211,225000.0000000000,217102.4218750000,225000.0000000000,225000.0000000000,0.0000000000,0.0000000000,0.0000000000,0.0000000000,,,
27.0479999562,211,225000.0000000000,217467.6562500000,225000.0000000000,225000.0000000000,0.0000000000,0.0000000000,0.0000000000,0.0000000000,,,
27.0519999564,211,218108.7187500000,215796.4062500000,225000.0000000000,216607.3125000000,0.0000000000,0.0000000000,0.0000000000,0.0000000000,,,
27.0559999563,211,201546.2500000000,214437.7343750000,225000.0000000000,172197.7812500000,0.0000000000,0.0000000000,0.0000000000,0.0000000000,,,
27.0599999563,211,213817.6250000000,215250.2031250000,225000.0000000000,202128.1406250000,0.0000000000,0.0000000000,0.0000000000,0.0000000000,,,
27.0639999562,211,225000.0000000000,217099.4687500000,225000.0000000000,225000.0000000000,0.0000000000,0.0000000000,0.0000000000,0.0000000000,,,
27.0679999562,211,225000.0000000000,217477.4531250000,225000.0000000000,225000.0000000000,0.0000000000,0.0000000000,0.0000000000,0.0000000000,,,
27.0719999562,211,218207.3437500000,215808.0937500000,225000.0000000000,216830.3437500000,0.0000000000,0.0000000000,0.0000000000,0.0000000000,,,
27.0759999563,211,201503.6093750000,214432.3906250000,224989.8437500000,172156.5937500000,0.0000000000,0.0000000000,0.0000000000,0.0000000000,,,
27.0799999563,211,213643.0937500000,215228.6093750000,225000.0000000000,201730.6562500000,0.0000000000,0.0000000000,0.0000000000,0.0000000000,,,
27.0839999563,211,225000.0000000000,217075.3906250000,225000.0000000000,225000.0000000000,0.0000000000,0.0000000000,0.0000000000,0.0000000000,,,
27.0879999562,211,225000.0000000000,217462.1718750000,225000.0000000000,225000.0000000000,0.0000000000,0.0000000000,0.0000000000,0.0000000000,,,
27.0919999562,211,218280.5937500000,215793.8593750000,225000.0000000000,216951.4687500000,0.0000000000,0.0000000000,0.0000000000,0.0000000000,,,
27.0959999564,211,201432.6718750000,214402.5937500000,224927.6718750000,172002.9062500000,0.0000000000,0.0000000000,0.0000000000,0.0000000000,,,
27.0999999563,211,213411.3281250000,215180.6718750000,225000.0000000000,201189.2031250000,0.0000000000,0.0000000000,0.0000000000,0.0000000000,,,
27.1039999563,211,225000.0000000000,217023.1718750000,225000.0000000000,225000.0000000000,0.0000000000,0.0000000000,0.0000000000,0.0000000000,,,
27.1079999562,211,225000.0000000000,217415.8437500000,225000.0000000000,225000.0000000000,0.0000000000,0.0000000000,0.0000000000,0.0000000000,,,
27.1119999562,211,218257.0937500000,215750.7343750000,225000.0000000000,216959.7656250000,0.0000000000,0.0000000000,0.0000000000,0.0000000000,,,
27.1159999561,211,201256.6875000000,214352.1406250000,224780.4062500000,171631.8750000000,0.0000000000,0.0000000000,0.0000000000,0.0000000000,,,
27.1199999563,211,213071.7343750000,215116.1093750000,225000.0000000000,200422.8437500000,0.0000000000,0.0000000000,0.0000000000,0.0000000000,,,
27.1239999563,211,225000.0000000000,216955.0937500000,225000.0000000000,225000.0000000000,0.0000000000,0.0000000000,0.0000000000,0.0000000000,,,
27.1279999563,211,225000.0000000000,217360.7968750000,225000.0000000000,225000.0000000000,0.0000000000,0.0000000000,0.0000000000,0.0000000000,,,
27.1319999562,211,218086.5781250000,215703.8906250000,225000.0000000000,216642.8906250000,0.0000000000,0.0000000000,0.0000000000,0.0000000000,,,
27.1359999562,212,200916.1718750000,214296.0781250000,224454.3281250000,170803.7968750000,0.0000000000,0.0000000000,0.0000000000,0.0000000000,,,
27.1399999561,212,212552.3750000000,215041.9218750000,225000.0000000000,199233.7656250000,0.0000000000,0.0000000000,0.0000000000,0.0000000000,,,
27.1439999561,212,225000.0000000000,216867.7031250000,225000.0000000000,225000.0000000000,0.0000000000,0.0000000000,0.0000000000,0.0000000000,,,
27.1479999560,212,225000.0000000000,217276.0937500000,225000.0000000000,225000.0000000000,0.0000000000,0.0000000000,0.0000000000,0.0000000000,,,
27.1519999560,212,217774.9375000000,215623.8593750000,225000.0000000000,216039.0312500000,0.0000000000,0.0000000000,0.0000000000,0.0000000000,,,
27.1559999560,212,200484.7968750000,214209.6875000000,224052.0625000000,169696.8906250000,0.0000000000,0.0000000000,0.0000000000,0.0000000000,,,
27.1599999561,212,211996.9531250000,214943.0937500000,225000.0000000000,197888.3125000000,0.0000000000,0.0000000000,0.0000000000,0.0000000000,,,
27.1639999561,212,225000.0000000000,216769.0312500000,225000.0000000000,225000.0000000000,0.0000000000,0.0000000000,0.0000000000,0.0000000000,,,
27.1679999561,212,225000.0000000000,217193.7500000000,225000.0000000000,225000.0000000000,0.0000000000,0.0000000000,0.0000000000,0.0000000000,,,
27.1719999560,212,217604.5156250000,215563.9062500000,225000.0000000000,215671.0937500000,0.0000000000,0.0000000000,0.0000000000,0.0000000000,,,
27.1759999560,212,200235.8593750000,214157.1250000000,223832.0312500000,168923.2187500000,0.0000000000,0.0000000000,0.0000000000,0.0000000000,,,
27.1799999562,212,211662.1250000000,214891.4531250000,225000.0000000000,196891.0468750000,0.0000000000,0.0000000000,0.0000000000,0.0000000000,,,
27.1839999561,212,225000.0000000000,216726.6562500000,225000.0000000000,225000.0000000000,0.0000000000,0.0000000000,0.0000000000,0.0000000000,,,
27.1879999561,212,225000.0000000000,217173.7500000000,225000.0000000000,225000.0000000000,0.0000000000,0.0000000000,0.0000000000,0.0000000000,,,
27.1919999560,212,217689.4843750000,215557.8750000000,225000.0000000000,215682.6562500000,0.0000000000,0.0000000000,0.0000000000,0.0000000000,,,
27.1959999560,212,200246.1406250000,214148.6093750000,223852.3906250000,168748.7031250000,0.0000000000,0.0000000000,0.0000000000,0.0000000000,,,
27.1999999559,212,211568.9531250000,214880.8281250000,225000.0000000000,196447.4843750000,0.0000000000,0.0000000000,0.0000000000,0.0000000000,,,
27.2039999561,212,225000.0000000000,216729.2031250000,225000.0000000000,225000.0000000000,0.0000000000,0.0000000000,0.0000000000,0.0000000000,,,
27.2079999561,212,225000.0000000000,217196.6562500000,225000.0000000000,225000.0000000000,0.0000000000,0.0000000000,0.0000000000,0.0000000000,,,
27.2119999561,212,217951.6093750000,215597.8437500000,225000.0000000000,216092.2812500000,0.0000000000,0.0000000000,0.0000000000,0.0000000000,,,
27.2159999560,212,200404.5156250000,214190.0000000000,224008.5000000000,169036.7812500000,0.0000000000,0.0000000000,0.0000000000,0.0000000000,,,
27.2199999560,212,211582.9531250000,214906.4218750000,225000.0000000000,196339.6250000000,0.0000000000,0.0000000000,0.0000000000,0.0000000000,,,
27.2239999562,212,225000.0000000000,216748.0468750000,225000.0000000000,225000.0000000000,0.0000000000,0.0000000000,0.0000000000,0.0000000000,,,
27.2279999561,212,225000.0000000000,217221.1093750000,225000.0000000000,225000.0000000000,0.0000000000,0.0000000000,0.0000000000,0.0000000000,,,
27.2319999561,212,218178.6562500000,215625.6875000000,225000.0000000000,216489.1406250000,0.0000000000,0.0000000000,0.0000000000,0.0000000000,,,
27.2359999560,212,200509.0468750000,214208.2500000000,224083.8437500000,169284.5000000000,0.0000000000,0.0000000000,0.0000000000,0.0000000000,,,
27.2399999560,212,211545.4531250000,214912.9375000000,225000.0000000000,196190.5312500000,0.0000000000,0.0000000000,0.0000000000,0.0000000000,,,
27.2439999559,212,225000.0000000000,216750.8437500000,225000.0000000000,225000.0000000000,0.0000000000,0.0000000000,0.0000000000,0.0000000000,,,
27.2479999561,212,225000.0000000000,217238.2500000000,225000.0000000000,225000.0000000000,0.0000000000,0.0000000000,0.0000000000,0.0000000000,,,
27.2519999561,212,218397.1875000000,215657.8437500000,225000.0000000000,216908.7656250000,0.0000000000,0.0000000000,0.0000000000,0.0000000000,,,
27.2559999560,212,200646.4062500000,214244.1250000000,224187.3281250000,169607.9218750000,0.0000000000,0.0000000000,0.0000000000,0.0000000000,,,
27.2599999560,212,211559.0468750000,214943.3593750000,225000.0000000000,196127.7968750000,0.0000000000,0.0000000000,0.0000000000,0.0000000000,,,
27.2639999560,213,225000.0000000000,216781.0781250000,225000.0000000000,225000.0000000000,0.0000000000,0.0000000000,0.0000000000,0.0000000000,,,
27.2679999559,213,225000.0000000000,217285.8593750000,225000.0000000000,225000.0000000000,0.0000000000,0.0000000000,0.0000000000,0.0000000000,,,
27.2719999559,213,218739.9687500000,215716.9062500000,225000.0000000000,217497.0312500000,0.0000000000,0.0000000000,0.0000000000,0.0000000000,,,
27.2759999558,213,200931.5156250000,214297.2187500000,224437.1406250000,170220.1406250000,0.0000000000,0.0000000000,0.0000000000,0.0000000000,,,
27.2799999558,213,211722.2343750000,214989.0937500000,225000.0000000000,196355.9062500000,0.0000000000,0.0000000000,0.0000000000,0.0000000000,,,
27.2839999557,213,225000.0000000000,216832.1875000000,225000.0000000000,225000.0000000000,0.0000000000,0.0000000000,0.0000000000,0.0000000000,,,
27.2879999559,213,225000.0000000000,217347.2656250000,225000.0000000000,225000.0000000000,0.0000000000,0.0000000000,0.0000000000,0.0000000000,,,
27.2919999559,213,219211.7187500000,215787.7187500000,225000.0000000000,218302.8437500000,0.0000000000,0.0000000000,0.0000000000,0.0000000000,,,
27.2959999559,213,201329.7968750000,214368.3906250000,224791.9218750000,171144.2500000000,0.0000000000,0.0000000000,0.0000000000,0.0000000000,,,
27.2999999558,213,211978.2500000000,215052.6875000000,225000.0000000000,196859.5781250000,0.0000000000,0.0000000000,0.0000000000,0.0000000000,,,
27.3039999558,213,225000.0000000000,216897.4062500000,225000.0000000000,225000.0000000000,0.0000000000,0.0000000000,0.0000000000,0.0000000000,,,
27.3079999560,213,225000.0000000000,217432.1718750000,225000.0000000000,225000.0000000000,0.0000000000,0.0000000000,0.0000000000,0.0000000000,,,
27.3119999559,213,219775.0000000000,215890.7968750000,225000.0000000000,219371.0937500000,0.0000000000,0.0000000000,0.0000000000,0.0000000000,,,
27.3159999559,213,201772.4531250000,214464.9843750000,225000.0000000000,172334.6093750000,0.0000000000,0.0000000000,0.0000000000,0.0000000000,,,
27.3199999558,213,212273.5625000000,215136.4218750000,225000.0000000000,197558.7812500000,0.0000000000,0.0000000000,0.0000000000,0.0000000000,,,
27.3239999558,213,225000.0000000000,216986.6875000000,225000.0000000000,225000.0000000000,0.0000000000,0.0000000000,0.0000000000,0.0000000000,,,
27.3279999557,213,225000.0000000000,217532.1093750000,225000.0000000000,225000.0000000000,0.0000000000,0.0000000000,0.0000000000,0.0000000000,,,
27.3319999559,213,220336.6406250000,215992.0937500000,225000.0000000000,220483.8125000000,0.0000000000,0.0000000000,0.0000000000,0.0000000000,,,
27.3359999559,213,202218.7187500000,214555.1562500000,225000.0000000000,173677.4375000000,0.0000000000,0.0000000000,0.0000000000,0.0000000000,,,
27.3399999558,213,212561.5468750000,215218.0937500000,225000.0000000000,198377.6875000000,0.0000000000,0.0000000000,0.0000000000,0.0000000000,,,
27.3439999558,213,225000.0000000000,217073.9687500000,225000.0000000000,225000.0000000000,0.0000000000,0.0000000000,0.0000000000,0.0000000000,,,
27.3479999558,213,225000.0000000000,217637.6562500000,225000.0000000000,225000.0000000000,0.0000000000,0.0000000000,0.0000000000,0.0000000000,,,
27.3519999560,213,220850.6875000000,216100.1718750000,225000.0000000000,221529.5937500000,0.0000000000,0.0000000000,0.0000000000,0.0000000000,,,
27.3559999559,213,202596.2812500000,214643.9062500000,225000.0000000000,174920.5312500000,0.0000000000,0.0000000000,0.0000000000,0.0000000000,,,
27.3599999559,213,212768.0781250000,215291.1875000000,225000.0000000000,199053.8437500000,0.0000000000,0.0000000000,0.0000000000,0.0000000000,,,
27.3639999558,213,225000.0000000000,217149.6093750000,225000.0000000000,225000.0000000000,0.0000000000,0.0000000000,0.0000000000,0.0000000000,,,
27.3679999558,213,225000.0000000000,217719.7343750000,225000.0000000000,225000.0000000000,0.0000000000,0.0000000000,0.0000000000,0.0000000000,,,
27.3719999557,213,221287.4843750000,216181.2500000000,225000.0000000000,222461.2968750000,0.0000000000,0.0000000000,0.0000000000,0.0000000000,,,
27.3759999559,213,202934.2187500000,214714.3437500000,225000.0000000000,176074.5937500000,0.0000000000,0.0000000000,0.0000000000,0.0000000000,,,
27.3799999559,213,212962.5781250000,215354.0000000000,225000.0000000000,199709.8593750000,0.0000000000,0.0000000000,0.0000000000,0.0000000000,,,
27.3839999558,213,225000.0000000000,217216.0781250000,225000.0000000000,225000.0000000000,0.0000000000,0.0000000000,0.0000000000,0.0000000000,,,
27.3879999558,213,225000.0000000000,217800.3593750000,225000.0000000000,225000.0000000000,0.0000000000,0.0000000000,0.0000000000,0.0000000000,,,
27.3919999558,214,221780.6562500000,216272.8750000000,225000.0000000000,223458.4062500000,0.0000000000,0.0000000000,0.0000000000,0.0000000000,,,
27.3959999557,214,203325.3593750000,214797.6875000000,225000.0000000000,177340.8125000000,0.0000000000,0.0000000000,0.0000000000,0.0000000000,,,
27.3999999557,214,213215.7968750000,215431.3906250000,225000.0000000000,200480.0781250000,0.0000000000,0.0000000000,0.0000000000,0.0000000000,,,
27.4039999556,214,225000.0000000000,217298.9531250000,225000.0000000000,225000.0000000000,0.0000000000,0.0000000000,0.0000000000,0.0000000000,,,
27.4079999556,214,225000.0000000000,217898.8750000000,225000.0000000000,225000.0000000000,0.0000000000,0.0000000000,0.0000000000,0.0000000000,,,
27.4119999555,214,222292.0781250000,216365.0625000000,225000.0000000000,224444.4843750000,0.0000000000,0.0000000000,0.0000000000,0.0000000000,,,
27.4159999557,214,203705.0625000000,214868.5156250000,225000.0000000000,178577.9843750000,0.0000000000,0.0000000000,0.0000000000,0.0000000000,,,
27.4199999557,214,213427.1875000000,215486.7187500000,225000.0000000000,201165.6250000000,0.0000000000,0.0000000000,0.0000000000,0.0000000000,,,
27.4239999556,214,225000.0000000000,217353.8593750000,225000.0000000000,225000.0000000000,0.0000000000,0.0000000000,0.0000000000,0.0000000000,,,
27.4279999556,214,225000.0000000000,217952.4531250000,225000.0000000000,225000.0000000000,0.0000000000,0.0000000000,0.0000000000,0.0000000000,,,
27.4319999556,214,222611.0468750000,216407.2031250000,225000.0000000000,225000.0000000000,0.0000000000,0.0000000000,0.0000000000,0.0000000000,,,
27.4359999557,214,203839.7656250000,214886.1093750000,225000.0000000000,179223.8437500000,0.0000000000,0.0000000000,0.0000000000,0.0000000000,,,
27.4399999557,214,213321.9531250000,215478.1406250000,225000.0000000000,201221.3125000000,0.0000000000,0.0000000000,0.0000000000,0.0000000000,,,
27.4439999557,214,225000.0000000000,217342.7500000000,225000.0000000000,225000.0000000000,0.0000000000,0.0000000000,0.0000000000,0.0000000000,,,
27.4479999556,214,225000.0000000000,217945.5000000000,225000.0000000000,225000.0000000000,0.0000000000,0.0000000000,0.0000000000,0.0000000000,,,
27.4519999556,214,222550.5000000000,216383.8281250000,225000.0000000000,225000.0000000000,0.0000000000,0.0000000000,0.0000000000,0.0000000000,,,
27.4559999555,214,203636.7656250000,214835.1250000000,225000.0000000000,179002.7187500000,0.0000000000,0.0000000000,0.0000000000,0.0000000000,,,
27.4599999557,214,212914.5625000000,215410.9375000000,225000.0000000000,200522.2187500000,0.0000000000,0.0000000000,0.0000000000,0.0000000000,,,
27.4639999557,214,225000.0000000000,217273.0156250000,225000.0000000000,225000.0000000000,0.0000000000,0.0000000000,0.0000000000,0.0000000000,,,
27.4679999556,214,225000.0000000000,217883.3593750000,225000.0000000000,225000.0000000000,0.0000000000,0.0000000000,0.0000000000,0.0000000000,,,
27.4719999556,214,222325.4062500000,216327.3750000000,225000.0000000000,225000.0000000000,0.0000000000,0.0000000000,0.0000000000,0.0000000000,,,
27.4759999556,214,203351.1718750000,214775.7500000000,225000.0000000000,178393.2031250000,0.0000000000,0.0000000000,0.0000000000,0.0000000000,,,
27.4799999557,214,212483.6093750000,215340.3281250000,225000.0000000000,199581.9687500000,0.0000000000,0.0000000000,0.0000000000,0.0000000000,,,
27.4839999557,214,225000.0000000000,217198.4218750000,225000.0000000000,225000.0000000000,0.0000000000,0.0000000000,0.0000000000,0.0000000000,,,
27.4879999557,214,225000.0000000000,217820.2968750000,225000.0000000000,225000.0000000000,0.0000000000,0.0000000000,0.0000000000,0.0000000000,,,
27.4919999556,214,222194.1250000000,216278.1562500000,225000.0000000000,224844.1406250000,0.0000000000,0.0000000000,0.0000000000,0.0000000000,,,
27.4959999556,214,203160.5156250000,214724.3593750000,225000.0000000000,177817.2031250000,0.0000000000,0.0000000000,0.0000000000,0.0000000000,,,
27.4999999555,214,212168.0937500000,215279.0312500000,225000.0000000000,198744.8750000000,0.0000000000,0.0000000000,0.0000000000,0.0000000000,,,
27.5039999557,214,225000.0000000000,217138.5625000000,225000.0000000000,225000.0000000000,0.0000000000,0.0000000000,0.0000000000,0.0000000000,,,
27.5079999557,214,225000.0000000000,217773.8125000000,225000.0000000000,225000.0000000000,0.0000000000,0.0000000000,0.0000000000,0.0000000000,,,
27.5119999556,214,222155.3906250000,216242.8906250000,225000.0000000000,224770.4843750000,0.0000000000,0.0000000000,0.0000000000,0.0000000000,,,
27.5159999556,214,203014.7187500000,214683.9531250000,225000.0000000000,177396.5000000000,0.0000000000,0.0000000000,0.0000000000,0.0000000000,,,
27.5199999555,215,211875.7187500000,215227.1875000000,225000.0000000000,197992.5625000000,0.0000000000,0.0000000000,0.0000000000,0.0000000000,,,
27.5239999555,215,225000.0000000000,217083.3281250000,225000.0000000000,225000.0000000000,0.0000000000,0.0000000000,0.0000000000,0.0000000000,,,
27.5279999555,215,225000.0000000000,217730.9687500000,225000.0000000000,225000.0000000000,0.0000000000,0.0000000000,0.0000000000,0.0000000000,,,
27.5319999554,215,222143.8281250000,216209.8437500000,225000.0000000000,224770.2968750000,0.0000000000,0.0000000000,0.0000000000,0.0000000000,,,
27.5359999554,215,202861.2656250000,214642.0156250000,225000.0000000000,177043.8906250000,0.0000000000,0.0000000000,0.0000000000,0.0000000000,,,
27.5399999553,215,211586.4375000000,215173.0625000000,225000.0000000000,197319.7031250000,0.0000000000,0.0000000000,0.0000000000,0.0000000000,,,
27.5439999555,215,225000.0000000000,217031.1093750000,225000.0000000000,225000.0000000000,0.0000000000,0.0000000000,0.0000000000,0.0000000000,,,
27.5479999555,215,225000.0000000000,217692.4375000000,225000.0000000000,225000.0000000000,0.0000000000,0.0000000000,0.0000000000,0.0000000000,,,
27.5519999554,215,222140.5312500000,216182.7812500000,225000.0000000000,224802.3593750000,0.0000000000,0.0000000000,0.0000000000,0.0000000000,,,
27.5559999554,215,202760.4843750000,214614.6718750000,225000.0000000000,176820.7343750000,0.0000000000,0.0000000000,0.0000000000,0.0000000000,,,
27.5599999554,215,211352.1718750000,215140.4218750000,225000.0000000000,196755.5156250000,0.0000000000,0.0000000000,0.0000000000,0.0000000000,,,
27.5639999555,215,225000.0000000000,217003.0312500000,225000.0000000000,225000.0000000000,0.0000000000,0.0000000000,0.0000000000,0.0000000000,,,
27.5679999555,215,225000.0000000000,217675.9375000000,225000.0000000000,225000.0000000000,0.0000000000,0.0000000000,0.0000000000,0.0000000000,,,
27.5719999555,215,222191.6718750000,216172.5625000000,225000.0000000000,224940.7343750000,0.0000000000,0.0000000000,0.0000000000,0.0000000000,,,
27.5759999554,215,202739.8906250000,214601.7812500000,225000.0000000000,176748.5000000000,0.0000000000,0.0000000000,0.0000000000,0.0000000000,,,
27.5799999554,215,211169.4843750000,215117.4062500000,225000.0000000000,196286.2500000000,0.0000000000,0.0000000000,0.0000000000,0.0000000000,,,
27.5839999553,215,225000.0000000000,216979.3593750000,225000.0000000000,225000.0000000000,0.0000000000,0.0000000000,0.0000000000,0.0000000000,,,
27.5879999555,215,225000.0000000000,217669.6406250000,225000.0000000000,225000.0000000000,0.0000000000,0.0000000000,0.0000000000,0.0000000000,,,
27.5919999555,215,222246.5000000000,216186.0468750000,225000.0000000000,225000.0000000000,0.0000000000,0.0000000000,0.0000000000,0.0000000000,,,
27.5959999554,215,202702.5625000000,214608.3437500000,225000.0000000000,176628.0937500000,0.0000000000,0.0000000000,0.0000000000,0.0000000000,,,
27.5999999554,215,210987.8281250000,215106.2656250000,225000.0000000000,195817.7343750000,0.0000000000,0.0000000000,0.0000000000,0.0000000000,,,
27.6039999553,215,225000.0000000000,216960.3281250000,225000.0000000000,225000.0000000000,0.0000000000,0.0000000000,0.0000000000,0.0000000000,,,
27.6079999555,215,225000.0000000000,217660.2968750000,225000.0000000000,225000.0000000000,0.0000000000,0.0000000000,0.0000000000,0.0000000000,,,
27.6119999555,215,222302.7187500000,216184.9531250000,225000.0000000000,225000.0000000000,0.0000000000,0.0000000000,0.0000000000,0.0000000000,,,
27.6159999555,215,202648.8593750000,214603.5937500000,225000.0000000000,176478.7500000000,0.0000000000,0.0000000000,0.0000000000,0.0000000000,,,
27.6199999554,215,210807.4375000000,215092.2187500000,225000.0000000000,195323.4531250000,0.0000000000,0.0000000000,0.0000000000,0.0000000000,,,
27.6239999554,215,225000.0000000000,216944.5000000000,225000.0000000000,225000.0000000000,0.0000000000,0.0000000000,0.0000000000,0.0000000000,,,
27.6279999553,215,225000.0000000000,217652.1406250000,225000.0000000000,225000.0000000000,0.0000000000,0.0000000000,0.0000000000,0.0000000000,,,
27.6319999555,215,222375.5468750000,216183.8750000000,225000.0000000000,225000.0000000000,0.0000000000,0.0000000000,0.0000000000,0.0000000000,,,
27.6359999555,215,202634.2343750000,214595.2343750000,225000.0000000000,176409.4687500000,0.0000000000,0.0000000000,0.0000000000,0.0000000000,,,
27.6399999554,215,210630.2031250000,215065.6406250000,225000.0000000000,194845.9062500000,0.0000000000,0.0000000000,0.0000000000,0.0000000000,,,
27.6439999554,215,225000.0000000000,216916.2343750000,225000.0000000000,225000.0000000000,0.0000000000,0.0000000000,0.0000000000,0.0000000000,,,
27.6479999553,216,225000.0000000000,217639.2968750000,225000.0000000000,225000.0000000000,0.0000000000,0.0000000000,0.0000000000,0.0000000000,,,
27.6519999553,216,222495.8593750000,216182.0781250000,225000.0000000000,225000.0000000000,0.0000000000,0.0000000000,0.0000000000,0.0000000000,,,
27.6559999553,216,202650.6093750000,214588.7187500000,225000.0000000000,176387.6718750000,0.0000000000,0.0000000000,0.0000000000,0.0000000000,,,
27.6599999552,216,210498.0000000000,215057.0468750000,225000.0000000000,194434.6406250000,0.0000000000,0.0000000000,0.0000000000,0.0000000000,,,
27.6639999552,216,225000.0000000000,216911.5000000000,225000.0000000000,225000.0000000000,0.0000000000,0.0000000000,0.0000000000,0.0000000000,,,
27.6679999551,216,225000.0000000000,217647.5781250000,225000.0000000000,225000.0000000000,0.0000000000,0.0000000000,0.0000000000,0.0000000000,,,
27.6719999553,216,222616.2187500000,216193.2187500000,225000.0000000000,225000.0000000000,0.0000000000,0.0000000000,0.0000000000,0.0000000000,,,
27.6759999553,216,202650.1250000000,214590.7031250000,225000.0000000000,176397.6406250000,0.0000000000,0.0000000000,0.0000000000,0.0000000000,,,
27.6799999552,216,210348.9687500000,215050.2343750000,225000.0000000000,194060.3437500000,0.0000000000,0.0000000000,0.0000000000,0.0000000000,,,
27.6839999552,216,225000.0000000000,216908.0781250000,225000.0000000000,225000.0000000000,0.0000000000,0.0000000000,0.0000000000,0.0000000000,,,
27.6879999551,216,225000.0000000000,217658.1875000000,225000.0000000000,225000.0000000000,0.0000000000,0.0000000000,0.0000000000,0.0000000000,,,
27.6919999553,216,222728.0937500000,216220.2968750000,225000.0000000000,225000.0000000000,0.0000000000,0.0000000000,0.0000000000,0.0000000000,,,
27.6959999553,216,202647.9687500000,214623.0937500000,225000.0000000000,176455.6406250000,0.0000000000,0.0000000000,0.0000000000,0.0000000000,,,
27.6999999552,216,210207.4531250000,215065.0000000000,225000.0000000000,193723.4375000000,0.0000000000,0.0000000000,0.0000000000,0.0000000000,,,
27.7039999552,216,225000.0000000000,216905.6093750000,225000.0000000000,225000.0000000000,0.0000000000,0.0000000000,0.0000000000,0.0000000000,,,
27.7079999552,216,225000.0000000000,217656.4843750000,225000.0000000000,225000.0000000000,0.0000000000,0.0000000000,0.0000000000,0.0000000000,,,
27.7119999551,216,222849.5156250000,216227.5937500000,225000.0000000000,225000.0000000000,0.0000000000,0.0000000000,0.0000000000,0.0000000000,,,
27.7159999553,216,202658.2968750000,214616.7656250000,225000.0000000000,176505.6875000000,0.0000000000,0.0000000000,0.0000000000,0.0000000000,,,
27.7199999553,216,210061.6250000000,215040.8750000000,225000.0000000000,193351.9687500000,0.0000000000,0.0000000000,0.0000000000,0.0000000000,,,
27.7239999552,216,225000.0000000000,216879.3437500000,225000.0000000000,225000.0000000000,0.0000000000,0.0000000000,0.0000000000,0.0000000000,,,
27.7279999552,216,225000.0000000000,217647.6406250000,225000.0000000000,225000.0000000000,0.0000000000,0.0000000000,0.0000000000,0.0000000000,,,
27.7319999551,216,222977.2968750000,216230.5468750000,225000.0000000000,225000.0000000000,0.0000000000,0.0000000000,0.0000000000,0.0000000000,,,
27.7359999553,216,202690.4375000000,214620.6875000000,225000.0000000000,176538.1406250000,0.0000000000,0.0000000000,0.0000000000,0.0000000000,,,
27.7399999553,216,209941.7656250000,215039.0625000000,225000.0000000000,192969.3593750000,0.0000000000,0.0000000000,0.0000000000,0.0000000000,,,
27.7439999552,216,225000.0000000000,216879.4843750000,225000.0000000000,225000.0000000000,0.0000000000,0.0000000000,0.0000000000,0.0000000000,,,
27.7479999552,216,225000.0000000000,217658.4687500000,225000.0000000000,225000.0000000000,0.0000000000,0.0000000000,0.0000000000,0.0000000000,,,
27.7519999552,216,223101.5625000000,216245.4531250000,225000.0000000000,225000.0000000000,0.0000000000,0.0000000000,0.0000000000,0.0000000000,,,
27.7559999551,216,202720.7343750000,214627.4687500000,225000.0000000000,176560.2968750000,0.0000000000,0.0000000000,0.0000000000,0.0000000000,,,
27.7599999553,216,209821.7500000000,215040.1875000000,225000.0000000000,192604.9531250000,0.0000000000,0.0000000000,0.0000000000,0.0000000000,,,
27.7639999553,216,225000.0000000000,216889.1875000000,225000.0000000000,225000.0000000000,0.0000000000,0.0000000000,0.0000000000,0.0000000000,,,
27.7679999552,216,225000.0000000000,217689.5156250000,225000.0000000000,225000.0000000000,0.0000000000,0.0000000000,0.0000000000,0.0000000000,,,
27.7719999552,216,223251.4687500000,216301.2031250000,225000.0000000000,225000.0000000000,0.0000000000,0.0000000000,0.0000000000,0.0000000000,,,
27.7759999551,217,202785.4687500000,214686.4218750000,225000.0000000000,176699.1250000000,0.0000000000,0.0000000000,0.0000000000,0.0000000000,,,
27.7799999551,217,209722.2968750000,215086.5312500000,225000.0000000000,192307.6875000000,0.0000000000,0.0000000000,0.0000000000,0.0000000000,,,
27.7839999550,217,225000.0000000000,216931.3750000000,225000.0000000000,225000.0000000000,0.0000000000,0.0000000000,0.0000000000,0.0000000000,,,
27.7879999550,217,225000.0000000000,217736.9843750000,225000.0000000000,225000.0000000000,0.0000000000,0.0000000000,0.0000000000,0.0000000000,,,
27.7919999550,217,223395.4531250000,216352.0312500000,225000.0000000000,225000.0000000000,0.0000000000,0.0000000000,0.0000000000,0.0000000000,,,
27.7959999549,217,202830.3125000000,214723.5468750000,225000.0000000000,176828.8906250000,0.0000000000,0.0000000000,0.0000000000,0.0000000000,,,
27.7999999551,217,209606.7500000000,215099.3593750000,225000.0000000000,192025.7031250000,0.0000000000,0.0000000000,0.0000000000,0.0000000000,,,
27.8039999551,217,225000.0000000000,216925.5312500000,225000.0000000000,225000.0000000000,0.0000000000,0.0000000000,0.0000000000,0.0000000000,,,
27.8079999550,217,225000.0000000000,217732.9375000000,225000.0000000000,225000.0000000000,0.0000000000,0.0000000000,0.0000000000,0.0000000000,,,
27.8119999550,217,223519.5781250000,216356.4218750000,225000.0000000000,225000.0000000000,0.0000000000,0.0000000000,0.0000000000,0.0000000000,,,
27.8159999549,217,202858.2031250000,214723.0156250000,225000.0000000000,176950.0937500000,0.0000000000,0.0000000000,0.0000000000,0.0000000000,,,
27.8199999551,217,209487.8281250000,215086.8750000000,225000.0000000000,191718.4843750000,0.0000000000,0.0000000000,0.0000000000,0.0000000000,,,
27.8239999551,217,225000.0000000000,216914.4062500000,225000.0000000000,225000.0000000000,0.0000000000,0.0000000000,0.0000000000,0.0000000000,,,
27.8279999550,217,225000.0000000000,217728.3437500000,225000.0000000000,225000.0000000000,0.0000000000,0.0000000000,0.0000000000,0.0000000000,,,
27.8319999550,217,223649.1875000000,216349.3125000000,225000.0000000000,225000.0000000000,0.0000000000,0.0000000000,0.0000000000,0.0000000000,,,
27.8359999550,217,202888.7031250000,214702.1718750000,225000.0000000000,177058.3281250000,0.0000000000,0.0000000000,0.0000000000,0.0000000000,,,
27.8399999549,217,209368.2812500000,215057.5625000000,225000.0000000000,191412.0625000000,0.0000000000,0.0000000000,0.0000000000,0.0000000000,,,
27.8439999551,217,225000.0000000000,216893.2656250000,225000.0000000000,225000.0000000000,0.0000000000,0.0000000000,0.0000000000,0.0000000000,,,
27.8479999551,217,225000.0000000000,217728.3125000000,225000.0000000000,225000.0000000000,0.0000000000,0.0000000000,0.0000000000,0.0000000000,,,
27.8519999550,217,223803.1718750000,216364.3906250000,225000.0000000000,225000.0000000000,0.0000000000,0.0000000000,0.0000000000,0.0000000000,,,
27.8559999550,217,202938.4375000000,214713.5937500000,225000.0000000000,177151.7968750000,0.0000000000,0.0000000000,0.0000000000,0.0000000000,,,
27.8599999549,217,209263.3750000000,215059.4375000000,225000.0000000000,191069.5468750000,0.0000000000,0.0000000000,0.0000000000,0.0000000000,,,
27.8639999551,217,225000.0000000000,216889.0312500000,225000.0000000000,225000.0000000000,0.0000000000,0.0000000000,0.0000000000,0.0000000000,,,
27.8679999551,217,225000.0000000000,217731.8593750000,225000.0000000000,225000.0000000000,0.0000000000,0.0000000000,0.0000000000,0.0000000000,,,
27.8719999550,217,223945.4375000000,216369.7500000000,225000.0000000000,225000.0000000000,0.0000000000,0.0000000000,0.0000000000,0.0000000000,,,
27.8759999550,217,202960.8593750000,214709.2812500000,225000.0000000000,177216.6093750000,0.0000000000,0.0000000000,0.0000000000,0.0000000000,,,
27.8799999550,217,209127.2812500000,215035.2187500000,225000.0000000000,190721.2656250000,0.0000000000,0.0000000000,0.0000000000,0.0000000000,,,
27.8839999549,217,225000.0000000000,216850.4531250000,225000.0000000000,225000.0000000000,0.0000000000,0.0000000000,0.0000000000,0.0000000000,,,
27.8879999551,217,225000.0000000000,217700.5937500000,225000.0000000000,225000.0000000000,0.0000000000,0.0000000000,0.0000000000,0.0000000000,,,
27.8919999551,217,224065.7031250000,216359.9843750000,225000.0000000000,225000.0000000000,0.0000000000,0.0000000000,0.0000000000,0.0000000000,,,
27.8959999550,217,202976.0937500000,214699.1406250000,225000.0000000000,177302.9531250000,0.0000000000,0.0000000000,0.0000000000,0.0000000000,,,
27.8999999550,217,208991.6718750000,215016.3906250000,225000.0000000000,190387.8906250000,0.0000000000,0.0000000000,0.0000000000,0.0000000000,,,
27.9039999549,218,225000.0000000000,216834.2656250000,225000.0000000000,225000.0000000000,0.0000000000,0.0000000000,0.0000000000,0.0000000000,,,
27.9079999549,218,225000.0000000000,217695.0625000000,225000.0000000000,225000.0000000000,0.0000000000,0.0000000000,0.0000000000,0.0000000000,,,
27.9119999548,218,224198.6093750000,216361.7656250000,225000.0000000000,225000.0000000000,0.0000000000,0.0000000000,0.0000000000,0.0000000000,,,
27.9159999548,218,203030.4062500000,214704.7968750000,225000.0000000000,177436.6875000000,0.0000000000,0.0000000000,0.0000000000,0.0000000000,,,
27.9199999548,218,208891.9375000000,215011.2343750000,225000.0000000000,190077.5000000000,0.0000000000,0.0000000000,0.0000000000,0.0000000000,,,
27.9239999547,218,225000.0000000000,216822.1093750000,225000.0000000000,225000.0000000000,0.0000000000,0.0000000000,0.0000000000,0.0000000000,,,
27.9279999549,218,225000.0000000000,217692.2656250000,225000.0000000000,225000.0000000000,0.0000000000,0.0000000000,0.0000000000,0.0000000000,,,
27.9319999549,218,224360.8125000000,216369.6406250000,225000.0000000000,225000.0000000000,0.0000000000,0.0000000000,0.0000000000,0.0000000000,,,
27.9359999548,218,203080.9687500000,214697.1875000000,225000.0000000000,177554.7812500000,0.0000000000,0.0000000000,0.0000000000,0.0000000000,,,
27.9399999548,218,208769.2343750000,214989.4375000000,225000.0000000000,189729.1875000000,0.0000000000,0.0000000000,0.0000000000,0.0000000000,,,
27.9439999547,218,225000.0000000000,216804.2968750000,225000.0000000000,225000.0000000000,0.0000000000,0.0000000000,0.0000000000,0.0000000000,,,
27.9479999549,218,225000.0000000000,217685.0000000000,225000.0000000000,225000.0000000000,0.0000000000,0.0000000000,0.0000000000,0.0000000000,,,
27.9519999549,218,224487.8593750000,216363.6875000000,225000.0000000000,225000.0000000000,0.0000000000,0.0000000000,0.0000000000,0.0000000000,,,
27.9559999548,218,203102.9531250000,214688.1406250000,225000.0000000000,177616.3125000000,0.0000000000,0.0000000000,0.0000000000,0.0000000000,,,
27.9599999548,218,208638.4531250000,214969.9843750000,225000.0000000000,189382.6250000000,0.0000000000,0.0000000000,0.0000000000,0.0000000000,,,
27.9639999548,218,225000.0000000000,216785.6562500000,225000.0000000000,225000.0000000000,0.0000000000,0.0000000000,0.0000000000,0.0000000000,,,
27.9679999547,218,225000.0000000000,217684.2187500000,225000.0000000000,225000.0000000000,0.0000000000,0.0000000000,0.0000000000,0.0000000000,,,
27.9719999549,218,224621.1406250000,216382.5156250000,225000.0000000000,225000.0000000000,0.0000000000,0.0000000000,0.0000000000,0.0000000000,,,
27.9759999549,218,203125.1406250000,214706.6718750000,225000.0000000000,177698.2500000000,0.0000000000,0.0000000000,0.0000000000,0.0000000000,,,
27.9799999548,218,208502.8281250000,214975.9687500000,225000.0000000000,189020.3593750000,0.0000000000,0.0000000000,0.0000000000,0.0000000000,,,
27.9839999548,218,225000.0000000000,216784.2343750000,225000.0000000000,225000.0000000000,0.0000000000,0.0000000000,0.0000000000,0.0000000000,,,
27.9879999547,218,225000.0000000000,217690.7656250000,225000.0000000000,225000.0000000000,0.0000000000,0.0000000000,0.0000000000,0.0000000000,,,
27.9919999549,218,224759.5781250000,216396.9843750000,225000.0000000000,225000.0000000000,0.0000000000,0.0000000000,0.0000000000,0.0000000000,,,
27.9959999549,218,203118.4375000000,214714.3750000000,225000.0000000000,177758.2187500000,0.0000000000,0.0000000000,0.0000000000,0.0000000000,,,
27.9999999548,218,208341.6093750000,214966.7187500000,225000.0000000000,188657.9687500000,0.0000000000,0.0000000000,0.0000000000,0.0000000000,,,
28.0039999548,218,225000.0000000000,216768.7812500000,225000.0000000000,225000.0000000000,0.0000000000,0.0000000000,0.0000000000,0.0000000000,,,
28.0079999547,218,225000.0000000000,217685.0625000000,225000.0000000000,225000.0000000000,0.0000000000,0.0000000000,0.0000000000,0.0000000000,,,
28.0119999547,218,224877.9375000000,216403.6250000000,225000.0000000000,225000.0000000000,0.0000000000,0.0000000000,0.0000000000,0.0000000000,,,
28.0159999549,218,203134.3437500000,214720.0000000000,225000.0000000000,177885.3906250000,0.0000000000,0.0000000000,0.0000000000,0.0000000000,,,
28.0199999548,218,208207.9531250000,214961.9687500000,225000.0000000000,188341.5781250000,0.0000000000,0.0000000000,0.0000000000,0.0000000000,,,
28.0239999548,218,225000.0000000000,216761.7656250000,225000.0000000000,225000.0000000000,0.0000000000,0.0000000000,0.0000000000,0.0000000000,,,
28.0279999548,218,225000.0000000000,217689.2968750000,225000.0000000000,225000.0000000000,0.0000000000,0.0000000000,0.0000000000,0.0000000000,,,
28.0319999547,219,225000.0000000000,216414.0937500000,225000.0000000000,225000.0000000000,0.0000000000,0.0000000000,0.0000000000,0.0000000000,,,
28.0359999547,219,203163.9531250000,214719.3906250000,225000.0000000000,178013.1875000000,0.0000000000,0.0000000000,0.0000000000,0.0000000000,,,
28.0399999546,219,208079.6562500000,214947.0781250000,225000.0000000000,188035.0781250000,0.0000000000,0.0000000000,0.0000000000,0.0000000000,,,
28.0439999546,219,225000.0000000000,216744.3281250000,225000.0000000000,225000.0000000000,0.0000000000,0.0000000000,0.0000000000,0.0000000000,,,
28.0479999545,219,225000.0000000000,217685.7343750000,225000.0000000000,225000.0000000000,0.0000000000,0.0000000000,0.0000000000,0.0000000000,,,
28.0519999545,219,225000.0000000000,216430.5000000000,225000.0000000000,225000.0000000000,0.0000000000,0.0000000000,0.0000000000,0.0000000000,,,
28.0559999547,219,203208.0156250000,214739.7968750000,225000.0000000000,178138.8281250000,0.0000000000,0.0000000000,0.0000000000,0.0000000000,,,
28.0599999547,219,207965.2343750000,214958.6093750000,225000.0000000000,187700.3437500000,0.0000000000,0.0000000000,0.0000000000,0.0000000000,,,
28.0639999546,219,225000.0000000000,216749.6406250000,225000.0000000000,225000.0000000000,0.0000000000,0.0000000000,0.0000000000,0.0000000000,,,
28.0679999546,219,225000.0000000000,217695.4843750000,225000.0000000000,225000.0000000000,0.0000000000,0.0000000000,0.0000000000,0.0000000000,,,
28.0719999545,219,225000.0000000000,216448.8281250000,225000.0000000000,225000.0000000000,0.0000000000,0.0000000000,0.0000000000,0.0000000000,,,
28.0759999547,219,203257.5312500000,214753.0468750000,225000.0000000000,178243.4375000000,0.0000000000,0.0000000000,0.0000000000,0.0000000000,,,
28.0799999547,219,207858.6718750000,214958.2656250000,225000.0000000000,187376.4687500000,0.0000000000,0.0000000000,0.0000000000,0.0000000000,,,
28.0839999546,219,225000.0000000000,216741.6718750000,225000.0000000000,225000.0000000000,0.0000000000,0.0000000000,0.0000000000,0.0000000000,,,
28.0879999546,219,225000.0000000000,217694.1250000000,225000.0000000000,225000.0000000000,0.0000000000,0.0000000000,0.0000000000,0.0000000000,,,
28.0919999545,219,225000.0000000000,216453.8437500000,225000.0000000000,225000.0000000000,0.0000000000,0.0000000000,0.0000000000,0.0000000000,,,
28.0959999545,219,203306.8593750000,214756.5937500000,225000.0000000000,178349.7812500000,0.0000000000,0.0000000000,0.0000000000,0.0000000000,,,
28.0999999547,219,207750.3125000000,214950.9531250000,225000.0000000000,187055.0000000000,0.0000000000,0.0000000000,0.0000000000,0.0000000000,,,
28.1039999546,219,225000.0000000000,216733.5937500000,225000.0000000000,225000.0000000000,0.0000000000,0.0000000000,0.0000000000,0.0000000000,,,
28.1079999546,219,225000.0000000000,217700.6718750000,225000.0000000000,225000.0000000000,0.0000000000,0.0000000000,0.0000000000,0.0000000000,,,
28.1119999546,219,225000.0000000000,216474.2187500000,225000.0000000000,225000.0000000000,0.0000000000,0.0000000000,0.0000000000,0.0000000000,,,
28.1159999545,219,203372.5156250000,214767.9687500000,225000.0000000000,178493.3437500000,0.0000000000,0.0000000000,0.0000000000,0.0000000000,,,
28.1199999547,219,207647.6093750000,214944.4218750000,225000.0000000000,186744.5625000000,0.0000000000,0.0000000000,0.0000000000,0.0000000000,,,
28.1239999547,219,225000.0000000000,216720.6718750000,225000.0000000000,225000.0000000000,0.0000000000,0.0000000000,0.0000000000,0.0000000000,,,
28.1279999546,219,225000.0000000000,217700.6718750000,225000.0000000000,225000.0000000000,0.0000000000,0.0000000000,0.0000000000,0.0000000000,,,
28.1319999546,219,225000.0000000000,216487.0000000000,225000.0000000000,225000.0000000000,0.0000000000,0.0000000000,0.0000000000,0.0000000000,,,
28.1359999545,219,203436.7343750000,214783.5156250000,225000.0000000000,178642.8437500000,0.0000000000,0.0000000000,0.0000000000,0.0000000000,,,
28.1399999545,219,207560.5781250000,214951.4218750000,225000.0000000000,186467.5781250000,0.0000000000,0.0000000000,0.0000000000,0.0000000000,,,
28.1439999547,219,225000.0000000000,216721.2812500000,225000.0000000000,225000.0000000000,0.0000000000,0.0000000000,0.0000000000,0.0000000000,,,
28.1479999546,219,225000.0000000000,217701.6093750000,225000.0000000000,225000.0000000000,0.0000000000,0.0000000000,0.0000000000,0.0000000000,,,
28.1519999546,219,225000.0000000000,216491.8750000000,225000.0000000000,225000.0000000000,0.0000000000,0.0000000000,0.0000000000,0.0000000000,,,
28.1559999546,219,203509.9843750000,214782.0156250000,225000.0000000000,178795.4843750000,0.0000000000,0.0000000000,0.0000000000,0.0000000000,,,
28.1599999545,220,207548.0000000000,214936.2500000000,225000.0000000000,186386.7343750000,0.0000000000,0.0000000000,0.0000000000,0.0000000000,,,
28.1639999545,220,225000.0000000000,216703.1562500000,225000.0000000000,225000.0000000000,0.0000000000,0.0000000000,0.0000000000,0.0000000000,,,
28.1679999544,220,225000.0000000000,217689.0781250000,225000.0000000000,225000.0000000000,0.0000000000,0.0000000000,0.0000000000,0.0000000000,,,
28.1719999544,220,225000.0000000000,216490.5312500000,225000.0000000000,225000.0000000000,0.0000000000,0.0000000000,0.0000000000,0.0000000000,,,
28.1759999543,220,203541.4218750000,214778.6093750000,225000.0000000000,178816.4375000000,0.0000000000,0.0000000000,0.0000000000,0.0000000000,,,
28.1799999543,220,207323.3906250000,214916.5312500000,225000.0000000000,185695.5000000000,0.0000000000,0.0000000000,0.0000000000,0.0000000000,,,
28.1839999545,220,225000.0000000000,216674.1250000000,225000.0000000000,225000.0000000000,0.0000000000,0.0000000000,0.0000000000,0.0000000000,,,
28.1879999544,220,225000.0000000000,217678.4375000000,225000.0000000000,225000.0000000000,0.0000000000,0.0000000000,0.0000000000,0.0000000000,,,
28.1919999544,220,225000.0000000000,216497.8593750000,225000.0000000000,225000.0000000000,0.0000000000,0.0000000000,0.0000000000,0.0000000000,,,
28.1959999544,220,203608.1718750000,214780.0312500000,225000.0000000000,178909.8593750000,0.0000000000,0.0000000000,0.0000000000,0.0000000000,,,
28.1999999543,220,207225.5156250000,214908.3593750000,225000.0000000000,185349.8125000000,0.0000000000,0.0000000000,0.0000000000,0.0000000000,,,
28.2039999545,220,225000.0000000000,216662.6250000000,225000.0000000000,225000.0000000000,0.0000000000,0.0000000000,0.0000000000,0.0000000000,,,
28.2079999545,220,225000.0000000000,217673.8750000000,225000.0000000000,225000.0000000000,0.0000000000,0.0000000000,0.0000000000,0.0000000000,,,
28.2119999544,220,225000.0000000000,216504.7968750000,225000.0000000000,225000.0000000000,0.0000000000,0.0000000000,0.0000000000,0.0000000000,,,
28.2159999544,220,203685.0781250000,214793.9062500000,225000.0000000000,179032.7500000000,0.0000000000,0.0000000000,0.0000000000,0.0000000000,,,
28.2199999543,220,207137.7968750000,214914.0625000000,225000.0000000000,185006.2187500000,0.0000000000,0.0000000000,0.0000000000,0.0000000000,,,
28.2239999543,220,225000.0000000000,216658.5468750000,225000.0000000000,225000.0000000000,0.0000000000,0.0000000000,0.0000000000,0.0000000000,,,
28.2279999545,220,225000.0000000000,217676.2031250000,225000.0000000000,225000.0000000000,0.0000000000,0.0000000000,0.0000000000,0.0000000000,,,
28.2319999544,220,225000.0000000000,216522.3125000000,225000.0000000000,225000.0000000000,0.0000000000,0.0000000000,0.0000000000,0.0000000000,,,
28.2359999544,220,203753.6406250000,214812.1093750000,225000.0000000000,179165.5000000000,0.0000000000,0.0000000000,0.0000000000,0.0000000000,,,
28.2399999544,220,207027.1875000000,214918.5781250000,225000.0000000000,184627.0156250000,0.0000000000,0.0000000000,0.0000000000,0.0000000000,,,
28.2439999543,220,225000.0000000000,216653.7500000000,225000.0000000000,225000.0000000000,0.0000000000,0.0000000000,0.0000000000,0.0000000000,,,
28.2479999545,220,225000.0000000000,217679.6093750000,225000.0000000000,225000.0000000000,0.0000000000,0.0000000000,0.0000000000,0.0000000000,,,
28.2519999545,220,225000.0000000000,216535.6250000000,225000.0000000000,225000.0000000000,0.0000000000,0.0000000000,0.0000000000,0.0000000000,,,
28.2559999544,220,203790.4531250000,214816.5625000000,225000.0000000000,179239.3906250000,0.0000000000,0.0000000000,0.0000000000,0.0000000000,,,
28.2599999544,220,206890.9843750000,214904.0000000000,225000.0000000000,184221.0000000000,0.0000000000,0.0000000000,0.0000000000,0.0000000000,,,
28.2639999543,220,225000.0000000000,216632.3750000000,225000.0000000000,225000.0000000000,0.0000000000,0.0000000000,0.0000000000,0.0000000000,,,
28.2679999543,220,225000.0000000000,217666.9531250000,225000.0000000000,225000.0000000000,0.0000000000,0.0000000000,0.0000000000,0.0000000000,,,
28.2719999545,220,225000.0000000000,216532.8281250000,225000.0000000000,225000.0000000000,0.0000000000,0.0000000000,0.0000000000,0.0000000000,,,
28.2759999544,220,203823.6093750000,214812.6250000000,225000.0000000000,179332.7031250000,0.0000000000,0.0000000000,0.0000000000,0.0000000000,,,
28.2799999544,220,206761.3281250000,214892.3437500000,225000.0000000000,183839.4843750000,0.0000000000,0.0000000000,0.0000000000,0.0000000000,,,
28.2839999544,220,225000.0000000000,216621.5000000000,225000.0000000000,225000.0000000000,0.0000000000,0.0000000000,0.0000000000,0.0000000000,,,
28.2879999543,221,225000.0000000000,217661.7812500000,225000.0000000000,225000.0000000000,0.0000000000,0.0000000000,0.0000000000,0.0000000000,,,
28.2919999543,221,225000.0000000000,216540.2656250000,225000.0000000000,225000.0000000000,0.0000000000,0.0000000000,0.0000000000,0.0000000000,,,
28.2959999542,221,203869.2968750000,214818.3593750000,225000.0000000000,179439.8281250000,0.0000000000,0.0000000000,0.0000000000,0.0000000000,,,
28.2999999542,221,206628.8593750000,214881.2031250000,225000.0000000000,183435.9218750000,0.0000000000,0.0000000000,0.0000000000,0.0000000000,,,
28.3039999541,221,225000.0000000000,216597.7187500000,225000.0000000000,225000.0000000000,0.0000000000,0.0000000000,0.0000000000,0.0000000000,,,
28.3079999541,221,225000.0000000000,217650.2656250000,225000.0000000000,225000.0000000000,0.0000000000,0.0000000000,0.0000000000,0.0000000000,,,
28.3119999543,221,225000.0000000000,216547.1093750000,225000.0000000000,225000.0000000000,0.0000000000,0.0000000000,0.0000000000,0.0000000000,,,
28.3159999542,221,203890.2656250000,214827.4375000000,225000.0000000000,179509.7812500000,0.0000000000,0.0000000000,0.0000000000,0.0000000000,,,
28.3199999542,221,206483.3437500000,214880.5312500000,225000.0000000000,183009.6875000000,0.0000000000,0.0000000000,0.0000000000,0.0000000000,,,
28.3239999542,221,225000.0000000000,216596.1250000000,225000.0000000000,225000.0000000000,0.0000000000,0.0000000000,0.0000000000,0.0000000000,,,
28.3279999541,221,225000.0000000000,217660.3750000000,225000.0000000000,225000.0000000000,0.0000000000,0.0000000000,0.0000000000,0.0000000000,,,
28.3319999543,221,225000.0000000000,216569.9218750000,225000.0000000000,225000.0000000000,0.0000000000,0.0000000000,0.0000000000,0.0000000000,,,
28.3359999543,221,203923.9062500000,214848.2968750000,225000.0000000000,179570.1562500000,0.0000000000,0.0000000000,0.0000000000,0.0000000000,,,
28.3399999542,221,206348.1875000000,214882.6875000000,225000.0000000000,182585.9375000000,0.0000000000,0.0000000000,0.0000000000,0.0000000000,,,
28.3439999542,221,225000.0000000000,216582.9687500000,225000.0000000000,225000.0000000000,0.0000000000,0.0000000000,0.0000000000,0.0000000000,,,
28.3479999541,221,225000.0000000000,217653.1875000000,225000.0000000000,225000.0000000000,0.0000000000,0.0000000000,0.0000000000,0.0000000000,,,
28.3519999541,221,225000.0000000000,216574.4843750000,225000.0000000000,225000.0000000000,0.0000000000,0.0000000000,0.0000000000,0.0000000000,,,
28.3559999543,221,203933.2031250000,214853.3750000000,225000.0000000000,179635.1875000000,0.0000000000,0.0000000000,0.0000000000,0.0000000000,,,
28.3599999542,221,206186.2968750000,214883.0000000000,225000.0000000000,182119.7031250000,0.0000000000,0.0000000000,0.0000000000,0.0000000000,,,
28.3639999542,221,225000.0000000000,216578.0625000000,225000.0000000000,225000.0000000000,0.0000000000,0.0000000000,0.0000000000,0.0000000000,,,
28.3679999541,221,225000.0000000000,217651.7968750000,225000.0000000000,225000.0000000000,0.0000000000,0.0000000000,0.0000000000,0.0000000000,,,
28.3719999541,221,225000.0000000000,216580.4687500000,225000.0000000000,225000.0000000000,0.0000000000,0.0000000000,0.0000000000,0.0000000000,,,
28.3759999543,221,203945.4062500000,214853.8750000000,225000.0000000000,179705.3437500000,0.0000000000,0.0000000000,0.0000000000,0.0000000000,,,
28.3799999543,221,206027.3125000000,214870.0000000000,225000.0000000000,181650.1406250000,0.0000000000,0.0000000000,0.0000000000,0.0000000000,,,
28.3839999542,221,225000.0000000000,216559.8750000000,225000.0000000000,225000.0000000000,0.0000000000,0.0000000000,0.0000000000,0.0000000000,,,
28.3879999542,221,225000.0000000000,217645.3125000000,225000.0000000000,225000.0000000000,0.0000000000,0.0000000000,0.0000000000,0.0000000000,,,
28.3919999541,221,225000.0000000000,216587.9843750000,225000.0000000000,225000.0000000000,0.0000000000,0.0000000000,0.0000000000,0.0000000000,,,
28.3959999541,221,203963.8125000000,214857.8750000000,225000.0000000000,179786.6250000000,0.0000000000,0.0000000000,0.0000000000,0.0000000000,,,
28.3999999543,221,205874.4062500000,214860.7656250000,225000.0000000000,181205.9062500000,0.0000000000,0.0000000000,0.0000000000,0.0000000000,,,
28.4039999542,221,225000.0000000000,216550.4062500000,225000.0000000000,225000.0000000000,0.0000000000,0.0000000000,0.0000000000,0.0000000000,,,
28.4079999542,221,225000.0000000000,217650.1875000000,225000.0000000000,225000.0000000000,0.0000000000,0.0000000000,0.0000000000,0.0000000000,,,
28.4119999541,221,225000.0000000000,216610.9062500000,225000.0000000000,225000.0000000000,0.0000000000,0.0000000000,0.0000000000,0.0000000000,,,
28.4159999541,222,204009.6562500000,214880.4843750000,225000.0000000000,179915.4375000000,0.0000000000,0.0000000000,0.0000000000,0.0000000000,,,
28.4199999541,222,205738.4218750000,214866.1406250000,225000.0000000000,180783.8437500000,0.0000000000,0.0000000000,0.0000000000,0.0000000000,,,
28.4239999540,222,225000.0000000000,216550.9687500000,225000.0000000000,225000.0000000000,0.0000000000,0.0000000000,0.0000000000,0.0000000000,,,
28.4279999540,222,225000.0000000000,217658.9531250000,225000.0000000000,225000.0000000000,0.0000000000,0.0000000000,0.0000000000,0.0000000000,,,
28.4319999539,222,225000.0000000000,216627.1875000000,225000.0000000000,225000.0000000000,0.0000000000,0.0000000000,0.0000000000,0.0000000000,,,
28.4359999539,222,204035.2343750000,214890.0000000000,225000.0000000000,180120.5468750000,0.0000000000,0.0000000000,0.0000000000,0.0000000000,,,
28.4399999541,222,205608.4375000000,214868.8125000000,225000.0000000000,180532.5468750000,0.0000000000,0.0000000000,0.0000000000,0.0000000000,,,
28.4439999540,222,225000.0000000000,216550.7500000000,225000.0000000000,225000.0000000000,0.0000000000,0.0000000000,0.0000000000,0.0000000000,,,
28.4479999540,222,225000.0000000000,217667.1093750000,225000.0000000000,225000.0000000000,0.0000000000,0.0000000000,0.0000000000,0.0000000000,,,
28.4519999539,222,225000.0000000000,216642.8906250000,225000.0000000000,225000.0000000000,0.0000000000,0.0000000000,0.0000000000,0.0000000000,,,
28.4559999539,222,204092.5625000000,214903.4375000000,225000.0000000000,180386.0312500000,0.0000000000,0.0000000000,0.0000000000,0.0000000000,,,
28.4599999541,222,205492.4531250000,214864.5000000000,225000.0000000000,180305.0312500000,0.0000000000,0.0000000000,0.0000000000,0.0000000000,,,
28.4639999541,222,225000.0000000000,216538.1093750000,225000.0000000000,225000.0000000000,0.0000000000,0.0000000000,0.0000000000,0.0000000000,,,
28.4679999540,222,225000.0000000000,217667.2656250000,225000.0000000000,225000.0000000000,0.0000000000,0.0000000000,0.0000000000,0.0000000000,,,
28.4719999540,222,225000.0000000000,216659.0312500000,225000.0000000000,225000.0000000000,0.0000000000,0.0000000000,0.0000000000,0.0000000000,,,
28.4759999539,222,204138.2343750000,214918.5468750000,225000.0000000000,180630.7343750000,0.0000000000,0.0000000000,0.0000000000,0.0000000000,,,
28.4799999539,222,205373.6093750000,214869.2656250000,225000.0000000000,180069.5937500000,0.0000000000,0.0000000000,0.0000000000,0.0000000000,,,
28.4839999541,222,225000.0000000000,216541.0468750000,225000.0000000000,225000.0000000000,0.0000000000,0.0000000000,0.0000000000,0.0000000000,,,
28.4879999540,222,225000.0000000000,217674.0625000000,225000.0000000000,225000.0000000000,0.0000000000,0.0000000000,0.0000000000,0.0000000000,,,
28.4919999540,222,225000.0000000000,216670.0468750000,225000.0000000000,225000.0000000000,0.0000000000,0.0000000000,0.0000000000,0.0000000000,,,
28.4959999539,222,204164.8125000000,214922.5937500000,225000.0000000000,180830.7812500000,0.0000000000,0.0000000000,0.0000000000,0.0000000000,,,
28.4999999539,222,205248.2656250000,214863.6718750000,225000.0000000000,179863.3750000000,0.0000000000,0.0000000000,0.0000000000,0.0000000000,,,
28.5039999541,222,225000.0000000000,216532.2656250000,225000.0000000000,225000.0000000000,0.0000000000,0.0000000000,0.0000000000,0.0000000000,,,
28.5079999540,222,225000.0000000000,217671.8125000000,225000.0000000000,225000.0000000000,0.0000000000,0.0000000000,0.0000000000,0.0000000000,,,
28.5119999540,222,225000.0000000000,216678.2343750000,225000.0000000000,225000.0000000000,0.0000000000,0.0000000000,0.0000000000,0.0000000000,,,
28.5159999540,222,204199.6250000000,214927.5781250000,225000.0000000000,181066.7812500000,0.0000000000,0.0000000000,0.0000000000,0.0000000000,,,
28.5199999539,222,205105.7031250000,214854.6875000000,225000.0000000000,179609.1875000000,0.0000000000,0.0000000000,0.0000000000,0.0000000000,,,
28.5239999539,222,225000.0000000000,216521.1406250000,225000.0000000000,225000.0000000000,0.0000000000,0.0000000000,0.0000000000,0.0000000000,,,
28.5279999541,222,225000.0000000000,217675.4531250000,225000.0000000000,225000.0000000000,0.0000000000,0.0000000000,0.0000000000,0.0000000000,,,
28.5319999540,222,225000.0000000000,216695.0468750000,225000.0000000000,225000.0000000000,0.0000000000,0.0000000000,0.0000000000,0.0000000000,,,
28.5359999540,222,204222.9062500000,214943.2500000000,225000.0000000000,181298.6093750000,0.0000000000,0.0000000000,0.0000000000,0.0000000000,,,
28.5399999539,222,204965.0000000000,214861.0156250000,225000.0000000000,179374.6562500000,0.0000000000,0.0000000000,0.0000000000,0.0000000000,,,
28.5439999539,223,225000.0000000000,216523.9062500000,225000.0000000000,225000.0000000000,0.0000000000,0.0000000000,0.0000000000,0.0000000000,,,
28.5479999539,223,225000.0000000000,217686.7187500000,225000.0000000000,225000.0000000000,0.0000000000,0.0000000000,0.0000000000,0.0000000000,,,
28.5519999538,223,225000.0000000000,216718.3593750000,225000.0000000000,225000.0000000000,0.0000000000,0.0000000000,0.0000000000,0.0000000000,,,
28.5559999538,223,204241.0468750000,214960.7031250000,225000.0000000000,181509.8593750000,0.0000000000,0.0000000000,0.0000000000,0.0000000000,,,
28.5599999537,223,204816.8906250000,214865.7656250000,225000.0000000000,179145.4062500000,0.0000000000,0.0000000000,0.0000000000,0.0000000000,,,
28.5639999537,223,225000.0000000000,216525.4062500000,225000.0000000000,225000.0000000000,0.0000000000,0.0000000000,0.0000000000,0.0000000000,,,
28.5679999539,223,225000.0000000000,217694.9218750000,225000.0000000000,225000.0000000000,0.0000000000,0.0000000000,0.0000000000,0.0000000000,,,
28.5719999538,223,225000.0000000000,216730.9375000000,225000.0000000000,225000.0000000000,0.0000000000,0.0000000000,0.0000000000,0.0000000000,,,
28.5759999538,223,204270.5781250000,214967.3906250000,225000.0000000000,181746.1250000000,0.0000000000,0.0000000000,0.0000000000,0.0000000000,,,
28.5799999537,223,204674.1406250000,214861.3593750000,225000.0000000000,178900.5781250000,0.0000000000,0.0000000000,0.0000000000,0.0000000000,,,
28.5839999537,223,225000.0000000000,216515.1562500000,225000.0000000000,225000.0000000000,0.0000000000,0.0000000000,0.0000000000,0.0000000000,,,
28.5879999539,223,225000.0000000000,217692.5625000000,225000.0000000000,225000.0000000000,0.0000000000,0.0000000000,0.0000000000,0.0000000000,,,
28.5919999538,223,225000.0000000000,216741.4062500000,225000.0000000000,225000.0000000000,0.0000000000,0.0000000000,0.0000000000,0.0000000000,,,
28.5959999538,223,204313.8125000000,214978.1093750000,225000.0000000000,181980.3750000000,0.0000000000,0.0000000000,0.0000000000,0.0000000000,,,
28.5999999538,223,204548.9375000000,214860.9531250000,225000.0000000000,178668.1562500000,0.0000000000,0.0000000000,0.0000000000,0.0000000000,,,
28.6039999537,223,225000.0000000000,216508.7656250000,225000.0000000000,225000.0000000000,0.0000000000,0.0000000000,0.0000000000,0.0000000000,,,
28.6079999537,223,225000.0000000000,217690.5000000000,225000.0000000000,225000.0000000000,0.0000000000,0.0000000000,0.0000000000,0.0000000000,,,
28.6119999539,223,225000.0000000000,216747.2187500000,225000.0000000000,225000.0000000000,0.0000000000,0.0000000000,0.0000000000,0.0000000000,,,
28.6159999538,223,204363.1093750000,214981.3125000000,225000.0000000000,182227.8593750000,0.0000000000,0.0000000000,0.0000000000,0.0000000000,,,
28.6199999538,223,204436.3593750000,214855.9218750000,225000.0000000000,178460.9062500000,0.0000000000,0.0000000000,0.0000000000,0.0000000000,,,
28.6239999537,223,225000.0000000000,216501.8750000000,225000.0000000000,225000.0000000000,0.0000000000,0.0000000000,0.0000000000,0.0000000000,,,
28.6279999537,223,225000.0000000000,217692.0781250000,225000.0000000000,225000.0000000000,0.0000000000,0.0000000000,0.0000000000,0.0000000000,,,
28.6319999539,223,225000.0000000000,216752.6406250000,225000.0000000000,225000.0000000000,0.0000000000,0.0000000000,0.0000000000,0.0000000000,,,
28.6359999538,223,204444.8125000000,214980.5781250000,225000.0000000000,182486.7500000000,0.0000000000,0.0000000000,0.0000000000,0.0000000000,,,
28.6399999538,223,204344.3906250000,214843.5781250000,225000.0000000000,178246.7656250000,0.0000000000,0.0000000000,0.0000000000,0.0000000000,,,
28.6439999538,223,225000.0000000000,216486.2187500000,225000.0000000000,225000.0000000000,0.0000000000,0.0000000000,0.0000000000,0.0000000000,,,
28.6479999537,223,225000.0000000000,217689.5937500000,225000.0000000000,225000.0000000000,0.0000000000,0.0000000000,0.0000000000,0.0000000000,,,
28.6519999537,223,225000.0000000000,216770.1875000000,225000.0000000000,225000.0000000000,0.0000000000,0.0000000000,0.0000000000,0.0000000000,,,
28.6559999539,223,204541.9843750000,214998.0781250000,225000.0000000000,182748.1562500000,0.0000000000,0.0000000000,0.0000000000,0.0000000000,,,
28.6599999538,223,204274.6875000000,214844.6250000000,225000.0000000000,178052.2812500000,0.0000000000,0.0000000000,0.0000000000,0.0000000000,,,
28.6639999538,223,225000.0000000000,216484.1718750000,225000.0000000000,225000.0000000000,0.0000000000,0.0000000000,0.0000000000,0.0000000000,,,
28.6679999537,223,225000.0000000000,217696.2343750000,225000.0000000000,225000.0000000000,0.0000000000,0.0000000000,0.0000000000,0.0000000000,,,
28.6719999537,224,225000.0000000000,216785.6562500000,225000.0000000000,225000.0000000000,0.0000000000,0.0000000000,0.0000000000,0.0000000000,,,
28.6759999536,224,204668.8281250000,215014.9218750000,225000.0000000000,183063.8437500000,0.0000000000,0.0000000000,0.0000000000,0.0000000000,,,
28.6799999536,224,204223.3750000000,214859.1093750000,225000.0000000000,177885.8750000000,0.0000000000,0.0000000000,0.0000000000,0.0000000000,,,
28.6839999536,224,225000.0000000000,216497.1562500000,225000.0000000000,225000.0000000000,0.0000000000,0.0000000000,0.0000000000,0.0000000000,,,
28.6879999535,224,225000.0000000000,217719.1718750000,225000.0000000000,225000.0000000000,0.0000000000,0.0000000000,0.0000000000,0.0000000000,,,
28.6919999535,224,225000.0000000000,216816.3750000000,225000.0000000000,225000.0000000000,0.0000000000,0.0000000000,0.0000000000,0.0000000000,,,
28.6959999537,224,204760.1875000000,215036.7500000000,225000.0000000000,183344.8125000000,0.0000000000,0.0000000000,0.0000000000,0.0000000000,,,
28.6999999536,224,204140.6562500000,214861.6250000000,225000.0000000000,177703.5312500000,0.0000000000,0.0000000000,0.0000000000,0.0000000000,,,
28.7039999536,224,225000.0000000000,216492.5000000000,225000.0000000000,225000.0000000000,0.0000000000,0.0000000000,0.0000000000,0.0000000000,,,
28.7079999535,224,225000.0000000000,217719.4375000000,225000.0000000000,225000.0000000000,0.0000000000,0.0000000000,0.0000000000,0.0000000000,,,
28.7119999535,224,225000.0000000000,216821.4843750000,225000.0000000000,225000.0000000000,0.0000000000,0.0000000000,0.0000000000,0.0000000000,,,
28.7159999537,224,204827.0000000000,215036.5937500000,225000.0000000000,183610.4843750000,0.0000000000,0.0000000000,0.0000000000,0.0000000000,,,
28.7199999536,224,204040.6093750000,214843.7656250000,225000.0000000000,177526.2656250000,0.0000000000,0.0000000000,0.0000000000,0.0000000000,,,
28.7239999536,224,225000.0000000000,216459.6406250000,225000.0000000000,225000.0000000000,0.0000000000,0.0000000000,0.0000000000,0.0000000000,,,
28.7279999536,224,225000.0000000000,217694.0468750000,225000.0000000000,225000.0000000000,0.0000000000,0.0000000000,0.0000000000,0.0000000000,,,
28.7319999535,224,225000.0000000000,216806.0625000000,225000.0000000000,225000.0000000000,0.0000000000,0.0000000000,0.0000000000,0.0000000000,,,
28.7359999535,224,204898.2656250000,215015.6718750000,225000.0000000000,183867.6250000000,0.0000000000,0.0000000000,0.0000000000,0.0000000000,,,
28.7399999537,224,203934.3906250000,214815.0937500000,225000.0000000000,177286.7656250000,0.0000000000,0.0000000000,0.0000000000,0.0000000000,,,
28.7439999536,224,225000.0000000000,216434.8437500000,225000.0000000000,225000.0000000000,0.0000000000,0.0000000000,0.0000000000,0.0000000000,,,
28.7479999536,224,225000.0000000000,217684.1718750000,225000.0000000000,225000.0000000000,0.0000000000,0.0000000000,0.0000000000,0.0000000000,,,
28.7519999535,224,225000.0000000000,216815.0781250000,225000.0000000000,225000.0000000000,0.0000000000,0.0000000000,0.0000000000,0.0000000000,,,
28.7559999535,224,205036.7968750000,215028.5625000000,225000.0000000000,184149.8281250000,0.0000000000,0.0000000000,0.0000000000,0.0000000000,,,
28.7599999537,224,203921.1875000000,214819.5781250000,225000.0000000000,177115.9375000000,0.0000000000,0.0000000000,0.0000000000,0.0000000000,,,
28.7639999536,224,225000.0000000000,216433.5625000000,225000.0000000000,225000.0000000000,0.0000000000,0.0000000000,0.0000000000,0.0000000000,,,
28.7679999536,224,225000.0000000000,217684.6562500000,225000.0000000000,225000.0000000000,0.0000000000,0.0000000000,0.0000000000,0.0000000000,,,
28.7719999535,224,225000.0000000000,216824.2031250000,225000.0000000000,225000.0000000000,0.0000000000,0.0000000000,0.0000000000,0.0000000000,,,
28.7759999535,224,205202.1875000000,215033.2968750000,225000.0000000000,184434.8593750000,0.0000000000,0.0000000000,0.0000000000,0.0000000000,,,
28.7799999535,224,203924.3593750000,214812.7656250000,225000.0000000000,176951.9531250000,0.0000000000,0.0000000000,0.0000000000,0.0000000000,,,
28.7839999537,224,225000.0000000000,216419.4062500000,225000.0000000000,225000.0000000000,0.0000000000,0.0000000000,0.0000000000,0.0000000000,,,
28.7879999536,224,225000.0000000000,217677.4062500000,225000.0000000000,225000.0000000000,0.0000000000,0.0000000000,0.0000000000,0.0000000000,,,
28.7919999536,224,225000.0000000000,216822.5156250000,225000.0000000000,225000.0000000000,0.0000000000,0.0000000000,0.0000000000,0.0000000000,,,
28.7959999535,224,205342.5781250000,215020.5000000000,225000.0000000000,184713.7343750000,0.0000000000,0.0000000000,0.0000000000,0.0000000000,,,
28.7999999535,225,203869.4531250000,214777.4531250000,225000.0000000000,176717.1562500000,0.0000000000,0.0000000000,0.0000000000,0.0000000000,,,
28.8039999534,225,225000.0000000000,216372.8593750000,225000.0000000000,225000.0000000000,0.0000000000,0.0000000000,0.0000000000,0.0000000000,,,
28.8079999534,225,225000.0000000000,217640.0781250000,225000.0000000000,225000.0000000000,0.0000000000,0.0000000000,0.0000000000,0.0000000000,,,
28.8119999534,225,225000.0000000000,216801.4843750000,225000.0000000000,225000.0000000000,0.0000000000,0.0000000000,0.0000000000,0.0000000000,,,
28.8159999533,225,205475.4843750000,215008.1562500000,225000.0000000000,184991.7656250000,0.0000000000,0.0000000000,0.0000000000,0.0000000000,,,
28.8199999533,225,203836.5937500000,214757.4218750000,225000.0000000000,176514.4062500000,0.0000000000,0.0000000000,0.0000000000,0.0000000000,,,
28.8239999535,225,225000.0000000000,216352.4062500000,225000.0000000000,225000.0000000000,0.0000000000,0.0000000000,0.0000000000,0.0000000000,,,
28.8279999534,225,225000.0000000000,217627.1406250000,225000.0000000000,225000.0000000000,0.0000000000,0.0000000000,0.0000000000,0.0000000000,,,
28.8319999534,225,225000.0000000000,216794.6406250000,225000.0000000000,225000.0000000000,0.0000000000,0.0000000000,0.0000000000,0.0000000000,,,
28.8359999533,225,205606.3125000000,214993.6718750000,225000.0000000000,185261.7343750000,0.0000000000,0.0000000000,0.0000000000,0.0000000000,,,
28.8399999533,225,203805.4843750000,214735.6250000000,225000.0000000000,176320.6406250000,0.0000000000,0.0000000000,0.0000000000,0.0000000000,,,
28.8439999535,225,225000.0000000000,216331.4843750000,225000.0000000000,225000.0000000000,0.0000000000,0.0000000000,0.0000000000,0.0000000000,,,
28.8479999534,225,225000.0000000000,217621.0312500000,225000.0000000000,225000.0000000000,0.0000000000,0.0000000000,0.0000000000,0.0000000000,,,
28.8519999534,225,225000.0000000000,216801.8906250000,225000.0000000000,225000.0000000000,0.0000000000,0.0000000000,0.0000000000,0.0000000000,,,
28.8559999533,225,205734.9531250000,215002.3906250000,225000.0000000000,185531.3750000000,0.0000000000,0.0000000000,0.0000000000,0.0000000000,,,
28.8599999533,225,203762.8593750000,214733.5468750000,225000.0000000000,176109.9218750000,0.0000000000,0.0000000000,0.0000000000,0.0000000000,,,
28.8639999533,225,225000.0000000000,216321.6875000000,225000.0000000000,225000.0000000000,0.0000000000,0.0000000000,0.0000000000,0.0000000000,,,
28.8679999535,225,225000.0000000000,217614.8593750000,225000.0000000000,225000.0000000000,0.0000000000,0.0000000000,0.0000000000,0.0000000000,,,
28.8719999534,225,225000.0000000000,216809.3125000000,225000.0000000000,225000.0000000000,0.0000000000,0.0000000000,0.0000000000,0.0000000000,,,
28.8759999534,225,205818.8750000000,215011.2968750000,225000.0000000000,185754.6875000000,0.0000000000,0.0000000000,0.0000000000,0.0000000000,,,
28.8799999533,225,203686.0156250000,214731.5156250000,225000.0000000000,175904.5781250000,0.0000000000,0.0000000000,0.0000000000,0.0000000000,,,
28.8839999533,225,225000.0000000000,216311.8437500000,225000.0000000000,225000.0000000000,0.0000000000,0.0000000000,0.0000000000,0.0000000000,,,
28.8879999535,225,225000.0000000000,217612.5781250000,225000.0000000000,225000.0000000000,0.0000000000,0.0000000000,0.0000000000,0.0000000000,,,
28.8919999534,225,225000.0000000000,216816.0156250000,225000.0000000000,225000.0000000000,0.0000000000,0.0000000000,0.0000000000,0.0000000000,,,
28.8959999534,225,205905.9687500000,215011.6718750000,225000.0000000000,186027.4531250000,0.0000000000,0.0000000000,0.0000000000,0.0000000000,,,
28.8999999533,225,203600.4218750000,214717.1093750000,225000.0000000000,175702.6093750000,0.0000000000,0.0000000000,0.0000000000,0.0000000000,,,
28.9039999533,225,225000.0000000000,216293.7656250000,225000.0000000000,225000.0000000000,0.0000000000,0.0000000000,0.0000000000,0.0000000000,,,
28.9079999533,225,225000.0000000000,217603.0312500000,225000.0000000000,225000.0000000000,0.0000000000,0.0000000000,0.0000000000,0.0000000000,,,
28.9119999534,225,225000.0000000000,216818.5625000000,225000.0000000000,225000.0000000000,0.0000000000,0.0000000000,0.0000000000,0.0000000000,,,
28.9159999534,225,205982.6562500000,215011.2343750000,225000.0000000000,186290.4062500000,0.0000000000,0.0000000000,0.0000000000,0.0000000000,,,
28.9199999534,225,203513.6093750000,214704.5000000000,225000.0000000000,175523.0625000000,0.0000000000,0.0000000000,0.0000000000,0.0000000000,,,
28.9239999533,225,225000.0000000000,216270.1093750000,225000.0000000000,225000.0000000000,0.0000000000,0.0000000000,0.0000000000,0.0000000000,,,
28.9279999533,226,225000.0000000000,217582.2500000000,225000.0000000000,225000.0000000000,0.0000000000,0.0000000000,0.0000000000,0.0000000000,,,
28.9319999532,226,225000.0000000000,216806.9062500000,225000.0000000000,225000.0000000000,0.0000000000,0.0000000000,0.0000000000,0.0000000000,,,
28.9359999532,226,206089.0000000000,215002.2812500000,225000.0000000000,186585.1406250000,0.0000000000,0.0000000000,0.0000000000,0.0000000000,,,
28.9399999531,226,203428.5000000000,214685.0000000000,225000.0000000000,175294.2343750000,0.0000000000,0.0000000000,0.0000000000,0.0000000000,,,
28.9439999531,226,225000.0000000000,216250.2656250000,225000.0000000000,225000.0000000000,0.0000000000,0.0000000000,0.0000000000,0.0000000000,,,
28.9479999531,226,225000.0000000000,217577.3906250000,225000.0000000000,225000.0000000000,0.0000000000,0.0000000000,0.0000000000,0.0000000000,,,
28.9519999532,226,225000.0000000000,216815.3281250000,225000.0000000000,225000.0000000000,0.0000000000,0.0000000000,0.0000000000,0.0000000000,,,
28.9559999532,226,206185.8281250000,215009.0625000000,225000.0000000000,186849.8437500000,0.0000000000,0.0000000000,0.0000000000,0.0000000000,,,
28.9599999532,226,203364.6875000000,214680.7187500000,225000.0000000000,175118.4531250000,0.0000000000,0.0000000000,0.0000000000,0.0000000000,,,
28.9639999531,226,225000.0000000000,216239.9062500000,225000.0000000000,225000.0000000000,0.0000000000,0.0000000000,0.0000000000,0.0000000000,,,
28.9679999531,226,225000.0000000000,217574.1250000000,225000.0000000000,225000.0000000000,0.0000000000,0.0000000000,0.0000000000,0.0000000000,,,
28.9719999533,226,225000.0000000000,216826.9375000000,225000.0000000000,225000.0000000000,0.0000000000,0.0000000000,0.0000000000,0.0000000000,,,
28.9759999532,226,206289.3906250000,215020.1406250000,225000.0000000000,187141.0468750000,0.0000000000,0.0000000000,0.0000000000,0.0000000000,,,
28.9799999532,226,203305.1093750000,214683.1250000000,225000.0000000000,174946.2031250000,0.0000000000,0.0000000000,0.0000000000,0.0000000000,,,
28.9839999531,226,225000.0000000000,216238.2187500000,225000.0000000000,225000.0000000000,0.0000000000,0.0000000000,0.0000000000,0.0000000000,,,
28.9879999531,226,225000.0000000000,217575.8906250000,225000.0000000000,225000.0000000000,0.0000000000,0.0000000000,0.0000000000,0.0000000000,,,
28.9919999531,226,225000.0000000000,216833.1406250000,225000.0000000000,225000.0000000000,0.0000000000,0.0000000000,0.0000000000,0.0000000000,,,
28.9959999532,226,206388.9843750000,215019.2031250000,225000.0000000000,187415.2187500000,0.0000000000,0.0000000000,0.0000000000,0.0000000000,,,
28.9999999532,226,203242.3437500000,214666.1718750000,225000.0000000000,174779.0156250000,0.0000000000,0.0000000000,0.0000000000,0.0000000000,,,
29.0039999532,226,225000.0000000000,216216.3906250000,225000.0000000000,225000.0000000000,0.0000000000,0.0000000000,0.0000000000,0.0000000000,,,
29.0079999531,226,225000.0000000000,217565.6250000000,225000.0000000000,225000.0000000000,0.0000000000,0.0000000000,0.0000000000,0.0000000000,,,
29.0119999531,226,225000.0000000000,216836.1093750000,225000.0000000000,225000.0000000000,0.0000000000,0.0000000000,0.0000000000,0.0000000000,,,
29.0159999533,226,206506.0156250000,215022.2968750000,225000.0000000000,187706.8125000000,0.0000000000,0.0000000000,0.0000000000,0.0000000000,,,
29.0199999532,226,203204.8593750000,214659.2031250000,225000.0000000000,174638.6562500000,0.0000000000,0.0000000000,0.0000000000,0.0000000000,,,
29.0239999532,226,225000.0000000000,216203.8281250000,225000.0000000000,225000.0000000000,0.0000000000,0.0000000000,0.0000000000,0.0000000000,,,
29.0279999531,226,225000.0000000000,217555.5000000000,225000.0000000000,225000.0000000000,0.0000000000,0.0000000000,0.0000000000,0.0000000000,,,
29.0319999531,226,225000.0000000000,216833.4531250000,225000.0000000000,225000.0000000000,0.0000000000,0.0000000000,0.0000000000,0.0000000000,,,
29.0359999530,226,206651.4375000000,215023.0468750000,225000.0000000000,188021.7187500000,0.0000000000,0.0000000000,0.0000000000,0.0000000000,,,
29.0399999532,226,203180.6875000000,214646.2500000000,225000.0000000000,174479.4375000000,0.0000000000,0.0000000000,0.0000000000,0.0000000000,,,
29.0439999532,226,225000.0000000000,216183.2031250000,225000.0000000000,225000.0000000000,0.0000000000,0.0000000000,0.0000000000,0.0000000000,,,
29.0479999532,226,225000.0000000000,217550.7343750000,225000.0000000000,225000.0000000000,0.0000000000,0.0000000000,0.0000000000,0.0000000000,,,
29.0519999531,226,225000.0000000000,216846.9531250000,225000.0000000000,225000.0000000000,0.0000000000,0.0000000000,0.0000000000,0.0000000000,,,
29.0559999531,227,206795.0156250000,215038.2500000000,225000.0000000000,188337.7968750000,0.0000000000,0.0000000000,0.0000000000,0.0000000000,,,
29.0599999530,227,203170.8750000000,214653.8593750000,225000.0000000000,174350.6093750000,0.0000000000,0.0000000000,0.0000000000,0.0000000000,,,
29.0639999530,227,225000.0000000000,216186.2343750000,225000.0000000000,225000.0000000000,0.0000000000,0.0000000000,0.0000000000,0.0000000000,,,
29.0679999529,227,225000.0000000000,217559.0468750000,225000.0000000000,225000.0000000000,0.0000000000,0.0000000000,0.0000000000,0.0000000000,,,
29.0719999529,227,225000.0000000000,216862.9375000000,225000.0000000000,225000.0000000000,0.0000000000,0.0000000000,0.0000000000,0.0000000000,,,
29.0759999529,227,206926.6562500000,215044.6875000000,225000.0000000000,188708.6093750000,0.0000000000,0.0000000000,0.0000000000,0.0000000000,,,
29.0799999530,227,203127.3125000000,214642.0156250000,225000.0000000000,174317.0781250000,0.0000000000,0.0000000000,0.0000000000,0.0000000000,,,
29.0839999530,227,225000.0000000000,216167.8906250000,225000.0000000000,225000.0000000000,0.0000000000,0.0000000000,0.0000000000,0.0000000000,,,
29.0879999530,227,225000.0000000000,217549.4375000000,225000.0000000000,225000.0000000000,0.0000000000,0.0000000000,0.0000000000,0.0000000000,,,
29.0919999529,227,225000.0000000000,216864.4375000000,225000.0000000000,225000.0000000000,0.0000000000,0.0000000000,0.0000000000,0.0000000000,,,
29.0959999529,227,207050.9843750000,215044.2812500000,225000.0000000000,189067.6718750000,0.0000000000,0.0000000000,0.0000000000,0.0000000000,,,
29.0999999531,227,203082.2500000000,214635.5937500000,225000.0000000000,174242.5781250000,0.0000000000,0.0000000000,0.0000000000,0.0000000000,,,
29.1039999530,227,225000.0000000000,216159.5468750000,225000.0000000000,225000.0000000000,0.0000000000,0.0000000000,0.0000000000,0.0000000000,,,
29.1079999530,227,225000.0000000000,217555.7500000000,225000.0000000000,225000.0000000000,0.0000000000,0.0000000000,0.0000000000,0.0000000000,,,
29.1119999529,227,225000.0000000000,216885.7500000000,225000.0000000000,225000.0000000000,0.0000000000,0.0000000000,0.0000000000,0.0000000000,,,
29.1159999529,227,207181.4687500000,215066.5000000000,225000.0000000000,189415.0468750000,0.0000000000,0.0000000000,0.0000000000,0.0000000000,,,
29.1199999528,227,203048.3125000000,214642.8125000000,225000.0000000000,174177.5468750000,0.0000000000,0.0000000000,0.0000000000,0.0000000000,,,
29.1239999530,227,225000.0000000000,216158.5000000000,225000.0000000000,225000.0000000000,0.0000000000,0.0000000000,0.0000000000,0.0000000000,,,
29.1279999530,227,225000.0000000000,217554.9218750000,225000.0000000000,225000.0000000000,0.0000000000,0.0000000000,0.0000000000,0.0000000000,,,
29.1319999530,227,225000.0000000000,216898.2500000000,225000.0000000000,225000.0000000000,0.0000000000,0.0000000000,0.0000000000,0.0000000000,,,
29.1359999529,227,207308.4687500000,215083.8281250000,225000.0000000000,189762.2031250000,0.0000000000,0.0000000000,0.0000000000,0.0000000000,,,
29.1399999529,227,203003.2812500000,214653.4843750000,225000.0000000000,174092.7968750000,0.0000000000,0.0000000000,0.0000000000,0.0000000000,,,
29.1439999531,227,225000.0000000000,216164.0781250000,225000.0000000000,225000.0000000000,0.0000000000,0.0000000000,0.0000000000,0.0000000000,,,
29.1479999530,227,225000.0000000000,217569.2656250000,225000.0000000000,225000.0000000000,0.0000000000,0.0000000000,0.0000000000,0.0000000000,,,
29.1519999530,227,225000.0000000000,216920.4062500000,225000.0000000000,225000.0000000000,0.0000000000,0.0000000000,0.0000000000,0.0000000000,,,
29.1559999529,227,207422.9218750000,215101.0156250000,225000.0000000000,190109.7500000000,0.0000000000,0.0000000000,0.0000000000,0.0000000000,,,
29.1599999529,227,202948.1406250000,214655.6562500000,225000.0000000000,174011.4531250000,0.0000000000,0.0000000000,0.0000000000,0.0000000000,,,
29.1639999528,227,225000.0000000000,216158.0156250000,225000.0000000000,225000.0000000000,0.0000000000,0.0000000000,0.0000000000,0.0000000000,,,
29.1679999530,227,225000.0000000000,217563.7968750000,225000.0000000000,225000.0000000000,0.0000000000,0.0000000000,0.0000000000,0.0000000000,,,
29.1719999530,227,225000.0000000000,216919.5312500000,225000.0000000000,225000.0000000000,0.0000000000,0.0000000000,0.0000000000,0.0000000000,,,
29.1759999529,227,207530.2343750000,215098.1250000000,225000.0000000000,190436.6250000000,0.0000000000,0.0000000000,0.0000000000,0.0000000000,,,
29.1799999529,227,202883.9218750000,214642.1406250000,225000.0000000000,173918.2187500000,0.0000000000,0.0000000000,0.0000000000,0.0000000000,,,
29.1839999529,228,225000.0000000000,216142.2500000000,225000.0000000000,225000.0000000000,0.0000000000,0.0000000000,0.0000000000,0.0000000000,,,
29.1879999528,228,225000.0000000000,217560.3281250000,225000.0000000000,225000.0000000000,0.0000000000,0.0000000000,0.0000000000,0.0000000000,,,
29.1919999528,228,225000.0000000000,216934.0156250000,225000.0000000000,225000.0000000000,0.0000000000,0.0000000000,0.0000000000,0.0000000000,,,
29.1959999527,228,207638.1718750000,215108.3593750000,225000.0000000000,190783.8437500000,0.0000000000,0.0000000000,0.0000000000,0.0000000000,,,
29.1999999527,228,202813.4375000000,214635.4687500000,225000.0000000000,173816.6406250000,0.0000000000,0.0000000000,0.0000000000,0.0000000000,,,
29.2039999526,228,225000.0000000000,216124.9531250000,225000.0000000000,225000.0000000000,0.0000000000,0.0000000000,0.0000000000,0.0000000000,,,
29.2079999528,228,225000.0000000000,217553.8437500000,225000.0000000000,225000.0000000000,0.0000000000,0.0000000000,0.0000000000,0.0000000000,,,
29.2119999528,228,225000.0000000000,216942.2187500000,225000.0000000000,225000.0000000000,0.0000000000,0.0000000000,0.0000000000,0.0000000000,,,
29.2159999528,228,207731.3750000000,215123.2187500000,225000.0000000000,191120.6406250000,0.0000000000,0.0000000000,0.0000000000,0.0000000000,,,
29.2199999527,228,202739.8593750000,214644.7968750000,225000.0000000000,173720.7500000000,0.0000000000,0.0000000000,0.0000000000,0.0000000000,,,
29.2239999527,228,224990.1406250000,216129.7031250000,225000.0000000000,225000.0000000000,0.0000000000,0.0000000000,0.0000000000,0.0000000000,,,
29.2279999529,228,225000.0000000000,217564.9218750000,225000.0000000000,225000.0000000000,0.0000000000,0.0000000000,0.0000000000,0.0000000000,,,
29.2319999528,228,225000.0000000000,216959.5781250000,225000.0000000000,225000.0000000000,0.0000000000,0.0000000000,0.0000000000,0.0000000000,,,
29.2359999528,228,207819.5625000000,215131.4843750000,225000.0000000000,191430.4375000000,0.0000000000,0.0000000000,0.0000000000,0.0000000000,,,
29.2399999527,228,202664.5000000000,214636.6406250000,225000.0000000000,173613.2500000000,0.0000000000,0.0000000000,0.0000000000,0.0000000000,,,
29.2439999527,228,224827.1406250000,216114.1406250000,225000.0000000000,224787.5937500000,0.0000000000,0.0000000000,0.0000000000,0.0000000000,,,
29.2479999526,228,225000.0000000000,217555.3750000000,225000.0000000000,225000.0000000000,0.0000000000,0.0000000000,0.0000000000,0.0000000000,,,
29.2519999528,228,225000.0000000000,216966.7343750000,225000.0000000000,225000.0000000000,0.0000000000,0.0000000000,0.0000000000,0.0000000000,,,
29.2559999528,228,207925.5468750000,215142.7031250000,225000.0000000000,191757.4218750000,0.0000000000,0.0000000000,0.0000000000,0.0000000000,,,
29.2599999527,228,202602.4531250000,214641.7343750000,225000.0000000000,173499.2500000000,0.0000000000,0.0000000000,0.0000000000,0.0000000000,,,
29.2639999527,228,224677.3906250000,216121.5468750000,225000.0000000000,224553.6562500000,0.0000000000,0.0000000000,0.0000000000,0.0000000000,,,
29.2679999527,228,225000.0000000000,217570.8750000000,225000.0000000000,225000.0000000000,0.0000000000,0.0000000000,0.0000000000,0.0000000000,,,
29.2719999528,228,225000.0000000000,216988.2656250000,225000.0000000000,225000.0000000000,0.0000000000,0.0000000000,0.0000000000,0.0000000000,,,
29.2759999528,228,208051.6875000000,215157.0937500000,225000.0000000000,192113.9687500000,0.0000000000,0.0000000000,0.0000000000,0.0000000000,,,
29.2799999528,228,202558.6093750000,214633.9687500000,225000.0000000000,173441.0156250000,0.0000000000,0.0000000000,0.0000000000,0.0000000000,,,
29.2839999527,228,224520.7187500000,216097.1875000000,225000.0000000000,224296.6718750000,0.0000000000,0.0000000000,0.0000000000,0.0000000000,,,
29.2879999527,228,225000.0000000000,217555.3906250000,225000.0000000000,225000.0000000000,0.0000000000,0.0000000000,0.0000000000,0.0000000000,,,
29.2919999526,228,225000.0000000000,216991.2500000000,225000.0000000000,225000.0000000000,0.0000000000,0.0000000000,0.0000000000,0.0000000000,,,
29.2959999528,228,208166.7500000000,215165.8437500000,225000.0000000000,192445.8906250000,0.0000000000,0.0000000000,0.0000000000,0.0000000000,,,
29.2999999528,228,202530.7812500000,214638.5468750000,225000.0000000000,173396.0468750000,0.0000000000,0.0000000000,0.0000000000,0.0000000000,,,
29.3039999527,228,224381.7343750000,216098.5781250000,225000.0000000000,224084.8125000000,0.0000000000,0.0000000000,0.0000000000,0.0000000000,,,
29.3079999527,228,225000.0000000000,217557.8437500000,225000.0000000000,225000.0000000000,0.0000000000,0.0000000000,0.0000000000,0.0000000000,,,
29.3119999527,229,225000.0000000000,216996.0000000000,225000.0000000000,225000.0000000000,0.0000000000,0.0000000000,0.0000000000,0.0000000000,,,
29.3159999526,229,208320.5000000000,215161.6562500000,225000.0000000000,192857.8593750000,0.0000000000,0.0000000000,0.0000000000,0.0000000000,,,
29.3199999526,229,202511.1250000000,214616.8281250000,225000.0000000000,173369.8125000000,0.0000000000,0.0000000000,0.0000000000,0.0000000000,,,
29.3239999525,229,224234.0468750000,216072.1093750000,225000.0000000000,223850.4687500000,0.0000000000,0.0000000000,0.0000000000,0.0000000000,,,
29.3279999525,229,225000.0000000000,217547.7500000000,225000.0000000000,225000.0000000000,0.0000000000,0.0000000000,0.0000000000,0.0000000000,,,
29.3319999524,229,225000.0000000000,217007.3437500000,225000.0000000000,225000.0000000000,0.0000000000,0.0000000000,0.0000000000,0.0000000000,,,
29.3359999526,229,208478.0468750000,215178.0468750000,225000.0000000000,193235.3281250000,0.0000000000,0.0000000000,0.0000000000,0.0000000000,,,
29.3399999526,229,202522.1562500000,214624.7343750000,225000.0000000000,173363.5000000000,0.0000000000,0.0000000000,0.0000000000,0.0000000000,,,
29.3439999525,229,224115.5937500000,216073.9531250000,225000.0000000000,223621.5937500000,0.0000000000,0.0000000000,0.0000000000,0.0000000000,,,
29.3479999525,229,225000.0000000000,217553.4062500000,225000.0000000000,225000.0000000000,0.0000000000,0.0000000000,0.0000000000,0.0000000000,,,
29.3519999525,229,225000.0000000000,217024.3437500000,225000.0000000000,225000.0000000000,0.0000000000,0.0000000000,0.0000000000,0.0000000000,,,
29.3559999526,229,208632.5156250000,215191.9218750000,225000.0000000000,193614.7187500000,0.0000000000,0.0000000000,0.0000000000,0.0000000000,,,
29.3599999526,229,202522.8750000000,214623.6406250000,225000.0000000000,173360.6875000000,0.0000000000,0.0000000000,0.0000000000,0.0000000000,,,
29.3639999526,229,223975.8593750000,216062.9062500000,225000.0000000000,223389.5781250000,0.0000000000,0.0000000000,0.0000000000,0.0000000000,,,
29.3679999525,229,225000.0000000000,217550.9531250000,225000.0000000000,225000.0000000000,0.0000000000,0.0000000000,0.0000000000,0.0000000000,,,
29.3719999525,229,225000.0000000000,217027.9375000000,225000.0000000000,225000.0000000000,0.0000000000,0.0000000000,0.0000000000,0.0000000000,,,
29.3759999524,229,208768.1562500000,215192.7812500000,225000.0000000000,193983.9843750000,0.0000000000,0.0000000000,0.0000000000,0.0000000000,,,
29.3799999526,229,202496.6406250000,214609.8437500000,225000.0000000000,173313.7031250000,0.0000000000,0.0000000000,0.0000000000,0.0000000000,,,
29.3839999526,229,223826.0781250000,216042.4218750000,225000.0000000000,223166.7656250000,0.0000000000,0.0000000000,0.0000000000,0.0000000000,,,
29.3879999525,229,225000.0000000000,217542.2343750000,225000.0000000000,225000.0000000000,0.0000000000,0.0000000000,0.0000000000,0.0000000000,,,
29.3919999525,229,225000.0000000000,217035.1250000000,225000.0000000000,225000.0000000000,0.0000000000,0.0000000000,0.0000000000,0.0000000000,,,
29.3959999525,229,208896.2343750000,215198.2656250000,225000.0000000000,194331.8906250000,0.0000000000,0.0000000000,0.0000000000,0.0000000000,,,
29.3999999526,229,202529.9843750000,214605.6875000000,225000.0000000000,173444.0781250000,0.0000000000,0.0000000000,0.0000000000,0.0000000000,,,
29.4039999526,229,223880.7500000000,216037.6406250000,225000.0000000000,223293.9531250000,0.0000000000,0.0000000000,0.0000000000,0.0000000000,,,
29.4079999526,229,225000.0000000000,217535.2343750000,225000.0000000000,225000.0000000000,0.0000000000,0.0000000000,0.0000000000,0.0000000000,,,
29.4119999525,229,225000.0000000000,217030.1875000000,225000.0000000000,225000.0000000000,0.0000000000,0.0000000000,0.0000000000,0.0000000000,,,
29.4159999525,229,208989.4062500000,215193.1718750000,225000.0000000000,194583.6718750000,0.0000000000,0.0000000000,0.0000000000,0.0000000000,,,
29.4199999524,229,202411.6093750000,214590.0625000000,225000.0000000000,173122.4218750000,0.0000000000,0.0000000000,0.0000000000,0.0000000000,,,
29.4239999526,229,223505.9062500000,216014.1718750000,225000.0000000000,222599.0000000000,0.0000000000,0.0000000000,0.0000000000,0.0000000000,,,
29.4279999526,229,225000.0000000000,217522.2187500000,225000.0000000000,225000.0000000000,0.0000000000,0.0000000000,0.0000000000,0.0000000000,,,
29.4319999525,229,225000.0000000000,217032.2812500000,225000.0000000000,225000.0000000000,0.0000000000,0.0000000000,0.0000000000,0.0000000000,,,
29.4359999525,229,209121.0312500000,215195.8906250000,225000.0000000000,194931.9843750000,0.0000000000,0.0000000000,0.0000000000,0.0000000000,,,
29.4399999524,230,202384.5781250000,214585.0156250000,225000.0000000000,173062.4843750000,0.0000000000,0.0000000000,0.0000000000,0.0000000000,,,
29.4439999524,230,223367.6718750000,216004.3906250000,225000.0000000000,222347.5937500000,0.0000000000,0.0000000000,0.0000000000,0.0000000000,,,
29.4479999524,230,225000.0000000000,217524.1718750000,225000.0000000000,225000.0000000000,0.0000000000,0.0000000000,0.0000000000,0.0000000000,,,
29.4519999523,230,225000.0000000000,217049.8281250000,225000.0000000000,225000.0000000000,0.0000000000,0.0000000000,0.0000000000,0.0000000000,,,
29.4559999523,230,209242.7968750000,215214.6875000000,225000.0000000000,195257.1406250000,0.0000000000,0.0000000000,0.0000000000,0.0000000000,,,
29.4599999522,230,202337.5312500000,214589.4687500000,225000.0000000000,172956.7187500000,0.0000000000,0.0000000000,0.0000000000,0.0000000000,,,
29.4639999524,230,223216.1250000000,216000.3125000000,225000.0000000000,222069.5000000000,0.0000000000,0.0000000000,0.0000000000,0.0000000000,,,
29.4679999524,230,225000.0000000000,217523.7968750000,225000.0000000000,225000.0000000000,0.0000000000,0.0000000000,0.0000000000,0.0000000000,,,
29.4719999523,230,225000.0000000000,217059.7187500000,225000.0000000000,225000.0000000000,0.0000000000,0.0000000000,0.0000000000,0.0000000000,,,
29.4759999523,230,209332.1718750000,215219.1718750000,225000.0000000000,195524.6093750000,0.0000000000,0.0000000000,0.0000000000,0.0000000000,,,
29.4799999523,230,202266.2187500000,214579.6718750000,225000.0000000000,172816.3906250000,0.0000000000,0.0000000000,0.0000000000,0.0000000000,,,
29.4839999524,230,223040.7500000000,215983.2500000000,225000.0000000000,221788.8125000000,0.0000000000,0.0000000000,0.0000000000,0.0000000000,,,
29.4879999524,230,225000.0000000000,217512.4218750000,225000.0000000000,225000.0000000000,0.0000000000,0.0000000000,0.0000000000,0.0000000000,,,
29.4919999524,230,225000.0000000000,217055.5937500000,225000.0000000000,225000.0000000000,0.0000000000,0.0000000000,0.0000000000,0.0000000000,,,
29.4959999523,230,209421.4687500000,215215.3281250000,225000.0000000000,195763.9687500000,0.0000000000,0.0000000000,0.0000000000,0.0000000000,,,
29.4999999523,230,202204.3125000000,214567.3906250000,225000.0000000000,172649.0468750000,0.0000000000,0.0000000000,0.0000000000,0.0000000000,,,
29.5039999522,230,222893.8750000000,215962.3593750000,225000.0000000000,221490.7968750000,0.0000000000,0.0000000000,0.0000000000,0.0000000000,,,
29.5079999524,230,225000.0000000000,217501.3593750000,225000.0000000000,225000.0000000000,0.0000000000,0.0000000000,0.0000000000,0.0000000000,,,
29.5119999524,230,225000.0000000000,217059.5625000000,225000.0000000000,225000.0000000000,0.0000000000,0.0000000000,0.0000000000,0.0000000000,,,
29.5159999523,230,209531.9687500000,215224.7500000000,225000.0000000000,196055.1875000000,0.0000000000,0.0000000000,0.0000000000,0.0000000000,,,
29.5199999523,230,202159.9531250000,214570.1250000000,225000.0000000000,172543.2500000000,0.0000000000,0.0000000000,0.0000000000,0.0000000000,,,
29.5239999522,230,222754.2500000000,215969.6562500000,225000.0000000000,221204.2031250000,0.0000000000,0.0000000000,0.0000000000,0.0000000000,,,
29.5279999524,230,225000.0000000000,217525.9218750000,225000.0000000000,225000.0000000000,0.0000000000,0.0000000000,0.0000000000,0.0000000000,,,
29.5319999524,230,225000.0000000000,217104.1406250000,225000.0000000000,225000.0000000000,0.0000000000,0.0000000000,0.0000000000,0.0000000000,,,
29.5359999523,230,209641.7343750000,215270.3906250000,225000.0000000000,196348.3750000000,0.0000000000,0.0000000000,0.0000000000,0.0000000000,,,
29.5399999523,230,202108.3437500000,214605.9375000000,225000.0000000000,172434.0937500000,0.0000000000,0.0000000000,0.0000000000,0.0000000000,,,
29.5439999523,230,222606.0312500000,215997.5937500000,225000.0000000000,220945.2812500000,0.0000000000,0.0000000000,0.0000000000,0.0000000000,,,
29.5479999522,230,225000.0000000000,217550.0625000000,225000.0000000000,225000.0000000000,0.0000000000,0.0000000000,0.0000000000,0.0000000000,,,
29.5519999524,230,225000.0000000000,217132.0937500000,225000.0000000000,225000.0000000000,0.0000000000,0.0000000000,0.0000000000,0.0000000000,,,
29.5559999524,230,209748.0156250000,215296.6250000000,225000.0000000000,196645.1093750000,0.0000000000,0.0000000000,0.0000000000,0.0000000000,,,
29.5599999523,230,202049.2031250000,214614.0625000000,225000.0000000000,172325.9375000000,0.0000000000,0.0000000000,0.0000000000,0.0000000000,,,
29.5639999523,230,222462.1250000000,215992.3437500000,225000.0000000000,220672.7968750000,0.0000000000,0.0000000000,0.0000000000,0.0000000000,,,
29.5679999522,231,225000.0000000000,217551.2343750000,225000.0000000000,225000.0000000000,0.0000000000,0.0000000000,0.0000000000,0.0000000000,,,
29.5719999522,231,225000.0000000000,217142.5468750000,225000.0000000000,225000.0000000000,0.0000000000,0.0000000000,0.0000000000,0.0000000000,,,
29.5759999522,231,209853.3750000000,215303.7031250000,225000.0000000000,196962.0156250000,0.0000000000,0.0000000000,0.0000000000,0.0000000000,,,
29.5799999521,231,202000.7500000000,214610.6250000000,225000.0000000000,172241.5156250000,0.0000000000,0.0000000000,0.0000000000,0.0000000000,,,
29.5839999521,231,222323.3437500000,215976.2187500000,225000.0000000000,220401.4687500000,0.0000000000,0.0000000000,0.0000000000,0.0000000000,,,
29.5879999520,231,225000.0000000000,217537.1562500000,225000.0000000000,225000.0000000000,0.0000000000,0.0000000000,0.0000000000,0.0000000000,,,
29.5919999522,231,225000.0000000000,217145.1250000000,225000.0000000000,225000.0000000000,0.0000000000,0.0000000000,0.0000000000,0.0000000000,,,
29.5959999522,231,209980.9531250000,215307.9531250000,225000.0000000000,197306.7812500000,0.0000000000,0.0000000000,0.0000000000,0.0000000000,,,
29.5999999521,231,201954.9218750000,214601.1562500000,225000.0000000000,172163.8281250000,0.0000000000,0.0000000000,0.0000000000,0.0000000000,,,
29.6039999521,231,222184.9218750000,215968.0468750000,225000.0000000000,220146.1718750000,0.0000000000,0.0000000000,0.0000000000,0.0000000000,,,
29.6079999520,231,225000.0000000000,217543.7812500000,225000.0000000000,225000.0000000000,0.0000000000,0.0000000000,0.0000000000,0.0000000000,,,
29.6119999522,231,225000.0000000000,217161.4062500000,225000.0000000000,225000.0000000000,0.0000000000,0.0000000000,0.0000000000,0.0000000000,,,
29.6159999522,231,210138.8281250000,215321.1718750000,225000.0000000000,197705.7343750000,0.0000000000,0.0000000000,0.0000000000,0.0000000000,,,
29.6199999521,231,201950.8906250000,214598.4531250000,225000.0000000000,172172.0156250000,0.0000000000,0.0000000000,0.0000000000,0.0000000000,,,
29.6239999521,231,222070.6562500000,215957.4687500000,225000.0000000000,219914.9062500000,0.0000000000,0.0000000000,0.0000000000,0.0000000000,,,
29.6279999521,231,225000.0000000000,217538.7343750000,225000.0000000000,225000.0000000000,0.0000000000,0.0000000000,0.0000000000,0.0000000000,,,
29.6319999520,231,225000.0000000000,217165.0000000000,225000.0000000000,225000.0000000000,0.0000000000,0.0000000000,0.0000000000,0.0000000000,,,
29.6359999522,231,210297.0937500000,215323.1250000000,225000.0000000000,198118.6406250000,0.0000000000,0.0000000000,0.0000000000,0.0000000000,,,
29.6399999522,231,201972.0781250000,214591.3125000000,225000.0000000000,172267.5781250000,0.0000000000,0.0000000000,0.0000000000,0.0000000000,,,
29.6439999521,231,221962.1875000000,215938.5625000000,225000.0000000000,219729.2500000000,0.0000000000,0.0000000000,0.0000000000,0.0000000000,,,
29.6479999521,231,225000.0000000000,217523.1250000000,225000.0000000000,225000.0000000000,0.0000000000,0.0000000000,0.0000000000,0.0000000000,,,
29.6519999520,231,225000.0000000000,217165.5625000000,225000.0000000000,225000.0000000000,0.0000000000,0.0000000000,0.0000000000,0.0000000000,,,
29.6559999522,231,210464.6875000000,215332.0937500000,225000.0000000000,198552.0468750000,0.0000000000,0.0000000000,0.0000000000,0.0000000000,,,
29.6599999522,231,201991.4218750000,214596.5468750000,225000.0000000000,172351.8281250000,0.0000000000,0.0000000000,0.0000000000,0.0000000000,,,
29.6639999521,231,221850.4687500000,215936.3125000000,225000.0000000000,219512.3593750000,0.0000000000,0.0000000000,0.0000000000,0.0000000000,,,
29.6679999521,231,225000.0000000000,217528.8906250000,225000.0000000000,225000.0000000000,0.0000000000,0.0000000000,0.0000000000,0.0000000000,,,
29.6719999521,231,225000.0000000000,217188.5312500000,225000.0000000000,225000.0000000000,0.0000000000,0.0000000000,0.0000000000,0.0000000000,,,
29.6759999520,231,210631.6562500000,215358.0468750000,225000.0000000000,198985.0156250000,0.0000000000,0.0000000000,0.0000000000,0.0000000000,,,
29.6799999522,231,202009.2812500000,214608.5156250000,225000.0000000000,172411.0312500000,0.0000000000,0.0000000000,0.0000000000,0.0000000000,,,
29.6839999522,231,221742.5625000000,215938.4062500000,225000.0000000000,219317.2656250000,0.0000000000,0.0000000000,0.0000000000,0.0000000000,,,
29.6879999521,231,225000.0000000000,217534.7500000000,225000.0000000000,225000.0000000000,0.0000000000,0.0000000000,0.0000000000,0.0000000000,,,
29.6919999521,231,225000.0000000000,217199.7968750000,225000.0000000000,225000.0000000000,0.0000000000,0.0000000000,0.0000000000,0.0000000000,,,
29.6959999520,232,210781.1093750000,215360.1093750000,225000.0000000000,199382.9218750000,0.0000000000,0.0000000000,0.0000000000,0.0000000000,,,
29.6999999520,232,202017.4062500000,214596.0937500000,225000.0000000000,172486.4531250000,0.0000000000,0.0000000000,0.0000000000,0.0000000000,,,
29.7039999519,232,221625.2187500000,215926.2500000000,225000.0000000000,219127.4218750000,0.0000000000,0.0000000000,0.0000000000,0.0000000000,,,
29.7079999519,232,225000.0000000000,217529.7500000000,225000.0000000000,225000.0000000000,0.0000000000,0.0000000000,0.0000000000,0.0000000000,,,
29.7119999519,232,225000.0000000000,217204.2187500000,225000.0000000000,225000.0000000000,0.0000000000,0.0000000000,0.0000000000,0.0000000000,,,
29.7159999518,232,210943.0468750000,215366.6093750000,225000.0000000000,199816.7343750000,0.0000000000,0.0000000000,0.0000000000,0.0000000000,,,
29.7199999520,232,202027.6562500000,214590.1093750000,225000.0000000000,172542.7500000000,0.0000000000,0.0000000000,0.0000000000,0.0000000000,,,
29.7239999520,232,221494.2187500000,215911.8437500000,225000.0000000000,218897.1718750000,0.0000000000,0.0000000000,0.0000000000,0.0000000000,,,
29.7279999519,232,225000.0000000000,217524.7343750000,225000.0000000000,225000.0000000000,0.0000000000,0.0000000000,0.0000000000,0.0000000000,,,
29.7319999519,232,225000.0000000000,217213.9843750000,225000.0000000000,225000.0000000000,0.0000000000,0.0000000000,0.0000000000,0.0000000000,,,
29.7359999518,232,211090.5156250000,215379.6093750000,225000.0000000000,200205.5312500000,0.0000000000,0.0000000000,0.0000000000,0.0000000000,,,
29.7399999520,232,202030.1250000000,214591.2656250000,225000.0000000000,172578.4531250000,0.0000000000,0.0000000000,0.0000000000,0.0000000000,,,
29.7439999520,232,221369.3906250000,215907.6093750000,225000.0000000000,218674.7343750000,0.0000000000,0.0000000000,0.0000000000,0.0000000000,,,
29.7479999519,232,225000.0000000000,217525.5156250000,225000.0000000000,225000.0000000000,0.0000000000,0.0000000000,0.0000000000,0.0000000000,,,
29.7519999519,232,225000.0000000000,217222.3281250000,225000.0000000000,225000.0000000000,0.0000000000,0.0000000000,0.0000000000,0.0000000000,,,
29.7559999519,232,211220.4531250000,215378.3593750000,225000.0000000000,200554.6406250000,0.0000000000,0.0000000000,0.0000000000,0.0000000000,,,
29.7599999518,232,202016.3593750000,214579.5937500000,225000.0000000000,172599.9531250000,0.0000000000,0.0000000000,0.0000000000,0.0000000000,,,
29.7639999520,232,221224.9531250000,215890.6562500000,225000.0000000000,218431.1718750000,0.0000000000,0.0000000000,0.0000000000,0.0000000000,,,
29.7679999520,232,225000.0000000000,217514.4062500000,225000.0000000000,225000.0000000000,0.0000000000,0.0000000000,0.0000000000,0.0000000000,,,
29.7719999519,232,225000.0000000000,217222.0312500000,225000.0000000000,225000.0000000000,0.0000000000,0.0000000000,0.0000000000,0.0000000000,,,
29.7759999519,232,211362.3593750000,215382.1718750000,225000.0000000000,200931.3593750000,0.0000000000,0.0000000000,0.0000000000,0.0000000000,,,
29.7799999518,232,202002.7343750000,214567.2343750000,225000.0000000000,172596.2656250000,0.0000000000,0.0000000000,0.0000000000,0.0000000000,,,
29.7839999520,232,221070.5468750000,215864.1093750000,225000.0000000000,218140.4375000000,0.0000000000,0.0000000000,0.0000000000,0.0000000000,,,
29.7879999520,232,225000.0000000000,217500.4375000000,225000.0000000000,225000.0000000000,0.0000000000,0.0000000000,0.0000000000,0.0000000000,,,
29.7919999519,232,225000.0000000000,217220.2500000000,225000.0000000000,225000.0000000000,0.0000000000,0.0000000000,0.0000000000,0.0000000000,,,
29.7959999519,232,211486.9062500000,215376.5625000000,225000.0000000000,201288.1718750000,0.0000000000,0.0000000000,0.0000000000,0.0000000000,,,
29.7999999519,232,201970.6093750000,214549.3125000000,225000.0000000000,172611.7343750000,0.0000000000,0.0000000000,0.0000000000,0.0000000000,,,
29.8039999518,232,220921.9218750000,215845.4843750000,225000.0000000000,217883.7031250000,0.0000000000,0.0000000000,0.0000000000,0.0000000000,,,
29.8079999520,232,225000.0000000000,217492.6406250000,225000.0000000000,225000.0000000000,0.0000000000,0.0000000000,0.0000000000,0.0000000000,,,
29.8119999520,232,225000.0000000000,217231.7031250000,225000.0000000000,225000.0000000000,0.0000000000,0.0000000000,0.0000000000,0.0000000000,,,
29.8159999519,232,211613.2812500000,215389.7031250000,225000.0000000000,201657.4843750000,0.0000000000,0.0000000000,0.0000000000,0.0000000000,,,
29.8199999519,232,201934.0781250000,214547.6250000000,225000.0000000000,172588.5937500000,0.0000000000,0.0000000000,0.0000000000,0.0000000000,,,
29.8239999518,233,220764.8750000000,215840.4531250000,225000.0000000000,217586.5312500000,0.0000000000,0.0000000000,0.0000000000,0.0000000000,,,
29.8279999518,233,225000.0000000000,217491.1875000000,225000.0000000000,225000.0000000000,0.0000000000,0.0000000000,0.0000000000,0.0000000000,,,
29.8319999517,233,225000.0000000000,217237.9531250000,225000.0000000000,225000.0000000000,0.0000000000,0.0000000000,0.0000000000,0.0000000000,,,
29.8359999517,233,211715.1250000000,215394.1250000000,225000.0000000000,201979.1718750000,0.0000000000,0.0000000000,0.0000000000,0.0000000000,,,
29.8399999517,233,201911.2812500000,214550.3906250000,225000.0000000000,172599.3437500000,0.0000000000,0.0000000000,0.0000000000,0.0000000000,,,
29.8439999516,233,220616.2500000000,215838.8906250000,225000.0000000000,217341.9218750000,0.0000000000,0.0000000000,0.0000000000,0.0000000000,,,
29.8479999518,233,225000.0000000000,217493.5937500000,225000.0000000000,225000.0000000000,0.0000000000,0.0000000000,0.0000000000,0.0000000000,,,
29.8519999518,233,225000.0000000000,217249.5937500000,225000.0000000000,225000.0000000000,0.0000000000,0.0000000000,0.0000000000,0.0000000000,,,
29.8559999517,233,211836.9531250000,215406.2500000000,225000.0000000000,202303.4687500000,0.0000000000,0.0000000000,0.0000000000,0.0000000000,,,
29.8599999517,233,201887.8125000000,214548.6875000000,225000.0000000000,172570.5156250000,0.0000000000,0.0000000000,0.0000000000,0.0000000000,,,
29.8639999516,233,220468.7343750000,215831.3281250000,225000.0000000000,217068.5312500000,0.0000000000,0.0000000000,0.0000000000,0.0000000000,,,
29.8679999518,233,225000.0000000000,217501.0000000000,225000.0000000000,225000.0000000000,0.0000000000,0.0000000000,0.0000000000,0.0000000000,,,
29.8719999518,233,225000.0000000000,217271.1875000000,225000.0000000000,225000.0000000000,0.0000000000,0.0000000000,0.0000000000,0.0000000000,,,
29.8759999517,233,211981.3437500000,215427.5781250000,225000.0000000000,202614.6562500000,0.0000000000,0.0000000000,0.0000000000,0.0000000000,,,
29.8799999517,233,201882.7187500000,214556.7343750000,225000.0000000000,172499.4531250000,0.0000000000,0.0000000000,0.0000000000,0.0000000000,,,
29.8839999516,233,220341.2968750000,215826.3437500000,225000.0000000000,216765.5156250000,0.0000000000,0.0000000000,0.0000000000,0.0000000000,,,
29.8879999516,233,225000.0000000000,217501.4062500000,225000.0000000000,225000.0000000000,0.0000000000,0.0000000000,0.0000000000,0.0000000000,,,
29.8919999518,233,225000.0000000000,217285.6718750000,225000.0000000000,225000.0000000000,0.0000000000,0.0000000000,0.0000000000,0.0000000000,,,
29.8959999518,233,212114.9062500000,215440.8593750000,225000.0000000000,202910.0312500000,0.0000000000,0.0000000000,0.0000000000,0.0000000000,,,
29.8999999517,233,201871.7968750000,214556.2656250000,225000.0000000000,172450.6406250000,0.0000000000,0.0000000000,0.0000000000,0.0000000000,,,
29.9039999517,233,220205.7187500000,215816.6250000000,225000.0000000000,216473.0937500000,0.0000000000,0.0000000000,0.0000000000,0.0000000000,,,
29.9079999516,233,225000.0000000000,217494.6250000000,225000.0000000000,225000.0000000000,0.0000000000,0.0000000000,0.0000000000,0.0000000000,,,
29.9119999518,233,225000.0000000000,217290.1562500000,225000.0000000000,225000.0000000000,0.0000000000,0.0000000000,0.0000000000,0.0000000000,,,
29.9159999518,233,212238.5312500000,215446.5156250000,225000.0000000000,203221.5937500000,0.0000000000,0.0000000000,0.0000000000,0.0000000000,,,
29.9199999517,233,201848.8906250000,214548.5625000000,225000.0000000000,172408.7656250000,0.0000000000,0.0000000000,0.0000000000,0.0000000000,,,
29.9239999517,233,220055.7500000000,215798.6250000000,225000.0000000000,216185.7500000000,0.0000000000,0.0000000000,0.0000000000,0.0000000000,,,
29.9279999516,233,225000.0000000000,217478.2812500000,225000.0000000000,225000.0000000000,0.0000000000,0.0000000000,0.0000000000,0.0000000000,,,
29.9319999516,233,225000.0000000000,217289.5312500000,225000.0000000000,225000.0000000000,0.0000000000,0.0000000000,0.0000000000,0.0000000000,,,
29.9359999518,233,212356.9062500000,215456.5468750000,225000.0000000000,203525.5937500000,0.0000000000,0.0000000000,0.0000000000,0.0000000000,,,
29.9399999517,233,201817.8281250000,214551.7812500000,225000.0000000000,172337.0156250000,0.0000000000,0.0000000000,0.0000000000,0.0000000000,,,
29.9439999517,233,219913.3750000000,215799.1718750000,225000.0000000000,215901.2812500000,0.0000000000,0.0000000000,0.0000000000,0.0000000000,,,
29.9479999517,233,225000.0000000000,217490.7343750000,225000.0000000000,225000.0000000000,0.0000000000,0.0000000000,0.0000000000,0.0000000000,,,
29.9519999516,234,225000.0000000000,217313.6250000000,225000.0000000000,225000.0000000000,0.0000000000,0.0000000000,0.0000000000,0.0000000000,,,
29.9559999516,234,212482.3281250000,215478.3281250000,225000.0000000000,203815.1562500000,0.0000000000,0.0000000000,0.0000000000,0.0000000000,,,
29.9599999515,234,201796.0000000000,214563.0468750000,225000.0000000000,172256.4218750000,0.0000000000,0.0000000000,0.0000000000,0.0000000000,,,
29.9639999515,234,219773.6093750000,215800.2968750000,225000.0000000000,215566.3750000000,0.0000000000,0.0000000000,0.0000000000,0.0000000000,,,
29.9679999514,234,225000.0000000000,217491.7500000000,225000.0000000000,225000.0000000000,0.0000000000,0.0000000000,0.0000000000,0.0000000000,,,
29.9719999514,234,225000.0000000000,217325.9062500000,225000.0000000000,225000.0000000000,0.0000000000,0.0000000000,0.0000000000,0.0000000000,,,
29.9759999516,234,212618.6250000000,215495.6250000000,225000.0000000000,204130.9687500000,0.0000000000,0.0000000000,0.0000000000,0.0000000000,,,
29.9799999516,234,201777.0625000000,214569.4062500000,225000.0000000000,172181.0000000000,0.0000000000,0.0000000000,0.0000000000,0.0000000000,,,
29.9839999515,234,219642.8750000000,215796.8125000000,225000.0000000000,215293.7812500000,0.0000000000,0.0000000000,0.0000000000,0.0000000000,,,
29.9879999515,234,225000.0000000000,217490.0625000000,225000.0000000000,225000.0000000000,0.0000000000,0.0000000000,0.0000000000,0.0000000000,,,
29.9919999514,234,225000.0000000000,217335.1562500000,225000.0000000000,225000.0000000000,0.0000000000,0.0000000000,0.0000000000,0.0000000000,,,
29.9959999516,234,212732.6250000000,215506.8281250000,225000.0000000000,204394.5468750000,0.0000000000,0.0000000000,0.0000000000,0.0000000000,,,
29.9999999516,234,201755.2343750000,214566.8281250000,225000.0000000000,172141.8125000000,0.0000000000,0.0000000000,0.0000000000,0.0000000000,,,
30.0039999515,234,219499.9687500000,215776.1875000000,225000.0000000000,215009.0625000000,0.0000000000,0.0000000000,0.0000000000,0.0000000000,,,
30.0079999515,234,225000.0000000000,217470.4218750000,225000.0000000000,225000.0000000000,0.0000000000,0.0000000000,0.0000000000,0.0000000000,,,
30.0119999514,234,225000.0000000000,217327.8593750000,225000.0000000000,225000.0000000000,0.0000000000,0.0000000000,0.0000000000,0.0000000000,,,
30.0159999514,234,212855.5000000000,215508.3125000000,225000.0000000000,204697.0000000000,0.0000000000,0.0000000000,0.0000000000,0.0000000000,,,
30.0199999516,234,201721.9375000000,214564.9687500000,225000.0000000000,172064.9062500000,0.0000000000,0.0000000000,0.0000000000,0.0000000000,,,
30.0239999515,234,219358.2500000000,215769.3906250000,225000.0000000000,214681.9531250000,0.0000000000,0.0000000000,0.0000000000,0.0000000000,,,
30.0279999515,234,225000.0000000000,217467.7187500000,225000.0000000000,225000.0000000000,0.0000000000,0.0000000000,0.0000000000,0.0000000000,,,
30.0319999515,234,225000.0000000000,217336.4218750000,225000.0000000000,225000.0000000000,0.0000000000,0.0000000000,0.0000000000,0.0000000000,,,
30.0359999514,234,212975.7187500000,215515.9218750000,225000.0000000000,204998.2812500000,0.0000000000,0.0000000000,0.0000000000,0.0000000000,,,
30.0399999516,234,201691.7968750000,214555.4062500000,225000.0000000000,172031.9531250000,0.0000000000,0.0000000000,0.0000000000,0.0000000000,,,
30.0439999516,234,219212.5468750000,215754.1875000000,225000.0000000000,214386.0156250000,0.0000000000,0.0000000000,0.0000000000,0.0000000000,,,
30.0479999515,234,225000.0000000000,217463.0156250000,225000.0000000000,225000.0000000000,0.0000000000,0.0000000000,0.0000000000,0.0000000000,,,
30.0519999515,234,225000.0000000000,217344.7343750000,225000.0000000000,225000.0000000000,0.0000000000,0.0000000000,0.0000000000,0.0000000000,,,
30.0559999514,234,213111.8281250000,215527.9218750000,225000.0000000000,205338.5000000000,0.0000000000,0.0000000000,0.0000000000,0.0000000000,,,
30.0599999514,234,201665.5625000000,214560.6250000000,225000.0000000000,171980.0156250000,0.0000000000,0.0000000000,0.0000000000,0.0000000000,,,
30.0639999516,234,219071.2187500000,215751.1250000000,225000.0000000000,214052.0312500000,0.0000000000,0.0000000000,0.0000000000,0.0000000000,,,
30.0679999515,234,225000.0000000000,217467.7968750000,225000.0000000000,225000.0000000000,0.0000000000,0.0000000000,0.0000000000,0.0000000000,,,
30.0719999515,234,225000.0000000000,217363.2500000000,225000.0000000000,225000.0000000000,0.0000000000,0.0000000000,0.0000000000,0.0000000000,,,
30.0759999515,234,213232.0781250000,215545.3437500000,225000.0000000000,205627.1250000000,0.0000000000,0.0000000000,0.0000000000,0.0000000000,,,
30.0799999514,235,201646.5937500000,214563.0156250000,225000.0000000000,171967.1718750000,0.0000000000,0.0000000000,0.0000000000,0.0000000000,,,
30.0839999514,235,218936.8125000000,215739.8125000000,225000.0000000000,213834.4687500000,0.0000000000,0.0000000000,0.0000000000,0.0000000000,,,
30.0879999513,235,225000.0000000000,217454.2500000000,225000.0000000000,225000.0000000000,0.0000000000,0.0000000000,0.0000000000,0.0000000000,,,
30.0919999513,235,225000.0000000000,217360.4531250000,225000.0000000000,225000.0000000000,0.0000000000,0.0000000000,0.0000000000,0.0000000000,,,
30.0959999512,235,213343.6250000000,215541.7031250000,225000.0000000000,205953.9843750000,0.0000000000,0.0000000000,0.0000000000,0.0000000000,,,
30.0999999512,235,201615.1875000000,214546.8125000000,225000.0000000000,171959.6875000000,0.0000000000,0.0000000000,0.0000000000,0.0000000000,,,
30.1039999514,235,218779.9375000000,215716.0781250000,225000.0000000000,213546.4843750000,0.0000000000,0.0000000000,0.0000000000,0.0000000000,,,
30.1079999513,235,225000.0000000000,217442.1250000000,225000.0000000000,225000.0000000000,0.0000000000,0.0000000000,0.0000000000,0.0000000000,,,
30.1119999513,235,225000.0000000000,217366.9531250000,225000.0000000000,225000.0000000000,0.0000000000,0.0000000000,0.0000000000,0.0000000000,,,
30.1159999513,235,213473.1875000000,215550.2031250000,225000.0000000000,206264.9531250000,0.0000000000,0.0000000000,0.0000000000,0.0000000000,,,
30.1199999512,235,201614.7812500000,214545.3437500000,225000.0000000000,171951.3750000000,0.0000000000,0.0000000000,0.0000000000,0.0000000000,,,
30.1239999514,235,218669.9687500000,215709.8437500000,225000.0000000000,213275.1250000000,0.0000000000,0.0000000000,0.0000000000,0.0000000000,,,
30.1279999514,235,225000.0000000000,217435.4843750000,225000.0000000000,225000.0000000000,0.0000000000,0.0000000000,0.0000000000,0.0000000000,,,
30.1319999513,235,225000.0000000000,217365.1250000000,225000.0000000000,225000.0000000000,0.0000000000,0.0000000000,0.0000000000,0.0000000000,,,
30.1359999513,235,213621.3750000000,215551.0156250000,225000.0000000000,206603.8593750000,0.0000000000,0.0000000000,0.0000000000,0.0000000000,,,
30.1399999512,235,201631.2343750000,214538.5781250000,225000.0000000000,171973.0156250000,0.0000000000,0.0000000000,0.0000000000,0.0000000000,,,
30.1439999512,235,218538.9375000000,215699.1406250000,225000.0000000000,212997.1718750000,0.0000000000,0.0000000000,0.0000000000,0.0000000000,,,
30.1479999514,235,225000.0000000000,217439.2812500000,225000.0000000000,225000.0000000000,0.0000000000,0.0000000000,0.0000000000,0.0000000000,,,
30.1519999513,235,225000.0000000000,217384.3281250000,225000.0000000000,225000.0000000000,0.0000000000,0.0000000000,0.0000000000,0.0000000000,,,
30.1559999513,235,213774.0468750000,215568.9843750000,225000.0000000000,206943.5781250000,0.0000000000,0.0000000000,0.0000000000,0.0000000000,,,
30.1599999513,235,201652.0625000000,214542.3593750000,225000.0000000000,172004.2187500000,0.0000000000,0.0000000000,0.0000000000,0.0000000000,,,
30.1639999512,235,218416.3281250000,215689.3593750000,225000.0000000000,212721.2031250000,0.0000000000,0.0000000000,0.0000000000,0.0000000000,,,
30.1679999514,235,225000.0000000000,217433.3906250000,225000.0000000000,225000.0000000000,0.0000000000,0.0000000000,0.0000000000,0.0000000000,,,
30.1719999514,235,225000.0000000000,217392.7500000000,225000.0000000000,225000.0000000000,0.0000000000,0.0000000000,0.0000000000,0.0000000000,,,
30.1759999513,235,213933.7656250000,215580.6406250000,225000.0000000000,207298.4687500000,0.0000000000,0.0000000000,0.0000000000,0.0000000000,,,
30.1799999513,235,201689.1562500000,214539.9531250000,225000.0000000000,172065.9062500000,0.0000000000,0.0000000000,0.0000000000,0.0000000000,,,
30.1839999512,235,218305.5000000000,215676.1562500000,225000.0000000000,212469.4531250000,0.0000000000,0.0000000000,0.0000000000,0.0000000000,,,
30.1879999512,235,225000.0000000000,217425.5000000000,225000.0000000000,225000.0000000000,0.0000000000,0.0000000000,0.0000000000,0.0000000000,,,
30.1919999514,235,225000.0000000000,217391.2968750000,225000.0000000000,225000.0000000000,0.0000000000,0.0000000000,0.0000000000,0.0000000000,,,
30.1959999513,235,214098.2500000000,215575.5312500000,225000.0000000000,207670.9531250000,0.0000000000,0.0000000000,0.0000000000,0.0000000000,,,
30.1999999513,235,201729.5312500000,214523.0312500000,225000.0000000000,172122.8437500000,0.0000000000,0.0000000000,0.0000000000,0.0000000000,,,
30.2039999512,235,218192.2031250000,215654.1406250000,225000.0000000000,212205.7031250000,0.0000000000,0.0000000000,0.0000000000,0.0000000000,,,
30.2079999512,236,225000.0000000000,217413.2656250000,225000.0000000000,225000.0000000000,0.0000000000,0.0000000000,0.0000000000,0.0000000000,,,
30.2119999512,236,225000.0000000000,217401.9218750000,225000.0000000000,225000.0000000000,0.0000000000,0.0000000000,0.0000000000,0.0000000000,,,
30.2159999511,236,214273.4531250000,215592.2031250000,225000.0000000000,208029.2968750000,0.0000000000,0.0000000000,0.0000000000,0.0000000000,,,
30.2199999511,236,201773.7812500000,214527.4218750000,225000.0000000000,172157.9062500000,0.0000000000,0.0000000000,0.0000000000,0.0000000000,,,
30.2239999510,236,218080.8750000000,215651.5468750000,225000.0000000000,211921.2500000000,0.0000000000,0.0000000000,0.0000000000,0.0000000000,,,
30.2279999510,236,225000.0000000000,217411.0625000000,225000.0000000000,225000.0000000000,0.0000000000,0.0000000000,0.0000000000,0.0000000000,,,
30.2319999512,236,225000.0000000000,217404.1250000000,225000.0000000000,225000.0000000000,0.0000000000,0.0000000000,0.0000000000,0.0000000000,,,
30.2359999511,236,214421.6406250000,215595.7031250000,225000.0000000000,208328.9531250000,0.0000000000,0.0000000000,0.0000000000,0.0000000000,,,
30.2399999511,236,201802.8125000000,214522.6250000000,225000.0000000000,172198.5468750000,0.0000000000,0.0000000000,0.0000000000,0.0000000000,,,
30.2439999511,236,217954.5156250000,215638.8593750000,225000.0000000000,211644.9062500000,0.0000000000,0.0000000000,0.0000000000,0.0000000000,,,
30.2479999510,236,225000.0000000000,217412.4687500000,225000.0000000000,225000.0000000000,0.0000000000,0.0000000000,0.0000000000,0.0000000000,,,
30.2519999512,236,225000.0000000000,217423.8281250000,225000.0000000000,225000.0000000000,0.0000000000,0.0000000000,0.0000000000,0.0000000000,,,
30.2559999512,236,214575.8906250000,215616.7500000000,225000.0000000000,208694.5625000000,0.0000000000,0.0000000000,0.0000000000,0.0000000000,,,
30.2599999511,236,201809.1406250000,214527.2968750000,225000.0000000000,172213.1093750000,0.0000000000,0.0000000000,0.0000000000,0.0000000000,,,
30.2639999511,236,217807.4531250000,215625.8437500000,225000.0000000000,211311.6406250000,0.0000000000,0.0000000000,0.0000000000,0.0000000000,,,
30.2679999510,236,225000.0000000000,217395.7812500000,225000.0000000000,225000.0000000000,0.0000000000,0.0000000000,0.0000000000,0.0000000000,,,
30.2719999510,236,225000.0000000000,217415.1250000000,225000.0000000000,225000.0000000000,0.0000000000,0.0000000000,0.0000000000,0.0000000000,,,
30.2759999512,236,214673.5312500000,215608.7343750000,225000.0000000000,208997.4531250000,0.0000000000,0.0000000000,0.0000000000,0.0000000000,,,
30.2799999511,236,201777.5468750000,214515.9687500000,225000.0000000000,172212.2187500000,0.0000000000,0.0000000000,0.0000000000,0.0000000000,,,
30.2839999511,236,217659.8437500000,215617.3125000000,225000.0000000000,211052.8437500000,0.0000000000,0.0000000000,0.0000000000,0.0000000000,,,
30.2879999510,236,225000.0000000000,217400.7968750000,225000.0000000000,225000.0000000000,0.0000000000,0.0000000000,0.0000000000,0.0000000000,,,
30.2919999510,236,225000.0000000000,217433.6562500000,225000.0000000000,225000.0000000000,0.0000000000,0.0000000000,0.0000000000,0.0000000000,,,
30.2959999512,236,214799.4843750000,215623.8593750000,225000.0000000000,209322.3281250000,0.0000000000,0.0000000000,0.0000000000,0.0000000000,,,
30.2999999512,236,201756.6250000000,214509.7500000000,225000.0000000000,172209.0468750000,0.0000000000,0.0000000000,0.0000000000,0.0000000000,,,
30.3039999511,236,217497.1718750000,215594.3593750000,225000.0000000000,210725.3437500000,0.0000000000,0.0000000000,0.0000000000,0.0000000000,,,
30.3079999511,236,225000.0000000000,217376.8437500000,225000.0000000000,225000.0000000000,0.0000000000,0.0000000000,0.0000000000,0.0000000000,,,
30.3119999510,236,225000.0000000000,217426.8125000000,225000.0000000000,225000.0000000000,0.0000000000,0.0000000000,0.0000000000,0.0000000000,,,
30.3159999510,236,214909.2343750000,215628.6562500000,225000.0000000000,209620.4531250000,0.0000000000,0.0000000000,0.0000000000,0.0000000000,,,
30.3199999512,236,201740.2656250000,214506.6718750000,225000.0000000000,172196.3750000000,0.0000000000,0.0000000000,0.0000000000,0.0000000000,,,
30.3239999511,236,217343.1250000000,215580.4062500000,225000.0000000000,210420.0781250000,0.0000000000,0.0000000000,0.0000000000,0.0000000000,,,
30.3279999511,236,225000.0000000000,217364.7500000000,225000.0000000000,225000.0000000000,0.0000000000,0.0000000000,0.0000000000,0.0000000000,,,
30.3319999510,236,225000.0000000000,217425.0156250000,225000.0000000000,225000.0000000000,0.0000000000,0.0000000000,0.0000000000,0.0000000000,,,
30.3359999510,237,215036.0312500000,215634.6093750000,225000.0000000000,209922.7968750000,0.0000000000,0.0000000000,0.0000000000,0.0000000000,,,
30.3399999510,237,201711.4531250000,214509.2187500000,225000.0000000000,172150.4531250000,0.0000000000,0.0000000000,0.0000000000,0.0000000000,,,
30.3439999509,237,217199.7656250000,215581.8750000000,225000.0000000000,210107.0937500000,0.0000000000,0.0000000000,0.0000000000,0.0000000000,,,
30.3479999509,237,225000.0000000000,217374.6406250000,225000.0000000000,225000.0000000000,0.0000000000,0.0000000000,0.0000000000,0.0000000000,,,
30.3519999508,237,225000.0000000000,217450.6093750000,225000.0000000000,225000.0000000000,0.0000000000,0.0000000000,0.0000000000,0.0000000000,,,
30.3559999508,237,215155.4687500000,215660.5468750000,225000.0000000000,210193.5625000000,0.0000000000,0.0000000000,0.0000000000,0.0000000000,,,
30.3599999510,237,201673.7343750000,214516.4843750000,225000.0000000000,172083.6875000000,0.0000000000,0.0000000000,0.0000000000,0.0000000000,,,
30.3639999509,237,217048.2968750000,215575.0468750000,225000.0000000000,209740.1718750000,0.0000000000,0.0000000000,0.0000000000,0.0000000000,,,
30.3679999509,237,225000.0000000000,217373.2500000000,225000.0000000000,225000.0000000000,0.0000000000,0.0000000000,0.0000000000,0.0000000000,,,
30.3719999508,237,225000.0000000000,217462.7812500000,225000.0000000000,225000.0000000000,0.0000000000,0.0000000000,0.0000000000,0.0000000000,,,
30.3759999508,237,215262.3437500000,215674.2031250000,225000.0000000000,210446.4375000000,0.0000000000,0.0000000000,0.0000000000,0.0000000000,,,
30.3799999510,237,201646.4062500000,214524.2812500000,225000.0000000000,172066.5156250000,0.0000000000,0.0000000000,0.0000000000,0.0000000000,,,
30.3839999510,237,216903.9218750000,215573.3281250000,225000.0000000000,209458.9062500000,0.0000000000,0.0000000000,0.0000000000,0.0000000000,,,
30.3879999509,237,225000.0000000000,217369.7031250000,225000.0000000000,225000.0000000000,0.0000000000,0.0000000000,0.0000000000,0.0000000000,,,
30.3919999509,237,225000.0000000000,217470.8593750000,225000.0000000000,225000.0000000000,0.0000000000,0.0000000000,0.0000000000,0.0000000000,,,
30.3959999508,237,215384.0625000000,215691.3125000000,225000.0000000000,210743.6875000000,0.0000000000,0.0000000000,0.0000000000,0.0000000000,,,
30.3999999508,237,201587.2343750000,214528.7656250000,225000.0000000000,171967.0156250000,0.0000000000,0.0000000000,0.0000000000,0.0000000000,,,
30.4039999510,237,216729.0312500000,215562.7031250000,225000.0000000000,209056.7343750000,0.0000000000,0.0000000000,0.0000000000,0.0000000000,,,
30.4079999509,237,225000.0000000000,217365.0937500000,225000.0000000000,225000.0000000000,0.0000000000,0.0000000000,0.0000000000,0.0000000000,,,
30.4119999509,237,225000.0000000000,217480.4843750000,225000.0000000000,225000.0000000000,0.0000000000,0.0000000000,0.0000000000,0.0000000000,,,
30.4159999508,237,215482.6406250000,215708.4531250000,225000.0000000000,210994.8281250000,0.0000000000,0.0000000000,0.0000000000,0.0000000000,,,
30.4199999508,237,201540.3281250000,214547.4062500000,225000.0000000000,171897.3281250000,0.0000000000,0.0000000000,0.0000000000,0.0000000000,,,
30.4239999510,237,216581.9218750000,215584.0000000000,225000.0000000000,208721.4062500000,0.0000000000,0.0000000000,0.0000000000,0.0000000000,,,
30.4279999509,237,225000.0000000000,217392.6406250000,225000.0000000000,225000.0000000000,0.0000000000,0.0000000000,0.0000000000,0.0000000000,,,
30.4319999509,237,225000.0000000000,217525.5468750000,225000.0000000000,225000.0000000000,0.0000000000,0.0000000000,0.0000000000,0.0000000000,,,
30.4359999509,237,215597.1093750000,215760.4062500000,225000.0000000000,211244.7968750000,0.0000000000,0.0000000000,0.0000000000,0.0000000000,,,
30.4399999508,237,201495.0468750000,214577.5781250000,225000.0000000000,171821.7656250000,0.0000000000,0.0000000000,0.0000000000,0.0000000000,,,
30.4439999508,237,216408.7812500000,215592.5781250000,225000.0000000000,208363.1718750000,0.0000000000,0.0000000000,0.0000000000,0.0000000000,,,
30.4479999510,237,225000.0000000000,217395.5156250000,225000.0000000000,225000.0000000000,0.0000000000,0.0000000000,0.0000000000,0.0000000000,,,
30.4519999509,237,225000.0000000000,217534.9531250000,225000.0000000000,225000.0000000000,0.0000000000,0.0000000000,0.0000000000,0.0000000000,,,
30.4559999509,237,215692.9062500000,215765.0468750000,225000.0000000000,211515.4843750000,0.0000000000,0.0000000000,0.0000000000,0.0000000000,,,
30.4599999508,237,201427.1093750000,214571.1250000000,225000.0000000000,171752.2968750000,0.0000000000,0.0000000000,0.0000000000,0.0000000000,,,
30.4639999508,238,216227.5781250000,215572.2031250000,225000.0000000000,207985.1406250000,0.0000000000,0.0000000000,0.0000000000,0.0000000000,,,
30.4679999507,238,225000.0000000000,217377.4062500000,225000.0000000000,225000.0000000000,0.0000000000,0.0000000000,0.0000000000,0.0000000000,,,
30.4719999507,238,225000.0000000000,217524.8437500000,225000.0000000000,225000.0000000000,0.0000000000,0.0000000000,0.0000000000,0.0000000000,,,
30.4759999507,238,215787.0781250000,215761.8593750000,225000.0000000000,211755.8437500000,0.0000000000,0.0000000000,0.0000000000,0.0000000000,,,
30.4799999506,238,201357.6718750000,214558.0781250000,224963.3593750000,171699.7812500000,0.0000000000,0.0000000000,0.0000000000,0.0000000000,,,
30.4839999506,238,216051.0000000000,215546.9531250000,225000.0000000000,207647.9843750000,0.0000000000,0.0000000000,0.0000000000,0.0000000000,,,
30.4879999508,238,225000.0000000000,217358.3593750000,225000.0000000000,225000.0000000000,0.0000000000,0.0000000000,0.0000000000,0.0000000000,,,
30.4919999507,238,225000.0000000000,217524.0937500000,225000.0000000000,225000.0000000000,0.0000000000,0.0000000000,0.0000000000,0.0000000000,,,
30.4959999507,238,215911.7187500000,215766.5468750000,225000.0000000000,212074.2812500000,0.0000000000,0.0000000000,0.0000000000,0.0000000000,,,
30.4999999506,238,201322.8281250000,214555.0781250000,224942.7968750000,171708.8437500000,0.0000000000,0.0000000000,0.0000000000,0.0000000000,,,
30.5039999506,238,215899.6093750000,215538.4062500000,225000.0000000000,207302.2812500000,0.0000000000,0.0000000000,0.0000000000,0.0000000000,,,
30.5079999508,238,225000.0000000000,217356.0781250000,225000.0000000000,225000.0000000000,0.0000000000,0.0000000000,0.0000000000,0.0000000000,,,
30.5119999507,238,225000.0000000000,217532.0625000000,225000.0000000000,225000.0000000000,0.0000000000,0.0000000000,0.0000000000,0.0000000000,,,
30.5159999507,238,216037.4531250000,215773.5312500000,225000.0000000000,212390.9687500000,0.0000000000,0.0000000000,0.0000000000,0.0000000000,,,
30.5199999507,238,201328.6406250000,214547.7500000000,224973.2343750000,171790.9843750000,0.0000000000,0.0000000000,0.0000000000,0.0000000000,,,
30.5239999506,238,215775.6718750000,215519.5781250000,225000.0000000000,207041.6718750000,0.0000000000,0.0000000000,0.0000000000,0.0000000000,,,
30.5279999506,238,225000.0000000000,217336.9062500000,225000.0000000000,225000.0000000000,0.0000000000,0.0000000000,0.0000000000,0.0000000000,,,
30.5319999508,238,225000.0000000000,217527.6093750000,225000.0000000000,225000.0000000000,0.0000000000,0.0000000000,0.0000000000,0.0000000000,,,
30.5359999507,238,216202.7343750000,215780.7343750000,225000.0000000000,212694.2968750000,0.0000000000,0.0000000000,0.0000000000,0.0000000000,,,
30.5399999507,238,201352.5781250000,214543.7656250000,224996.4687500000,171835.5781250000,0.0000000000,0.0000000000,0.0000000000,0.0000000000,,,
30.5439999506,238,215655.3437500000,215500.3750000000,225000.0000000000,206747.2812500000,0.0000000000,0.0000000000,0.0000000000,0.0000000000,,,
30.5479999506,238,225000.0000000000,217320.3906250000,225000.0000000000,225000.0000000000,0.0000000000,0.0000000000,0.0000000000,0.0000000000,,,
30.5519999508,238,225000.0000000000,217524.7343750000,225000.0000000000,225000.0000000000,0.0000000000,0.0000000000,0.0000000000,0.0000000000,,,
30.5559999507,238,216359.7968750000,215779.7968750000,225000.0000000000,213057.6250000000,0.0000000000,0.0000000000,0.0000000000,0.0000000000,,,
30.5599999507,238,201381.5937500000,214530.1875000000,225000.0000000000,171905.0000000000,0.0000000000,0.0000000000,0.0000000000,0.0000000000,,,
30.5639999507,238,215524.7187500000,215475.0000000000,225000.0000000000,206427.0781250000,0.0000000000,0.0000000000,0.0000000000,0.0000000000,,,
30.5679999506,238,225000.0000000000,217294.7343750000,225000.0000000000,225000.0000000000,0.0000000000,0.0000000000,0.0000000000,0.0000000000,,,
30.5719999506,238,225000.0000000000,217512.6718750000,225000.0000000000,225000.0000000000,0.0000000000,0.0000000000,0.0000000000,0.0000000000,,,
30.5759999508,238,216498.2031250000,215769.8281250000,225000.0000000000,213368.4687500000,0.0000000000,0.0000000000,0.0000000000,0.0000000000,,,
30.5799999507,238,201399.0625000000,214508.4687500000,225000.0000000000,171977.7343750000,0.0000000000,0.0000000000,0.0000000000,0.0000000000,,,
30.5839999507,238,215392.9687500000,215444.1562500000,225000.0000000000,206148.3906250000,0.0000000000,0.0000000000,0.0000000000,0.0000000000,,,
30.5879999506,238,225000.0000000000,217272.7968750000,225000.0000000000,225000.0000000000,0.0000000000,0.0000000000,0.0000000000,0.0000000000,,,
30.5919999506,239,225000.0000000000,217506.3906250000,225000.0000000000,225000.0000000000,0.0000000000,0.0000000000,0.0000000000,0.0000000000,,,
30.5959999505,239,216664.3750000000,215770.1406250000,225000.0000000000,213717.0781250000,0.0000000000,0.0000000000,0.0000000000,0.0000000000,,,
30.5999999505,239,201442.0000000000,214503.5468750000,225000.0000000000,172081.6250000000,0.0000000000,0.0000000000,0.0000000000,0.0000000000,,,
30.6039999505,239,215282.0625000000,215434.2187500000,225000.0000000000,205858.7968750000,0.0000000000,0.0000000000,0.0000000000,0.0000000000,,,
30.6079999504,239,225000.0000000000,217272.1250000000,225000.0000000000,225000.0000000000,0.0000000000,0.0000000000,0.0000000000,0.0000000000,,,
30.6119999504,239,225000.0000000000,217521.0156250000,225000.0000000000,225000.0000000000,0.0000000000,0.0000000000,0.0000000000,0.0000000000,,,
30.6159999506,239,216830.4531250000,215788.3281250000,225000.0000000000,214052.8593750000,0.0000000000,0.0000000000,0.0000000000,0.0000000000,,,
30.6199999505,239,201503.0781250000,214510.4687500000,225000.0000000000,172218.9218750000,0.0000000000,0.0000000000,0.0000000000,0.0000000000,,,
30.6239999505,239,215182.8281250000,215430.0468750000,225000.0000000000,205615.0625000000,0.0000000000,0.0000000000,0.0000000000,0.0000000000,,,
30.6279999504,239,225000.0000000000,217269.3125000000,225000.0000000000,225000.0000000000,0.0000000000,0.0000000000,0.0000000000,0.0000000000,,,
30.6319999504,239,225000.0000000000,217531.4531250000,225000.0000000000,225000.0000000000,0.0000000000,0.0000000000,0.0000000000,0.0000000000,,,
30.6359999506,239,217006.2187500000,215806.7656250000,225000.0000000000,214397.9843750000,0.0000000000,0.0000000000,0.0000000000,0.0000000000,,,
30.6399999505,239,201547.0000000000,214519.7343750000,225000.0000000000,172313.8281250000,0.0000000000,0.0000000000,0.0000000000,0.0000000000,,,
30.6439999505,239,215109.5156250000,215430.7343750000,225000.0000000000,205328.2500000000,0.0000000000,0.0000000000,0.0000000000,0.0000000000,,,
30.6479999505,239,225000.0000000000,217276.1875000000,225000.0000000000,225000.0000000000,0.0000000000,0.0000000000,0.0000000000,0.0000000000,,,
30.6519999504,239,225000.0000000000,217545.6406250000,225000.0000000000,225000.0000000000,0.0000000000,0.0000000000,0.0000000000,0.0000000000,,,
30.6559999504,239,217152.5000000000,215821.5937500000,225000.0000000000,214737.7656250000,0.0000000000,0.0000000000,0.0000000000,0.0000000000,,,
30.6599999506,239,201549.9843750000,214520.1093750000,225000.0000000000,172357.2187500000,0.0000000000,0.0000000000,0.0000000000,0.0000000000,,,
30.6639999505,239,214934.4218750000,215417.8437500000,225000.0000000000,204997.4531250000,0.0000000000,0.0000000000,0.0000000000,0.0000000000,,,
30.6679999505,239,225000.0000000000,217258.7968750000,225000.0000000000,225000.0000000000,0.0000000000,0.0000000000,0.0000000000,0.0000000000,,,
30.6719999504,239,225000.0000000000,217539.7812500000,225000.0000000000,225000.0000000000,0.0000000000,0.0000000000,0.0000000000,0.0000000000,,,
30.6759999504,239,217285.2187500000,215818.5937500000,225000.0000000000,215033.2656250000,0.0000000000,0.0000000000,0.0000000000,0.0000000000,,,
30.6799999506,239,201543.8906250000,214503.6875000000,225000.0000000000,172447.0000000000,0.0000000000,0.0000000000,0.0000000000,0.0000000000,,,
30.6839999505,239,214777.7031250000,215385.6718750000,225000.0000000000,204710.5312500000,0.0000000000,0.0000000000,0.0000000000,0.0000000000,,,
30.6879999505,239,225000.0000000000,217232.8906250000,225000.0000000000,225000.0000000000,0.0000000000,0.0000000000,0.0000000000,0.0000000000,,,
30.6919999504,239,225000.0000000000,217526.7187500000,225000.0000000000,225000.0000000000,0.0000000000,0.0000000000,0.0000000000,0.0000000000,,,
30.6959999504,239,217421.4531250000,215811.9375000000,225000.0000000000,215344.8281250000,0.0000000000,0.0000000000,0.0000000000,0.0000000000,,,
30.6999999504,239,201555.0468750000,214495.5937500000,225000.0000000000,172536.1250000000,0.0000000000,0.0000000000,0.0000000000,0.0000000000,,,
30.7039999506,239,214648.7187500000,215375.8281250000,225000.0000000000,204408.9218750000,0.0000000000,0.0000000000,0.0000000000,0.0000000000,,,
30.7079999505,239,225000.0000000000,217229.0312500000,225000.0000000000,225000.0000000000,0.0000000000,0.0000000000,0.0000000000,0.0000000000,,,
30.7119999505,239,225000.0000000000,217540.7031250000,225000.0000000000,225000.0000000000,0.0000000000,0.0000000000,0.0000000000,0.0000000000,,,
30.7159999504,239,217555.1875000000,215832.0468750000,225000.0000000000,215660.9531250000,0.0000000000,0.0000000000,0.0000000000,0.0000000000,,,
30.7199999504,240,201537.0312500000,214503.2343750000,225000.0000000000,172550.8750000000,0.0000000000,0.0000000000,0.0000000000,0.0000000000,,,
30.7239999503,240,214483.0312500000,215369.9531250000,225000.0000000000,204058.4687500000,0.0000000000,0.0000000000,0.0000000000,0.0000000000,,,
30.7279999503,240,225000.0000000000,217223.2812500000,225000.0000000000,225000.0000000000,0.0000000000,0.0000000000,0.0000000000,0.0000000000,,,
30.7319999503,240,225000.0000000000,217550.5937500000,225000.0000000000,225000.0000000000,0.0000000000,0.0000000000,0.0000000000,0.0000000000,,,
30.7359999502,240,217676.2812500000,215851.1562500000,225000.0000000000,215918.8750000000,0.0000000000,0.0000000000,0.0000000000,0.0000000000,,,
30.7399999502,240,201516.8593750000,214510.8437500000,225000.0000000000,172545.8281250000,0.0000000000,0.0000000000,0.0000000000,0.0000000000,,,
30.7439999504,240,214325.5156250000,215362.3750000000,225000.0000000000,203696.2031250000,0.0000000000,0.0000000000,0.0000000000,0.0000000000,,,
30.7479999503,240,225000.0000000000,217219.6406250000,225000.0000000000,225000.0000000000,0.0000000000,0.0000000000,0.0000000000,0.0000000000,,,
30.7519999503,240,225000.0000000000,217560.4062500000,225000.0000000000,225000.0000000000,0.0000000000,0.0000000000,0.0000000000,0.0000000000,,,
30.7559999502,240,217792.6093750000,215864.2968750000,225000.0000000000,216215.4687500000,0.0000000000,0.0000000000,0.0000000000,0.0000000000,,,
30.7599999502,240,201515.1718750000,214512.1406250000,225000.0000000000,172609.7968750000,0.0000000000,0.0000000000,0.0000000000,0.0000000000,,,
30.7639999504,240,214165.8437500000,215350.4687500000,225000.0000000000,203380.8281250000,0.0000000000,0.0000000000,0.0000000000,0.0000000000,,,
30.7679999503,240,225000.0000000000,217208.1562500000,225000.0000000000,225000.0000000000,0.0000000000,0.0000000000,0.0000000000,0.0000000000,,,
30.7719999503,240,225000.0000000000,217559.6562500000,225000.0000000000,225000.0000000000,0.0000000000,0.0000000000,0.0000000000,0.0000000000,,,
30.7759999502,240,217922.8906250000,215871.0312500000,225000.0000000000,216490.4218750000,0.0000000000,0.0000000000,0.0000000000,0.0000000000,,,
30.7799999502,240,201524.3437500000,214513.4843750000,225000.0000000000,172666.5312500000,0.0000000000,0.0000000000,0.0000000000,0.0000000000,,,
30.7839999502,240,214040.9531250000,215344.8281250000,225000.0000000000,203086.2500000000,0.0000000000,0.0000000000,0.0000000000,0.0000000000,,,
30.7879999503,240,225000.0000000000,217209.2343750000,225000.0000000000,225000.0000000000,0.0000000000,0.0000000000,0.0000000000,0.0000000000,,,
30.7919999503,240,225000.0000000000,217574.0937500000,225000.0000000000,225000.0000000000,0.0000000000,0.0000000000,0.0000000000,0.0000000000,,,
30.7959999503,240,218042.2656250000,215885.0468750000,225000.0000000000,216756.5625000000,0.0000000000,0.0000000000,0.0000000000,0.0000000000,,,
30.7999999502,240,201518.2343750000,214519.0312500000,225000.0000000000,172679.4062500000,0.0000000000,0.0000000000,0.0000000000,0.0000000000,,,
30.8039999502,240,213895.9843750000,215342.3281250000,225000.0000000000,202728.1250000000,0.0000000000,0.0000000000,0.0000000000,0.0000000000,,,
30.8079999504,240,225000.0000000000,217206.5156250000,225000.0000000000,225000.0000000000,0.0000000000,0.0000000000,0.0000000000,0.0000000000,,,
30.8119999503,240,225000.0000000000,217584.8281250000,225000.0000000000,225000.0000000000,0.0000000000,0.0000000000,0.0000000000,0.0000000000,,,
30.8159999503,240,218162.5468750000,215903.8593750000,225000.0000000000,216993.0000000000,0.0000000000,0.0000000000,0.0000000000,0.0000000000,,,
30.8199999502,240,201514.4218750000,214528.3906250000,225000.0000000000,172684.7187500000,0.0000000000,0.0000000000,0.0000000000,0.0000000000,,,
30.8239999502,240,213760.7968750000,215340.9062500000,225000.0000000000,202399.1250000000,0.0000000000,0.0000000000,0.0000000000,0.0000000000,,,
30.8279999502,240,225000.0000000000,217202.2656250000,225000.0000000000,225000.0000000000,0.0000000000,0.0000000000,0.0000000000,0.0000000000,,,
30.8319999503,240,225000.0000000000,217589.4375000000,225000.0000000000,225000.0000000000,0.0000000000,0.0000000000,0.0000000000,0.0000000000,,,
30.8359999503,240,218309.6875000000,215920.2500000000,225000.0000000000,217264.9687500000,0.0000000000,0.0000000000,0.0000000000,0.0000000000,,,
30.8399999503,240,201542.5312500000,214538.5625000000,225000.0000000000,172724.2031250000,0.0000000000,0.0000000000,0.0000000000,0.0000000000,,,
30.8439999502,240,213640.5468750000,215328.9531250000,225000.0000000000,202070.6562500000,0.0000000000,0.0000000000,0.0000000000,0.0000000000,,,
30.8479999502,241,225000.0000000000,217177.3906250000,225000.0000000000,225000.0000000000,0.0000000000,0.0000000000,0.0000000000,0.0000000000,,,
30.8519999501,241,225000.0000000000,217571.1718750000,225000.0000000000,225000.0000000000,0.0000000000,0.0000000000,0.0000000000,0.0000000000,,,
30.8559999501,241,218446.5625000000,215910.3750000000,225000.0000000000,217563.0625000000,0.0000000000,0.0000000000,0.0000000000,0.0000000000,,,
30.8599999500,241,201558.5625000000,214520.4843750000,225000.0000000000,172768.2968750000,0.0000000000,0.0000000000,0.0000000000,0.0000000000,,,
30.8639999500,241,213503.4375000000,215300.0312500000,225000.0000000000,201728.0625000000,0.0000000000,0.0000000000,0.0000000000,0.0000000000,,,
30.8679999500,241,225000.0000000000,217154.1718750000,225000.0000000000,225000.0000000000,0.0000000000,0.0000000000,0.0000000000,0.0000000000,,,
30.8719999501,241,225000.0000000000,217566.7187500000,225000.0000000000,225000.0000000000,0.0000000000,0.0000000000,0.0000000000,0.0000000000,,,
30.8759999501,241,218585.6093750000,215915.0156250000,225000.0000000000,217821.9062500000,0.0000000000,0.0000000000,0.0000000000,0.0000000000,,,
30.8799999501,241,201581.8437500000,214517.9843750000,225000.0000000000,172801.5312500000,0.0000000000,0.0000000000,0.0000000000,0.0000000000,,,
30.8839999500,241,213379.3593750000,215288.7187500000,225000.0000000000,201400.9375000000,0.0000000000,0.0000000000,0.0000000000,0.0000000000,,,
30.8879999500,241,225000.0000000000,217148.1875000000,225000.0000000000,225000.0000000000,0.0000000000,0.0000000000,0.0000000000,0.0000000000,,,
30.8919999502,241,225000.0000000000,217577.2343750000,225000.0000000000,225000.0000000000,0.0000000000,0.0000000000,0.0000000000,0.0000000000,,,
30.8959999501,241,218719.4843750000,215931.3437500000,225000.0000000000,218100.0000000000,0.0000000000,0.0000000000,0.0000000000,0.0000000000,,,
30.8999999501,241,201609.1875000000,214527.9687500000,225000.0000000000,172853.0312500000,0.0000000000,0.0000000000,0.0000000000,0.0000000000,,,
30.9039999500,241,213258.4687500000,215286.7343750000,225000.0000000000,201067.9687500000,0.0000000000,0.0000000000,0.0000000000,0.0000000000,,,
30.9079999500,241,225000.0000000000,217146.6562500000,225000.0000000000,225000.0000000000,0.0000000000,0.0000000000,0.0000000000,0.0000000000,,,
30.9119999500,241,225000.0000000000,217581.9218750000,225000.0000000000,225000.0000000000,0.0000000000,0.0000000000,0.0000000000,0.0000000000,,,
30.9159999501,241,218869.4062500000,215940.0156250000,225000.0000000000,218371.2968750000,0.0000000000,0.0000000000,0.0000000000,0.0000000000,,,
30.9199999501,241,201628.0156250000,214530.0312500000,225000.0000000000,172903.1250000000,0.0000000000,0.0000000000,0.0000000000,0.0000000000,,,
30.9239999501,241,213130.9375000000,215277.4531250000,225000.0000000000,200758.1718750000,0.0000000000,0.0000000000,0.0000000000,0.0000000000,,,
30.9279999500,241,225000.0000000000,217136.2500000000,225000.0000000000,225000.0000000000,0.0000000000,0.0000000000,0.0000000000,0.0000000000,,,
30.9319999500,241,225000.0000000000,217586.8125000000,225000.0000000000,225000.0000000000,0.0000000000,0.0000000000,0.0000000000,0.0000000000,,,
30.9359999502,241,219013.3437500000,215952.4062500000,225000.0000000000,218626.1875000000,0.0000000000,0.0000000000,0.0000000000,0.0000000000,,,
30.9399999501,241,201642.5781250000,214536.3593750000,225000.0000000000,172968.0625000000,0.0000000000,0.0000000000,0.0000000000,0.0000000000,,,
30.9439999501,241,213010.3437500000,215275.1406250000,225000.0000000000,200459.6093750000,0.0000000000,0.0000000000,0.0000000000,0.0000000000,,,
30.9479999500,241,225000.0000000000,217134.0781250000,225000.0000000000,225000.0000000000,0.0000000000,0.0000000000,0.0000000000,0.0000000000,,,
30.9519999500,241,225000.0000000000,217592.7656250000,225000.0000000000,225000.0000000000,0.0000000000,0.0000000000,0.0000000000,0.0000000000,,,
30.9559999499,241,219147.5781250000,215965.7031250000,225000.0000000000,218932.6250000000,0.0000000000,0.0000000000,0.0000000000,0.0000000000,,,
30.9599999501,241,201657.4531250000,214536.0937500000,225000.0000000000,173041.1093750000,0.0000000000,0.0000000000,0.0000000000,0.0000000000,,,
30.9639999501,241,212879.1250000000,215261.0937500000,225000.0000000000,200141.7968750000,0.0000000000,0.0000000000,0.0000000000,0.0000000000,,,
30.9679999501,241,225000.0000000000,217116.6093750000,225000.0000000000,225000.0000000000,0.0000000000,0.0000000000,0.0000000000,0.0000000000,,,
30.9719999500,241,225000.0000000000,217582.8906250000,225000.0000000000,225000.0000000000,0.0000000000,0.0000000000,0.0000000000,0.0000000000,,,
30.9759999500,242,219279.3125000000,215960.7187500000,225000.0000000000,219207.0781250000,0.0000000000,0.0000000000,0.0000000000,0.0000000000,,,
30.9799999499,242,201663.0625000000,214522.8906250000,225000.0000000000,173094.6718750000,0.0000000000,0.0000000000,0.0000000000,0.0000000000,,,
30.9839999499,242,212720.4218750000,215234.7500000000,225000.0000000000,199784.4531250000,0.0000000000,0.0000000000,0.0000000000,0.0000000000,,,
30.9879999498,242,225000.0000000000,217094.4843750000,225000.0000000000,225000.0000000000,0.0000000000,0.0000000000,0.0000000000,0.0000000000,,,
30.9919999498,242,225000.0000000000,217577.5000000000,225000.0000000000,225000.0000000000,0.0000000000,0.0000000000,0.0000000000,0.0000000000,,,
30.9959999498,242,219387.4218750000,215964.1562500000,225000.0000000000,219441.2812500000,0.0000000000,0.0000000000,0.0000000000,0.0000000000,,,
30.9999999499,242,201650.5468750000,214518.9687500000,225000.0000000000,173079.4531250000,0.0000000000,0.0000000000,0.0000000000,0.0000000000,,,
31.0039999499,242,212551.9843750000,215219.3593750000,225000.0000000000,199391.6562500000,0.0000000000,0.0000000000,0.0000000000,0.0000000000,,,
31.0079999499,242,225000.0000000000,217079.4687500000,225000.0000000000,225000.0000000000,0.0000000000,0.0000000000,0.0000000000,0.0000000000,,,
31.0119999498,242,225000.0000000000,217581.0625000000,225000.0000000000,225000.0000000000,0.0000000000,0.0000000000,0.0000000000,0.0000000000,,,
31.0159999498,242,219494.0781250000,215975.0156250000,225000.0000000000,219670.9687500000,0.0000000000,0.0000000000,0.0000000000,0.0000000000,,,
31.0199999500,242,201638.4218750000,214516.9687500000,225000.0000000000,173090.2968750000,0.0000000000,0.0000000000,0.0000000000,0.0000000000,,,
31.0239999499,242,212391.6093750000,215205.8125000000,225000.0000000000,199016.4218750000,0.0000000000,0.0000000000,0.0000000000,0.0000000000,,,
31.0279999499,242,225000.0000000000,217072.6875000000,225000.0000000000,225000.0000000000,0.0000000000,0.0000000000,0.0000000000,0.0000000000,,,
31.0319999498,242,225000.0000000000,217586.6406250000,225000.0000000000,225000.0000000000,0.0000000000,0.0000000000,0.0000000000,0.0000000000,,,
31.0359999498,242,219650.3593750000,215988.6875000000,225000.0000000000,219963.2968750000,0.0000000000,0.0000000000,0.0000000000,0.0000000000,,,
31.0399999497,242,201688.4375000000,214528.7187500000,225000.0000000000,173178.1875000000,0.0000000000,0.0000000000,0.0000000000,0.0000000000,,,
31.0439999499,242,212297.9687500000,215208.4687500000,225000.0000000000,198718.4843750000,0.0000000000,0.0000000000,0.0000000000,0.0000000000,,,
31.0479999499,242,225000.0000000000,217073.5937500000,225000.0000000000,225000.0000000000,0.0000000000,0.0000000000,0.0000000000,0.0000000000,,,
31.0519999499,242,225000.0000000000,217598.1250000000,225000.0000000000,225000.0000000000,0.0000000000,0.0000000000,0.0000000000,0.0000000000,,,
31.0559999498,242,219823.1250000000,216007.2812500000,225000.0000000000,220254.0468750000,0.0000000000,0.0000000000,0.0000000000,0.0000000000,,,
31.0599999498,242,201732.3437500000,214533.2656250000,225000.0000000000,173260.6718750000,0.0000000000,0.0000000000,0.0000000000,0.0000000000,,,
31.0639999500,242,212200.6875000000,215201.4062500000,225000.0000000000,198438.9218750000,0.0000000000,0.0000000000,0.0000000000,0.0000000000,,,
31.0679999499,242,225000.0000000000,217068.6250000000,225000.0000000000,225000.0000000000,0.0000000000,0.0000000000,0.0000000000,0.0000000000,,,
31.0719999499,242,225000.0000000000,217606.7343750000,225000.0000000000,225000.0000000000,0.0000000000,0.0000000000,0.0000000000,0.0000000000,,,
31.0759999498,242,219994.7812500000,216022.3593750000,225000.0000000000,220559.2656250000,0.0000000000,0.0000000000,0.0000000000,0.0000000000,,,
31.0799999498,242,201769.6250000000,214539.3125000000,225000.0000000000,173363.0156250000,0.0000000000,0.0000000000,0.0000000000,0.0000000000,,,
31.0839999497,242,212084.5000000000,215199.9687500000,225000.0000000000,198117.6718750000,0.0000000000,0.0000000000,0.0000000000,0.0000000000,,,
31.0879999499,242,225000.0000000000,217073.4531250000,225000.0000000000,225000.0000000000,0.0000000000,0.0000000000,0.0000000000,0.0000000000,,,
31.0919999499,242,225000.0000000000,217623.8437500000,225000.0000000000,225000.0000000000,0.0000000000,0.0000000000,0.0000000000,0.0000000000,,,
31.0959999498,242,220164.6250000000,216043.7343750000,225000.0000000000,220884.7500000000,0.0000000000,0.0000000000,0.0000000000,0.0000000000,,,
31.0999999498,242,201813.2187500000,214550.4843750000,225000.0000000000,173475.5937500000,0.0000000000,0.0000000000,0.0000000000,0.0000000000,,,
31.1039999498,243,211986.5156250000,215195.6718750000,225000.0000000000,197853.6250000000,0.0000000000,0.0000000000,0.0000000000,0.0000000000,,,
31.1079999497,243,225000.0000000000,217066.4531250000,225000.0000000000,225000.0000000000,0.0000000000,0.0000000000,0.0000000000,0.0000000000,,,
31.1119999497,243,225000.0000000000,217633.6875000000,225000.0000000000,225000.0000000000,0.0000000000,0.0000000000,0.0000000000,0.0000000000,,,
31.1159999496,243,220345.3593750000,216061.5625000000,225000.0000000000,221224.0468750000,0.0000000000,0.0000000000,0.0000000000,0.0000000000,,,
31.1199999496,243,201884.1093750000,214558.8906250000,225000.0000000000,173673.5468750000,0.0000000000,0.0000000000,0.0000000000,0.0000000000,,,
31.1239999495,243,211904.7656250000,215194.9687500000,225000.0000000000,197644.5468750000,0.0000000000,0.0000000000,0.0000000000,0.0000000000,,,
31.1279999497,243,225000.0000000000,217072.7031250000,225000.0000000000,225000.0000000000,0.0000000000,0.0000000000,0.0000000000,0.0000000000,,,
31.1319999497,243,225000.0000000000,217650.2343750000,225000.0000000000,225000.0000000000,0.0000000000,0.0000000000,0.0000000000,0.0000000000,,,
31.1359999496,243,220525.8125000000,216074.8750000000,225000.0000000000,221596.5781250000,0.0000000000,0.0000000000,0.0000000000,0.0000000000,,,
31.1399999496,243,201919.2500000000,214559.4843750000,225000.0000000000,173849.5468750000,0.0000000000,0.0000000000,0.0000000000,0.0000000000,,,
31.1439999496,243,211768.3750000000,215185.3437500000,225000.0000000000,197353.8593750000,0.0000000000,0.0000000000,0.0000000000,0.0000000000,,,
31.1479999498,243,225000.0000000000,217070.8281250000,225000.0000000000,225000.0000000000,0.0000000000,0.0000000000,0.0000000000,0.0000000000,,,
31.1519999497,243,225000.0000000000,217669.0468750000,225000.0000000000,225000.0000000000,0.0000000000,0.0000000000,0.0000000000,0.0000000000,,,
31.1559999497,243,220683.7343750000,216103.5937500000,225000.0000000000,221887.2500000000,0.0000000000,0.0000000000,0.0000000000,0.0000000000,,,
31.1599999496,243,201924.3437500000,214574.1250000000,225000.0000000000,173963.2187500000,0.0000000000,0.0000000000,0.0000000000,0.0000000000,,,
31.1639999496,243,211624.8125000000,215184.8125000000,225000.0000000000,197071.9062500000,0.0000000000,0.0000000000,0.0000000000,0.0000000000,,,
31.1679999495,243,225000.0000000000,217071.3593750000,225000.0000000000,225000.0000000000,0.0000000000,0.0000000000,0.0000000000,0.0000000000,,,
31.1719999497,243,225000.0000000000,217681.1718750000,225000.0000000000,225000.0000000000,0.0000000000,0.0000000000,0.0000000000,0.0000000000,,,
31.1759999497,243,220826.9218750000,216119.8593750000,225000.0000000000,222190.5000000000,0.0000000000,0.0000000000,0.0000000000,0.0000000000,,,
31.1799999496,243,201939.4687500000,214580.6718750000,225000.0000000000,174069.3281250000,0.0000000000,0.0000000000,0.0000000000,0.0000000000,,,
31.1839999496,243,211508.9531250000,215180.5937500000,225000.0000000000,196803.5937500000,0.0000000000,0.0000000000,0.0000000000,0.0000000000,,,
31.1879999496,243,225000.0000000000,217068.7187500000,225000.0000000000,225000.0000000000,0.0000000000,0.0000000000,0.0000000000,0.0000000000,,,
31.1919999497,243,225000.0000000000,217686.9843750000,225000.0000000000,225000.0000000000,0.0000000000,0.0000000000,0.0000000000,0.0000000000,,,
31.1959999497,243,220966.3906250000,216131.6250000000,225000.0000000000,222482.3437500000,0.0000000000,0.0000000000,0.0000000000,0.0000000000,,,
31.1999999497,243,201968.7343750000,214582.4062500000,225000.0000000000,174160.5156250000,0.0000000000,0.0000000000,0.0000000000,0.0000000000,,,
31.2039999496,243,211375.3750000000,215174.6406250000,225000.0000000000,196460.0625000000,0.0000000000,0.0000000000,0.0000000000,0.0000000000,,,
31.2079999496,243,225000.0000000000,217071.0156250000,225000.0000000000,225000.0000000000,0.0000000000,0.0000000000,0.0000000000,0.0000000000,,,
31.2119999495,243,225000.0000000000,217708.9531250000,225000.0000000000,225000.0000000000,0.0000000000,0.0000000000,0.0000000000,0.0000000000,,,
31.2159999497,243,221114.2812500000,216159.6875000000,225000.0000000000,222745.9062500000,0.0000000000,0.0000000000,0.0000000000,0.0000000000,,,
31.2199999497,243,201978.6250000000,214597.8906250000,225000.0000000000,174209.6406250000,0.0000000000,0.0000000000,0.0000000000,0.0000000000,,,
31.2239999496,243,211231.0156250000,215174.5937500000,225000.0000000000,196101.5000000000,0.0000000000,0.0000000000,0.0000000000,0.0000000000,,,
31.2279999496,243,225000.0000000000,217080.8125000000,225000.0000000000,225000.0000000000,0.0000000000,0.0000000000,0.0000000000,0.0000000000,,,
31.2319999496,244,225000.0000000000,217742.7812500000,225000.0000000000,225000.0000000000,0.0000000000,0.0000000000,0.0000000000,0.0000000000,,,
31.2359999495,244,221276.0781250000,216194.2031250000,225000.0000000000,222998.8125000000,0.0000000000,0.0000000000,0.0000000000,0.0000000000,,,
31.2399999495,244,201986.1718750000,214611.9687500000,225000.0000000000,174204.0312500000,0.0000000000,0.0000000000,0.0000000000,0.0000000000,,,
31.2439999494,244,211096.1562500000,215176.4687500000,225000.0000000000,195721.0312500000,0.0000000000,0.0000000000,0.0000000000,0.0000000000,,,
31.2479999494,244,225000.0000000000,217084.3750000000,225000.0000000000,225000.0000000000,0.0000000000,0.0000000000,0.0000000000,0.0000000000,,,
31.2519999493,244,225000.0000000000,217749.4218750000,225000.0000000000,225000.0000000000,0.0000000000,0.0000000000,0.0000000000,0.0000000000,,,
31.2559999495,244,221403.3750000000,216197.7187500000,225000.0000000000,223211.4531250000,0.0000000000,0.0000000000,0.0000000000,0.0000000000,,,
31.2599999495,244,201992.8906250000,214603.5937500000,225000.0000000000,174247.3125000000,0.0000000000,0.0000000000,0.0000000000,0.0000000000,,,
31.2639999494,244,210950.7500000000,215162.5156250000,225000.0000000000,195346.8593750000,0.0000000000,0.0000000000,0.0000000000,0.0000000000,,,
31.2679999494,244,225000.0000000000,217077.5937500000,225000.0000000000,225000.0000000000,0.0000000000,0.0000000000,0.0000000000,0.0000000000,,,
31.2719999494,244,225000.0000000000,217755.8437500000,225000.0000000000,225000.0000000000,0.0000000000,0.0000000000,0.0000000000,0.0000000000,,,
31.2759999495,244,221542.6562500000,216213.6250000000,225000.0000000000,223486.8593750000,0.0000000000,0.0000000000,0.0000000000,0.0000000000,,,
31.2799999495,244,202008.7812500000,214612.2031250000,225000.0000000000,174307.4218750000,0.0000000000,0.0000000000,0.0000000000,0.0000000000,,,
31.2839999495,244,210804.8750000000,215152.3281250000,225000.0000000000,194984.0156250000,0.0000000000,0.0000000000,0.0000000000,0.0000000000,,,
31.2879999494,244,225000.0000000000,217061.2500000000,225000.0000000000,225000.0000000000,0.0000000000,0.0000000000,0.0000000000,0.0000000000,,,
31.2919999494,244,225000.0000000000,217753.5000000000,225000.0000000000,225000.0000000000,0.0000000000,0.0000000000,0.0000000000,0.0000000000,,,
31.2959999493,244,221676.4218750000,216222.5312500000,225000.0000000000,223713.5937500000,0.0000000000,0.0000000000,0.0000000000,0.0000000000,,,
31.2999999495,244,202020.6093750000,214615.8906250000,225000.0000000000,174353.5937500000,0.0000000000,0.0000000000,0.0000000000,0.0000000000,,,
31.3039999495,244,210668.4531250000,215145.0625000000,225000.0000000000,194618.8125000000,0.0000000000,0.0000000000,0.0000000000,0.0000000000,,,
31.3079999494,244,225000.0000000000,217055.2187500000,225000.0000000000,225000.0000000000,0.0000000000,0.0000000000,0.0000000000,0.0000000000,,,
31.3119999494,244,225000.0000000000,217762.6562500000,225000.0000000000,225000.0000000000,0.0000000000,0.0000000000,0.0000000000,0.0000000000,,,
31.3159999494,244,221806.2968750000,216241.7656250000,225000.0000000000,223923.5781250000,0.0000000000,0.0000000000,0.0000000000,0.0000000000,,,
31.3199999495,244,202034.4375000000,214628.8906250000,225000.0000000000,174387.5468750000,0.0000000000,0.0000000000,0.0000000000,0.0000000000,,,
31.3239999495,244,210530.9843750000,215143.4218750000,225000.0000000000,194248.4531250000,0.0000000000,0.0000000000,0.0000000000,0.0000000000,,,
31.3279999495,244,225000.0000000000,217047.8437500000,225000.0000000000,225000.0000000000,0.0000000000,0.0000000000,0.0000000000,0.0000000000,,,
31.3319999494,244,225000.0000000000,217768.6406250000,225000.0000000000,225000.0000000000,0.0000000000,0.0000000000,0.0000000000,0.0000000000,,,
31.3359999494,244,221939.5000000000,216260.6718750000,225000.0000000000,224161.5781250000,0.0000000000,0.0000000000,0.0000000000,0.0000000000,,,
31.3399999493,244,202032.6406250000,214641.4218750000,225000.0000000000,174380.3593750000,0.0000000000,0.0000000000,0.0000000000,0.0000000000,,,
31.3439999495,244,210377.3437500000,215144.1406250000,225000.0000000000,193830.6406250000,0.0000000000,0.0000000000,0.0000000000,0.0000000000,,,
31.3479999495,244,225000.0000000000,217051.7031250000,225000.0000000000,225000.0000000000,0.0000000000,0.0000000000,0.0000000000,0.0000000000,,,
31.3519999494,244,225000.0000000000,217786.5781250000,225000.0000000000,225000.0000000000,0.0000000000,0.0000000000,0.0000000000,0.0000000000,,,
31.3559999494,244,222080.2656250000,216284.6718750000,225000.0000000000,224385.0781250000,0.0000000000,0.0000000000,0.0000000000,0.0000000000,,,
31.3599999493,245,202034.3125000000,214658.2343750000,225000.0000000000,174388.6250000000,0.0000000000,0.0000000000,0.0000000000,0.0000000000,,,
31.3639999493,245,210232.1875000000,215153.6406250000,225000.0000000000,193439.7031250000,0.0000000000,0.0000000000,0.0000000000,0.0000000000,,,
31.3679999493,245,225000.0000000000,217064.6562500000,225000.0000000000,225000.0000000000,0.0000000000,0.0000000000,0.0000000000,0.0000000000,,,
31.3719999492,245,225000.0000000000,217813.2656250000,225000.0000000000,225000.0000000000,0.0000000000,0.0000000000,0.0000000000,0.0000000000,,,
31.3759999492,245,222222.6875000000,216324.7187500000,225000.0000000000,224607.2500000000,0.0000000000,0.0000000000,0.0000000000,0.0000000000,,,
31.3799999491,245,202030.8750000000,214687.3125000000,225000.0000000000,174403.4218750000,0.0000000000,0.0000000000,0.0000000000,0.0000000000,,,
31.3839999493,245,210069.9218750000,215165.0468750000,225000.0000000000,193026.8906250000,0.0000000000,0.0000000000,0.0000000000,0.0000000000,,,
31.3879999493,245,225000.0000000000,217073.5156250000,225000.0000000000,225000.0000000000,0.0000000000,0.0000000000,0.0000000000,0.0000000000,,,
31.3919999492,245,225000.0000000000,217829.8437500000,225000.0000000000,225000.0000000000,0.0000000000,0.0000000000,0.0000000000,0.0000000000,,,
31.3959999492,245,222357.1406250000,216345.7500000000,225000.0000000000,224831.9687500000,0.0000000000,0.0000000000,0.0000000000,0.0000000000,,,
31.3999999491,245,202004.3750000000,214698.2812500000,225000.0000000000,174378.8593750000,0.0000000000,0.0000000000,0.0000000000,0.0000000000,,,
31.4039999493,245,209894.9218750000,215161.2812500000,225000.0000000000,192579.0468750000,0.0000000000,0.0000000000,0.0000000000,0.0000000000,,,
31.4079999493,245,225000.0000000000,217060.4843750000,225000.0000000000,225000.0000000000,0.0000000000,0.0000000000,0.0000000000,0.0000000000,,,
31.4119999493,245,225000.0000000000,217828.3437500000,225000.0000000000,225000.0000000000,0.0000000000,0.0000000000,0.0000000000,0.0000000000,,,
31.4159999492,245,222478.6250000000,216352.8906250000,225000.0000000000,225000.0000000000,0.0000000000,0.0000000000,0.0000000000,0.0000000000,,,
31.4199999492,245,201973.7968750000,214697.9531250000,225000.0000000000,174383.8437500000,0.0000000000,0.0000000000,0.0000000000,0.0000000000,,,
31.4239999491,245,209728.2500000000,215149.9687500000,225000.0000000000,192187.5156250000,0.0000000000,0.0000000000,0.0000000000,0.0000000000,,,
31.4279999493,245,225000.0000000000,217051.4843750000,225000.0000000000,225000.0000000000,0.0000000000,0.0000000000,0.0000000000,0.0000000000,,,
31.4319999493,245,225000.0000000000,217834.8593750000,225000.0000000000,225000.0000000000,0.0000000000,0.0000000000,0.0000000000,0.0000000000,,,
31.4359999492,245,222628.6875000000,216370.2343750000,225000.0000000000,225000.0000000000,0.0000000000,0.0000000000,0.0000000000,0.0000000000,,,
31.4399999492,245,201972.3593750000,214708.8281250000,225000.0000000000,174402.0000000000,0.0000000000,0.0000000000,0.0000000000,0.0000000000,,,
31.4439999491,245,209569.6562500000,215147.3593750000,225000.0000000000,191741.7812500000,0.0000000000,0.0000000000,0.0000000000,0.0000000000,,,
31.4479999493,245,225000.0000000000,217049.2187500000,225000.0000000000,225000.0000000000,0.0000000000,0.0000000000,0.0000000000,0.0000000000,,,
31.4519999493,245,225000.0000000000,217844.1406250000,225000.0000000000,225000.0000000000,0.0000000000,0.0000000000,0.0000000000,0.0000000000,,,
31.4559999492,245,222776.3437500000,216385.4687500000,225000.0000000000,225000.0000000000,0.0000000000,0.0000000000,0.0000000000,0.0000000000,,,
31.4599999492,245,201958.7031250000,214711.0781250000,225000.0000000000,174379.8437500000,0.0000000000,0.0000000000,0.0000000000,0.0000000000,,,
31.4639999492,245,209398.1093750000,215127.8125000000,225000.0000000000,191306.5937500000,0.0000000000,0.0000000000,0.0000000000,0.0000000000,,,
31.4679999491,245,225000.0000000000,217020.5625000000,225000.0000000000,225000.0000000000,0.0000000000,0.0000000000,0.0000000000,0.0000000000,,,
31.4719999493,245,225000.0000000000,217824.5781250000,225000.0000000000,225000.0000000000,0.0000000000,0.0000000000,0.0000000000,0.0000000000,,,
31.4759999493,245,222898.8437500000,216373.7031250000,225000.0000000000,225000.0000000000,0.0000000000,0.0000000000,0.0000000000,0.0000000000,,,
31.4799999492,245,201950.3281250000,214700.7812500000,225000.0000000000,174356.2968750000,0.0000000000,0.0000000000,0.0000000000,0.0000000000,,,
31.4839999492,245,209245.0000000000,215108.7968750000,225000.0000000000,190870.1562500000,0.0000000000,0.0000000000,0.0000000000,0.0000000000,,,
31.4879999491,246,225000.0000000000,216999.0312500000,225000.0000000000,225000.0000000000,0.0000000000,0.0000000000,0.0000000000,0.0000000000,,,
31.4919999491,246,225000.0000000000,217816.6250000000,225000.0000000000,225000.0000000000,0.0000000000,0.0000000000,0.0000000000,0.0000000000,,,
31.4959999491,246,223060.7187500000,216382.1250000000,225000.0000000000,225000.0000000000,0.0000000000,0.0000000000,0.0000000000,0.0000000000,,,
31.4999999490,246,201988.0468750000,214703.7500000000,225000.0000000000,174395.2187500000,0.0000000000,0.0000000000,0.0000000000,0.0000000000,,,
31.5039999490,246,209111.9375000000,215092.4375000000,225000.0000000000,190456.9062500000,0.0000000000,0.0000000000,0.0000000000,0.0000000000,,,
31.5079999489,246,225000.0000000000,216978.7968750000,225000.0000000000,225000.0000000000,0.0000000000,0.0000000000,0.0000000000,0.0000000000,,,
31.5119999491,246,225000.0000000000,217808.6562500000,225000.0000000000,225000.0000000000,0.0000000000,0.0000000000,0.0000000000,0.0000000000,,,
31.5159999491,246,223223.7656250000,216386.9531250000,225000.0000000000,225000.0000000000,0.0000000000,0.0000000000,0.0000000000,0.0000000000,,,
31.5199999490,246,202036.5156250000,214700.2187500000,225000.0000000000,174481.7968750000,0.0000000000,0.0000000000,0.0000000000,0.0000000000,,,
31.5239999490,246,209004.5468750000,215080.0156250000,225000.0000000000,190112.4062500000,0.0000000000,0.0000000000,0.0000000000,0.0000000000,,,
31.5279999489,246,225000.0000000000,216965.2031250000,225000.0000000000,225000.0000000000,0.0000000000,0.0000000000,0.0000000000,0.0000000000,,,
31.5319999491,246,225000.0000000000,217808.8125000000,225000.0000000000,225000.0000000000,0.0000000000,0.0000000000,0.0000000000,0.0000000000,,,
31.5359999491,246,223387.2968750000,216394.8593750000,225000.0000000000,225000.0000000000,0.0000000000,0.0000000000,0.0000000000,0.0000000000,,,
31.5399999490,246,202094.9218750000,214703.2500000000,225000.0000000000,174604.7968750000,0.0000000000,0.0000000000,0.0000000000,0.0000000000,,,
31.5439999490,246,208898.9375000000,215073.7031250000,225000.0000000000,189781.5156250000,0.0000000000,0.0000000000,0.0000000000,0.0000000000,,,
31.5479999490,246,225000.0000000000,216956.5625000000,225000.0000000000,225000.0000000000,0.0000000000,0.0000000000,0.0000000000,0.0000000000,,,
31.5519999489,246,225000.0000000000,217811.9218750000,225000.0000000000,225000.0000000000,0.0000000000,0.0000000000,0.0000000000,0.0000000000,,,
31.5559999491,246,223554.7187500000,216412.9687500000,225000.0000000000,225000.0000000000,0.0000000000,0.0000000000,0.0000000000,0.0000000000,,,
31.5599999491,246,202150.7656250000,214717.2500000000,225000.0000000000,174745.4375000000,0.0000000000,0.0000000000,0.0000000000,0.0000000000,,,
31.5639999490,246,208789.3437500000,215071.4375000000,225000.0000000000,189468.6406250000,0.0000000000,0.0000000000,0.0000000000,0.0000000000,,,
31.5679999490,246,225000.0000000000,216952.0937500000,225000.0000000000,225000.0000000000,0.0000000000,0.0000000000,0.0000000000,0.0000000000,,,
31.5719999489,246,225000.0000000000,217816.8281250000,225000.0000000000,225000.0000000000,0.0000000000,0.0000000000,0.0000000000,0.0000000000,,,
31.5759999491,246,223729.0156250000,216425.0625000000,225000.0000000000,225000.0000000000,0.0000000000,0.0000000000,0.0000000000,0.0000000000,,,
31.5799999491,246,202213.6093750000,214730.0625000000,225000.0000000000,174939.5937500000,0.0000000000,0.0000000000,0.0000000000,0.0000000000,,,
31.5839999490,246,208684.3593750000,215068.7500000000,225000.0000000000,189197.6562500000,0.0000000000,0.0000000000,0.0000000000,0.0000000000,,,
31.5879999490,246,225000.0000000000,216938.6718750000,225000.0000000000,225000.0000000000,0.0000000000,0.0000000000,0.0000000000,0.0000000000,,,
31.5919999490,246,225000.0000000000,217814.2812500000,225000.0000000000,225000.0000000000,0.0000000000,0.0000000000,0.0000000000,0.0000000000,,,
31.5959999489,246,223908.2187500000,216432.2500000000,225000.0000000000,225000.0000000000,0.0000000000,0.0000000000,0.0000000000,0.0000000000,,,
31.5999999491,246,202260.1250000000,214728.5156250000,225000.0000000000,175120.2187500000,0.0000000000,0.0000000000,0.0000000000,0.0000000000,,,
31.6039999491,246,208572.8125000000,215056.7031250000,225000.0000000000,188925.7031250000,0.0000000000,0.0000000000,0.0000000000,0.0000000000,,,
31.6079999490,246,225000.0000000000,216927.3906250000,225000.0000000000,225000.0000000000,0.0000000000,0.0000000000,0.0000000000,0.0000000000,,,
31.6119999490,246,225000.0000000000,217815.2187500000,225000.0000000000,225000.0000000000,0.0000000000,0.0000000000,0.0000000000,0.0000000000,,,
31.6159999489,247,224102.8593750000,216447.7031250000,225000.0000000000,225000.0000000000,0.0000000000,0.0000000000,0.0000000000,0.0000000000,,,
31.6199999489,247,202342.0937500000,214742.7187500000,225000.0000000000,175368.0468750000,0.0000000000,0.0000000000,0.0000000000,0.0000000000,,,
31.6239999488,247,208497.1406250000,215061.0468750000,225000.0000000000,188725.1562500000,0.0000000000,0.0000000000,0.0000000000,0.0000000000,,,
31.6279999488,247,225000.0000000000,216934.5781250000,225000.0000000000,225000.0000000000,0.0000000000,0.0000000000,0.0000000000,0.0000000000,,,
31.6319999488,247,225000.0000000000,217834.6093750000,225000.0000000000,225000.0000000000,0.0000000000,0.0000000000,0.0000000000,0.0000000000,,,
31.6359999487,247,224288.9218750000,216476.6406250000,225000.0000000000,225000.0000000000,0.0000000000,0.0000000000,0.0000000000,0.0000000000,,,
31.6399999489,247,202423.1562500000,214764.1250000000,225000.0000000000,175616.4062500000,0.0000000000,0.0000000000,0.0000000000,0.0000000000,,,
31.6439999489,247,208405.6875000000,215064.8906250000,225000.0000000000,188492.1562500000,0.0000000000,0.0000000000,0.0000000000,0.0000000000,,,
31.6479999488,247,225000.0000000000,216929.4843750000,225000.0000000000,225000.0000000000,0.0000000000,0.0000000000,0.0000000000,0.0000000000,,,
31.6519999488,247,225000.0000000000,217842.0156250000,225000.0000000000,225000.0000000000,0.0000000000,0.0000000000,0.0000000000,0.0000000000,,,
31.6559999487,247,224466.6718750000,216503.0625000000,225000.0000000000,225000.0000000000,0.0000000000,0.0000000000,0.0000000000,0.0000000000,,,
31.6599999489,247,202494.2500000000,214788.8906250000,225000.0000000000,175802.5781250000,0.0000000000,0.0000000000,0.0000000000,0.0000000000,,,
31.6639999489,247,208305.8281250000,215075.0000000000,225000.0000000000,188212.2968750000,0.0000000000,0.0000000000,0.0000000000,0.0000000000,,,
31.6679999488,247,225000.0000000000,216935.5468750000,225000.0000000000,225000.0000000000,0.0000000000,0.0000000000,0.0000000000,0.0000000000,,,
31.6719999488,247,225000.0000000000,217856.0156250000,225000.0000000000,225000.0000000000,0.0000000000,0.0000000000,0.0000000000,0.0000000000,,,
31.6759999488,247,224625.7812500000,216519.3750000000,225000.0000000000,225000.0000000000,0.0000000000,0.0000000000,0.0000000000,0.0000000000,,,
31.6799999487,247,202548.6718750000,214796.7968750000,225000.0000000000,175970.9531250000,0.0000000000,0.0000000000,0.0000000000,0.0000000000,,,
31.6839999489,247,208195.7968750000,215067.8906250000,225000.0000000000,187923.1875000000,0.0000000000,0.0000000000,0.0000000000,0.0000000000,,,
31.6879999489,247,225000.0000000000,216924.5156250000,225000.0000000000,225000.0000000000,0.0000000000,0.0000000000,0.0000000000,0.0000000000,,,
31.6919999488,247,225000.0000000000,217856.4531250000,225000.0000000000,225000.0000000000,0.0000000000,0.0000000000,0.0000000000,0.0000000000,,,
31.6959999488,247,224777.6718750000,216531.9218750000,225000.0000000000,225000.0000000000,0.0000000000,0.0000000000,0.0000000000,0.0000000000,,,
31.6999999487,247,202601.5781250000,214803.6875000000,225000.0000000000,176126.7187500000,0.0000000000,0.0000000000,0.0000000000,0.0000000000,,,
31.7039999489,247,208082.5781250000,215059.4375000000,225000.0000000000,187633.9531250000,0.0000000000,0.0000000000,0.0000000000,0.0000000000,,,
31.7079999489,247,225000.0000000000,216910.6718750000,225000.0000000000,225000.0000000000,0.0000000000,0.0000000000,0.0000000000,0.0000000000,,,
31.7119999488,247,225000.0000000000,217854.2500000000,225000.0000000000,225000.0000000000,0.0000000000,0.0000000000,0.0000000000,0.0000000000,,,
31.7159999488,247,224914.8906250000,216537.6875000000,225000.0000000000,225000.0000000000,0.0000000000,0.0000000000,0.0000000000,0.0000000000,,,
31.7199999487,247,202646.3593750000,214803.0781250000,225000.0000000000,176258.3281250000,0.0000000000,0.0000000000,0.0000000000,0.0000000000,,,
31.7239999487,247,207961.7812500000,215049.1718750000,225000.0000000000,187287.5000000000,0.0000000000,0.0000000000,0.0000000000,0.0000000000,,,
31.7279999489,247,225000.0000000000,216900.5625000000,225000.0000000000,225000.0000000000,0.0000000000,0.0000000000,0.0000000000,0.0000000000,,,
31.7319999489,247,225000.0000000000,217855.9687500000,225000.0000000000,225000.0000000000,0.0000000000,0.0000000000,0.0000000000,0.0000000000,,,
31.7359999488,247,225000.0000000000,216549.1718750000,225000.0000000000,225000.0000000000,0.0000000000,0.0000000000,0.0000000000,0.0000000000,,,
31.7399999488,247,202682.2500000000,214807.1562500000,225000.0000000000,176330.9375000000,0.0000000000,0.0000000000,0.0000000000,0.0000000000,,,
31.7439999487,248,207818.8437500000,215035.2187500000,225000.0000000000,186873.6093750000,0.0000000000,0.0000000000,0.0000000000,0.0000000000,,,
31.7479999487,248,225000.0000000000,216879.9062500000,225000.0000000000,225000.0000000000,0.0000000000,0.0000000000,0.0000000000,0.0000000000,,,
31.7519999486,248,225000.0000000000,217841.8281250000,225000.0000000000,225000.0000000000,0.0000000000,0.0000000000,0.0000000000,0.0000000000,,,
31.7559999486,248,225000.0000000000,216546.1875000000,225000.0000000000,225000.0000000000,0.0000000000,0.0000000000,0.0000000000,0.0000000000,,,
31.7599999486,248,202697.9375000000,214797.1718750000,225000.0000000000,176328.3593750000,0.0000000000,0.0000000000,0.0000000000,0.0000000000,,,
31.7639999485,248,207685.0781250000,215020.0625000000,225000.0000000000,186430.6718750000,0.0000000000,0.0000000000,0.0000000000,0.0000000000,,,
31.7679999487,248,225000.0000000000,216871.2812500000,225000.0000000000,225000.0000000000,0.0000000000,0.0000000000,0.0000000000,0.0000000000,,,
31.7719999487,248,225000.0000000000,217849.1250000000,225000.0000000000,225000.0000000000,0.0000000000,0.0000000000,0.0000000000,0.0000000000,,,
31.7759999486,248,225000.0000000000,216563.8593750000,225000.0000000000,225000.0000000000,0.0000000000,0.0000000000,0.0000000000,0.0000000000,,,
31.7799999486,248,202730.5781250000,214816.6406250000,225000.0000000000,176341.9375000000,0.0000000000,0.0000000000,0.0000000000,0.0000000000,,,
31.7839999485,248,207549.3125000000,215027.4687500000,225000.0000000000,185948.1093750000,0.0000000000,0.0000000000,0.0000000000,0.0000000000,,,
31.7879999487,248,225000.0000000000,216868.3750000000,225000.0000000000,225000.0000000000,0.0000000000,0.0000000000,0.0000000000,0.0000000000,,,
31.7919999487,248,225000.0000000000,217851.2187500000,225000.0000000000,225000.0000000000,0.0000000000,0.0000000000,0.0000000000,0.0000000000,,,
31.7959999486,248,225000.0000000000,216577.2187500000,225000.0000000000,225000.0000000000,0.0000000000,0.0000000000,0.0000000000,0.0000000000,,,
31.7999999486,248,202751.4218750000,214824.9062500000,225000.0000000000,176311.0625000000,0.0000000000,0.0000000000,0.0000000000,0.0000000000,,,
31.8039999485,248,207399.7500000000,215021.4843750000,225000.0000000000,185433.1562500000,0.0000000000,0.0000000000,0.0000000000,0.0000000000,,,
31.8079999485,248,225000.0000000000,216859.4375000000,225000.0000000000,225000.0000000000,0.0000000000,0.0000000000,0.0000000000,0.0000000000,,,
31.8119999487,248,225000.0000000000,217857.0625000000,225000.0000000000,225000.0000000000,0.0000000000,0.0000000000,0.0000000000,0.0000000000,,,
31.8159999487,248,225000.0000000000,216591.7343750000,225000.0000000000,225000.0000000000,0.0000000000,0.0000000000,0.0000000000,0.0000000000,,,
31.8199999486,248,202764.2812500000,214829.0625000000,225000.0000000000,176293.6875000000,0.0000000000,0.0000000000,0.0000000000,0.0000000000,,,
31.8239999486,248,207245.6250000000,215010.5781250000,225000.0000000000,184916.7656250000,0.0000000000,0.0000000000,0.0000000000,0.0000000000,,,
31.8279999485,248,225000.0000000000,216842.2187500000,225000.0000000000,225000.0000000000,0.0000000000,0.0000000000,0.0000000000,0.0000000000,,,
31.8319999487,248,225000.0000000000,217849.5625000000,225000.0000000000,225000.0000000000,0.0000000000,0.0000000000,0.0000000000,0.0000000000,,,
31.8359999487,248,225000.0000000000,216599.0781250000,225000.0000000000,225000.0000000000,0.0000000000,0.0000000000,0.0000000000,0.0000000000,,,
31.8399999486,248,202775.2500000000,214836.6093750000,225000.0000000000,176265.2500000000,0.0000000000,0.0000000000,0.0000000000,0.0000000000,,,
31.8439999486,248,207075.2343750000,215001.5312500000,225000.0000000000,184353.2343750000,0.0000000000,0.0000000000,0.0000000000,0.0000000000,,,
31.8479999485,248,225000.0000000000,216826.0000000000,225000.0000000000,225000.0000000000,0.0000000000,0.0000000000,0.0000000000,0.0000000000,,,
31.8519999485,248,225000.0000000000,217843.4375000000,225000.0000000000,225000.0000000000,0.0000000000,0.0000000000,0.0000000000,0.0000000000,,,
31.8559999487,248,225000.0000000000,216600.9375000000,225000.0000000000,225000.0000000000,0.0000000000,0.0000000000,0.0000000000,0.0000000000,,,
31.8599999486,248,202754.8593750000,214827.2187500000,225000.0000000000,176233.6562500000,0.0000000000,0.0000000000,0.0000000000,0.0000000000,,,
31.8639999486,248,206981.4375000000,214977.1718750000,225000.0000000000,184061.6093750000,0.0000000000,0.0000000000,0.0000000000,0.0000000000,,,
31.8679999486,248,225000.0000000000,216797.7500000000,225000.0000000000,225000.0000000000,0.0000000000,0.0000000000,0.0000000000,0.0000000000,,,
31.8719999485,249,225000.0000000000,217817.9062500000,225000.0000000000,225000.0000000000,0.0000000000,0.0000000000,0.0000000000,0.0000000000,,,
31.8759999485,249,225000.0000000000,216588.8125000000,225000.0000000000,225000.0000000000,0.0000000000,0.0000000000,0.0000000000,0.0000000000,,,
31.8799999484,249,202693.5156250000,214816.6250000000,225000.0000000000,176243.9843750000,0.0000000000,0.0000000000,0.0000000000,0.0000000000,,,
31.8839999484,249,206656.5312500000,214951.7968750000,225000.0000000000,183328.4687500000,0.0000000000,0.0000000000,0.0000000000,0.0000000000,,,
31.8879999483,249,225000.0000000000,216763.3125000000,225000.0000000000,225000.0000000000,0.0000000000,0.0000000000,0.0000000000,0.0000000000,,,
31.8919999483,249,225000.0000000000,217801.3281250000,225000.0000000000,225000.0000000000,0.0000000000,0.0000000000,0.0000000000,0.0000000000,,,
31.8959999485,249,225000.0000000000,216584.0312500000,225000.0000000000,225000.0000000000,0.0000000000,0.0000000000,0.0000000000,0.0000000000,,,
31.8999999485,249,202673.2343750000,214804.1250000000,225000.0000000000,176394.0000000000,0.0000000000,0.0000000000,0.0000000000,0.0000000000,,,
31.9039999484,249,206464.4687500000,214928.0937500000,225000.0000000000,182979.4687500000,0.0000000000,0.0000000000,0.0000000000,0.0000000000,,,
31.9079999484,249,225000.0000000000,216741.2187500000,225000.0000000000,225000.0000000000,0.0000000000,0.0000000000,0.0000000000,0.0000000000,,,
31.9119999483,249,225000.0000000000,217794.5468750000,225000.0000000000,225000.0000000000,0.0000000000,0.0000000000,0.0000000000,0.0000000000,,,
31.9159999485,249,225000.0000000000,216590.5781250000,225000.0000000000,225000.0000000000,0.0000000000,0.0000000000,0.0000000000,0.0000000000,,,
31.9199999485,249,202657.6250000000,214813.7968750000,225000.0000000000,176582.4843750000,0.0000000000,0.0000000000,0.0000000000,0.0000000000,,,
31.9239999484,249,206273.4843750000,214929.1093750000,225000.0000000000,182651.7031250000,0.0000000000,0.0000000000,0.0000000000,0.0000000000,,,
31.9279999484,249,225000.0000000000,216739.8750000000,225000.0000000000,225000.0000000000,0.0000000000,0.0000000000,0.0000000000,0.0000000000,,,
31.9319999483,249,225000.0000000000,217801.8125000000,225000.0000000000,225000.0000000000,0.0000000000,0.0000000000,0.0000000000,0.0000000000,,,
31.9359999483,249,225000.0000000000,216605.3906250000,225000.0000000000,225000.0000000000,0.0000000000,0.0000000000,0.0000000000,0.0000000000,,,
31.9399999485,249,202660.7968750000,214815.8906250000,225000.0000000000,176807.4531250000,0.0000000000,0.0000000000,0.0000000000,0.0000000000,,,
31.9439999484,249,206091.5312500000,214913.8281250000,225000.0000000000,182339.3906250000,0.0000000000,0.0000000000,0.0000000000,0.0000000000,,,
31.9479999484,249,225000.0000000000,216725.0625000000,225000.0000000000,225000.0000000000,0.0000000000,0.0000000000,0.0000000000,0.0000000000,,,
31.9519999484,249,225000.0000000000,217799.3437500000,225000.0000000000,225000.0000000000,0.0000000000,0.0000000000,0.0000000000,0.0000000000,,,
31.9559999483,249,225000.0000000000,216612.5781250000,225000.0000000000,225000.0000000000,0.0000000000,0.0000000000,0.0000000000,0.0000000000,,,
31.9599999485,249,202686.2812500000,214817.7187500000,225000.0000000000,177026.9687500000,0.0000000000,0.0000000000,0.0000000000,0.0000000000,,,
31.9639999485,249,205944.7031250000,214903.6562500000,225000.0000000000,182060.0312500000,0.0000000000,0.0000000000,0.0000000000,0.0000000000,,,
31.9679999484,249,225000.0000000000,216712.6406250000,225000.0000000000,225000.0000000000,0.0000000000,0.0000000000,0.0000000000,0.0000000000,,,
31.9719999484,249,225000.0000000000,217800.2343750000,225000.0000000000,225000.0000000000,0.0000000000,0.0000000000,0.0000000000,0.0000000000,,,
31.9759999483,249,225000.0000000000,216628.4531250000,225000.0000000000,225000.0000000000,0.0000000000,0.0000000000,0.0000000000,0.0000000000,,,
31.9799999483,249,202756.4687500000,214832.1562500000,225000.0000000000,177290.6562500000,0.0000000000,0.0000000000,0.0000000000,0.0000000000,,,
31.9839999485,249,205833.6562500000,214905.7812500000,225000.0000000000,181807.4218750000,0.0000000000,0.0000000000,0.0000000000,0.0000000000,,,
31.9879999484,249,225000.0000000000,216711.0156250000,225000.0000000000,225000.0000000000,0.0000000000,0.0000000000,0.0000000000,0.0000000000,,,
31.9919999484,249,225000.0000000000,217810.0468750000,225000.0000000000,225000.0000000000,0.0000000000,0.0000000000,0.0000000000,0.0000000000,,,
31.9959999484,249,225000.0000000000,216648.7812500000,225000.0000000000,225000.0000000000,0.0000000000,0.0000000000,0.0000000000,0.0000000000,,,
31.9999999483,250,202861.3750000000,214846.1562500000,225000.0000000000,177559.5312500000,0.0000000000,0.0000000000,0.0000000000,0.0000000000,,,
32.0039999483,250,205754.9687500000,214905.4843750000,225000.0000000000,181546.7656250000,0.0000000000,0.0000000000,0.0000000000,0.0000000000,,,
32.0079999482,250,225000.0000000000,216706.5312500000,225000.0000000000,225000.0000000000,0.0000000000,0.0000000000,0.0000000000,0.0000000000,,,
32.0119999482,250,225000.0000000000,217819.0000000000,225000.0000000000,225000.0000000000,0.0000000000,0.0000000000,0.0000000000,0.0000000000,,,
32.0159999481,250,225000.0000000000,216670.5625000000,225000.0000000000,225000.0000000000,0.0000000000,0.0000000000,0.0000000000,0.0000000000,,,
32.0199999481,250,202967.8281250000,214861.3593750000,225000.0000000000,177840.4531250000,0.0000000000,0.0000000000,0.0000000000,0.0000000000,,,
32.0239999483,250,205660.3125000000,214903.6250000000,225000.0000000000,181289.8125000000,0.0000000000,0.0000000000,0.0000000000,0.0000000000,,,
32.0279999482,250,225000.0000000000,216697.3906250000,225000.0000000000,225000.0000000000,0.0000000000,0.0000000000,0.0000000000,0.0000000000,,,
32.0319999482,250,225000.0000000000,217820.7812500000,225000.0000000000,225000.0000000000,0.0000000000,0.0000000000,0.0000000000,0.0000000000,,,
32.0359999482,250,225000.0000000000,216679.1250000000,225000.0000000000,225000.0000000000,0.0000000000,0.0000000000,0.0000000000,0.0000000000,,,
32.0399999481,250,203065.0625000000,214860.1562500000,225000.0000000000,178107.8437500000,0.0000000000,0.0000000000,0.0000000000,0.0000000000,,,
32.0439999483,250,205559.0781250000,214887.1562500000,225000.0000000000,181005.0312500000,0.0000000000,0.0000000000,0.0000000000,0.0000000000,,,
32.0479999483,250,225000.0000000000,216681.1875000000,225000.0000000000,225000.0000000000,0.0000000000,0.0000000000,0.0000000000,0.0000000000,,,
32.0519999482,250,225000.0000000000,217815.1093750000,225000.0000000000,225000.0000000000,0.0000000000,0.0000000000,0.0000000000,0.0000000000,,,
32.0559999482,250,225000.0000000000,216687.2812500000,225000.0000000000,225000.0000000000,0.0000000000,0.0000000000,0.0000000000,0.0000000000,,,
32.0599999481,250,203169.5625000000,214869.1875000000,225000.0000000000,178379.8281250000,0.0000000000,0.0000000000,0.0000000000,0.0000000000,,,
32.0639999481,250,205471.4843750000,214882.9531250000,225000.0000000000,180734.8125000000,0.0000000000,0.0000000000,0.0000000000,0.0000000000,,,
32.0679999483,250,225000.0000000000,216670.0312500000,225000.0000000000,225000.0000000000,0.0000000000,0.0000000000,0.0000000000,0.0000000000,,,
32.0719999482,250,225000.0000000000,217816.6250000000,225000.0000000000,225000.0000000000,0.0000000000,0.0000000000,0.0000000000,0.0000000000,,,
32.0759999482,250,225000.0000000000,216700.1562500000,225000.0000000000,225000.0000000000,0.0000000000,0.0000000000,0.0000000000,0.0000000000,,,
32.0799999482,250,203260.0312500000,214871.7656250000,225000.0000000000,178616.5312500000,0.0000000000,0.0000000000,0.0000000000,0.0000000000,,,
32.0839999481,250,205374.9218750000,214872.2187500000,225000.0000000000,180458.0000000000,0.0000000000,0.0000000000,0.0000000000,0.0000000000,,,
32.0879999483,250,225000.0000000000,216654.9218750000,225000.0000000000,225000.0000000000,0.0000000000,0.0000000000,0.0000000000,0.0000000000,,,
32.0919999483,250,225000.0000000000,217811.9218750000,225000.0000000000,225000.0000000000,0.0000000000,0.0000000000,0.0000000000,0.0000000000,,,
32.0959999482,250,225000.0000000000,216712.7343750000,225000.0000000000,225000.0000000000,0.0000000000,0.0000000000,0.0000000000,0.0000000000,,,
32.0999999482,250,203360.6875000000,214889.9218750000,225000.0000000000,178889.3125000000,0.0000000000,0.0000000000,0.0000000000,0.0000000000,,,
32.1039999481,250,205279.0312500000,214878.7968750000,225000.0000000000,180172.6406250000,0.0000000000,0.0000000000,0.0000000000,0.0000000000,,,
32.1079999481,250,225000.0000000000,216657.9843750000,225000.0000000000,225000.0000000000,0.0000000000,0.0000000000,0.0000000000,0.0000000000,,,
32.1119999483,250,225000.0000000000,217822.8906250000,225000.0000000000,225000.0000000000,0.0000000000,0.0000000000,0.0000000000,0.0000000000,,,
32.1159999482,250,225000.0000000000,216728.7187500000,225000.0000000000,225000.0000000000,0.0000000000,0.0000000000,0.0000000000,0.0000000000,,,
32.1199999482,250,203432.1406250000,214889.4687500000,225000.0000000000,179150.6718750000,0.0000000000,0.0000000000,0.0000000000,0.0000000000,,,
32.1239999481,250,205140.0468750000,214853.0937500000,225000.0000000000,179888.4062500000,0.0000000000,0.0000000000,0.0000000000,0.0000000000,,,
32.1279999481,251,225000.0000000000,216623.8593750000,225000.0000000000,225000.0000000000,0.0000000000,0.0000000000,0.0000000000,0.0000000000,,,
32.1319999481,251,225000.0000000000,217801.0625000000,225000.0000000000,225000.0000000000,0.0000000000,0.0000000000,0.0000000000,0.0000000000,,,
32.1359999480,251,225000.0000000000,216720.9375000000,225000.0000000000,225000.0000000000,0.0000000000,0.0000000000,0.0000000000,0.0000000000,,,
32.1399999480,251,203490.2656250000,214880.4531250000,225000.0000000000,179367.2343750000,0.0000000000,0.0000000000,0.0000000000,0.0000000000,,,
32.1439999479,251,205008.7500000000,214842.5312500000,225000.0000000000,179571.6718750000,0.0000000000,0.0000000000,0.0000000000,0.0000000000,,,
32.1479999479,251,225000.0000000000,216616.5468750000,225000.0000000000,225000.0000000000,0.0000000000,0.0000000000,0.0000000000,0.0000000000,,,
32.1519999481,251,225000.0000000000,217803.2031250000,225000.0000000000,225000.0000000000,0.0000000000,0.0000000000,0.0000000000,0.0000000000,,,
32.1559999480,251,225000.0000000000,216729.2968750000,225000.0000000000,225000.0000000000,0.0000000000,0.0000000000,0.0000000000,0.0000000000,,,
32.1599999480,251,203533.5312500000,214878.7656250000,225000.0000000000,179587.6718750000,0.0000000000,0.0000000000,0.0000000000,0.0000000000,,,
32.1639999480,251,204856.7656250000,214819.3281250000,225000.0000000000,179239.5312500000,0.0000000000,0.0000000000,0.0000000000,0.0000000000,,,
32.1679999479,251,225000.0000000000,216589.9062500000,225000.0000000000,225000.0000000000,0.0000000000,0.0000000000,0.0000000000,0.0000000000,,,
32.1719999481,251,225000.0000000000,217795.2343750000,225000.0000000000,225000.0000000000,0.0000000000,0.0000000000,0.0000000000,0.0000000000,,,
32.1759999481,251,225000.0000000000,216736.9687500000,225000.0000000000,225000.0000000000,0.0000000000,0.0000000000,0.0000000000,0.0000000000,,,
32.1799999480,251,203558.2031250000,214885.3125000000,225000.0000000000,179765.7187500000,0.0000000000,0.0000000000,0.0000000000,0.0000000000,,,
32.1839999480,251,204689.4843750000,214816.1718750000,225000.0000000000,178904.3125000000,0.0000000000,0.0000000000,0.0000000000,0.0000000000,,,
32.1879999479,251,225000.0000000000,216582.5312500000,225000.0000000000,225000.0000000000,0.0000000000,0.0000000000,0.0000000000,0.0000000000,,,
32.1919999479,251,225000.0000000000,217800.9843750000,225000.0000000000,225000.0000000000,0.0000000000,0.0000000000,0.0000000000,0.0000000000,,,
32.1959999481,251,225000.0000000000,216752.8593750000,225000.0000000000,225000.0000000000,0.0000000000,0.0000000000,0.0000000000,0.0000000000,,,
32.1999999480,251,203557.7187500000,214894.7812500000,225000.0000000000,179932.3750000000,0.0000000000,0.0000000000,0.0000000000,0.0000000000,,,
32.2039999480,251,204501.0000000000,214808.9218750000,225000.0000000000,178556.7968750000,0.0000000000,0.0000000000,0.0000000000,0.0000000000,,,
32.2079999479,251,225000.0000000000,216566.7968750000,225000.0000000000,225000.0000000000,0.0000000000,0.0000000000,0.0000000000,0.0000000000,,,
32.2119999479,251,225000.0000000000,217791.3281250000,225000.0000000000,225000.0000000000,0.0000000000,0.0000000000,0.0000000000,0.0000000000,,,
32.2159999481,251,225000.0000000000,216751.7812500000,225000.0000000000,225000.0000000000,0.0000000000,0.0000000000,0.0000000000,0.0000000000,,,
32.2199999481,251,203552.7656250000,214883.7500000000,225000.0000000000,180131.8125000000,0.0000000000,0.0000000000,0.0000000000,0.0000000000,,,
32.2239999480,251,204317.5625000000,214783.7656250000,225000.0000000000,178266.6406250000,0.0000000000,0.0000000000,0.0000000000,0.0000000000,,,
32.2279999480,251,225000.0000000000,216543.2656250000,225000.0000000000,225000.0000000000,0.0000000000,0.0000000000,0.0000000000,0.0000000000,,,
32.2319999479,251,225000.0000000000,217778.2656250000,225000.0000000000,225000.0000000000,0.0000000000,0.0000000000,0.0000000000,0.0000000000,,,
32.2359999479,251,225000.0000000000,216750.6250000000,225000.0000000000,225000.0000000000,0.0000000000,0.0000000000,0.0000000000,0.0000000000,,,
32.2399999481,251,203594.9218750000,214883.2968750000,225000.0000000000,180394.5156250000,0.0000000000,0.0000000000,0.0000000000,0.0000000000,,,
32.2439999480,251,204162.4218750000,214769.5000000000,225000.0000000000,177996.4531250000,0.0000000000,0.0000000000,0.0000000000,0.0000000000,,,
32.2479999480,251,225000.0000000000,216520.2187500000,225000.0000000000,225000.0000000000,0.0000000000,0.0000000000,0.0000000000,0.0000000000,,,
32.2519999479,251,225000.0000000000,217760.2968750000,225000.0000000000,225000.0000000000,0.0000000000,0.0000000000,0.0000000000,0.0000000000,,,
32.2559999479,252,225000.0000000000,216743.0625000000,225000.0000000000,225000.0000000000,0.0000000000,0.0000000000,0.0000000000,0.0000000000,,,
32.2599999479,252,203662.5156250000,214870.3125000000,225000.0000000000,180713.9375000000,0.0000000000,0.0000000000,0.0000000000,0.0000000000,,,
32.2639999478,252,204034.4062500000,214745.1406250000,225000.0000000000,177769.3750000000,0.0000000000,0.0000000000,0.0000000000,0.0000000000,,,
32.2679999478,252,225000.0000000000,216503.8906250000,225000.0000000000,225000.0000000000,0.0000000000,0.0000000000,0.0000000000,0.0000000000,,,
32.2719999477,252,225000.0000000000,217771.6875000000,225000.0000000000,225000.0000000000,0.0000000000,0.0000000000,0.0000000000,0.0000000000,,,
32.2759999477,252,225000.0000000000,216769.8125000000,225000.0000000000,225000.0000000000,0.0000000000,0.0000000000,0.0000000000,0.0000000000,,,
32.2799999479,252,203735.2812500000,214891.0000000000,225000.0000000000,181018.9062500000,0.0000000000,0.0000000000,0.0000000000,0.0000000000,,,
32.2839999478,252,203896.7343750000,214750.7968750000,225000.0000000000,177523.3750000000,0.0000000000,0.0000000000,0.0000000000,0.0000000000,,,
32.2879999478,252,225000.0000000000,216512.9843750000,225000.0000000000,225000.0000000000,0.0000000000,0.0000000000,0.0000000000,0.0000000000,,,
32.2919999477,252,225000.0000000000,217811.7343750000,225000.0000000000,225000.0000000000,0.0000000000,0.0000000000,0.0000000000,0.0000000000,,,
32.2959999477,252,225000.0000000000,216822.1875000000,225000.0000000000,225000.0000000000,0.0000000000,0.0000000000,0.0000000000,0.0000000000,,,
32.2999999479,252,203709.1875000000,214907.5781250000,225000.0000000000,181064.9531250000,0.0000000000,0.0000000000,0.0000000000,0.0000000000,,,
32.3039999478,252,203660.4218750000,214746.2968750000,225000.0000000000,176975.7656250000,0.0000000000,0.0000000000,0.0000000000,0.0000000000,,,
32.3079999478,252,225000.0000000000,216535.5156250000,225000.0000000000,225000.0000000000,0.0000000000,0.0000000000,0.0000000000,0.0000000000,,,
32.3119999478,252,225000.0000000000,217865.5468750000,225000.0000000000,225000.0000000000,0.0000000000,0.0000000000,0.0000000000,0.0000000000,,,
32.3159999477,252,225000.0000000000,216869.5781250000,225000.0000000000,225000.0000000000,0.0000000000,0.0000000000,0.0000000000,0.0000000000,,,
32.3199999477,252,203771.2500000000,214917.0156250000,225000.0000000000,181334.9531250000,0.0000000000,0.0000000000,0.0000000000,0.0000000000,,,
32.3239999479,252,203495.0937500000,214720.8593750000,225000.0000000000,176656.5937500000,0.0000000000,0.0000000000,0.0000000000,0.0000000000,,,
32.3279999478,252,225000.0000000000,216507.7500000000,225000.0000000000,225000.0000000000,0.0000000000,0.0000000000,0.0000000000,0.0000000000,,,
32.3319999478,252,225000.0000000000,217852.9062500000,225000.0000000000,225000.0000000000,0.0000000000,0.0000000000,0.0000000000,0.0000000000,,,
32.3359999477,252,225000.0000000000,216858.2343750000,225000.0000000000,225000.0000000000,0.0000000000,0.0000000000,0.0000000000,0.0000000000,,,
32.3399999477,252,203865.2343750000,214893.4687500000,225000.0000000000,181567.9062500000,0.0000000000,0.0000000000,0.0000000000,0.0000000000,,,
32.3439999479,252,203381.5000000000,214689.4062500000,225000.0000000000,176300.0937500000,0.0000000000,0.0000000000,0.0000000000,0.0000000000,,,
32.3479999478,252,225000.0000000000,216486.8906250000,225000.0000000000,225000.0000000000,0.0000000000,0.0000000000,0.0000000000,0.0000000000,,,
32.3519999478,252,225000.0000000000,217858.4375000000,225000.0000000000,225000.0000000000,0.0000000000,0.0000000000,0.0000000000,0.0000000000,,,
32.3559999478,252,225000.0000000000,216883.1250000000,225000.0000000000,225000.0000000000,0.0000000000,0.0000000000,0.0000000000,0.0000000000,,,
32.3599999477,252,204039.1562500000,214899.4531250000,225000.0000000000,181892.0468750000,0.0000000000,0.0000000000,0.0000000000,0.0000000000,,,
32.3639999477,252,203321.2812500000,214664.8593750000,225000.0000000000,175992.5468750000,0.0000000000,0.0000000000,0.0000000000,0.0000000000,,,
32.3679999479,252,225000.0000000000,216461.1562500000,225000.0000000000,225000.0000000000,0.0000000000,0.0000000000,0.0000000000,0.0000000000,,,
32.3719999478,252,225000.0000000000,217853.2812500000,225000.0000000000,225000.0000000000,0.0000000000,0.0000000000,0.0000000000,0.0000000000,,,
32.3759999478,252,225000.0000000000,216896.5625000000,225000.0000000000,225000.0000000000,0.0000000000,0.0000000000,0.0000000000,0.0000000000,,,
32.3799999477,252,204244.5312500000,214911.5781250000,225000.0000000000,182194.7343750000,0.0000000000,0.0000000000,0.0000000000,0.0000000000,,,
32.3839999477,253,203310.5000000000,214662.5625000000,225000.0000000000,175703.9218750000,0.0000000000,0.0000000000,0.0000000000,0.0000000000,,,
32.3879999476,253,225000.0000000000,216445.1250000000,225000.0000000000,225000.0000000000,0.0000000000,0.0000000000,0.0000000000,0.0000000000,,,
32.3919999476,253,225000.0000000000,217843.3281250000,225000.0000000000,225000.0000000000,0.0000000000,0.0000000000,0.0000000000,0.0000000000,,,
32.3959999476,253,225000.0000000000,216898.7343750000,225000.0000000000,225000.0000000000,0.0000000000,0.0000000000,0.0000000000,0.0000000000,,,
32.3999999475,253,204413.4531250000,214904.5156250000,225000.0000000000,182463.0625000000,0.0000000000,0.0000000000,0.0000000000,0.0000000000,,,
32.4039999475,253,203274.8125000000,214634.6562500000,225000.0000000000,175417.1718750000,0.0000000000,0.0000000000,0.0000000000,0.0000000000,,,
32.4079999477,253,225000.0000000000,216423.4218750000,225000.0000000000,225000.0000000000,0.0000000000,0.0000000000,0.0000000000,0.0000000000,,,
32.4119999476,253,225000.0000000000,217847.2187500000,225000.0000000000,225000.0000000000,0.0000000000,0.0000000000,0.0000000000,0.0000000000,,,
32.4159999476,253,225000.0000000000,216909.1406250000,225000.0000000000,225000.0000000000,0.0000000000,0.0000000000,0.0000000000,0.0000000000,,,
32.4199999475,253,204570.6093750000,214894.7500000000,225000.0000000000,182779.1562500000,0.0000000000,0.0000000000,0.0000000000,0.0000000000,,,
32.4239999475,253,203218.1093750000,214592.7968750000,225000.0000000000,175164.3906250000,0.0000000000,0.0000000000,0.0000000000,0.0000000000,,,
32.4279999477,253,225000.0000000000,216371.5781250000,225000.0000000000,225000.0000000000,0.0000000000,0.0000000000,0.0000000000,0.0000000000,,,
32.4319999476,253,225000.0000000000,217818.9843750000,225000.0000000000,225000.0000000000,0.0000000000,0.0000000000,0.0000000000,0.0000000000,,,
32.4359999476,253,225000.0000000000,216910.5625000000,225000.0000000000,225000.0000000000,0.0000000000,0.0000000000,0.0000000000,0.0000000000,,,
32.4399999476,253,204724.1093750000,214891.5312500000,225000.0000000000,183035.8750000000,0.0000000000,0.0000000000,0.0000000000,0.0000000000,,,
32.4439999475,253,203155.6562500000,214582.7343750000,225000.0000000000,174798.7500000000,0.0000000000,0.0000000000,0.0000000000,0.0000000000,,,
32.4479999475,253,225000.0000000000,216369.3750000000,225000.0000000000,225000.0000000000,0.0000000000,0.0000000000,0.0000000000,0.0000000000,,,
32.4519999477,253,225000.0000000000,217831.5000000000,225000.0000000000,225000.0000000000,0.0000000000,0.0000000000,0.0000000000,0.0000000000,,,
32.4559999476,253,225000.0000000000,216934.0625000000,225000.0000000000,225000.0000000000,0.0000000000,0.0000000000,0.0000000000,0.0000000000,,,
32.4599999476,253,204891.2656250000,214907.1718750000,225000.0000000000,183327.0000000000,0.0000000000,0.0000000000,0.0000000000,0.0000000000,,,
32.4639999475,253,203104.2500000000,214573.7187500000,225000.0000000000,174519.5312500000,0.0000000000,0.0000000000,0.0000000000,0.0000000000,,,
32.4679999475,253,225000.0000000000,216349.6406250000,225000.0000000000,225000.0000000000,0.0000000000,0.0000000000,0.0000000000,0.0000000000,,,
32.4719999477,253,225000.0000000000,217831.0468750000,225000.0000000000,225000.0000000000,0.0000000000,0.0000000000,0.0000000000,0.0000000000,,,
32.4759999476,253,225000.0000000000,216944.6562500000,225000.0000000000,225000.0000000000,0.0000000000,0.0000000000,0.0000000000,0.0000000000,,,
32.4799999476,253,205007.8593750000,214910.7968750000,225000.0000000000,183648.8906250000,0.0000000000,0.0000000000,0.0000000000,0.0000000000,,,
32.4839999476,253,203029.7343750000,214566.9062500000,225000.0000000000,174312.2500000000,0.0000000000,0.0000000000,0.0000000000,0.0000000000,,,
32.4879999475,253,225000.0000000000,216331.5625000000,225000.0000000000,225000.0000000000,0.0000000000,0.0000000000,0.0000000000,0.0000000000,,,
32.4919999475,253,225000.0000000000,217811.7031250000,225000.0000000000,225000.0000000000,0.0000000000,0.0000000000,0.0000000000,0.0000000000,,,
32.4959999477,253,225000.0000000000,216946.7500000000,225000.0000000000,225000.0000000000,0.0000000000,0.0000000000,0.0000000000,0.0000000000,,,
32.4999999476,253,205094.5000000000,214929.9375000000,225000.0000000000,183896.2500000000,0.0000000000,0.0000000000,0.0000000000,0.0000000000,,,
32.5039999476,253,202931.9062500000,214567.8750000000,225000.0000000000,174061.9531250000,0.0000000000,0.0000000000,0.0000000000,0.0000000000,,,
32.5079999475,253,225000.0000000000,216309.8125000000,225000.0000000000,225000.0000000000,0.0000000000,0.0000000000,0.0000000000,0.0000000000,,,
32.5119999475,254,225000.0000000000,217781.9375000000,225000.0000000000,225000.0000000000,0.0000000000,0.0000000000,0.0000000000,0.0000000000,,,
32.5159999474,254,225000.0000000000,216923.3906250000,225000.0000000000,225000.0000000000,0.0000000000,0.0000000000,0.0000000000,0.0000000000,,,
32.5199999474,254,205169.3281250000,214906.9062500000,225000.0000000000,184169.9843750000,0.0000000000,0.0000000000,0.0000000000,0.0000000000,,,
32.5239999474,254,202840.7656250000,214538.5312500000,225000.0000000000,173868.5937500000,0.0000000000,0.0000000000,0.0000000000,0.0000000000,,,
32.5279999473,254,225000.0000000000,216277.7031250000,225000.0000000000,225000.0000000000,0.0000000000,0.0000000000,0.0000000000,0.0000000000,,,
32.5319999473,254,225000.0000000000,217757.3437500000,225000.0000000000,225000.0000000000,0.0000000000,0.0000000000,0.0000000000,0.0000000000,,,
32.5359999475,254,225000.0000000000,216918.2656250000,225000.0000000000,225000.0000000000,0.0000000000,0.0000000000,0.0000000000,0.0000000000,,,
32.5399999474,254,205263.1562500000,214910.9218750000,225000.0000000000,184441.4843750000,0.0000000000,0.0000000000,0.0000000000,0.0000000000,,,
32.5439999474,254,202817.4843750000,214548.4843750000,225000.0000000000,173806.7187500000,0.0000000000,0.0000000000,0.0000000000,0.0000000000,,,
32.5479999473,254,225000.0000000000,216283.4062500000,225000.0000000000,225000.0000000000,0.0000000000,0.0000000000,0.0000000000,0.0000000000,,,
32.5519999473,254,225000.0000000000,217764.1875000000,225000.0000000000,225000.0000000000,0.0000000000,0.0000000000,0.0000000000,0.0000000000,,,
32.5559999475,254,225000.0000000000,216928.4531250000,225000.0000000000,225000.0000000000,0.0000000000,0.0000000000,0.0000000000,0.0000000000,,,
32.5599999474,254,205336.5937500000,214916.5625000000,225000.0000000000,184758.1250000000,0.0000000000,0.0000000000,0.0000000000,0.0000000000,,,
32.5639999474,254,202701.1562500000,214540.8125000000,225000.0000000000,173644.5781250000,0.0000000000,0.0000000000,0.0000000000,0.0000000000,,,
32.5679999474,254,225000.0000000000,216280.6562500000,225000.0000000000,225000.0000000000,0.0000000000,0.0000000000,0.0000000000,0.0000000000,,,
32.5719999473,254,225000.0000000000,217783.9531250000,225000.0000000000,225000.0000000000,0.0000000000,0.0000000000,0.0000000000,0.0000000000,,,
32.5759999473,254,225000.0000000000,216961.8750000000,225000.0000000000,225000.0000000000,0.0000000000,0.0000000000,0.0000000000,0.0000000000,,,
32.5799999475,254,205450.3750000000,214940.0312500000,225000.0000000000,185077.4375000000,0.0000000000,0.0000000000,0.0000000000,0.0000000000,,,
32.5839999474,254,202600.9218750000,214538.9062500000,225000.0000000000,173440.7812500000,0.0000000000,0.0000000000,0.0000000000,0.0000000000,,,
32.5879999474,254,225000.0000000000,216268.2343750000,225000.0000000000,225000.0000000000,0.0000000000,0.0000000000,0.0000000000,0.0000000000,,,
32.5919999473,254,225000.0000000000,217784.1093750000,225000.0000000000,225000.0000000000,0.0000000000,0.0000000000,0.0000000000,0.0000000000,,,
32.5959999473,254,225000.0000000000,216969.8750000000,225000.0000000000,225000.0000000000,0.0000000000,0.0000000000,0.0000000000,0.0000000000,,,
32.5999999475,254,205563.9687500000,214945.7187500000,225000.0000000000,185458.9062500000,0.0000000000,0.0000000000,0.0000000000,0.0000000000,,,
32.6039999474,254,202501.2031250000,214526.6406250000,225000.0000000000,173264.7500000000,0.0000000000,0.0000000000,0.0000000000,0.0000000000,,,
32.6079999474,254,225000.0000000000,216244.8437500000,225000.0000000000,225000.0000000000,0.0000000000,0.0000000000,0.0000000000,0.0000000000,,,
32.6119999473,254,225000.0000000000,217775.0156250000,225000.0000000000,225000.0000000000,0.0000000000,0.0000000000,0.0000000000,0.0000000000,,,
32.6159999473,254,225000.0000000000,216984.5156250000,225000.0000000000,225000.0000000000,0.0000000000,0.0000000000,0.0000000000,0.0000000000,,,
32.6199999473,254,205675.9531250000,214951.7812500000,225000.0000000000,185860.0468750000,0.0000000000,0.0000000000,0.0000000000,0.0000000000,,,
32.6239999474,254,202399.4062500000,214512.5937500000,225000.0000000000,173134.9843750000,0.0000000000,0.0000000000,0.0000000000,0.0000000000,,,
32.6279999474,254,225000.0000000000,216239.0468750000,225000.0000000000,225000.0000000000,0.0000000000,0.0000000000,0.0000000000,0.0000000000,,,
32.6319999474,254,225000.0000000000,217794.0937500000,225000.0000000000,225000.0000000000,0.0000000000,0.0000000000,0.0000000000,0.0000000000,,,
32.6359999473,254,225000.0000000000,217018.5312500000,225000.0000000000,225000.0000000000,0.0000000000,0.0000000000,0.0000000000,0.0000000000,,,
32.6399999473,255,205841.8437500000,214974.2812500000,225000.0000000000,186344.9218750000,0.0000000000,0.0000000000,0.0000000000,0.0000000000,,,
32.6439999472,255,202361.5156250000,214513.8750000000,225000.0000000000,173123.7656250000,0.0000000000,0.0000000000,0.0000000000,0.0000000000,,,
32.6479999472,255,225000.0000000000,216222.2656250000,225000.0000000000,225000.0000000000,0.0000000000,0.0000000000,0.0000000000,0.0000000000,,,
32.6519999471,255,225000.0000000000,217761.3125000000,225000.0000000000,225000.0000000000,0.0000000000,0.0000000000,0.0000000000,0.0000000000,,,
32.6559999471,255,225000.0000000000,217016.5625000000,225000.0000000000,225000.0000000000,0.0000000000,0.0000000000,0.0000000000,0.0000000000,,,
32.6599999471,255,206315.3281250000,215067.8437500000,225000.0000000000,187546.8437500000,0.0000000000,0.0000000000,0.0000000000,0.0000000000,,,
32.6639999473,255,203014.6562500000,214673.1250000000,225000.0000000000,174787.5937500000,0.0000000000,0.0000000000,0.0000000000,0.0000000000,,,
32.6679999472,255,225000.0000000000,216327.1093750000,225000.0000000000,225000.0000000000,0.0000000000,0.0000000000,0.0000000000,0.0000000000,,,
32.6719999472,255,225000.0000000000,217782.5468750000,225000.0000000000,225000.0000000000,0.0000000000,0.0000000000,0.0000000000,0.0000000000,,,
32.6759999471,255,225000.0000000000,217022.3281250000,225000.0000000000,225000.0000000000,0.0000000000,0.0000000000,0.0000000000,0.0000000000,,,
32.6799999471,255,206451.4218750000,215087.2500000000,225000.0000000000,188000.0781250000,0.0000000000,0.0000000000,0.0000000000,0.0000000000,,,
32.6839999473,255,202993.4218750000,214681.2968750000,225000.0000000000,174825.8437500000,0.0000000000,0.0000000000,0.0000000000,0.0000000000,,,
32.6879999472,255,225000.0000000000,216320.2968750000,225000.0000000000,225000.0000000000,0.0000000000,0.0000000000,0.0000000000,0.0000000000,,,
32.6919999472,255,225000.0000000000,217777.5156250000,225000.0000000000,225000.0000000000,0.0000000000,0.0000000000,0.0000000000,0.0000000000,,,
32.6959999471,255,225000.0000000000,217027.9687500000,225000.0000000000,225000.0000000000,0.0000000000,0.0000000000,0.0000000000,0.0000000000,,,
32.6999999471,255,206583.3593750000,215095.9218750000,225000.0000000000,188405.2500000000,0.0000000000,0.0000000000,0.0000000000,0.0000000000,,,
32.7039999471,255,202944.3593750000,214676.7968750000,225000.0000000000,174751.8437500000,0.0000000000,0.0000000000,0.0000000000,0.0000000000,,,
32.7079999472,255,225000.0000000000,216304.2343750000,225000.0000000000,225000.0000000000,0.0000000000,0.0000000000,0.0000000000,0.0000000000,,,
32.7119999472,255,225000.0000000000,217763.1562500000,225000.0000000000,225000.0000000000,0.0000000000,0.0000000000,0.0000000000,0.0000000000,,,
32.7159999472,255,225000.0000000000,217027.7812500000,225000.0000000000,225000.0000000000,0.0000000000,0.0000000000,0.0000000000,0.0000000000,,,
32.7199999471,255,206709.9843750000,215095.1406250000,225000.0000000000,188756.0625000000,0.0000000000,0.0000000000,0.0000000000,0.0000000000,,,
32.7239999471,255,202890.6406250000,214663.8906250000,225000.0000000000,174640.6406250000,0.0000000000,0.0000000000,0.0000000000,0.0000000000,,,
32.7279999473,255,225000.0000000000,216289.2812500000,225000.0000000000,225000.0000000000,0.0000000000,0.0000000000,0.0000000000,0.0000000000,,,
32.7319999472,255,225000.0000000000,217762.2187500000,225000.0000000000,225000.0000000000,0.0000000000,0.0000000000,0.0000000000,0.0000000000,,,
32.7359999472,255,225000.0000000000,217032.2656250000,225000.0000000000,225000.0000000000,0.0000000000,0.0000000000,0.0000000000,0.0000000000,,,
32.7399999471,255,206829.8906250000,215094.0468750000,225000.0000000000,189068.9687500000,0.0000000000,0.0000000000,0.0000000000,0.0000000000,,,
32.7439999471,255,202844.8750000000,214647.6718750000,225000.0000000000,174520.5312500000,0.0000000000,0.0000000000,0.0000000000,0.0000000000,,,
32.7479999471,255,225000.0000000000,216265.1718750000,225000.0000000000,225000.0000000000,0.0000000000,0.0000000000,0.0000000000,0.0000000000,,,
32.7519999472,255,225000.0000000000,217747.3437500000,225000.0000000000,225000.0000000000,0.0000000000,0.0000000000,0.0000000000,0.0000000000,,,
32.7559999472,255,225000.0000000000,217037.0937500000,225000.0000000000,225000.0000000000,0.0000000000,0.0000000000,0.0000000000,0.0000000000,,,
32.7599999472,255,206959.0312500000,215099.5625000000,225000.0000000000,189406.9843750000,0.0000000000,0.0000000000,0.0000000000,0.0000000000,,,
32.7639999471,255,202802.0468750000,214638.5468750000,225000.0000000000,174433.1406250000,0.0000000000,0.0000000000,0.0000000000,0.0000000000,,,
32.7679999471,256,225000.0000000000,216246.3125000000,225000.0000000000,225000.0000000000,0.0000000000,0.0000000000,0.0000000000,0.0000000000,,,
32.7719999470,256,225000.0000000000,217734.5156250000,225000.0000000000,225000.0000000000,0.0000000000,0.0000000000,0.0000000000,0.0000000000,,,
32.7759999470,256,225000.0000000000,217033.2187500000,225000.0000000000,225000.0000000000,0.0000000000,0.0000000000,0.0000000000,0.0000000000,,,
32.7799999469,256,207065.1093750000,215093.1562500000,225000.0000000000,189729.9375000000,0.0000000000,0.0000000000,0.0000000000,0.0000000000,,,
32.7839999469,256,202759.3593750000,214622.1562500000,225000.0000000000,174383.9531250000,0.0000000000,0.0000000000,0.0000000000,0.0000000000,,,
32.7879999469,256,225000.0000000000,216225.1250000000,225000.0000000000,225000.0000000000,0.0000000000,0.0000000000,0.0000000000,0.0000000000,,,
32.7919999470,256,225000.0000000000,217719.1406250000,225000.0000000000,225000.0000000000,0.0000000000,0.0000000000,0.0000000000,0.0000000000,,,
32.7959999470,256,225000.0000000000,217027.7343750000,225000.0000000000,225000.0000000000,0.0000000000,0.0000000000,0.0000000000,0.0000000000,,,
32.7999999470,256,207178.2187500000,215086.0000000000,225000.0000000000,190099.5781250000,0.0000000000,0.0000000000,0.0000000000,0.0000000000,,,
32.8039999469,256,202700.4375000000,214603.8750000000,225000.0000000000,174307.9062500000,0.0000000000,0.0000000000,0.0000000000,0.0000000000,,,
32.8079999469,256,225000.0000000000,216207.5937500000,225000.0000000000,225000.0000000000,0.0000000000,0.0000000000,0.0000000000,0.0000000000,,,
32.8119999471,256,225000.0000000000,217719.6250000000,225000.0000000000,225000.0000000000,0.0000000000,0.0000000000,0.0000000000,0.0000000000,,,
32.8159999470,256,225000.0000000000,217045.7500000000,225000.0000000000,225000.0000000000,0.0000000000,0.0000000000,0.0000000000,0.0000000000,,,
32.8199999470,256,207292.0781250000,215098.8750000000,225000.0000000000,190441.7812500000,0.0000000000,0.0000000000,0.0000000000,0.0000000000,,,
32.8239999469,256,202635.7187500000,214599.7031250000,225000.0000000000,174219.1250000000,0.0000000000,0.0000000000,0.0000000000,0.0000000000,,,
32.8279999469,256,225000.0000000000,216190.9375000000,225000.0000000000,225000.0000000000,0.0000000000,0.0000000000,0.0000000000,0.0000000000,,,
32.8319999469,256,225000.0000000000,217710.3437500000,225000.0000000000,225000.0000000000,0.0000000000,0.0000000000,0.0000000000,0.0000000000,,,
32.8359999470,256,225000.0000000000,217050.2812500000,225000.0000000000,225000.0000000000,0.0000000000,0.0000000000,0.0000000000,0.0000000000,,,
32.8399999470,256,207411.0937500000,215107.3125000000,225000.0000000000,190807.3906250000,0.0000000000,0.0000000000,0.0000000000,0.0000000000,,,
32.8439999470,256,202601.6562500000,214601.7031250000,225000.0000000000,174163.6406250000,0.0000000000,0.0000000000,0.0000000000,0.0000000000,,,
32.8479999469,256,225000.0000000000,216188.9218750000,225000.0000000000,225000.0000000000,0.0000000000,0.0000000000,0.0000000000,0.0000000000,,,
32.8519999469,256,225000.0000000000,217712.5000000000,225000.0000000000,225000.0000000000,0.0000000000,0.0000000000,0.0000000000,0.0000000000,,,
32.8559999471,256,225000.0000000000,217061.0937500000,225000.0000000000,225000.0000000000,0.0000000000,0.0000000000,0.0000000000,0.0000000000,,,
32.8599999470,256,207524.9531250000,215119.7031250000,225000.0000000000,191146.8750000000,0.0000000000,0.0000000000,0.0000000000,0.0000000000,,,
32.8639999470,256,202546.6718750000,214598.5781250000,225000.0000000000,174050.9843750000,0.0000000000,0.0000000000,0.0000000000,0.0000000000,,,
32.8679999469,256,224957.5937500000,216174.6562500000,225000.0000000000,225000.0000000000,0.0000000000,0.0000000000,0.0000000000,0.0000000000,,,
32.8719999469,256,225000.0000000000,217704.3906250000,225000.0000000000,225000.0000000000,0.0000000000,0.0000000000,0.0000000000,0.0000000000,,,
32.8759999468,256,225000.0000000000,217064.2656250000,225000.0000000000,225000.0000000000,0.0000000000,0.0000000000,0.0000000000,0.0000000000,,,
32.8799999470,256,207640.5312500000,215113.4687500000,225000.0000000000,191462.4375000000,0.0000000000,0.0000000000,0.0000000000,0.0000000000,,,
32.8839999470,256,202508.1718750000,214579.1875000000,225000.0000000000,173982.2656250000,0.0000000000,0.0000000000,0.0000000000,0.0000000000,,,
32.8879999470,256,224837.5468750000,216159.7656250000,225000.0000000000,225000.0000000000,0.0000000000,0.0000000000,0.0000000000,0.0000000000,,,
32.8919999469,256,225000.0000000000,217704.8750000000,225000.0000000000,225000.0000000000,0.0000000000,0.0000000000,0.0000000000,0.0000000000,,,
32.8959999469,257,225000.0000000000,217076.0000000000,225000.0000000000,225000.0000000000,0.0000000000,0.0000000000,0.0000000000,0.0000000000,,,
32.8999999468,257,207769.7343750000,215117.2500000000,225000.0000000000,191835.5781250000,0.0000000000,0.0000000000,0.0000000000,0.0000000000,,,
32.9039999468,257,202463.5781250000,214569.1875000000,225000.0000000000,173897.7187500000,0.0000000000,0.0000000000,0.0000000000,0.0000000000,,,
32.9079999467,257,224862.2968750000,216184.3593750000,225000.0000000000,224972.0781250000,0.0000000000,0.0000000000,0.0000000000,0.0000000000,,,
32.9119999467,257,225000.0000000000,217790.5000000000,225000.0000000000,225000.0000000000,0.0000000000,0.0000000000,0.0000000000,0.0000000000,,,
32.9159999467,257,225000.0000000000,217154.8593750000,225000.0000000000,225000.0000000000,0.0000000000,0.0000000000,0.0000000000,0.0000000000,,,
32.9199999468,257,207930.5000000000,215129.4218750000,225000.0000000000,192265.3593750000,0.0000000000,0.0000000000,0.0000000000,0.0000000000,,,
32.9239999468,257,202329.7343750000,214540.3281250000,225000.0000000000,173648.0625000000,0.0000000000,0.0000000000,0.0000000000,0.0000000000,,,
32.9279999468,257,224639.0625000000,216152.3125000000,225000.0000000000,224643.7812500000,0.0000000000,0.0000000000,0.0000000000,0.0000000000,,,
32.9319999467,257,225000.0000000000,217764.5781250000,225000.0000000000,225000.0000000000,0.0000000000,0.0000000000,0.0000000000,0.0000000000,,,
32.9359999467,257,225000.0000000000,217144.0468750000,225000.0000000000,225000.0000000000,0.0000000000,0.0000000000,0.0000000000,0.0000000000,,,
32.9399999469,257,208017.4062500000,215117.1875000000,225000.0000000000,192580.3281250000,0.0000000000,0.0000000000,0.0000000000,0.0000000000,,,
32.9439999468,257,202238.2656250000,214513.0468750000,225000.0000000000,173489.4843750000,0.0000000000,0.0000000000,0.0000000000,0.0000000000,,,
32.9479999468,257,224446.7656250000,216116.0937500000,225000.0000000000,224363.5625000000,0.0000000000,0.0000000000,0.0000000000,0.0000000000,,,
32.9519999467,257,225000.0000000000,217746.5000000000,225000.0000000000,225000.0000000000,0.0000000000,0.0000000000,0.0000000000,0.0000000000,,,
32.9559999467,257,225000.0000000000,217147.1406250000,225000.0000000000,225000.0000000000,0.0000000000,0.0000000000,0.0000000000,0.0000000000,,,
32.9599999466,257,208136.4375000000,215129.2656250000,225000.0000000000,192905.5781250000,0.0000000000,0.0000000000,0.0000000000,0.0000000000,,,
32.9639999468,257,202182.4218750000,214511.7343750000,225000.0000000000,173366.7812500000,0.0000000000,0.0000000000,0.0000000000,0.0000000000,,,
32.9679999468,257,224269.3125000000,216108.2968750000,225000.0000000000,224049.7500000000,0.0000000000,0.0000000000,0.0000000000,0.0000000000,,,
32.9719999467,257,225000.0000000000,217751.8906250000,225000.0000000000,225000.0000000000,0.0000000000,0.0000000000,0.0000000000,0.0000000000,,,
32.9759999467,257,225000.0000000000,217159.6093750000,225000.0000000000,225000.0000000000,0.0000000000,0.0000000000,0.0000000000,0.0000000000,,,
32.9799999467,257,208245.3906250000,215117.7031250000,225000.0000000000,193225.5000000000,0.0000000000,0.0000000000,0.0000000000,0.0000000000,,,
32.9839999469,257,202071.3750000000,214473.0312500000,225000.0000000000,173133.0156250000,0.0000000000,0.0000000000,0.0000000000,0.0000000000,,,
32.9879999468,257,224039.5312500000,216074.0625000000,225000.0000000000,223659.4687500000,0.0000000000,0.0000000000,0.0000000000,0.0000000000,,,
32.9919999468,257,225000.0000000000,217736.4218750000,225000.0000000000,225000.0000000000,0.0000000000,0.0000000000,0.0000000000,0.0000000000,,,
32.9959999467,257,225000.0000000000,217161.8437500000,225000.0000000000,225000.0000000000,0.0000000000,0.0000000000,0.0000000000,0.0000000000,,,
32.9999999467,257,208328.0937500000,215118.2343750000,225000.0000000000,193458.2656250000,0.0000000000,0.0000000000,0.0000000000,0.0000000000,,,
33.0039999466,257,201927.7500000000,214446.6406250000,225000.0000000000,172786.5312500000,0.0000000000,0.0000000000,0.0000000000,0.0000000000,,,
33.0079999468,257,223806.7187500000,216039.9531250000,225000.0000000000,223247.5625000000,0.0000000000,0.0000000000,0.0000000000,0.0000000000,,,
33.0119999468,257,225000.0000000000,217722.7343750000,225000.0000000000,225000.0000000000,0.0000000000,0.0000000000,0.0000000000,0.0000000000,,,
33.0159999467,257,225000.0000000000,217168.3750000000,225000.0000000000,225000.0000000000,0.0000000000,0.0000000000,0.0000000000,0.0000000000,,,
33.0199999467,257,208448.8125000000,215121.1562500000,225000.0000000000,193755.1875000000,0.0000000000,0.0000000000,0.0000000000,0.0000000000,,,
33.0239999467,258,201829.7968750000,214432.5312500000,225000.0000000000,172541.3750000000,0.0000000000,0.0000000000,0.0000000000,0.0000000000,,,
33.0279999466,258,223559.0468750000,216004.2812500000,225000.0000000000,222840.8750000000,0.0000000000,0.0000000000,0.0000000000,0.0000000000,,,
33.0319999466,258,225000.0000000000,217697.8437500000,225000.0000000000,225000.0000000000,0.0000000000,0.0000000000,0.0000000000,0.0000000000,,,
33.0359999465,258,225000.0000000000,217174.1718750000,225000.0000000000,225000.0000000000,0.0000000000,0.0000000000,0.0000000000,0.0000000000,,,
33.0399999465,258,208553.6406250000,215124.2968750000,225000.0000000000,194063.4218750000,0.0000000000,0.0000000000,0.0000000000,0.0000000000,,,
33.0439999464,258,201731.9687500000,214408.9218750000,225000.0000000000,172339.4062500000,0.0000000000,0.0000000000,0.0000000000,0.0000000000,,,
33.0479999466,258,223353.3750000000,215981.8593750000,225000.0000000000,222488.8437500000,0.0000000000,0.0000000000,0.0000000000,0.0000000000,,,
33.0519999466,258,225000.0000000000,217693.9062500000,225000.0000000000,225000.0000000000,0.0000000000,0.0000000000,0.0000000000,0.0000000000,,,
33.0559999465,258,225000.0000000000,217183.3281250000,225000.0000000000,225000.0000000000,0.0000000000,0.0000000000,0.0000000000,0.0000000000,,,
33.0599999465,258,208646.4062500000,215137.4375000000,225000.0000000000,194315.9531250000,0.0000000000,0.0000000000,0.0000000000,0.0000000000,,,
33.0639999465,258,201690.5312500000,214422.6250000000,225000.0000000000,172221.7968750000,0.0000000000,0.0000000000,0.0000000000,0.0000000000,,,
33.0679999467,258,223206.2500000000,215991.5625000000,225000.0000000000,222208.3906250000,0.0000000000,0.0000000000,0.0000000000,0.0000000000,,,
33.0719999466,258,225000.0000000000,217705.9218750000,225000.0000000000,225000.0000000000,0.0000000000,0.0000000000,0.0000000000,0.0000000000,,,
33.0759999466,258,225000.0000000000,217204.2656250000,225000.0000000000,225000.0000000000,0.0000000000,0.0000000000,0.0000000000,0.0000000000,,,
33.0799999465,258,208754.8281250000,215160.4062500000,225000.0000000000,194606.3125000000,0.0000000000,0.0000000000,0.0000000000,0.0000000000,,,
33.0839999465,258,201673.0781250000,214439.3125000000,225000.0000000000,172164.5625000000,0.0000000000,0.0000000000,0.0000000000,0.0000000000,,,
33.0879999464,258,223083.6406250000,215995.6406250000,225000.0000000000,221972.7500000000,0.0000000000,0.0000000000,0.0000000000,0.0000000000,,,
33.0919999466,258,225000.0000000000,217707.9687500000,225000.0000000000,225000.0000000000,0.0000000000,0.0000000000,0.0000000000,0.0000000000,,,
33.0959999466,258,225000.0000000000,217208.5156250000,225000.0000000000,225000.0000000000,0.0000000000,0.0000000000,0.0000000000,0.0000000000,,,
33.0999999465,258,208820.0312500000,215150.2656250000,225000.0000000000,194798.4062500000,0.0000000000,0.0000000000,0.0000000000,0.0000000000,,,
33.1039999465,258,201540.0000000000,214403.5000000000,225000.0000000000,171874.4687500000,0.0000000000,0.0000000000,0.0000000000,0.0000000000,,,
33.1079999465,258,222867.1718750000,215962.0312500000,225000.0000000000,221592.5468750000,0.0000000000,0.0000000000,0.0000000000,0.0000000000,,,
33.1119999466,258,225000.0000000000,217701.0156250000,225000.0000000000,225000.0000000000,0.0000000000,0.0000000000,0.0000000000,0.0000000000,,,
33.1159999466,258,225000.0000000000,217225.9218750000,225000.0000000000,225000.0000000000,0.0000000000,0.0000000000,0.0000000000,0.0000000000,,,
33.1199999466,258,208933.1093750000,215165.2500000000,225000.0000000000,195096.2187500000,0.0000000000,0.0000000000,0.0000000000,0.0000000000,,,
33.1239999465,258,201442.9062500000,214394.6875000000,225000.0000000000,171657.0000000000,0.0000000000,0.0000000000,0.0000000000,0.0000000000,,,
33.1279999465,258,222679.4375000000,215944.6250000000,225000.0000000000,221222.1406250000,0.0000000000,0.0000000000,0.0000000000,0.0000000000,,,
33.1319999464,258,225000.0000000000,217696.0000000000,225000.0000000000,225000.0000000000,0.0000000000,0.0000000000,0.0000000000,0.0000000000,,,
33.1359999466,258,225000.0000000000,217236.8593750000,225000.0000000000,225000.0000000000,0.0000000000,0.0000000000,0.0000000000,0.0000000000,,,
33.1399999466,258,209071.3281250000,215174.2187500000,225000.0000000000,195415.7500000000,0.0000000000,0.0000000000,0.0000000000,0.0000000000,,,
33.1439999465,258,201387.2500000000,214384.7812500000,225000.0000000000,171491.3437500000,0.0000000000,0.0000000000,0.0000000000,0.0000000000,,,
33.1479999465,258,222503.5625000000,215921.7656250000,225000.0000000000,220857.0937500000,0.0000000000,0.0000000000,0.0000000000,0.0000000000,,,
33.1519999465,259,225000.0000000000,217684.7656250000,225000.0000000000,225000.0000000000,0.0000000000,0.0000000000,0.0000000000,0.0000000000,,,
33.1559999464,259,225000.0000000000,217239.5937500000,225000.0000000000,225000.0000000000,0.0000000000,0.0000000000,0.0000000000,0.0000000000,,,
33.1599999464,259,209198.7031250000,215169.1406250000,225000.0000000000,195752.6562500000,0.0000000000,0.0000000000,0.0000000000,0.0000000000,,,
33.1639999463,259,201318.0000000000,214359.0156250000,225000.0000000000,171335.7812500000,0.0000000000,0.0000000000,0.0000000000,0.0000000000,,,
33.1679999463,259,222312.1875000000,215882.5781250000,225000.0000000000,220516.2343750000,0.0000000000,0.0000000000,0.0000000000,0.0000000000,,,
33.1719999462,259,225000.0000000000,217660.2656250000,225000.0000000000,225000.0000000000,0.0000000000,0.0000000000,0.0000000000,0.0000000000,,,
33.1759999464,259,225000.0000000000,217238.0156250000,225000.0000000000,225000.0000000000,0.0000000000,0.0000000000,0.0000000000,0.0000000000,,,
33.1799999464,259,209346.7656250000,215179.6875000000,225000.0000000000,196126.4687500000,0.0000000000,0.0000000000,0.0000000000,0.0000000000,,,
33.1839999463,259,201322.5937500000,214376.3906250000,225000.0000000000,171334.6562500000,0.0000000000,0.0000000000,0.0000000000,0.0000000000,,,
33.1879999463,259,222167.7031250000,215898.7812500000,225000.0000000000,220262.6093750000,0.0000000000,0.0000000000,0.0000000000,0.0000000000,,,
33.1919999463,259,225000.0000000000,217680.3125000000,225000.0000000000,225000.0000000000,0.0000000000,0.0000000000,0.0000000000,0.0000000000,,,
33.1959999464,259,225000.0000000000,217278.2968750000,225000.0000000000,225000.0000000000,0.0000000000,0.0000000000,0.0000000000,0.0000000000,,,
33.1999999464,259,209574.6718750000,215248.6250000000,225000.0000000000,196694.8437500000,0.0000000000,0.0000000000,0.0000000000,0.0000000000,,,
33.2039999464,259,201448.6718750000,214438.1875000000,225000.0000000000,171662.9843750000,0.0000000000,0.0000000000,0.0000000000,0.0000000000,,,
33.2079999463,259,222017.2500000000,215909.4062500000,225000.0000000000,220132.6718750000,0.0000000000,0.0000000000,0.0000000000,0.0000000000,,,
33.2119999463,259,225000.0000000000,217612.4218750000,225000.0000000000,225000.0000000000,0.0000000000,0.0000000000,0.0000000000,0.0000000000,,,
33.2159999462,259,225000.0000000000,217182.4375000000,225000.0000000000,225000.0000000000,0.0000000000,0.0000000000,0.0000000000,0.0000000000,,,
33.2199999464,259,209494.8750000000,215214.3437500000,225000.0000000000,196629.9218750000,0.0000000000,0.0000000000,0.0000000000,0.0000000000,,,
33.2239999464,259,201544.9218750000,214467.6875000000,225000.0000000000,171837.8906250000,0.0000000000,0.0000000000,0.0000000000,0.0000000000,,,
33.2279999463,259,221995.3593750000,215934.5937500000,225000.0000000000,220114.3906250000,0.0000000000,0.0000000000,0.0000000000,0.0000000000,,,
33.2319999463,259,225000.0000000000,217611.2343750000,225000.0000000000,225000.0000000000,0.0000000000,0.0000000000,0.0000000000,0.0000000000,,,
33.2359999462,259,225000.0000000000,217198.3125000000,225000.0000000000,225000.0000000000,0.0000000000,0.0000000000,0.0000000000,0.0000000000,,,
33.2399999464,259,209692.3906250000,215244.6406250000,225000.0000000000,197109.1250000000,0.0000000000,0.0000000000,0.0000000000,0.0000000000,,,
33.2439999464,259,201598.2968750000,214484.2968750000,225000.0000000000,171993.3750000000,0.0000000000,0.0000000000,0.0000000000,0.0000000000,,,
33.2479999464,259,221921.6093750000,215932.0937500000,225000.0000000000,220009.3750000000,0.0000000000,0.0000000000,0.0000000000,0.0000000000,,,
33.2519999463,259,225000.0000000000,217609.9062500000,225000.0000000000,225000.0000000000,0.0000000000,0.0000000000,0.0000000000,0.0000000000,,,
33.2559999463,259,225000.0000000000,217209.1250000000,225000.0000000000,225000.0000000000,0.0000000000,0.0000000000,0.0000000000,0.0000000000,,,
33.2599999462,259,209839.9218750000,215257.6562500000,225000.0000000000,197499.6562500000,0.0000000000,0.0000000000,0.0000000000,0.0000000000,,,
33.2639999464,259,201589.9218750000,214487.9375000000,225000.0000000000,172017.9531250000,0.0000000000,0.0000000000,0.0000000000,0.0000000000,,,
33.2679999464,259,221803.7968750000,215927.7500000000,225000.0000000000,219780.6718750000,0.0000000000,0.0000000000,0.0000000000,0.0000000000,,,
33.2719999463,259,225000.0000000000,217611.9687500000,225000.0000000000,225000.0000000000,0.0000000000,0.0000000000,0.0000000000,0.0000000000,,,
33.2759999463,259,225000.0000000000,217224.8750000000,225000.0000000000,225000.0000000000,0.0000000000,0.0000000000,0.0000000000,0.0000000000,,,
33.2799999462,260,210003.5625000000,215271.4375000000,225000.0000000000,197933.6093750000,0.0000000000,0.0000000000,0.0000000000,0.0000000000,,,
33.2839999462,260,201576.5312500000,214485.3750000000,225000.0000000000,172005.1718750000,0.0000000000,0.0000000000,0.0000000000,0.0000000000,,,
33.2879999462,260,221693.8906250000,215916.3593750000,225000.0000000000,219527.7812500000,0.0000000000,0.0000000000,0.0000000000,0.0000000000,,,
33.2919999461,260,225000.0000000000,217607.7343750000,225000.0000000000,225000.0000000000,0.0000000000,0.0000000000,0.0000000000,0.0000000000,,,
33.2959999461,260,225000.0000000000,217229.9375000000,225000.0000000000,225000.0000000000,0.0000000000,0.0000000000,0.0000000000,0.0000000000,,,
33.2999999460,260,210159.2343750000,215277.6718750000,225000.0000000000,198310.0625000000,0.0000000000,0.0000000000,0.0000000000,0.0000000000,,,
33.3039999462,260,201590.6406250000,214485.0937500000,225000.0000000000,172033.7968750000,0.0000000000,0.0000000000,0.0000000000,0.0000000000,,,
33.3079999462,260,221577.3906250000,215903.5625000000,225000.0000000000,219304.1406250000,0.0000000000,0.0000000000,0.0000000000,0.0000000000,,,
33.3119999461,260,225000.0000000000,217595.7656250000,225000.0000000000,225000.0000000000,0.0000000000,0.0000000000,0.0000000000,0.0000000000,,,
33.3159999461,260,225000.0000000000,217230.6093750000,225000.0000000000,225000.0000000000,0.0000000000,0.0000000000,0.0000000000,0.0000000000,,,
33.3199999460,260,210284.4843750000,215279.2812500000,225000.0000000000,198608.5468750000,0.0000000000,0.0000000000,0.0000000000,0.0000000000,,,
33.3239999462,260,201574.9843750000,214472.5781250000,225000.0000000000,172008.5000000000,0.0000000000,0.0000000000,0.0000000000,0.0000000000,,,
33.3279999462,260,221461.2656250000,215885.7500000000,225000.0000000000,219088.6093750000,0.0000000000,0.0000000000,0.0000000000,0.0000000000,,,
33.3319999462,260,225000.0000000000,217587.0156250000,225000.0000000000,225000.0000000000,0.0000000000,0.0000000000,0.0000000000,0.0000000000,,,
33.3359999461,260,225000.0000000000,217239.4843750000,225000.0000000000,225000.0000000000,0.0000000000,0.0000000000,0.0000000000,0.0000000000,,,
33.3399999461,260,210439.6250000000,215297.3750000000,225000.0000000000,198971.0625000000,0.0000000000,0.0000000000,0.0000000000,0.0000000000,,,
33.3439999460,260,201566.7968750000,214478.8437500000,225000.0000000000,171955.3906250000,0.0000000000,0.0000000000,0.0000000000,0.0000000000,,,
33.3479999462,260,221323.6406250000,215878.9375000000,225000.0000000000,218795.4843750000,0.0000000000,0.0000000000,0.0000000000,0.0000000000,,,
33.3519999462,260,225000.0000000000,217579.5625000000,225000.0000000000,225000.0000000000,0.0000000000,0.0000000000,0.0000000000,0.0000000000,,,
33.3559999461,260,225000.0000000000,217241.2500000000,225000.0000000000,225000.0000000000,0.0000000000,0.0000000000,0.0000000000,0.0000000000,,,
33.3599999461,260,210587.7968750000,215299.2343750000,225000.0000000000,199317.3437500000,0.0000000000,0.0000000000,0.0000000000,0.0000000000,,,
33.3639999460,260,201576.2500000000,214470.9062500000,225000.0000000000,171939.2812500000,0.0000000000,0.0000000000,0.0000000000,0.0000000000,,,
33.3679999462,260,221204.1406250000,215860.5625000000,225000.0000000000,218553.6562500000,0.0000000000,0.0000000000,0.0000000000,0.0000000000,,,
33.3719999462,260,225000.0000000000,217569.3750000000,225000.0000000000,225000.0000000000,0.0000000000,0.0000000000,0.0000000000,0.0000000000,,,
33.3759999461,260,225000.0000000000,217248.1250000000,225000.0000000000,225000.0000000000,0.0000000000,0.0000000000,0.0000000000,0.0000000000,,,
33.3799999461,260,210728.9843750000,215306.7343750000,225000.0000000000,199669.2968750000,0.0000000000,0.0000000000,0.0000000000,0.0000000000,,,
33.3839999461,260,201556.8437500000,214461.1718750000,225000.0000000000,171900.4375000000,0.0000000000,0.0000000000,0.0000000000,0.0000000000,,,
33.3879999460,260,221054.4687500000,215841.7031250000,225000.0000000000,218273.9843750000,0.0000000000,0.0000000000,0.0000000000,0.0000000000,,,
33.3919999462,260,225000.0000000000,217557.1875000000,225000.0000000000,225000.0000000000,0.0000000000,0.0000000000,0.0000000000,0.0000000000,,,
33.3959999462,260,225000.0000000000,217244.1562500000,225000.0000000000,225000.0000000000,0.0000000000,0.0000000000,0.0000000000,0.0000000000,,,
33.3999999461,260,210845.4531250000,215306.6875000000,225000.0000000000,199963.3750000000,0.0000000000,0.0000000000,0.0000000000,0.0000000000,,,
33.4039999461,260,201533.5156250000,214458.3281250000,225000.0000000000,171846.7968750000,0.0000000000,0.0000000000,0.0000000000,0.0000000000,,,
33.4079999460,261,220929.6406250000,215837.4218750000,225000.0000000000,218015.9843750000,0.0000000000,0.0000000000,0.0000000000,0.0000000000,,,
33.4119999460,261,225000.0000000000,217557.7343750000,225000.0000000000,225000.0000000000,0.0000000000,0.0000000000,0.0000000000,0.0000000000,,,
33.4159999460,261,225000.0000000000,217258.0781250000,225000.0000000000,225000.0000000000,0.0000000000,0.0000000000,0.0000000000,0.0000000000,,,
33.4199999459,261,210968.9843750000,215320.7187500000,225000.0000000000,200269.9062500000,0.0000000000,0.0000000000,0.0000000000,0.0000000000,,,
33.4239999459,261,201510.0468750000,214458.5468750000,225000.0000000000,171814.5312500000,0.0000000000,0.0000000000,0.0000000000,0.0000000000,,,
33.4279999458,261,220798.2500000000,215825.6718750000,225000.0000000000,217763.4531250000,0.0000000000,0.0000000000,0.0000000000,0.0000000000,,,
33.4319999460,261,225000.0000000000,217551.1562500000,225000.0000000000,225000.0000000000,0.0000000000,0.0000000000,0.0000000000,0.0000000000,,,
33.4359999460,261,225000.0000000000,217262.8437500000,225000.0000000000,225000.0000000000,0.0000000000,0.0000000000,0.0000000000,0.0000000000,,,
33.4399999459,261,211095.2656250000,215323.7656250000,225000.0000000000,200611.1093750000,0.0000000000,0.0000000000,0.0000000000,0.0000000000,,,
33.4439999459,261,201476.3281250000,214448.1718750000,225000.0000000000,171759.8437500000,0.0000000000,0.0000000000,0.0000000000,0.0000000000,,,
33.4479999458,261,220649.0781250000,215804.3750000000,225000.0000000000,217453.2343750000,0.0000000000,0.0000000000,0.0000000000,0.0000000000,,,
33.4519999460,261,225000.0000000000,217532.6250000000,225000.0000000000,225000.0000000000,0.0000000000,0.0000000000,0.0000000000,0.0000000000,,,
33.4559999460,261,225000.0000000000,217259.2500000000,225000.0000000000,225000.0000000000,0.0000000000,0.0000000000,0.0000000000,0.0000000000,,,
33.4599999459,261,211217.8125000000,215326.1406250000,225000.0000000000,200947.6406250000,0.0000000000,0.0000000000,0.0000000000,0.0000000000,,,
33.4639999459,261,201448.0937500000,214436.7187500000,225000.0000000000,171751.2812500000,0.0000000000,0.0000000000,0.0000000000,0.0000000000,,,
33.4679999459,261,220497.7500000000,215781.8125000000,225000.0000000000,217202.6562500000,0.0000000000,0.0000000000,0.0000000000,0.0000000000,,,
33.4719999458,261,225000.0000000000,217512.9375000000,225000.0000000000,225000.0000000000,0.0000000000,0.0000000000,0.0000000000,0.0000000000,,,
33.4759999460,261,225000.0000000000,217252.8125000000,225000.0000000000,225000.0000000000,0.0000000000,0.0000000000,0.0000000000,0.0000000000,,,
33.4799999460,261,211334.7968750000,215325.0000000000,225000.0000000000,201266.1718750000,0.0000000000,0.0000000000,0.0000000000,0.0000000000,,,
33.4839999459,261,201427.3750000000,214432.9062500000,225000.0000000000,171748.6562500000,0.0000000000,0.0000000000,0.0000000000,0.0000000000,,,
33.4879999459,261,220359.0781250000,215773.6875000000,225000.0000000000,216935.8281250000,0.0000000000,0.0000000000,0.0000000000,0.0000000000,,,
33.4919999458,261,225000.0000000000,217512.9062500000,225000.0000000000,225000.0000000000,0.0000000000,0.0000000000,0.0000000000,0.0000000000,,,
33.4959999460,261,225000.0000000000,217271.3281250000,225000.0000000000,225000.0000000000,0.0000000000,0.0000000000,0.0000000000,0.0000000000,,,
33.4999999460,261,211445.6250000000,215342.0937500000,225000.0000000000,201597.7343750000,0.0000000000,0.0000000000,0.0000000000,0.0000000000,,,
33.5039999459,261,201384.5937500000,214432.9531250000,225000.0000000000,171712.8437500000,0.0000000000,0.0000000000,0.0000000000,0.0000000000,,,
33.5079999459,261,220215.8593750000,215765.6093750000,225000.0000000000,216689.3593750000,0.0000000000,0.0000000000,0.0000000000,0.0000000000,,,
33.5119999459,261,225000.0000000000,217509.0468750000,225000.0000000000,225000.0000000000,0.0000000000,0.0000000000,0.0000000000,0.0000000000,,,
33.5159999458,261,225000.0000000000,217275.1562500000,225000.0000000000,225000.0000000000,0.0000000000,0.0000000000,0.0000000000,0.0000000000,,,
33.5199999460,261,211562.4843750000,215347.4375000000,225000.0000000000,201958.8125000000,0.0000000000,0.0000000000,0.0000000000,0.0000000000,,,
33.5239999460,261,201350.7500000000,214427.3750000000,225000.0000000000,171696.6406250000,0.0000000000,0.0000000000,0.0000000000,0.0000000000,,,
33.5279999459,261,220051.4375000000,215751.6093750000,225000.0000000000,216403.3125000000,0.0000000000,0.0000000000,0.0000000000,0.0000000000,,,
33.5319999459,261,225000.0000000000,217510.4687500000,225000.0000000000,225000.0000000000,0.0000000000,0.0000000000,0.0000000000,0.0000000000,,,
33.5359999458,262,225000.0000000000,217293.9062500000,225000.0000000000,225000.0000000000,0.0000000000,0.0000000000,0.0000000000,0.0000000000,,,
33.5399999458,262,211700.5156250000,215368.7500000000,225000.0000000000,202271.0625000000,0.0000000000,0.0000000000,0.0000000000,0.0000000000,,,
33.5439999457,262,201339.2968750000,214439.0468750000,225000.0000000000,171665.1875000000,0.0000000000,0.0000000000,0.0000000000,0.0000000000,,,
33.5479999457,262,219921.8281250000,215760.7031250000,225000.0000000000,216121.9218750000,0.0000000000,0.0000000000,0.0000000000,0.0000000000,,,
33.5519999457,262,225000.0000000000,217527.5625000000,225000.0000000000,225000.0000000000,0.0000000000,0.0000000000,0.0000000000,0.0000000000,,,
33.5559999456,262,225000.0000000000,217321.0312500000,225000.0000000000,225000.0000000000,0.0000000000,0.0000000000,0.0000000000,0.0000000000,,,
33.5599999458,262,211845.0781250000,215387.8750000000,225000.0000000000,202640.5156250000,0.0000000000,0.0000000000,0.0000000000,0.0000000000,,,
33.5639999458,262,201326.4531250000,214440.5000000000,225000.0000000000,171665.8593750000,0.0000000000,0.0000000000,0.0000000000,0.0000000000,,,
33.5679999457,262,219787.9687500000,215751.6093750000,225000.0000000000,215866.7343750000,0.0000000000,0.0000000000,0.0000000000,0.0000000000,,,
33.5719999457,262,225000.0000000000,217525.4062500000,225000.0000000000,225000.0000000000,0.0000000000,0.0000000000,0.0000000000,0.0000000000,,,
33.5759999456,262,225000.0000000000,217331.9375000000,225000.0000000000,225000.0000000000,0.0000000000,0.0000000000,0.0000000000,0.0000000000,,,
33.5799999458,262,211991.1875000000,215403.3750000000,225000.0000000000,203014.5781250000,0.0000000000,0.0000000000,0.0000000000,0.0000000000,,,
33.5839999458,262,201316.7656250000,214447.1406250000,225000.0000000000,171652.9843750000,0.0000000000,0.0000000000,0.0000000000,0.0000000000,,,
33.5879999457,262,219662.7031250000,215747.9687500000,225000.0000000000,215564.1718750000,0.0000000000,0.0000000000,0.0000000000,0.0000000000,,,
33.5919999457,262,225000.0000000000,217528.0937500000,225000.0000000000,225000.0000000000,0.0000000000,0.0000000000,0.0000000000,0.0000000000,,,
33.5959999457,262,225000.0000000000,217345.5468750000,225000.0000000000,225000.0000000000,0.0000000000,0.0000000000,0.0000000000,0.0000000000,,,
33.5999999456,262,212136.0468750000,215417.7031250000,225000.0000000000,203375.0937500000,0.0000000000,0.0000000000,0.0000000000,0.0000000000,,,
33.6039999458,262,201303.3281250000,214449.6406250000,225000.0000000000,171629.0781250000,0.0000000000,0.0000000000,0.0000000000,0.0000000000,,,
33.6079999458,262,219527.1093750000,215741.7968750000,225000.0000000000,215309.0937500000,0.0000000000,0.0000000000,0.0000000000,0.0000000000,,,
33.6119999457,262,225000.0000000000,217527.0781250000,225000.0000000000,225000.0000000000,0.0000000000,0.0000000000,0.0000000000,0.0000000000,,,
33.6159999457,262,225000.0000000000,217362.9218750000,225000.0000000000,225000.0000000000,0.0000000000,0.0000000000,0.0000000000,0.0000000000,,,
33.6199999456,262,212277.4218750000,215438.0937500000,225000.0000000000,203663.9375000000,0.0000000000,0.0000000000,0.0000000000,0.0000000000,,,
33.6239999458,262,201304.7187500000,214454.8437500000,225000.0000000000,171597.3281250000,0.0000000000,0.0000000000,0.0000000000,0.0000000000,,,
33.6279999458,262,219410.4687500000,215735.8750000000,225000.0000000000,215039.5468750000,0.0000000000,0.0000000000,0.0000000000,0.0000000000,,,
33.6319999457,262,225000.0000000000,217526.8125000000,225000.0000000000,225000.0000000000,0.0000000000,0.0000000000,0.0000000000,0.0000000000,,,
33.6359999457,262,225000.0000000000,217375.4218750000,225000.0000000000,225000.0000000000,0.0000000000,0.0000000000,0.0000000000,0.0000000000,,,
33.6399999456,262,212445.9843750000,215459.5468750000,225000.0000000000,204018.7656250000,0.0000000000,0.0000000000,0.0000000000,0.0000000000,,,
33.6439999456,262,201316.2031250000,214466.6250000000,225000.0000000000,171565.2656250000,0.0000000000,0.0000000000,0.0000000000,0.0000000000,,,
33.6479999458,262,219294.8593750000,215739.5156250000,225000.0000000000,214739.2343750000,0.0000000000,0.0000000000,0.0000000000,0.0000000000,,,
33.6519999458,262,225000.0000000000,217533.6406250000,225000.0000000000,225000.0000000000,0.0000000000,0.0000000000,0.0000000000,0.0000000000,,,
33.6559999457,262,225000.0000000000,217399.8906250000,225000.0000000000,225000.0000000000,0.0000000000,0.0000000000,0.0000000000,0.0000000000,,,
33.6599999457,262,212597.2812500000,215490.2812500000,225000.0000000000,204327.8750000000,0.0000000000,0.0000000000,0.0000000000,0.0000000000,,,
33.6639999456,263,201334.0625000000,214486.7656250000,225000.0000000000,171548.1875000000,0.0000000000,0.0000000000,0.0000000000,0.0000000000,,,
33.6679999456,263,219191.2500000000,215749.8125000000,225000.0000000000,214486.1718750000,0.0000000000,0.0000000000,0.0000000000,0.0000000000,,,
33.6719999455,263,225000.0000000000,217543.3750000000,225000.0000000000,225000.0000000000,0.0000000000,0.0000000000,0.0000000000,0.0000000000,,,
33.6759999455,263,225000.0000000000,217413.1406250000,225000.0000000000,225000.0000000000,0.0000000000,0.0000000000,0.0000000000,0.0000000000,,,
33.6799999455,263,212738.3437500000,215501.7343750000,225000.0000000000,204651.8750000000,0.0000000000,0.0000000000,0.0000000000,0.0000000000,,,
33.6839999454,263,201330.8437500000,214487.4531250000,225000.0000000000,171520.5312500000,0.0000000000,0.0000000000,0.0000000000,0.0000000000,,,
33.6879999456,263,219058.9843750000,215736.7187500000,225000.0000000000,214192.3437500000,0.0000000000,0.0000000000,0.0000000000,0.0000000000,,,
33.6919999456,263,225000.0000000000,217535.3125000000,225000.0000000000,225000.0000000000,0.0000000000,0.0000000000,0.0000000000,0.0000000000,,,
33.6959999455,263,225000.0000000000,217419.0312500000,225000.0000000000,225000.0000000000,0.0000000000,0.0000000000,0.0000000000,0.0000000000,,,
33.6999999455,263,212868.5625000000,215506.8281250000,225000.0000000000,204952.4531250000,0.0000000000,0.0000000000,0.0000000000,0.0000000000,,,
33.7039999454,263,201316.3593750000,214482.0937500000,225000.0000000000,171487.1875000000,0.0000000000,0.0000000000,0.0000000000,0.0000000000,,,
33.7079999456,263,218927.7187500000,215728.3906250000,225000.0000000000,213928.5468750000,0.0000000000,0.0000000000,0.0000000000,0.0000000000,,,
33.7119999456,263,225000.0000000000,217529.7343750000,225000.0000000000,225000.0000000000,0.0000000000,0.0000000000,0.0000000000,0.0000000000,,,
33.7159999455,263,225000.0000000000,217422.9531250000,225000.0000000000,225000.0000000000,0.0000000000,0.0000000000,0.0000000000,0.0000000000,,,
33.7199999455,263,212992.3750000000,215517.0312500000,225000.0000000000,205268.2968750000,0.0000000000,0.0000000000,0.0000000000,0.0000000000,,,
33.7239999454,263,201294.2656250000,214479.2031250000,225000.0000000000,171459.8906250000,0.0000000000,0.0000000000,0.0000000000,0.0000000000,,,
33.7279999454,263,218786.2343750000,215713.1718750000,225000.0000000000,213628.2343750000,0.0000000000,0.0000000000,0.0000000000,0.0000000000,,,
33.7319999456,263,225000.0000000000,217521.4375000000,225000.0000000000,225000.0000000000,0.0000000000,0.0000000000,0.0000000000,0.0000000000,,,
33.7359999456,263,225000.0000000000,217431.1093750000,225000.0000000000,225000.0000000000,0.0000000000,0.0000000000,0.0000000000,0.0000000000,,,
33.7399999455,263,213110.3281250000,215525.5312500000,225000.0000000000,205594.8125000000,0.0000000000,0.0000000000,0.0000000000,0.0000000000,,,
33.7439999455,263,201253.2187500000,214475.6875000000,225000.0000000000,171408.8437500000,0.0000000000,0.0000000000,0.0000000000,0.0000000000,,,
33.7479999454,263,218634.5781250000,215701.6093750000,225000.0000000000,213347.9843750000,0.0000000000,0.0000000000,0.0000000000,0.0000000000,,,
33.7519999456,263,225000.0000000000,217515.7343750000,225000.0000000000,225000.0000000000,0.0000000000,0.0000000000,0.0000000000,0.0000000000,,,
33.7559999456,263,225000.0000000000,217442.2343750000,225000.0000000000,225000.0000000000,0.0000000000,0.0000000000,0.0000000000,0.0000000000,,,
33.7599999455,263,213233.1250000000,215543.7968750000,225000.0000000000,205886.8281250000,0.0000000000,0.0000000000,0.0000000000,0.0000000000,,,
33.7639999455,263,201224.1250000000,214478.2031250000,225000.0000000000,171371.5000000000,0.0000000000,0.0000000000,0.0000000000,0.0000000000,,,
33.7679999454,263,218503.1875000000,215693.1406250000,225000.0000000000,213080.5937500000,0.0000000000,0.0000000000,0.0000000000,0.0000000000,,,
33.7719999454,263,225000.0000000000,217511.4843750000,225000.0000000000,225000.0000000000,0.0000000000,0.0000000000,0.0000000000,0.0000000000,,,
33.7759999456,263,225000.0000000000,217445.5937500000,225000.0000000000,225000.0000000000,0.0000000000,0.0000000000,0.0000000000,0.0000000000,,,
33.7799999455,263,213352.0312500000,215541.6562500000,225000.0000000000,206195.0000000000,0.0000000000,0.0000000000,0.0000000000,0.0000000000,,,
33.7839999455,263,201193.5937500000,214471.0156250000,225000.0000000000,171335.9218750000,0.0000000000,0.0000000000,0.0000000000,0.0000000000,,,
33.7879999455,263,218377.1406250000,215682.5156250000,225000.0000000000,212798.1250000000,0.0000000000,0.0000000000,0.0000000000,0.0000000000,,,
33.7919999454,264,225000.0000000000,217509.5625000000,225000.0000000000,225000.0000000000,0.0000000000,0.0000000000,0.0000000000,0.0000000000,,,
33.7959999454,264,225000.0000000000,217461.2812500000,225000.0000000000,225000.0000000000,0.0000000000,0.0000000000,0.0000000000,0.0000000000,,,
33.7999999453,264,213497.9062500000,215562.7031250000,225000.0000000000,206535.1093750000,0.0000000000,0.0000000000,0.0000000000,0.0000000000,,,
33.8039999453,264,201204.1406250000,214481.1562500000,225000.0000000000,171360.8125000000,0.0000000000,0.0000000000,0.0000000000,0.0000000000,,,
33.8079999452,264,218271.3906250000,215678.8750000000,225000.0000000000,212564.1250000000,0.0000000000,0.0000000000,0.0000000000,0.0000000000,,,
33.8119999452,264,225000.0000000000,217502.5625000000,225000.0000000000,225000.0000000000,0.0000000000,0.0000000000,0.0000000000,0.0000000000,,,
33.8159999454,264,225000.0000000000,217457.6875000000,225000.0000000000,225000.0000000000,0.0000000000,0.0000000000,0.0000000000,0.0000000000,,,
33.8199999453,264,213651.8125000000,215557.6562500000,225000.0000000000,206915.7500000000,0.0000000000,0.0000000000,0.0000000000,0.0000000000,,,
33.8239999453,264,201195.5000000000,214455.9375000000,225000.0000000000,171361.6093750000,0.0000000000,0.0000000000,0.0000000000,0.0000000000,,,
33.8279999453,264,218135.8750000000,215644.3750000000,225000.0000000000,212260.9531250000,0.0000000000,0.0000000000,0.0000000000,0.0000000000,,,
33.8319999452,264,225000.0000000000,217483.6718750000,225000.0000000000,225000.0000000000,0.0000000000,0.0000000000,0.0000000000,0.0000000000,,,
33.8359999454,264,225000.0000000000,217458.2812500000,225000.0000000000,225000.0000000000,0.0000000000,0.0000000000,0.0000000000,0.0000000000,,,
33.8399999454,264,213766.4531250000,215556.0468750000,225000.0000000000,207164.2968750000,0.0000000000,0.0000000000,0.0000000000,0.0000000000,,,
33.8439999453,264,201195.8750000000,214441.7812500000,225000.0000000000,171361.3437500000,0.0000000000,0.0000000000,0.0000000000,0.0000000000,,,
33.8479999453,264,218000.8281250000,215618.6250000000,225000.0000000000,212014.1875000000,0.0000000000,0.0000000000,0.0000000000,0.0000000000,,,
33.8519999452,264,225000.0000000000,217459.1562500000,225000.0000000000,225000.0000000000,0.0000000000,0.0000000000,0.0000000000,0.0000000000,,,
33.8559999452,264,225000.0000000000,217443.2812500000,225000.0000000000,225000.0000000000,0.0000000000,0.0000000000,0.0000000000,0.0000000000,,,
33.8599999454,264,213892.3906250000,215538.2187500000,225000.0000000000,207491.7812500000,0.0000000000,0.0000000000,0.0000000000,0.0000000000,,,
33.8639999453,264,201170.1093750000,214414.8750000000,225000.0000000000,171332.2968750000,0.0000000000,0.0000000000,0.0000000000,0.0000000000,,,
33.8679999453,264,217852.5625000000,215596.0937500000,225000.0000000000,211677.6250000000,0.0000000000,0.0000000000,0.0000000000,0.0000000000,,,
33.8719999453,264,225000.0000000000,217451.7500000000,225000.0000000000,225000.0000000000,0.0000000000,0.0000000000,0.0000000000,0.0000000000,,,
33.8759999452,264,225000.0000000000,217453.4687500000,225000.0000000000,225000.0000000000,0.0000000000,0.0000000000,0.0000000000,0.0000000000,,,
33.8799999454,264,214034.9218750000,215555.5468750000,225000.0000000000,207807.6093750000,0.0000000000,0.0000000000,0.0000000000,0.0000000000,,,
33.8839999454,264,201172.3593750000,214419.2812500000,225000.0000000000,171344.3437500000,0.0000000000,0.0000000000,0.0000000000,0.0000000000,,,
33.8879999453,264,217731.5312500000,215584.5312500000,225000.0000000000,211411.6406250000,0.0000000000,0.0000000000,0.0000000000,0.0000000000,,,
33.8919999453,264,225000.0000000000,217447.5937500000,225000.0000000000,225000.0000000000,0.0000000000,0.0000000000,0.0000000000,0.0000000000,,,
33.8959999452,264,225000.0000000000,217461.8906250000,225000.0000000000,225000.0000000000,0.0000000000,0.0000000000,0.0000000000,0.0000000000,,,
33.8999999452,264,214172.7812500000,215561.3906250000,225000.0000000000,208126.8750000000,0.0000000000,0.0000000000,0.0000000000,0.0000000000,,,
33.9039999454,264,201178.3906250000,214414.8750000000,224991.0781250000,171391.5781250000,0.0000000000,0.0000000000,0.0000000000,0.0000000000,,,
33.9079999453,264,217611.8593750000,215573.2656250000,225000.0000000000,211188.2656250000,0.0000000000,0.0000000000,0.0000000000,0.0000000000,,,
33.9119999453,264,225000.0000000000,217441.5937500000,225000.0000000000,225000.0000000000,0.0000000000,0.0000000000,0.0000000000,0.0000000000,,,
33.9159999453,264,225000.0000000000,217466.5937500000,225000.0000000000,225000.0000000000,0.0000000000,0.0000000000,0.0000000000,0.0000000000,,,
33.9199999452,265,214258.0312500000,215561.9062500000,225000.0000000000,208395.2812500000,0.0000000000,0.0000000000,0.0000000000,0.0000000000,,,
33.9239999452,265,201116.3281250000,214397.5781250000,224934.9531250000,171349.1406250000,0.0000000000,0.0000000000,0.0000000000,0.0000000000,,,
33.9279999451,265,217420.3750000000,215548.8125000000,225000.0000000000,210842.5468750000,0.0000000000,0.0000000000,0.0000000000,0.0000000000,,,
33.9319999451,265,225000.0000000000,217423.8593750000,225000.0000000000,225000.0000000000,0.0000000000,0.0000000000,0.0000000000,0.0000000000,,,
33.9359999450,265,225000.0000000000,217460.9531250000,225000.0000000000,225000.0000000000,0.0000000000,0.0000000000,0.0000000000,0.0000000000,,,
33.9399999450,265,214336.9843750000,215565.0625000000,225000.0000000000,208657.8906250000,0.0000000000,0.0000000000,0.0000000000,0.0000000000,,,
33.9439999452,265,201039.2656250000,214394.1406250000,224868.8906250000,171247.2343750000,0.0000000000,0.0000000000,0.0000000000,0.0000000000,,,
33.9479999451,265,217229.7187500000,215534.2656250000,225000.0000000000,210480.7500000000,0.0000000000,0.0000000000,0.0000000000,0.0000000000,,,
33.9519999451,265,225000.0000000000,217413.7500000000,225000.0000000000,225000.0000000000,0.0000000000,0.0000000000,0.0000000000,0.0000000000,,,
33.9559999451,265,225000.0000000000,217465.4375000000,225000.0000000000,225000.0000000000,0.0000000000,0.0000000000,0.0000000000,0.0000000000,,,
33.9599999450,265,214412.0312500000,215573.6406250000,225000.0000000000,208904.9843750000,0.0000000000,0.0000000000,0.0000000000,0.0000000000,,,
33.9639999452,265,200970.3906250000,214390.7968750000,224830.9375000000,171191.3125000000,0.0000000000,0.0000000000,0.0000000000,0.0000000000,,,
33.9679999452,265,217055.7812500000,215522.1562500000,225000.0000000000,210142.7656250000,0.0000000000,0.0000000000,0.0000000000,0.0000000000,,,
33.9719999451,265,225000.0000000000,217406.1875000000,225000.0000000000,225000.0000000000,0.0000000000,0.0000000000,0.0000000000,0.0000000000,,,
33.9759999451,265,225000.0000000000,217466.9687500000,225000.0000000000,225000.0000000000,0.0000000000,0.0000000000,0.0000000000,0.0000000000,,,
33.9799999450,265,214512.2187500000,215579.2031250000,225000.0000000000,209199.9687500000,0.0000000000,0.0000000000,0.0000000000,0.0000000000,,,
33.9839999450,265,200935.3750000000,214392.9062500000,224787.9531250000,171168.8437500000,0.0000000000,0.0000000000,0.0000000000,0.0000000000,,,
33.9879999452,265,216901.8281250000,215516.7343750000,225000.0000000000,209867.1875000000,0.0000000000,0.0000000000,0.0000000000,0.0000000000,,,
33.9919999451,265,225000.0000000000,217402.3750000000,225000.0000000000,225000.0000000000,0.0000000000,0.0000000000,0.0000000000,0.0000000000,,,
33.9959999451,265,225000.0000000000,217475.9218750000,225000.0000000000,225000.0000000000,0.0000000000,0.0000000000,0.0000000000,0.0000000000,,,
33.9999999451,265,214626.9062500000,215589.3906250000,225000.0000000000,209474.9531250000,0.0000000000,0.0000000000,0.0000000000,0.0000000000,,,
34.0039999450,265,200895.4375000000,214389.3750000000,224727.4375000000,171124.6562500000,0.0000000000,0.0000000000,0.0000000000,0.0000000000,,,
34.0079999452,265,216744.0625000000,215503.2968750000,225000.0000000000,209539.1093750000,0.0000000000,0.0000000000,0.0000000000,0.0000000000,,,
34.0119999452,265,225000.0000000000,217393.5312500000,225000.0000000000,225000.0000000000,0.0000000000,0.0000000000,0.0000000000,0.0000000000,,,
34.0159999451,265,225000.0000000000,217477.5312500000,225000.0000000000,225000.0000000000,0.0000000000,0.0000000000,0.0000000000,0.0000000000,,,
34.0199999451,265,214749.1093750000,215592.7500000000,225000.0000000000,209748.8750000000,0.0000000000,0.0000000000,0.0000000000,0.0000000000,,,
34.0239999450,265,200883.2968750000,214377.3281250000,224686.7500000000,171075.3437500000,0.0000000000,0.0000000000,0.0000000000,0.0000000000,,,
34.0279999450,265,216600.3125000000,215479.0000000000,225000.0000000000,209171.6718750000,0.0000000000,0.0000000000,0.0000000000,0.0000000000,,,
34.0319999452,265,225000.0000000000,217373.4375000000,225000.0000000000,225000.0000000000,0.0000000000,0.0000000000,0.0000000000,0.0000000000,,,
34.0359999451,265,225000.0000000000,217475.0625000000,225000.0000000000,225000.0000000000,0.0000000000,0.0000000000,0.0000000000,0.0000000000,,,
34.0399999451,265,214880.3437500000,215593.7656250000,225000.0000000000,210009.4843750000,0.0000000000,0.0000000000,0.0000000000,0.0000000000,,,
34.0439999450,265,200876.6093750000,214365.5781250000,224661.1406250000,171022.2031250000,0.0000000000,0.0000000000,0.0000000000,0.0000000000,,,
34.0479999450,266,216456.5000000000,215453.1875000000,225000.0000000000,208837.7031250000,0.0000000000,0.0000000000,0.0000000000,0.0000000000,,,
34.0519999450,266,225000.0000000000,217351.1406250000,225000.0000000000,225000.0000000000,0.0000000000,0.0000000000,0.0000000000,0.0000000000,,,
34.0559999449,266,225000.0000000000,217476.0625000000,225000.0000000000,225000.0000000000,0.0000000000,0.0000000000,0.0000000000,0.0000000000,,,
34.0599999449,266,215018.0625000000,215611.5000000000,225000.0000000000,210286.5312500000,0.0000000000,0.0000000000,0.0000000000,0.0000000000,,,
34.0639999448,266,200887.3750000000,214383.7187500000,224655.9062500000,170992.8593750000,0.0000000000,0.0000000000,0.0000000000,0.0000000000,,,
34.0679999448,266,216342.0000000000,215462.5312500000,225000.0000000000,208514.9375000000,0.0000000000,0.0000000000,0.0000000000,0.0000000000,,,
34.0719999450,266,225000.0000000000,217361.7500000000,225000.0000000000,225000.0000000000,0.0000000000,0.0000000000,0.0000000000,0.0000000000,,,
34.0759999449,266,225000.0000000000,217493.5937500000,225000.0000000000,225000.0000000000,0.0000000000,0.0000000000,0.0000000000,0.0000000000,,,
34.0799999449,266,215163.5625000000,215628.2343750000,225000.0000000000,210565.4062500000,0.0000000000,0.0000000000,0.0000000000,0.0000000000,,,
34.0839999449,266,200911.8125000000,214386.0468750000,224661.0312500000,171007.7968750000,0.0000000000,0.0000000000,0.0000000000,0.0000000000,,,
34.0879999448,266,216238.1406250000,215454.4531250000,225000.0000000000,208251.8593750000,0.0000000000,0.0000000000,0.0000000000,0.0000000000,,,
34.0919999450,266,225000.0000000000,217350.9531250000,225000.0000000000,225000.0000000000,0.0000000000,0.0000000000,0.0000000000,0.0000000000,,,
34.0959999450,266,225000.0000000000,217490.1093750000,225000.0000000000,225000.0000000000,0.0000000000,0.0000000000,0.0000000000,0.0000000000,,,
34.0999999449,266,215310.0156250000,215628.5312500000,225000.0000000000,210866.4531250000,0.0000000000,0.0000000000,0.0000000000,0.0000000000,,,
34.1039999449,266,200936.1562500000,214380.6250000000,224667.0625000000,171047.6562500000,0.0000000000,0.0000000000,0.0000000000,0.0000000000,,,
34.1079999448,266,216135.0312500000,215445.0625000000,225000.0000000000,207990.2343750000,0.0000000000,0.0000000000,0.0000000000,0.0000000000,,,
34.1119999448,266,225000.0000000000,217353.1093750000,225000.0000000000,225000.0000000000,0.0000000000,0.0000000000,0.0000000000,0.0000000000,,,
34.1159999450,266,225000.0000000000,217509.6875000000,225000.0000000000,225000.0000000000,0.0000000000,0.0000000000,0.0000000000,0.0000000000,,,
34.1199999449,266,215468.4218750000,215652.5000000000,225000.0000000000,211184.9687500000,0.0000000000,0.0000000000,0.0000000000,0.0000000000,,,
34.1239999449,266,200972.4218750000,214385.4218750000,224681.7343750000,171106.7968750000,0.0000000000,0.0000000000,0.0000000000,0.0000000000,,,
34.1279999448,266,216073.8750000000,215435.0312500000,225000.0000000000,207845.4843750000,0.0000000000,0.0000000000,0.0000000000,0.0000000000,,,
34.1319999448,266,225000.0000000000,217342.5312500000,225000.0000000000,225000.0000000000,0.0000000000,0.0000000000,0.0000000000,0.0000000000,,,
34.1359999450,266,225000.0000000000,217511.7343750000,225000.0000000000,225000.0000000000,0.0000000000,0.0000000000,0.0000000000,0.0000000000,,,
34.1399999449,266,215565.7343750000,215663.4531250000,225000.0000000000,211397.4218750000,0.0000000000,0.0000000000,0.0000000000,0.0000000000,,,
34.1439999449,266,200938.4375000000,214399.5156250000,224644.9062500000,171030.0312500000,0.0000000000,0.0000000000,0.0000000000,0.0000000000,,,
34.1479999449,266,215860.6250000000,215445.8906250000,225000.0000000000,207374.9843750000,0.0000000000,0.0000000000,0.0000000000,0.0000000000,,,
34.1519999448,266,225000.0000000000,217356.1406250000,225000.0000000000,225000.0000000000,0.0000000000,0.0000000000,0.0000000000,0.0000000000,,,
34.1559999448,266,225000.0000000000,217540.2187500000,225000.0000000000,225000.0000000000,0.0000000000,0.0000000000,0.0000000000,0.0000000000,,,
34.1599999450,266,215697.8281250000,215703.5156250000,225000.0000000000,211720.0156250000,0.0000000000,0.0000000000,0.0000000000,0.0000000000,,,
34.1639999449,266,200928.9531250000,214429.9218750000,224644.9375000000,171006.2500000000,0.0000000000,0.0000000000,0.0000000000,0.0000000000,,,
34.1679999449,266,215719.4218750000,215460.0000000000,225000.0000000000,207022.3281250000,0.0000000000,0.0000000000,0.0000000000,0.0000000000,,,
34.1719999448,266,225000.0000000000,217369.4062500000,225000.0000000000,225000.0000000000,0.0000000000,0.0000000000,0.0000000000,0.0000000000,,,
34.1759999448,267,225000.0000000000,217563.3437500000,225000.0000000000,225000.0000000000,0.0000000000,0.0000000000,0.0000000000,0.0000000000,,,
34.1799999448,267,215809.2031250000,215724.6250000000,225000.0000000000,211975.7031250000,0.0000000000,0.0000000000,0.0000000000,0.0000000000,,,
34.1839999447,267,200902.3906250000,214431.1406250000,224616.2812500000,170987.1718750000,0.0000000000,0.0000000000,0.0000000000,0.0000000000,,,
34.1879999447,267,215575.0468750000,215441.5156250000,225000.0000000000,206740.8906250000,0.0000000000,0.0000000000,0.0000000000,0.0000000000,,,
34.1919999446,267,225000.0000000000,217346.7500000000,225000.0000000000,225000.0000000000,0.0000000000,0.0000000000,0.0000000000,0.0000000000,,,
34.1959999446,267,225000.0000000000,217550.7656250000,225000.0000000000,225000.0000000000,0.0000000000,0.0000000000,0.0000000000,0.0000000000,,,
34.1999999448,267,215914.9843750000,215715.9687500000,225000.0000000000,212250.9531250000,0.0000000000,0.0000000000,0.0000000000,0.0000000000,,,
34.2039999447,267,200883.4531250000,214417.3750000000,224603.8906250000,171008.1562500000,0.0000000000,0.0000000000,0.0000000000,0.0000000000,,,
34.2079999447,267,215428.4843750000,215422.2656250000,225000.0000000000,206415.1875000000,0.0000000000,0.0000000000,0.0000000000,0.0000000000,,,
34.2119999446,267,225000.0000000000,217341.7812500000,225000.0000000000,225000.0000000000,0.0000000000,0.0000000000,0.0000000000,0.0000000000,,,
34.2159999446,267,225000.0000000000,217560.9531250000,225000.0000000000,225000.0000000000,0.0000000000,0.0000000000,0.0000000000,0.0000000000,,,
34.2199999448,267,216070.0156250000,215728.6562500000,225000.0000000000,212581.1406250000,0.0000000000,0.0000000000,0.0000000000,0.0000000000,,,
34.2239999447,267,200890.1093750000,214418.1250000000,224587.4531250000,171031.3750000000,0.0000000000,0.0000000000,0.0000000000,0.0000000000,,,
34.2279999447,267,215317.4375000000,215415.6406250000,225000.0000000000,206135.4062500000,0.0000000000,0.0000000000,0.0000000000,0.0000000000,,,
34.2319999447,267,225000.0000000000,217341.2031250000,225000.0000000000,225000.0000000000,0.0000000000,0.0000000000,0.0000000000,0.0000000000,,,
34.2359999446,267,225000.0000000000,217576.2343750000,225000.0000000000,225000.0000000000,0.0000000000,0.0000000000,0.0000000000,0.0000000000,,,
34.2399999446,267,216222.3906250000,215750.1562500000,225000.0000000000,212830.3593750000,0.0000000000,0.0000000000,0.0000000000,0.0000000000,,,
34.2439999448,267,200924.8125000000,214430.6250000000,224607.6718750000,171069.4062500000,0.0000000000,0.0000000000,0.0000000000,0.0000000000,,,
34.2479999447,267,215216.6250000000,215416.3125000000,225000.0000000000,205844.5468750000,0.0000000000,0.0000000000,0.0000000000,0.0000000000,,,
34.2519999447,267,225000.0000000000,217334.2187500000,225000.0000000000,225000.0000000000,0.0000000000,0.0000000000,0.0000000000,0.0000000000,,,
34.2559999446,267,225000.0000000000,217577.7656250000,225000.0000000000,225000.0000000000,0.0000000000,0.0000000000,0.0000000000,0.0000000000,,,
34.2599999446,267,216365.3281250000,215762.4687500000,225000.0000000000,213131.6562500000,0.0000000000,0.0000000000,0.0000000000,0.0000000000,,,
34.2639999448,267,200915.1250000000,214434.4843750000,224569.3281250000,171027.7500000000,0.0000000000,0.0000000000,0.0000000000,0.0000000000,,,
34.2679999447,267,215060.6406250000,215402.2812500000,225000.0000000000,205452.0937500000,0.0000000000,0.0000000000,0.0000000000,0.0000000000,,,
34.2719999447,267,225000.0000000000,217317.4531250000,225000.0000000000,225000.0000000000,0.0000000000,0.0000000000,0.0000000000,0.0000000000,,,
34.2759999447,267,225000.0000000000,217574.7343750000,225000.0000000000,225000.0000000000,0.0000000000,0.0000000000,0.0000000000,0.0000000000,,,
34.2799999446,267,216463.4687500000,215764.2500000000,225000.0000000000,213343.8750000000,0.0000000000,0.0000000000,0.0000000000,0.0000000000,,,
34.2839999446,267,200886.1093750000,214431.4843750000,224525.7656250000,170973.4687500000,0.0000000000,0.0000000000,0.0000000000,0.0000000000,,,
34.2879999448,267,214910.9218750000,215386.9687500000,225000.0000000000,205137.8750000000,0.0000000000,0.0000000000,0.0000000000,0.0000000000,,,
34.2919999447,267,225000.0000000000,217300.6093750000,225000.0000000000,225000.0000000000,0.0000000000,0.0000000000,0.0000000000,0.0000000000,,,
34.2959999447,267,225000.0000000000,217567.9218750000,225000.0000000000,225000.0000000000,0.0000000000,0.0000000000,0.0000000000,0.0000000000,,,
34.2999999446,267,216572.3750000000,215763.6093750000,225000.0000000000,213588.8125000000,0.0000000000,0.0000000000,0.0000000000,0.0000000000,,,
34.3039999446,268,200872.3750000000,214421.2656250000,224492.5312500000,170931.5156250000,0.0000000000,0.0000000000,0.0000000000,0.0000000000,,,
34.3079999445,268,214752.5156250000,215364.3750000000,225000.0000000000,204749.2500000000,0.0000000000,0.0000000000,0.0000000000,0.0000000000,,,
34.3119999445,268,225000.0000000000,217276.1562500000,225000.0000000000,225000.0000000000,0.0000000000,0.0000000000,0.0000000000,0.0000000000,,,
34.3159999445,268,225000.0000000000,217557.5156250000,225000.0000000000,225000.0000000000,0.0000000000,0.0000000000,0.0000000000,0.0000000000,,,
34.3199999444,268,216694.8593750000,215768.0468750000,225000.0000000000,213835.2031250000,0.0000000000,0.0000000000,0.0000000000,0.0000000000,,,
34.3239999444,268,200862.2343750000,214418.2656250000,224468.9843750000,170870.7968750000,0.0000000000,0.0000000000,0.0000000000,0.0000000000,,,
34.3279999446,268,214606.0937500000,215345.7187500000,225000.0000000000,204382.6718750000,0.0000000000,0.0000000000,0.0000000000,0.0000000000,,,
34.3319999445,268,225000.0000000000,217255.7656250000,225000.0000000000,225000.0000000000,0.0000000000,0.0000000000,0.0000000000,0.0000000000,,,
34.3359999445,268,225000.0000000000,217553.7812500000,225000.0000000000,225000.0000000000,0.0000000000,0.0000000000,0.0000000000,0.0000000000,,,
34.3399999444,268,216804.6250000000,215777.1406250000,225000.0000000000,214076.0156250000,0.0000000000,0.0000000000,0.0000000000,0.0000000000,,,
34.3439999444,268,200853.8437500000,214421.9375000000,224459.7812500000,170859.0468750000,0.0000000000,0.0000000000,0.0000000000,0.0000000000,,,
34.3479999446,268,214457.8750000000,215334.8750000000,225000.0000000000,204051.3906250000,0.0000000000,0.0000000000,0.0000000000,0.0000000000,,,
34.3519999445,268,225000.0000000000,217241.8281250000,225000.0000000000,225000.0000000000,0.0000000000,0.0000000000,0.0000000000,0.0000000000,,,
34.3559999445,268,225000.0000000000,217550.9531250000,225000.0000000000,225000.0000000000,0.0000000000,0.0000000000,0.0000000000,0.0000000000,,,
34.3599999445,268,216919.6093750000,215789.2500000000,225000.0000000000,214323.3125000000,0.0000000000,0.0000000000,0.0000000000,0.0000000000,,,
34.3639999444,268,200848.6406250000,214435.6875000000,224438.7187500000,170848.8281250000,0.0000000000,0.0000000000,0.0000000000,0.0000000000,,,
34.3679999444,268,214319.6406250000,215340.3437500000,225000.0000000000,203706.9843750000,0.0000000000,0.0000000000,0.0000000000,0.0000000000,,,
34.3719999446,268,225000.0000000000,217249.2500000000,225000.0000000000,225000.0000000000,0.0000000000,0.0000000000,0.0000000000,0.0000000000,,,
34.3759999445,268,225000.0000000000,217569.3437500000,225000.0000000000,225000.0000000000,0.0000000000,0.0000000000,0.0000000000,0.0000000000,,,
34.3799999445,268,217045.9375000000,215813.7656250000,225000.0000000000,214564.2031250000,0.0000000000,0.0000000000,0.0000000000,0.0000000000,,,
34.3839999444,268,200828.5468750000,214450.1718750000,224406.7187500000,170825.5468750000,0.0000000000,0.0000000000,0.0000000000,0.0000000000,,,
34.3879999444,268,214190.3593750000,215347.2656250000,225000.0000000000,203391.4531250000,0.0000000000,0.0000000000,0.0000000000,0.0000000000,,,
34.3919999446,268,225000.0000000000,217256.8437500000,225000.0000000000,225000.0000000000,0.0000000000,0.0000000000,0.0000000000,0.0000000000,,,
34.3959999445,268,225000.0000000000,217591.9531250000,225000.0000000000,225000.0000000000,0.0000000000,0.0000000000,0.0000000000,0.0000000000,,,
34.3999999445,268,217188.9218750000,215842.9218750000,225000.0000000000,214860.4218750000,0.0000000000,0.0000000000,0.0000000000,0.0000000000,,,
34.4039999445,268,200830.0781250000,214470.4062500000,224394.5156250000,170847.4843750000,0.0000000000,0.0000000000,0.0000000000,0.0000000000,,,
34.4079999444,268,214064.0781250000,215350.8593750000,225000.0000000000,203058.9687500000,0.0000000000,0.0000000000,0.0000000000,0.0000000000,,,
34.4119999444,268,225000.0000000000,217255.7656250000,225000.0000000000,225000.0000000000,0.0000000000,0.0000000000,0.0000000000,0.0000000000,,,
34.4159999446,268,225000.0000000000,217592.8750000000,225000.0000000000,225000.0000000000,0.0000000000,0.0000000000,0.0000000000,0.0000000000,,,
34.4199999445,268,217329.7187500000,215847.5625000000,225000.0000000000,215154.5312500000,0.0000000000,0.0000000000,0.0000000000,0.0000000000,,,
34.4239999445,268,200844.1875000000,214469.7031250000,224407.5000000000,170898.0781250000,0.0000000000,0.0000000000,0.0000000000,0.0000000000,,,
34.4279999444,268,213946.9375000000,215336.5156250000,225000.0000000000,202795.8437500000,0.0000000000,0.0000000000,0.0000000000,0.0000000000,,,
34.4319999444,269,225000.0000000000,217246.5625000000,225000.0000000000,225000.0000000000,0.0000000000,0.0000000000,0.0000000000,0.0000000000,,,
34.4359999443,269,225000.0000000000,217608.1250000000,225000.0000000000,225000.0000000000,0.0000000000,0.0000000000,0.0000000000,0.0000000000,,,
34.4399999443,269,217483.6250000000,215877.8906250000,225000.0000000000,215444.8750000000,0.0000000000,0.0000000000,0.0000000000,0.0000000000,,,
34.4439999443,269,200871.0625000000,214487.7031250000,224417.6406250000,170949.1093750000,0.0000000000,0.0000000000,0.0000000000,0.0000000000,,,
34.4479999442,269,213839.0156250000,215343.1406250000,225000.0000000000,202517.5156250000,0.0000000000,0.0000000000,0.0000000000,0.0000000000,,,
34.4519999442,269,225000.0000000000,217250.1406250000,225000.0000000000,225000.0000000000,0.0000000000,0.0000000000,0.0000000000,0.0000000000,,,
34.4559999444,269,225000.0000000000,217614.8593750000,225000.0000000000,225000.0000000000,0.0000000000,0.0000000000,0.0000000000,0.0000000000,,,
34.4599999443,269,217626.9375000000,215881.5156250000,225000.0000000000,215773.6562500000,0.0000000000,0.0000000000,0.0000000000,0.0000000000,,,
34.4639999443,269,200906.0156250000,214484.7187500000,224450.4687500000,171068.5312500000,0.0000000000,0.0000000000,0.0000000000,0.0000000000,,,
34.4679999442,269,213737.7812500000,215329.7343750000,225000.0000000000,202302.7968750000,0.0000000000,0.0000000000,0.0000000000,0.0000000000,,,
34.4719999442,269,225000.0000000000,217237.3906250000,225000.0000000000,225000.0000000000,0.0000000000,0.0000000000,0.0000000000,0.0000000000,,,
34.4759999444,269,225000.0000000000,217619.3437500000,225000.0000000000,225000.0000000000,0.0000000000,0.0000000000,0.0000000000,0.0000000000,,,
34.4799999443,269,217770.9375000000,215890.7968750000,225000.0000000000,216108.9375000000,0.0000000000,0.0000000000,0.0000000000,0.0000000000,,,
34.4839999443,269,200951.5781250000,214480.5625000000,224507.9062500000,171239.8593750000,0.0000000000,0.0000000000,0.0000000000,0.0000000000,,,
34.4879999442,269,213630.0625000000,215311.2500000000,225000.0000000000,202083.9843750000,0.0000000000,0.0000000000,0.0000000000,0.0000000000,,,
34.4919999442,269,225000.0000000000,217222.2656250000,225000.0000000000,225000.0000000000,0.0000000000,0.0000000000,0.0000000000,0.0000000000,,,
34.4959999442,269,225000.0000000000,217617.6562500000,225000.0000000000,225000.0000000000,0.0000000000,0.0000000000,0.0000000000,0.0000000000,,,
34.4999999444,269,217925.9218750000,215895.6718750000,225000.0000000000,216442.9843750000,0.0000000000,0.0000000000,0.0000000000,0.0000000000,,,
34.5039999443,269,201004.7968750000,214474.6406250000,224561.2968750000,171400.0468750000,0.0000000000,0.0000000000,0.0000000000,0.0000000000,,,
34.5079999443,269,213547.4062500000,215309.1875000000,225000.0000000000,201885.7187500000,0.0000000000,0.0000000000,0.0000000000,0.0000000000,,,
34.5119999442,269,225000.0000000000,217231.8437500000,225000.0000000000,225000.0000000000,0.0000000000,0.0000000000,0.0000000000,0.0000000000,,,
34.5159999442,269,225000.0000000000,217639.0000000000,225000.0000000000,225000.0000000000,0.0000000000,0.0000000000,0.0000000000,0.0000000000,,,
34.5199999444,269,218086.6875000000,215916.8437500000,225000.0000000000,216766.6406250000,0.0000000000,0.0000000000,0.0000000000,0.0000000000,,,
34.5239999443,269,201062.1093750000,214485.6093750000,224619.1875000000,171558.1562500000,0.0000000000,0.0000000000,0.0000000000,0.0000000000,,,
34.5279999443,269,213458.0781250000,215312.5312500000,225000.0000000000,201665.4843750000,0.0000000000,0.0000000000,0.0000000000,0.0000000000,,,
34.5319999442,269,225000.0000000000,217245.7656250000,225000.0000000000,225000.0000000000,0.0000000000,0.0000000000,0.0000000000,0.0000000000,,,
34.5359999442,269,225000.0000000000,217669.3125000000,225000.0000000000,225000.0000000000,0.0000000000,0.0000000000,0.0000000000,0.0000000000,,,
34.5399999442,269,218248.0781250000,215947.3906250000,225000.0000000000,217094.9375000000,0.0000000000,0.0000000000,0.0000000000,0.0000000000,,,
34.5439999443,269,201083.0156250000,214506.4531250000,224633.7187500000,171631.1718750000,0.0000000000,0.0000000000,0.0000000000,0.0000000000,,,
34.5479999443,269,213343.3593750000,215323.7656250000,225000.0000000000,201367.6718750000,0.0000000000,0.0000000000,0.0000000000,0.0000000000,,,
34.5519999443,269,225000.0000000000,217261.0781250000,225000.0000000000,225000.0000000000,0.0000000000,0.0000000000,0.0000000000,0.0000000000,,,
34.5559999442,269,225000.0000000000,217700.8593750000,225000.0000000000,225000.0000000000,0.0000000000,0.0000000000,0.0000000000,0.0000000000,,,
34.5599999442,270,218395.8125000000,215995.8750000000,225000.0000000000,217376.0312500000,0.0000000000,0.0000000000,0.0000000000,0.0000000000,,,
34.5639999441,270,201097.2812500000,214551.5156250000,224620.6250000000,171659.4218750000,0.0000000000,0.0000000000,0.0000000000,0.0000000000,,,
34.5679999441,270,213234.7812500000,215353.9687500000,225000.0000000000,201073.9531250000,0.0000000000,0.0000000000,0.0000000000,0.0000000000,,,
34.5719999440,270,225000.0000000000,217281.1093750000,225000.0000000000,225000.0000000000,0.0000000000,0.0000000000,0.0000000000,0.0000000000,,,
34.5759999440,270,225000.0000000000,217723.8906250000,225000.0000000000,225000.0000000000,0.0000000000,0.0000000000,0.0000000000,0.0000000000,,,
34.5799999440,270,218540.4375000000,216023.7031250000,225000.0000000000,217628.4062500000,0.0000000000,0.0000000000,0.0000000000,0.0000000000,,,
34.5839999442,270,201113.2343750000,214573.9375000000,224620.3906250000,171679.9843750000,0.0000000000,0.0000000000,0.0000000000,0.0000000000,,,
34.5879999441,270,213125.4843750000,215361.0312500000,225000.0000000000,200758.6562500000,0.0000000000,0.0000000000,0.0000000000,0.0000000000,,,
34.5919999441,270,225000.0000000000,217280.3906250000,225000.0000000000,225000.0000000000,0.0000000000,0.0000000000,0.0000000000,0.0000000000,,,
34.5959999440,270,225000.0000000000,217734.3593750000,225000.0000000000,225000.0000000000,0.0000000000,0.0000000000,0.0000000000,0.0000000000,,,
34.5999999440,270,218692.9531250000,216049.1562500000,225000.0000000000,217873.9375000000,0.0000000000,0.0000000000,0.0000000000,0.0000000000,,,
34.6039999442,270,201144.5625000000,214598.2968750000,224622.0468750000,171694.7656250000,0.0000000000,0.0000000000,0.0000000000,0.0000000000,,,
34.6079999441,270,213037.8281250000,215376.9375000000,225000.0000000000,200454.2500000000,0.0000000000,0.0000000000,0.0000000000,0.0000000000,,,
34.6119999441,270,225000.0000000000,217300.2187500000,225000.0000000000,225000.0000000000,0.0000000000,0.0000000000,0.0000000000,0.0000000000,,,
34.6159999440,270,225000.0000000000,217769.0625000000,225000.0000000000,225000.0000000000,0.0000000000,0.0000000000,0.0000000000,0.0000000000,,,
34.6199999440,270,218864.5625000000,216086.7343750000,225000.0000000000,218135.6718750000,0.0000000000,0.0000000000,0.0000000000,0.0000000000,,,
34.6239999440,270,201186.8125000000,214613.3125000000,224639.8906250000,171745.0625000000,0.0000000000,0.0000000000,0.0000000000,0.0000000000,,,
34.6279999441,270,212934.5625000000,215371.2187500000,225000.0000000000,200136.6250000000,0.0000000000,0.0000000000,0.0000000000,0.0000000000,,,
34.6319999441,270,225000.0000000000,217295.2500000000,225000.0000000000,225000.0000000000,0.0000000000,0.0000000000,0.0000000000,0.0000000000,,,
34.6359999441,270,225000.0000000000,217772.3125000000,225000.0000000000,225000.0000000000,0.0000000000,0.0000000000,0.0000000000,0.0000000000,,,
34.6399999440,270,219024.2031250000,216093.2187500000,225000.0000000000,218435.4062500000,0.0000000000,0.0000000000,0.0000000000,0.0000000000,,,
34.6439999440,270,201212.7812500000,214615.0781250000,224644.3750000000,171800.3593750000,0.0000000000,0.0000000000,0.0000000000,0.0000000000,,,
34.6479999442,270,212820.4062500000,215364.1875000000,225000.0000000000,199841.7656250000,0.0000000000,0.0000000000,0.0000000000,0.0000000000,,,
34.6519999441,270,225000.0000000000,217291.5000000000,225000.0000000000,225000.0000000000,0.0000000000,0.0000000000,0.0000000000,0.0000000000,,,
34.6559999441,270,225000.0000000000,217784.6406250000,225000.0000000000,225000.0000000000,0.0000000000,0.0000000000,0.0000000000,0.0000000000,,,
34.6599999440,270,219159.8750000000,216111.8281250000,225000.0000000000,218679.6718750000,0.0000000000,0.0000000000,0.0000000000,0.0000000000,,,
34.6639999440,270,201239.5468750000,214628.2031250000,224660.8125000000,171868.2187500000,0.0000000000,0.0000000000,0.0000000000,0.0000000000,,,
34.6679999440,270,212706.5312500000,215364.7500000000,225000.0000000000,199550.1093750000,0.0000000000,0.0000000000,0.0000000000,0.0000000000,,,
34.6719999441,270,225000.0000000000,217290.4218750000,225000.0000000000,225000.0000000000,0.0000000000,0.0000000000,0.0000000000,0.0000000000,,,
34.6759999441,270,225000.0000000000,217791.4531250000,225000.0000000000,225000.0000000000,0.0000000000,0.0000000000,0.0000000000,0.0000000000,,,
34.6799999441,270,219284.8125000000,216120.0468750000,225000.0000000000,218959.0468750000,0.0000000000,0.0000000000,0.0000000000,0.0000000000,,,
34.6839999440,270,201210.4218750000,214615.9062500000,224623.3750000000,171849.8593750000,0.0000000000,0.0000000000,0.0000000000,0.0000000000,,,
34.6879999440,271,212541.2968750000,215340.2343750000,225000.0000000000,199199.2187500000,0.0000000000,0.0000000000,0.0000000000,0.0000000000,,,
34.6919999439,271,225000.0000000000,217263.5468750000,225000.0000000000,225000.0000000000,0.0000000000,0.0000000000,0.0000000000,0.0000000000,,,
34.6959999439,271,225000.0000000000,217774.8281250000,225000.0000000000,225000.0000000000,0.0000000000,0.0000000000,0.0000000000,0.0000000000,,,
34.6999999438,271,219378.1250000000,216116.1718750000,225000.0000000000,219193.3906250000,0.0000000000,0.0000000000,0.0000000000,0.0000000000,,,
34.7039999438,271,201186.8906250000,214619.4843750000,224583.2968750000,171838.9843750000,0.0000000000,0.0000000000,0.0000000000,0.0000000000,,,
34.7079999438,271,212382.7343750000,215334.1562500000,225000.0000000000,198826.8125000000,0.0000000000,0.0000000000,0.0000000000,0.0000000000,,,
34.7119999439,271,225000.0000000000,217259.8437500000,225000.0000000000,225000.0000000000,0.0000000000,0.0000000000,0.0000000000,0.0000000000,,,
34.7159999439,271,225000.0000000000,217786.5781250000,225000.0000000000,225000.0000000000,0.0000000000,0.0000000000,0.0000000000,0.0000000000,,,
34.7199999439,271,219484.1406250000,216135.1406250000,225000.0000000000,219430.7968750000,0.0000000000,0.0000000000,0.0000000000,0.0000000000,,,
34.7239999438,271,201146.3125000000,214623.0156250000,224522.2187500000,171798.4062500000,0.0000000000,0.0000000000,0.0000000000,0.0000000000,,,
34.7279999438,271,212203.9843750000,215321.4062500000,225000.0000000000,198450.6718750000,0.0000000000,0.0000000000,0.0000000000,0.0000000000,,,
34.7319999440,271,225000.0000000000,217245.9531250000,225000.0000000000,225000.0000000000,0.0000000000,0.0000000000,0.0000000000,0.0000000000,,,
34.7359999439,271,225000.0000000000,217789.0468750000,225000.0000000000,225000.0000000000,0.0000000000,0.0000000000,0.0000000000,0.0000000000,,,
34.7399999439,271,219598.1093750000,216148.9531250000,225000.0000000000,219641.5937500000,0.0000000000,0.0000000000,0.0000000000,0.0000000000,,,
34.7439999438,271,201117.7187500000,214636.3437500000,224475.0625000000,171760.4218750000,0.0000000000,0.0000000000,0.0000000000,0.0000000000,,,
34.7479999438,271,212064.4062500000,215326.2187500000,225000.0000000000,198101.1718750000,0.0000000000,0.0000000000,0.0000000000,0.0000000000,,,
34.7519999437,271,225000.0000000000,217247.8593750000,225000.0000000000,225000.0000000000,0.0000000000,0.0000000000,0.0000000000,0.0000000000,,,
34.7559999439,271,225000.0000000000,217796.8281250000,225000.0000000000,225000.0000000000,0.0000000000,0.0000000000,0.0000000000,0.0000000000,,,
34.7599999439,271,219724.4687500000,216164.0625000000,225000.0000000000,219899.1406250000,0.0000000000,0.0000000000,0.0000000000,0.0000000000,,,
34.7639999439,271,201091.0625000000,214641.7343750000,224414.3125000000,171726.5000000000,0.0000000000,0.0000000000,0.0000000000,0.0000000000,,,
34.7679999438,271,211907.7968750000,215321.4375000000,225000.0000000000,197715.1250000000,0.0000000000,0.0000000000,0.0000000000,0.0000000000,,,
34.7719999438,271,225000.0000000000,217246.4687500000,225000.0000000000,225000.0000000000,0.0000000000,0.0000000000,0.0000000000,0.0000000000,,,
34.7759999440,271,225000.0000000000,217814.8437500000,225000.0000000000,225000.0000000000,0.0000000000,0.0000000000,0.0000000000,0.0000000000,,,
34.7799999439,271,219834.0937500000,216190.1250000000,225000.0000000000,220118.4687500000,0.0000000000,0.0000000000,0.0000000000,0.0000000000,,,
34.7839999439,271,201041.4375000000,214656.4687500000,224334.7343750000,171644.0156250000,0.0000000000,0.0000000000,0.0000000000,0.0000000000,,,
34.7879999438,271,211730.5468750000,215322.3750000000,225000.0000000000,197268.8281250000,0.0000000000,0.0000000000,0.0000000000,0.0000000000,,,
34.7919999438,271,225000.0000000000,217242.2968750000,225000.0000000000,225000.0000000000,0.0000000000,0.0000000000,0.0000000000,0.0000000000,,,
34.7959999437,271,225000.0000000000,217816.2656250000,225000.0000000000,225000.0000000000,0.0000000000,0.0000000000,0.0000000000,0.0000000000,,,
34.7999999439,271,219943.3906250000,216197.9531250000,225000.0000000000,220325.2031250000,0.0000000000,0.0000000000,0.0000000000,0.0000000000,,,
34.8039999439,271,200975.4218750000,214657.9687500000,224233.8593750000,171500.5156250000,0.0000000000,0.0000000000,0.0000000000,0.0000000000,,,
34.8079999438,271,211541.1562500000,215311.3593750000,225000.0000000000,196787.4843750000,0.0000000000,0.0000000000,0.0000000000,0.0000000000,,,
34.8119999438,271,225000.0000000000,217226.2343750000,225000.0000000000,225000.0000000000,0.0000000000,0.0000000000,0.0000000000,0.0000000000,,,
34.8159999438,272,225000.0000000000,217812.4843750000,225000.0000000000,225000.0000000000,0.0000000000,0.0000000000,0.0000000000,0.0000000000,,,
34.8199999437,272,220035.3750000000,216210.2500000000,225000.0000000000,220482.1406250000,0.0000000000,0.0000000000,0.0000000000,0.0000000000,,,
34.8239999437,272,200910.5937500000,214668.3750000000,224163.0000000000,171348.1718750000,0.0000000000,0.0000000000,0.0000000000,0.0000000000,,,
34.8279999436,272,211359.8125000000,215302.5625000000,225000.0000000000,196315.8906250000,0.0000000000,0.0000000000,0.0000000000,0.0000000000,,,
34.8319999436,272,225000.0000000000,217215.9062500000,225000.0000000000,225000.0000000000,0.0000000000,0.0000000000,0.0000000000,0.0000000000,,,
34.8359999435,272,225000.0000000000,217815.6875000000,225000.0000000000,225000.0000000000,0.0000000000,0.0000000000,0.0000000000,0.0000000000,,,
34.8399999437,272,220162.2031250000,216226.1718750000,225000.0000000000,220678.5625000000,0.0000000000,0.0000000000,0.0000000000,0.0000000000,,,
34.8439999437,272,200895.9843750000,214686.4531250000,224140.5156250000,171238.7187500000,0.0000000000,0.0000000000,0.0000000000,0.0000000000,,,
34.8479999437,272,211230.0000000000,215312.4218750000,225000.0000000000,195872.3125000000,0.0000000000,0.0000000000,0.0000000000,0.0000000000,,,
34.8519999436,272,225000.0000000000,217218.3750000000,225000.0000000000,225000.0000000000,0.0000000000,0.0000000000,0.0000000000,0.0000000000,,,
34.8559999436,272,225000.0000000000,217824.6718750000,225000.0000000000,225000.0000000000,0.0000000000,0.0000000000,0.0000000000,0.0000000000,,,
34.8599999438,272,220312.1406250000,216243.3437500000,225000.0000000000,220896.4062500000,0.0000000000,0.0000000000,0.0000000000,0.0000000000,,,
34.8639999437,272,200923.8750000000,214696.6250000000,224175.3906250000,171219.0312500000,0.0000000000,0.0000000000,0.0000000000,0.0000000000,,,
34.8679999437,272,211131.9687500000,215311.2968750000,225000.0000000000,195531.0468750000,0.0000000000,0.0000000000,0.0000000000,0.0000000000,,,
34.8719999436,272,225000.0000000000,217212.5312500000,225000.0000000000,225000.0000000000,0.0000000000,0.0000000000,0.0000000000,0.0000000000,,,
34.8759999436,272,225000.0000000000,217825.5000000000,225000.0000000000,225000.0000000000,0.0000000000,0.0000000000,0.0000000000,0.0000000000,,,
34.8799999435,272,220483.7500000000,216253.3750000000,225000.0000000000,221147.7812500000,0.0000000000,0.0000000000,0.0000000000,0.0000000000,,,
34.8839999437,272,200980.3125000000,214698.5000000000,224221.1406250000,171257.3593750000,0.0000000000,0.0000000000,0.0000000000,0.0000000000,,,
34.8879999437,272,211036.2031250000,215296.6093750000,225000.0000000000,195196.0781250000,0.0000000000,0.0000000000,0.0000000000,0.0000000000,,,
34.8919999436,272,225000.0000000000,217190.1875000000,225000.0000000000,225000.0000000000,0.0000000000,0.0000000000,0.0000000000,0.0000000000,,,
34.8959999436,272,225000.0000000000,217811.9843750000,225000.0000000000,225000.0000000000,0.0000000000,0.0000000000,0.0000000000,0.0000000000,,,
34.8999999436,272,220620.8750000000,216240.1250000000,225000.0000000000,221410.0625000000,0.0000000000,0.0000000000,0.0000000000,0.0000000000,,,
34.9039999438,272,201020.5625000000,214675.4218750000,224260.0937500000,171320.4687500000,0.0000000000,0.0000000000,0.0000000000,0.0000000000,,,
34.9079999437,272,210917.1250000000,215260.3437500000,225000.0000000000,194854.8437500000,0.0000000000,0.0000000000,0.0000000000,0.0000000000,,,
34.9119999437,272,225000.0000000000,217161.4062500000,225000.0000000000,225000.0000000000,0.0000000000,0.0000000000,0.0000000000,0.0000000000,,,
34.9159999436,272,225000.0000000000,217801.2812500000,225000.0000000000,225000.0000000000,0.0000000000,0.0000000000,0.0000000000,0.0000000000,,,
34.9199999436,272,220752.3750000000,216240.4375000000,225000.0000000000,221660.2031250000,0.0000000000,0.0000000000,0.0000000000,0.0000000000,,,
34.9239999435,272,201048.2031250000,214666.9062500000,224293.0312500000,171362.4375000000,0.0000000000,0.0000000000,0.0000000000,0.0000000000,,,
34.9279999437,272,210802.6406250000,215239.7343750000,225000.0000000000,194545.6093750000,0.0000000000,0.0000000000,0.0000000000,0.0000000000,,,
34.9319999437,272,225000.0000000000,217136.8593750000,225000.0000000000,225000.0000000000,0.0000000000,0.0000000000,0.0000000000,0.0000000000,,,
34.9359999436,272,225000.0000000000,217781.4218750000,225000.0000000000,225000.0000000000,0.0000000000,0.0000000000,0.0000000000,0.0000000000,,,
34.9399999436,272,220865.5937500000,216221.2968750000,225000.0000000000,221909.9843750000,0.0000000000,0.0000000000,0.0000000000,0.0000000000,,,
34.9439999436,273,201083.7031250000,214642.0312500000,224340.9531250000,171454.5000000000,0.0000000000,0.0000000000,0.0000000000,0.0000000000,,,
34.9479999435,273,210685.1562500000,215207.6562500000,225000.0000000000,194245.2343750000,0.0000000000,0.0000000000,0.0000000000,0.0000000000,,,
34.9519999435,273,225000.0000000000,217106.9843750000,225000.0000000000,225000.0000000000,0.0000000000,0.0000000000,0.0000000000,0.0000000000,,,
34.9559999434,273,225000.0000000000,217767.7187500000,225000.0000000000,225000.0000000000,0.0000000000,0.0000000000,0.0000000000,0.0000000000,,,
34.9599999434,273,221008.6562500000,216225.6718750000,225000.0000000000,222177.2500000000,0.0000000000,0.0000000000,0.0000000000,0.0000000000,,,
34.9639999433,273,201116.9218750000,214639.5156250000,224375.1093750000,171512.2187500000,0.0000000000,0.0000000000,0.0000000000,0.0000000000,,,
34.9679999435,273,210568.7500000000,215192.1250000000,225000.0000000000,193933.4218750000,0.0000000000,0.0000000000,0.0000000000,0.0000000000,,,
34.9719999435,273,225000.0000000000,217087.2187500000,225000.0000000000,225000.0000000000,0.0000000000,0.0000000000,0.0000000000,0.0000000000,,,
34.9759999434,273,225000.0000000000,217755.5781250000,225000.0000000000,225000.0000000000,0.0000000000,0.0000000000,0.0000000000,0.0000000000,,,
34.9799999434,273,221125.3125000000,216215.9218750000,225000.0000000000,222369.2343750000,0.0000000000,0.0000000000,0.0000000000,0.0000000000,,,
34.9839999434,273,201120.7968750000,214624.6093750000,224394.3906250000,171520.2031250000,0.0000000000,0.0000000000,0.0000000000,0.0000000000,,,
34.9879999436,273,210433.7500000000,215166.9687500000,225000.0000000000,193554.2343750000,0.0000000000,0.0000000000,0.0000000000,0.0000000000,,,
34.9919999435,273,225000.0000000000,217062.4375000000,225000.0000000000,225000.0000000000,0.0000000000,0.0000000000,0.0000000000,0.0000000000,,,
34.9959999435,273,225000.0000000000,217744.6875000000,225000.0000000000,225000.0000000000,0.0000000000,0.0000000000,0.0000000000,0.0000000000,,,
34.9999999434,273,221231.9531250000,216220.4687500000,225000.0000000000,222590.9218750000,0.0000000000,0.0000000000,0.0000000000,0.0000000000,,,
35.0039999434,273,201123.1875000000,214634.7656250000,224409.5625000000,171514.3593750000,0.0000000000,0.0000000000,0.0000000000,0.0000000000,,,
35.0079999433,273,210307.6406250000,215171.8750000000,225000.0000000000,193189.7031250000,0.0000000000,0.0000000000,0.0000000000,0.0000000000,,,
35.0119999435,273,225000.0000000000,217064.9062500000,225000.0000000000,225000.0000000000,0.0000000000,0.0000000000,0.0000000000,0.0000000000,,,
35.0159999435,273,225000.0000000000,217756.3750000000,225000.0000000000,225000.0000000000,0.0000000000,0.0000000000,0.0000000000,0.0000000000,,,
35.0199999434,273,221361.1093750000,216242.4843750000,225000.0000000000,222818.7500000000,0.0000000000,0.0000000000,0.0000000000,0.0000000000,,,
35.0239999434,273,201112.8906250000,214649.4062500000,224387.4218750000,171465.2812500000,0.0000000000,0.0000000000,0.0000000000,0.0000000000,,,
35.0279999434,273,210134.5312500000,215165.5781250000,225000.0000000000,192688.9375000000,0.0000000000,0.0000000000,0.0000000000,0.0000000000,,,
35.0319999435,273,225000.0000000000,217056.6875000000,225000.0000000000,225000.0000000000,0.0000000000,0.0000000000,0.0000000000,0.0000000000,,,
35.0359999435,273,225000.0000000000,217761.2812500000,225000.0000000000,225000.0000000000,0.0000000000,0.0000000000,0.0000000000,0.0000000000,,,
35.0399999435,273,221502.8125000000,216256.8281250000,225000.0000000000,223041.8906250000,0.0000000000,0.0000000000,0.0000000000,0.0000000000,,,
35.0439999434,273,201080.7812500000,214655.5000000000,224323.4687500000,171305.4218750000,0.0000000000,0.0000000000,0.0000000000,0.0000000000,,,
35.0479999434,273,209976.4375000000,215156.6718750000,225000.0000000000,192168.9531250000,0.0000000000,0.0000000000,0.0000000000,0.0000000000,,,
35.0519999433,273,225000.0000000000,217035.2031250000,225000.0000000000,225000.0000000000,0.0000000000,0.0000000000,0.0000000000,0.0000000000,,,
35.0559999435,273,225000.0000000000,217749.4531250000,225000.0000000000,225000.0000000000,0.0000000000,0.0000000000,0.0000000000,0.0000000000,,,
35.0599999435,273,221606.7656250000,216254.3593750000,225000.0000000000,223207.9062500000,0.0000000000,0.0000000000,0.0000000000,0.0000000000,,,
35.0639999434,273,201049.3281250000,214645.6875000000,224279.4531250000,171154.1718750000,0.0000000000,0.0000000000,0.0000000000,0.0000000000,,,
35.0679999434,273,209807.5937500000,215132.1250000000,225000.0000000000,191610.0156250000,0.0000000000,0.0000000000,0.0000000000,0.0000000000,,,
35.0719999433,274,225000.0000000000,217013.5937500000,225000.0000000000,225000.0000000000,0.0000000000,0.0000000000,0.0000000000,0.0000000000,,,
35.0759999433,274,225000.0000000000,217737.6562500000,225000.0000000000,225000.0000000000,0.0000000000,0.0000000000,0.0000000000,0.0000000000,,,
35.0799999433,274,221745.3281250000,216252.8125000000,225000.0000000000,223440.7500000000,0.0000000000,0.0000000000,0.0000000000,0.0000000000,,,
35.0839999432,274,201035.0781250000,214644.5312500000,224246.3281250000,171083.8125000000,0.0000000000,0.0000000000,0.0000000000,0.0000000000,,,
35.0879999432,274,209661.8906250000,215129.0781250000,225000.0000000000,191162.4062500000,0.0000000000,0.0000000000,0.0000000000,0.0000000000,,,
35.0919999431,274,225000.0000000000,217009.5937500000,225000.0000000000,225000.0000000000,0.0000000000,0.0000000000,0.0000000000,0.0000000000,,,
35.0959999433,274,225000.0000000000,217753.7812500000,225000.0000000000,225000.0000000000,0.0000000000,0.0000000000,0.0000000000,0.0000000000,,,
35.0999999433,274,221875.4687500000,216287.2968750000,225000.0000000000,223715.0312500000,0.0000000000,0.0000000000,0.0000000000,0.0000000000,,,
35.1039999432,274,201020.3750000000,214675.2656250000,224240.4531250000,171205.7187500000,0.0000000000,0.0000000000,0.0000000000,0.0000000000,,,
35.1079999432,274,209509.1406250000,215147.4687500000,225000.0000000000,190873.7968750000,0.0000000000,0.0000000000,0.0000000000,0.0000000000,,,
35.1119999432,274,225000.0000000000,217028.2656250000,225000.0000000000,225000.0000000000,0.0000000000,0.0000000000,0.0000000000,0.0000000000,,,
35.1159999433,274,225000.0000000000,217781.9843750000,225000.0000000000,225000.0000000000,0.0000000000,0.0000000000,0.0000000000,0.0000000000,,,
35.1199999433,274,222016.1875000000,216320.7500000000,225000.0000000000,223952.4687500000,0.0000000000,0.0000000000,0.0000000000,0.0000000000,,,
35.1239999433,274,200996.0000000000,214698.6875000000,224238.0468750000,171344.7187500000,0.0000000000,0.0000000000,0.0000000000,0.0000000000,,,
35.1279999432,274,209346.6562500000,215153.5000000000,225000.0000000000,190584.1406250000,0.0000000000,0.0000000000,0.0000000000,0.0000000000,,,
35.1319999432,274,225000.0000000000,217029.2812500000,225000.0000000000,225000.0000000000,0.0000000000,0.0000000000,0.0000000000,0.0000000000,,,
35.1359999431,274,225000.0000000000,217788.8906250000,225000.0000000000,225000.0000000000,0.0000000000,0.0000000000,0.0000000000,0.0000000000,,,
35.1399999433,274,222148.2500000000,216332.0937500000,225000.0000000000,224269.6875000000,0.0000000000,0.0000000000,0.0000000000,0.0000000000,,,
35.1439999433,274,200963.7656250000,214702.1406250000,224244.0468750000,171482.3906250000,0.0000000000,0.0000000000,0.0000000000,0.0000000000,,,
35.1479999432,274,209170.4375000000,215146.1250000000,225000.0000000000,190248.4687500000,0.0000000000,0.0000000000,0.0000000000,0.0000000000,,,
35.1519999432,274,225000.0000000000,217022.8125000000,225000.0000000000,225000.0000000000,0.0000000000,0.0000000000,0.0000000000,0.0000000000,,,
35.1559999431,274,225000.0000000000,217791.9218750000,225000.0000000000,225000.0000000000,0.0000000000,0.0000000000,0.0000000000,0.0000000000,,,
35.1599999433,274,222296.4375000000,216340.6718750000,225000.0000000000,224511.9531250000,0.0000000000,0.0000000000,0.0000000000,0.0000000000,,,
35.1639999433,274,200963.8125000000,214701.3906250000,224274.4375000000,171597.5937500000,0.0000000000,0.0000000000,0.0000000000,0.0000000000,,,
35.1679999433,274,209029.2187500000,215130.6250000000,225000.0000000000,189938.9218750000,0.0000000000,0.0000000000,0.0000000000,0.0000000000,,,
35.1719999432,274,225000.0000000000,217003.0312500000,225000.0000000000,225000.0000000000,0.0000000000,0.0000000000,0.0000000000,0.0000000000,,,
35.1759999432,274,225000.0000000000,217783.4062500000,225000.0000000000,225000.0000000000,0.0000000000,0.0000000000,0.0000000000,0.0000000000,,,
35.1799999431,274,222458.7187500000,216342.5781250000,225000.0000000000,224789.2343750000,0.0000000000,0.0000000000,0.0000000000,0.0000000000,,,
35.1839999433,274,201035.3750000000,214705.1718750000,224344.8750000000,171762.5468750000,0.0000000000,0.0000000000,0.0000000000,0.0000000000,,,
35.1879999433,274,208939.8125000000,215126.5468750000,225000.0000000000,189651.6562500000,0.0000000000,0.0000000000,0.0000000000,0.0000000000,,,
35.1919999432,274,225000.0000000000,216993.1875000000,225000.0000000000,225000.0000000000,0.0000000000,0.0000000000,0.0000000000,0.0000000000,,,
35.1959999432,274,225000.0000000000,217783.8906250000,225000.0000000000,225000.0000000000,0.0000000000,0.0000000000,0.0000000000,0.0000000000,,,
35.1999999431,275,222618.2343750000,216353.8437500000,225000.0000000000,225000.0000000000,0.0000000000,0.0000000000,0.0000000000,0.0000000000,,,
35.2039999431,275,201106.9843750000,214707.2187500000,224420.0000000000,171937.5625000000,0.0000000000,0.0000000000,0.0000000000,0.0000000000,,,
35.2079999431,275,208832.8750000000,215112.9531250000,225000.0000000000,189360.6562500000,0.0000000000,0.0000000000,0.0000000000,0.0000000000,,,
35.2119999430,275,225000.0000000000,216978.5625000000,225000.0000000000,225000.0000000000,0.0000000000,0.0000000000,0.0000000000,0.0000000000,,,
35.2159999430,275,225000.0000000000,217783.6562500000,225000.0000000000,225000.0000000000,0.0000000000,0.0000000000,0.0000000000,0.0000000000,,,
35.2199999429,275,222770.6562500000,216363.5312500000,225000.0000000000,225000.0000000000,0.0000000000,0.0000000000,0.0000000000,0.0000000000,,,
35.2239999431,275,201169.0781250000,214713.4375000000,224481.4843750000,172064.6250000000,0.0000000000,0.0000000000,0.0000000000,0.0000000000,,,
35.2279999431,275,208737.4687500000,215108.9062500000,225000.0000000000,189053.2187500000,0.0000000000,0.0000000000,0.0000000000,0.0000000000,,,
35.2319999430,275,225000.0000000000,216967.6718750000,225000.0000000000,225000.0000000000,0.0000000000,0.0000000000,0.0000000000,0.0000000000,,,
35.2359999430,275,225000.0000000000,217777.6250000000,225000.0000000000,225000.0000000000,0.0000000000,0.0000000000,0.0000000000,0.0000000000,,,
35.2399999429,275,222918.1562500000,216370.6875000000,225000.0000000000,225000.0000000000,0.0000000000,0.0000000000,0.0000000000,0.0000000000,,,
35.2439999431,275,201239.0312500000,214717.2656250000,224540.4375000000,172214.6562500000,0.0000000000,0.0000000000,0.0000000000,0.0000000000,,,
35.2479999431,275,208649.9062500000,215097.4687500000,225000.0000000000,188783.6406250000,0.0000000000,0.0000000000,0.0000000000,0.0000000000,,,
35.2519999431,275,225000.0000000000,216950.6093750000,225000.0000000000,225000.0000000000,0.0000000000,0.0000000000,0.0000000000,0.0000000000,,,
35.2559999430,275,225000.0000000000,217773.7500000000,225000.0000000000,225000.0000000000,0.0000000000,0.0000000000,0.0000000000,0.0000000000,,,
35.2599999430,275,223073.1250000000,216377.4218750000,225000.0000000000,225000.0000000000,0.0000000000,0.0000000000,0.0000000000,0.0000000000,,,
35.2639999429,275,201298.1718750000,214713.7812500000,224605.2031250000,172344.1093750000,0.0000000000,0.0000000000,0.0000000000,0.0000000000,,,
35.2679999431,275,208542.6718750000,215081.5625000000,225000.0000000000,188467.4218750000,0.0000000000,0.0000000000,0.0000000000,0.0000000000,,,
35.2719999431,275,225000.0000000000,216936.3906250000,225000.0000000000,225000.0000000000,0.0000000000,0.0000000000,0.0000000000,0.0000000000,,,
35.2759999430,275,225000.0000000000,217769.7656250000,225000.0000000000,225000.0000000000,0.0000000000,0.0000000000,0.0000000000,0.0000000000,,,
35.2799999430,275,223219.9843750000,216380.8281250000,225000.0000000000,225000.0000000000,0.0000000000,0.0000000000,0.0000000000,0.0000000000,,,
35.2839999429,275,201355.9843750000,214715.2343750000,224676.1875000000,172515.2343750000,0.0000000000,0.0000000000,0.0000000000,0.0000000000,,,
35.2879999431,275,208436.3125000000,215075.1250000000,225000.0000000000,188169.2656250000,0.0000000000,0.0000000000,0.0000000000,0.0000000000,,,
35.2919999431,275,225000.0000000000,216933.4531250000,225000.0000000000,225000.0000000000,0.0000000000,0.0000000000,0.0000000000,0.0000000000,,,
35.2959999430,275,225000.0000000000,217781.2187500000,225000.0000000000,225000.0000000000,0.0000000000,0.0000000000,0.0000000000,0.0000000000,,,
35.2999999430,275,223364.4218750000,216402.8750000000,225000.0000000000,225000.0000000000,0.0000000000,0.0000000000,0.0000000000,0.0000000000,,,
35.3039999430,275,201417.1093750000,214733.7656250000,224740.6093750000,172681.3125000000,0.0000000000,0.0000000000,0.0000000000,0.0000000000,,,
35.3079999429,275,208326.2968750000,215081.4687500000,225000.0000000000,187867.1562500000,0.0000000000,0.0000000000,0.0000000000,0.0000000000,,,
35.3119999431,275,225000.0000000000,216930.6875000000,225000.0000000000,225000.0000000000,0.0000000000,0.0000000000,0.0000000000,0.0000000000,,,
35.3159999431,275,225000.0000000000,217784.8125000000,225000.0000000000,225000.0000000000,0.0000000000,0.0000000000,0.0000000000,0.0000000000,,,
35.3199999430,275,223507.3750000000,216408.5156250000,225000.0000000000,225000.0000000000,0.0000000000,0.0000000000,0.0000000000,0.0000000000,,,
35.3239999430,275,201459.1875000000,214730.7656250000,224787.8125000000,172821.7500000000,0.0000000000,0.0000000000,0.0000000000,0.0000000000,,,
35.3279999429,276,208197.6562500000,215059.6093750000,225000.0000000000,187555.7968750000,0.0000000000,0.0000000000,0.0000000000,0.0000000000,,,
35.3319999429,276,225000.0000000000,216898.0156250000,225000.0000000000,225000.0000000000,0.0000000000,0.0000000000,0.0000000000,0.0000000000,,,
35.3359999429,276,225000.0000000000,217753.2656250000,225000.0000000000,225000.0000000000,0.0000000000,0.0000000000,0.0000000000,0.0000000000,,,
35.3399999428,276,223623.8437500000,216387.7812500000,225000.0000000000,225000.0000000000,0.0000000000,0.0000000000,0.0000000000,0.0000000000,,,
35.3439999428,276,201481.6718750000,214703.7343750000,224829.0625000000,172967.6093750000,0.0000000000,0.0000000000,0.0000000000,0.0000000000,,,
35.3479999427,276,208052.9218750000,215019.6875000000,225000.0000000000,187249.4843750000,0.0000000000,0.0000000000,0.0000000000,0.0000000000,,,
35.3519999429,276,225000.0000000000,216858.8750000000,225000.0000000000,225000.0000000000,0.0000000000,0.0000000000,0.0000000000,0.0000000000,,,
35.3559999429,276,225000.0000000000,217732.8593750000,225000.0000000000,225000.0000000000,0.0000000000,0.0000000000,0.0000000000,0.0000000000,,,
35.3599999428,276,223735.6875000000,216381.9843750000,225000.0000000000,225000.0000000000,0.0000000000,0.0000000000,0.0000000000,0.0000000000,,,
35.3639999428,276,201504.6562500000,214695.8750000000,224863.6406250000,173074.0937500000,0.0000000000,0.0000000000,0.0000000000,0.0000000000,,,
35.3679999427,276,207915.7031250000,215003.7656250000,225000.0000000000,186909.8437500000,0.0000000000,0.0000000000,0.0000000000,0.0000000000,,,
35.3719999429,276,225000.0000000000,216842.2812500000,225000.0000000000,225000.0000000000,0.0000000000,0.0000000000,0.0000000000,0.0000000000,,,
35.3759999429,276,225000.0000000000,217730.6562500000,225000.0000000000,225000.0000000000,0.0000000000,0.0000000000,0.0000000000,0.0000000000,,,
35.3799999428,276,223837.8593750000,216391.2968750000,225000.0000000000,225000.0000000000,0.0000000000,0.0000000000,0.0000000000,0.0000000000,,,
35.3839999428,276,201556.6875000000,214702.9687500000,224915.6562500000,173238.2187500000,0.0000000000,0.0000000000,0.0000000000,0.0000000000,,,
35.3879999428,276,207799.9687500000,214997.0781250000,225000.0000000000,186624.6718750000,0.0000000000,0.0000000000,0.0000000000,0.0000000000,,,
35.3919999427,276,225000.0000000000,216835.1406250000,225000.0000000000,225000.0000000000,0.0000000000,0.0000000000,0.0000000000,0.0000000000,,,
35.3959999429,276,225000.0000000000,217729.1250000000,225000.0000000000,225000.0000000000,0.0000000000,0.0000000000,0.0000000000,0.0000000000,,,
35.3999999429,276,223982.1562500000,216395.7187500000,225000.0000000000,225000.0000000000,0.0000000000,0.0000000000,0.0000000000,0.0000000000,,,
35.4039999428,276,201614.1093750000,214699.0000000000,224957.9218750000,173434.7187500000,0.0000000000,0.0000000000,0.0000000000,0.0000000000,,,
35.4079999428,276,207696.9062500000,214983.6718750000,225000.0000000000,186385.6562500000,0.0000000000,0.0000000000,0.0000000000,0.0000000000,,,
35.4119999427,276,225000.0000000000,216822.7187500000,225000.0000000000,225000.0000000000,0.0000000000,0.0000000000,0.0000000000,0.0000000000,,,
35.4159999429,276,225000.0000000000,217727.0625000000,225000.0000000000,225000.0000000000,0.0000000000,0.0000000000,0.0000000000,0.0000000000,,,
35.4199999429,276,224135.2343750000,216401.1562500000,225000.0000000000,225000.0000000000,0.0000000000,0.0000000000,0.0000000000,0.0000000000,,,
35.4239999428,276,201701.4531250000,214697.8750000000,225000.0000000000,173694.2812500000,0.0000000000,0.0000000000,0.0000000000,0.0000000000,,,
35.4279999428,276,207616.6562500000,214970.2031250000,225000.0000000000,186185.6718750000,0.0000000000,0.0000000000,0.0000000000,0.0000000000,,,
35.4319999428,276,225000.0000000000,216808.2968750000,225000.0000000000,225000.0000000000,0.0000000000,0.0000000000,0.0000000000,0.0000000000,,,
35.4359999427,276,225000.0000000000,217730.5937500000,225000.0000000000,225000.0000000000,0.0000000000,0.0000000000,0.0000000000,0.0000000000,,,
35.4399999429,276,224283.4531250000,216420.9843750000,225000.0000000000,225000.0000000000,0.0000000000,0.0000000000,0.0000000000,0.0000000000,,,
35.4439999429,276,201785.4843750000,214709.8125000000,225000.0000000000,173961.3750000000,0.0000000000,0.0000000000,0.0000000000,0.0000000000,,,
35.4479999428,276,207525.8437500000,214962.6093750000,225000.0000000000,185980.0781250000,0.0000000000,0.0000000000,0.0000000000,0.0000000000,,,
35.4519999428,276,225000.0000000000,216787.5156250000,225000.0000000000,225000.0000000000,0.0000000000,0.0000000000,0.0000000000,0.0000000000,,,
35.4559999427,277,225000.0000000000,217710.8281250000,225000.0000000000,225000.0000000000,0.0000000000,0.0000000000,0.0000000000,0.0000000000,,,
35.4599999427,277,224430.0937500000,216398.7968750000,225000.0000000000,225000.0000000000,0.0000000000,0.0000000000,0.0000000000,0.0000000000,,,
35.4639999426,277,201847.2343750000,214680.7968750000,225000.0000000000,174174.8750000000,0.0000000000,0.0000000000,0.0000000000,0.0000000000,,,
35.4679999426,277,207429.8906250000,214928.6250000000,225000.0000000000,185747.4531250000,0.0000000000,0.0000000000,0.0000000000,0.0000000000,,,
35.4719999426,277,225000.0000000000,216761.3906250000,225000.0000000000,225000.0000000000,0.0000000000,0.0000000000,0.0000000000,0.0000000000,,,
35.4759999425,277,225000.0000000000,217698.6562500000,225000.0000000000,225000.0000000000,0.0000000000,0.0000000000,0.0000000000,0.0000000000,,,
35.4799999427,277,224579.3750000000,216393.2031250000,225000.0000000000,225000.0000000000,0.0000000000,0.0000000000,0.0000000000,0.0000000000,,,
35.4839999427,277,201932.2812500000,214667.2187500000,225000.0000000000,174398.9375000000,0.0000000000,0.0000000000,0.0000000000,0.0000000000,,,
35.4879999426,277,207332.4531250000,214900.1406250000,225000.0000000000,185479.0937500000,0.0000000000,0.0000000000,0.0000000000,0.0000000000,,,
35.4919999426,277,225000.0000000000,216735.6406250000,225000.0000000000,225000.0000000000,0.0000000000,0.0000000000,0.0000000000,0.0000000000,,,
35.4959999425,277,225000.0000000000,217689.7968750000,225000.0000000000,225000.0000000000,0.0000000000,0.0000000000,0.0000000000,0.0000000000,,,
35.4999999427,277,224723.1718750000,216397.6562500000,225000.0000000000,225000.0000000000,0.0000000000,0.0000000000,0.0000000000,0.0000000000,,,
35.5039999427,277,202008.2968750000,214671.7812500000,225000.0000000000,174590.5937500000,0.0000000000,0.0000000000,0.0000000000,0.0000000000,,,
35.5079999426,277,207238.6250000000,214899.7656250000,225000.0000000000,185202.4843750000,0.0000000000,0.0000000000,0.0000000000,0.0000000000,,,
35.5119999426,277,225000.0000000000,216734.2187500000,225000.0000000000,225000.0000000000,0.0000000000,0.0000000000,0.0000000000,0.0000000000,,,
35.5159999426,277,225000.0000000000,217701.4218750000,225000.0000000000,225000.0000000000,0.0000000000,0.0000000000,0.0000000000,0.0000000000,,,
35.5199999425,277,224879.5781250000,216427.0468750000,225000.0000000000,225000.0000000000,0.0000000000,0.0000000000,0.0000000000,0.0000000000,,,
35.5239999427,277,202104.5781250000,214694.2812500000,225000.0000000000,174812.8906250000,0.0000000000,0.0000000000,0.0000000000,0.0000000000,,,
35.5279999427,277,207177.7656250000,214906.9843750000,225000.0000000000,184976.3750000000,0.0000000000,0.0000000000,0.0000000000,0.0000000000,,,
35.5319999426,277,225000.0000000000,216733.8125000000,225000.0000000000,225000.0000000000,0.0000000000,0.0000000000,0.0000000000,0.0000000000,,,
35.5359999426,277,225000.0000000000,217702.5156250000,225000.0000000000,225000.0000000000,0.0000000000,0.0000000000,0.0000000000,0.0000000000,,,
35.5399999425,277,225000.0000000000,216432.3593750000,225000.0000000000,225000.0000000000,0.0000000000,0.0000000000,0.0000000000,0.0000000000,,,
35.5439999427,277,202231.3125000000,214697.2656250000,225000.0000000000,175210.2656250000,0.0000000000,0.0000000000,0.0000000000,0.0000000000,,,
35.5479999427,277,207121.0937500000,214898.8281250000,225000.0000000000,184915.2656250000,0.0000000000,0.0000000000,0.0000000000,0.0000000000,,,
35.5519999426,277,225000.0000000000,216726.4687500000,225000.0000000000,225000.0000000000,0.0000000000,0.0000000000,0.0000000000,0.0000000000,,,
35.5559999426,277,225000.0000000000,217717.3750000000,225000.0000000000,225000.0000000000,0.0000000000,0.0000000000,0.0000000000,0.0000000000,,,
35.5599999425,277,225000.0000000000,216460.2812500000,225000.0000000000,225000.0000000000,0.0000000000,0.0000000000,0.0000000000,0.0000000000,,,
35.5639999425,277,202348.3906250000,214717.0625000000,225000.0000000000,175618.6562500000,0.0000000000,0.0000000000,0.0000000000,0.0000000000,,,
35.5679999427,277,207076.3281250000,214906.1875000000,225000.0000000000,184913.3437500000,0.0000000000,0.0000000000,0.0000000000,0.0000000000,,,
35.5719999427,277,225000.0000000000,216727.1093750000,225000.0000000000,225000.0000000000,0.0000000000,0.0000000000,0.0000000000,0.0000000000,,,
35.5759999426,277,225000.0000000000,217719.6250000000,225000.0000000000,225000.0000000000,0.0000000000,0.0000000000,0.0000000000,0.0000000000,,,
35.5799999426,277,225000.0000000000,216466.2031250000,225000.0000000000,225000.0000000000,0.0000000000,0.0000000000,0.0000000000,0.0000000000,,,
35.5839999425,278,202499.6406250000,214714.1562500000,225000.0000000000,176047.0312500000,0.0000000000,0.0000000000,0.0000000000,0.0000000000,,,
35.5879999425,278,207046.3906250000,214887.0312500000,225000.0000000000,184874.9375000000,0.0000000000,0.0000000000,0.0000000000,0.0000000000,,,
35.5919999424,278,225000.0000000000,216705.4375000000,225000.0000000000,225000.0000000000,0.0000000000,0.0000000000,0.0000000000,0.0000000000,,,
35.5959999424,278,225000.0000000000,217712.8125000000,225000.0000000000,225000.0000000000,0.0000000000,0.0000000000,0.0000000000,0.0000000000,,,
35.5999999424,278,225000.0000000000,216463.3437500000,225000.0000000000,225000.0000000000,0.0000000000,0.0000000000,0.0000000000,0.0000000000,,,
35.6039999423,278,202620.4843750000,214697.5625000000,225000.0000000000,176406.3125000000,0.0000000000,0.0000000000,0.0000000000,0.0000000000,,,
35.6079999425,278,207007.3125000000,214864.2343750000,225000.0000000000,184798.7500000000,0.0000000000,0.0000000000,0.0000000000,0.0000000000,,,
35.6119999425,278,225000.0000000000,216695.6406250000,225000.0000000000,225000.0000000000,0.0000000000,0.0000000000,0.0000000000,0.0000000000,,,
35.6159999424,278,225000.0000000000,217717.4062500000,225000.0000000000,225000.0000000000,0.0000000000,0.0000000000,0.0000000000,0.0000000000,,,
35.6199999424,278,225000.0000000000,216473.6406250000,225000.0000000000,225000.0000000000,0.0000000000,0.0000000000,0.0000000000,0.0000000000,,,
35.6239999423,278,202722.9687500000,214698.5781250000,225000.0000000000,176789.5937500000,0.0000000000,0.0000000000,0.0000000000,0.0000000000,,,
35.6279999425,278,206930.6562500000,214856.4531250000,225000.0000000000,184702.0625000000,0.0000000000,0.0000000000,0.0000000000,0.0000000000,,,
35.6319999425,278,225000.0000000000,216679.8437500000,225000.0000000000,225000.0000000000,0.0000000000,0.0000000000,0.0000000000,0.0000000000,,,
35.6359999424,278,225000.0000000000,217707.7500000000,225000.0000000000,225000.0000000000,0.0000000000,0.0000000000,0.0000000000,0.0000000000,,,
35.6399999424,278,225000.0000000000,216477.0625000000,225000.0000000000,225000.0000000000,0.0000000000,0.0000000000,0.0000000000,0.0000000000,,,
35.6439999423,278,202802.7968750000,214704.5781250000,225000.0000000000,177107.8906250000,0.0000000000,0.0000000000,0.0000000000,0.0000000000,,,
35.6479999423,278,206850.5156250000,214851.4843750000,225000.0000000000,184594.0156250000,0.0000000000,0.0000000000,0.0000000000,0.0000000000,,,
35.6519999425,278,225000.0000000000,216678.9062500000,225000.0000000000,225000.0000000000,0.0000000000,0.0000000000,0.0000000000,0.0000000000,,,
35.6559999424,278,225000.0000000000,217720.5625000000,225000.0000000000,225000.0000000000,0.0000000000,0.0000000000,0.0000000000,0.0000000000,,,
35.6599999424,278,225000.0000000000,216500.3750000000,225000.0000000000,225000.0000000000,0.0000000000,0.0000000000,0.0000000000,0.0000000000,,,
35.6639999424,278,202872.7500000000,214725.8750000000,225000.0000000000,177378.4218750000,0.0000000000,0.0000000000,0.0000000000,0.0000000000,,,
35.6679999423,278,206762.0312500000,214862.1718750000,225000.0000000000,184414.2656250000,0.0000000000,0.0000000000,0.0000000000,0.0000000000,,,
35.6719999425,278,225000.0000000000,216685.9375000000,225000.0000000000,225000.0000000000,0.0000000000,0.0000000000,0.0000000000,0.0000000000,,,
35.6759999425,278,225000.0000000000,217739.5000000000,225000.0000000000,225000.0000000000,0.0000000000,0.0000000000,0.0000000000,0.0000000000,,,
35.6799999424,278,225000.0000000000,216525.2968750000,225000.0000000000,225000.0000000000,0.0000000000,0.0000000000,0.0000000000,0.0000000000,,,
35.6839999424,278,202909.3593750000,214736.6093750000,225000.0000000000,177550.8281250000,0.0000000000,0.0000000000,0.0000000000,0.0000000000,,,
35.6879999423,278,206628.3750000000,214855.7031250000,225000.0000000000,184123.8593750000,0.0000000000,0.0000000000,0.0000000000,0.0000000000,,,
35.6919999423,278,225000.0000000000,216681.6875000000,225000.0000000000,225000.0000000000,0.0000000000,0.0000000000,0.0000000000,0.0000000000,,,
35.6959999425,278,225000.0000000000,217744.8750000000,225000.0000000000,225000.0000000000,0.0000000000,0.0000000000,0.0000000000,0.0000000000,,,
35.6999999424,278,225000.0000000000,216537.6093750000,225000.0000000000,225000.0000000000,0.0000000000,0.0000000000,0.0000000000,0.0000000000,,,
35.7039999424,278,202954.2812500000,214741.5781250000,225000.0000000000,177738.0468750000,0.0000000000,0.0000000000,0.0000000000,0.0000000000,,,
35.7079999424,278,206507.4062500000,214847.5468750000,225000.0000000000,183860.4375000000,0.0000000000,0.0000000000,0.0000000000,0.0000000000,,,
35.7119999423,279,225000.0000000000,216671.7500000000,225000.0000000000,225000.0000000000,0.0000000000,0.0000000000,0.0000000000,0.0000000000,,,
35.7159999423,279,225000.0000000000,217748.5468750000,225000.0000000000,225000.0000000000,0.0000000000,0.0000000000,0.0000000000,0.0000000000,,,
35.7199999422,279,225000.0000000000,216548.1406250000,225000.0000000000,225000.0000000000,0.0000000000,0.0000000000,0.0000000000,0.0000000000,,,
35.7239999422,279,203019.8906250000,214748.1718750000,225000.0000000000,177969.0781250000,0.0000000000,0.0000000000,0.0000000000,0.0000000000,,,
35.7279999421,279,206425.8906250000,214843.6250000000,225000.0000000000,183683.4687500000,0.0000000000,0.0000000000,0.0000000000,0.0000000000,,,
35.7319999421,279,225000.0000000000,216661.8437500000,225000.0000000000,225000.0000000000,0.0000000000,0.0000000000,0.0000000000,0.0000000000,,,
35.7359999423,279,225000.0000000000,217743.9375000000,225000.0000000000,225000.0000000000,0.0000000000,0.0000000000,0.0000000000,0.0000000000,,,
35.7399999422,279,225000.0000000000,216553.4843750000,225000.0000000000,225000.0000000000,0.0000000000,0.0000000000,0.0000000000,0.0000000000,,,
35.7439999422,279,203125.4062500000,214748.4375000000,225000.0000000000,178251.7031250000,0.0000000000,0.0000000000,0.0000000000,0.0000000000,,,
35.7479999422,279,206372.0937500000,214834.0781250000,225000.0000000000,183524.5781250000,0.0000000000,0.0000000000,0.0000000000,0.0000000000,,,
35.7519999421,279,225000.0000000000,216655.4843750000,225000.0000000000,225000.0000000000,0.0000000000,0.0000000000,0.0000000000,0.0000000000,,,
35.7559999423,279,225000.0000000000,217752.1718750000,225000.0000000000,225000.0000000000,0.0000000000,0.0000000000,0.0000000000,0.0000000000,,,
35.7599999423,279,225000.0000000000,216565.2656250000,225000.0000000000,225000.0000000000,0.0000000000,0.0000000000,0.0000000000,0.0000000000,,,
35.7639999422,279,203221.0000000000,214752.3750000000,225000.0000000000,178481.7031250000,0.0000000000,0.0000000000,0.0000000000,0.0000000000,,,
35.7679999422,279,206307.3906250000,214824.6718750000,225000.0000000000,183327.9687500000,0.0000000000,0.0000000000,0.0000000000,0.0000000000,,,
35.7719999421,279,225000.0000000000,216640.6875000000,225000.0000000000,225000.0000000000,0.0000000000,0.0000000000,0.0000000000,0.0000000000,,,
35.7759999421,279,225000.0000000000,217745.0000000000,225000.0000000000,225000.0000000000,0.0000000000,0.0000000000,0.0000000000,0.0000000000,,,
35.7799999423,279,225000.0000000000,216562.9531250000,225000.0000000000,225000.0000000000,0.0000000000,0.0000000000,0.0000000000,0.0000000000,,,
35.7839999422,279,203259.2187500000,214736.5781250000,225000.0000000000,178638.2812500000,0.0000000000,0.0000000000,0.0000000000,0.0000000000,,,
35.7879999422,279,206178.0312500000,214795.5625000000,225000.0000000000,183020.8593750000,0.0000000000,0.0000000000,0.0000000000,0.0000000000,,,
35.7919999422,279,225000.0000000000,216612.5781250000,225000.0000000000,225000.0000000000,0.0000000000,0.0000000000,0.0000000000,0.0000000000,,,
35.7959999421,279,225000.0000000000,217728.0468750000,225000.0000000000,225000.0000000000,0.0000000000,0.0000000000,0.0000000000,0.0000000000,,,
35.7999999423,279,225000.0000000000,216555.9531250000,225000.0000000000,225000.0000000000,0.0000000000,0.0000000000,0.0000000000,0.0000000000,,,
35.8039999423,279,203287.4062500000,214725.4531250000,225000.0000000000,178796.8750000000,0.0000000000,0.0000000000,0.0000000000,0.0000000000,,,
35.8079999422,279,206033.1406250000,214772.2343750000,225000.0000000000,182707.8906250000,0.0000000000,0.0000000000,0.0000000000,0.0000000000,,,
35.8119999422,279,225000.0000000000,216586.0781250000,225000.0000000000,225000.0000000000,0.0000000000,0.0000000000,0.0000000000,0.0000000000,,,
35.8159999421,279,225000.0000000000,217714.1093750000,225000.0000000000,225000.0000000000,0.0000000000,0.0000000000,0.0000000000,0.0000000000,,,
35.8199999421,279,225000.0000000000,216552.5000000000,225000.0000000000,225000.0000000000,0.0000000000,0.0000000000,0.0000000000,0.0000000000,,,
35.8239999423,279,203312.6562500000,214718.8750000000,225000.0000000000,178962.7812500000,0.0000000000,0.0000000000,0.0000000000,0.0000000000,,,
35.8279999422,279,205898.4375000000,214758.2500000000,225000.0000000000,182424.3906250000,0.0000000000,0.0000000000,0.0000000000,0.0000000000,,,
35.8319999422,279,225000.0000000000,216569.6562500000,225000.0000000000,225000.0000000000,0.0000000000,0.0000000000,0.0000000000,0.0000000000,,,
35.8359999422,279,225000.0000000000,217708.1718750000,225000.0000000000,225000.0000000000,0.0000000000,0.0000000000,0.0000000000,0.0000000000,,,
35.8399999421,280,225000.0000000000,216561.0468750000,225000.0000000000,225000.0000000000,0.0000000000,0.0000000000,0.0000000000,0.0000000000,,,
35.8439999421,280,203367.7500000000,214731.6562500000,225000.0000000000,179144.0625000000,0.0000000000,0.0000000000,0.0000000000,0.0000000000,,,
35.8479999420,280,205789.4062500000,214759.3750000000,225000.0000000000,182150.9375000000,0.0000000000,0.0000000000,0.0000000000,0.0000000000,,,
35.8519999420,280,225000.0000000000,216563.7812500000,225000.0000000000,225000.0000000000,0.0000000000,0.0000000000,0.0000000000,0.0000000000,,,
35.8559999419,280,225000.0000000000,217706.8281250000,225000.0000000000,225000.0000000000,0.0000000000,0.0000000000,0.0000000000,0.0000000000,,,
35.8599999419,280,225000.0000000000,216571.2187500000,225000.0000000000,225000.0000000000,0.0000000000,0.0000000000,0.0000000000,0.0000000000,,,
35.8639999421,280,203433.0000000000,214731.6718750000,225000.0000000000,179328.0468750000,0.0000000000,0.0000000000,0.0000000000,0.0000000000,,,
35.8679999420,280,205694.2968750000,214744.6093750000,225000.0000000000,181885.0781250000,0.0000000000,0.0000000000,0.0000000000,0.0000000000,,,
35.8719999420,280,225000.0000000000,216550.6406250000,225000.0000000000,225000.0000000000,0.0000000000,0.0000000000,0.0000000000,0.0000000000,,,
35.8759999420,280,225000.0000000000,217701.4218750000,225000.0000000000,225000.0000000000,0.0000000000,0.0000000000,0.0000000000,0.0000000000,,,
35.8799999419,280,225000.0000000000,216576.6875000000,225000.0000000000,225000.0000000000,0.0000000000,0.0000000000,0.0000000000,0.0000000000,,,
35.8839999421,280,203525.3437500000,214738.7500000000,225000.0000000000,179521.4062500000,0.0000000000,0.0000000000,0.0000000000,0.0000000000,,,
35.8879999421,280,205627.9687500000,214741.1093750000,225000.0000000000,181636.1093750000,0.0000000000,0.0000000000,0.0000000000,0.0000000000,,,
35.8919999420,280,225000.0000000000,216543.9687500000,225000.0000000000,225000.0000000000,0.0000000000,0.0000000000,0.0000000000,0.0000000000,,,
35.8959999420,280,225000.0000000000,217706.4843750000,225000.0000000000,225000.0000000000,0.0000000000,0.0000000000,0.0000000000,0.0000000000,,,
35.8999999419,280,225000.0000000000,216590.5468750000,225000.0000000000,225000.0000000000,0.0000000000,0.0000000000,0.0000000000,0.0000000000,,,
35.9039999419,280,203619.7656250000,214743.6875000000,225000.0000000000,179738.3906250000,0.0000000000,0.0000000000,0.0000000000,0.0000000000,,,
35.9079999421,280,205558.5156250000,214731.0000000000,225000.0000000000,181402.2656250000,0.0000000000,0.0000000000,0.0000000000,0.0000000000,,,
35.9119999420,280,225000.0000000000,216525.0312500000,225000.0000000000,225000.0000000000,0.0000000000,0.0000000000,0.0000000000,0.0000000000,,,
35.9159999420,280,225000.0000000000,217693.4531250000,225000.0000000000,225000.0000000000,0.0000000000,0.0000000000,0.0000000000,0.0000000000,,,
35.9199999420,280,225000.0000000000,216581.4687500000,225000.0000000000,225000.0000000000,0.0000000000,0.0000000000,0.0000000000,0.0000000000,,,
35.9239999419,280,203709.5312500000,214727.4687500000,225000.0000000000,179984.8125000000,0.0000000000,0.0000000000,0.0000000000,0.0000000000,,,
35.9279999421,280,205486.7187500000,214706.1093750000,225000.0000000000,181204.8125000000,0.0000000000,0.0000000000,0.0000000000,0.0000000000,,,
35.9319999421,280,225000.0000000000,216504.7187500000,225000.0000000000,225000.0000000000,0.0000000000,0.0000000000,0.0000000000,0.0000000000,,,
35.9359999420,280,225000.0000000000,217684.1250000000,225000.0000000000,225000.0000000000,0.0000000000,0.0000000000,0.0000000000,0.0000000000,,,
35.9399999420,280,225000.0000000000,216582.2656250000,225000.0000000000,225000.0000000000,0.0000000000,0.0000000000,0.0000000000,0.0000000000,,,
35.9439999419,280,203813.6562500000,214720.3593750000,225000.0000000000,180251.7968750000,0.0000000000,0.0000000000,0.0000000000,0.0000000000,,,
35.9479999419,280,205427.2500000000,214682.1093750000,225000.0000000000,181049.8906250000,0.0000000000,0.0000000000,0.0000000000,0.0000000000,,,
35.9519999421,280,225000.0000000000,216473.7500000000,225000.0000000000,225000.0000000000,0.0000000000,0.0000000000,0.0000000000,0.0000000000,,,
35.9559999420,280,225000.0000000000,217666.5468750000,225000.0000000000,225000.0000000000,0.0000000000,0.0000000000,0.0000000000,0.0000000000,,,
35.9599999420,280,225000.0000000000,216577.8437500000,225000.0000000000,225000.0000000000,0.0000000000,0.0000000000,0.0000000000,0.0000000000,,,
35.9639999419,280,203910.7500000000,214719.6562500000,225000.0000000000,180534.6875000000,0.0000000000,0.0000000000,0.0000000000,0.0000000000,,,
35.9679999419,281,205365.1093750000,214675.1562500000,225000.0000000000,180913.7656250000,0.0000000000,0.0000000000,0.0000000000,0.0000000000,,,
35.9719999419,281,225000.0000000000,216469.7500000000,225000.0000000000,225000.0000000000,0.0000000000,0.0000000000,0.0000000000,0.0000000000,,,
35.9759999418,281,225000.0000000000,217685.6250000000,225000.0000000000,225000.0000000000,0.0000000000,0.0000000000,0.0000000000,0.0000000000,,,
35.9799999418,281,225000.0000000000,216613.7031250000,225000.0000000000,225000.0000000000,0.0000000000,0.0000000000,0.0000000000,0.0000000000,,,
35.9839999417,281,204022.0625000000,214755.8125000000,225000.0000000000,180867.7656250000,0.0000000000,0.0000000000,0.0000000000,0.0000000000,,,
35.9879999417,281,205318.0625000000,214708.5312500000,225000.0000000000,180799.3906250000,0.0000000000,0.0000000000,0.0000000000,0.0000000000,,,
35.9919999419,281,225000.0000000000,216503.0000000000,225000.0000000000,225000.0000000000,0.0000000000,0.0000000000,0.0000000000,0.0000000000,,,
35.9959999418,281,225000.0000000000,217717.3750000000,225000.0000000000,225000.0000000000,0.0000000000,0.0000000000,0.0000000000,0.0000000000,,,
35.9999999418,281,225000.0000000000,216641.4687500000,225000.0000000000,225000.0000000000,0.0000000000,0.0000000000,0.0000000000,0.0000000000,,,
36.0039999417,281,204098.4062500000,214765.5468750000,225000.0000000000,181152.0468750000,0.0000000000,0.0000000000,0.0000000000,0.0000000000,,,
36.0079999417,281,205220.9062500000,214698.1406250000,225000.0000000000,180627.4375000000,0.0000000000,0.0000000000,0.0000000000,0.0000000000,,,
36.0119999419,281,225000.0000000000,216492.9687500000,225000.0000000000,225000.0000000000,0.0000000000,0.0000000000,0.0000000000,0.0000000000,,,
36.0159999419,281,225000.0000000000,217724.5312500000,225000.0000000000,225000.0000000000,0.0000000000,0.0000000000,0.0000000000,0.0000000000,,,
36.0199999418,281,225000.0000000000,216659.1875000000,225000.0000000000,225000.0000000000,0.0000000000,0.0000000000,0.0000000000,0.0000000000,,,
36.0239999418,281,204156.6093750000,214780.1718750000,225000.0000000000,181407.6875000000,0.0000000000,0.0000000000,0.0000000000,0.0000000000,,,
36.0279999417,281,205132.1093750000,214702.7812500000,225000.0000000000,180471.4687500000,0.0000000000,0.0000000000,0.0000000000,0.0000000000,,,
36.0319999417,281,225000.0000000000,216494.3437500000,225000.0000000000,225000.0000000000,0.0000000000,0.0000000000,0.0000000000,0.0000000000,,,
36.0359999419,281,225000.0000000000,217732.5781250000,225000.0000000000,225000.0000000000,0.0000000000,0.0000000000,0.0000000000,0.0000000000,,,
36.0399999418,281,225000.0000000000,216677.0625000000,225000.0000000000,225000.0000000000,0.0000000000,0.0000000000,0.0000000000,0.0000000000,,,
36.0439999418,281,204247.1875000000,214791.2812500000,225000.0000000000,181732.4062500000,0.0000000000,0.0000000000,0.0000000000,0.0000000000,,,
36.0479999417,281,205066.2812500000,214701.4531250000,225000.0000000000,180359.7187500000,0.0000000000,0.0000000000,0.0000000000,0.0000000000,,,
36.0519999417,281,225000.0000000000,216488.2500000000,225000.0000000000,225000.0000000000,0.0000000000,0.0000000000,0.0000000000,0.0000000000,,,
36.0559999419,281,225000.0000000000,217732.9531250000,225000.0000000000,225000.0000000000,0.0000000000,0.0000000000,0.0000000000,0.0000000000,,,
36.0599999418,281,225000.0000000000,216682.3906250000,225000.0000000000,225000.0000000000,0.0000000000,0.0000000000,0.0000000000,0.0000000000,,,
36.0639999418,281,204370.7500000000,214791.0625000000,225000.0000000000,182092.0625000000,0.0000000000,0.0000000000,0.0000000000,0.0000000000,,,
36.0679999418,281,205021.7812500000,214685.6250000000,225000.0000000000,180271.1250000000,0.0000000000,0.0000000000,0.0000000000,0.0000000000,,,
36.0719999417,281,225000.0000000000,216468.4531250000,225000.0000000000,225000.0000000000,0.0000000000,0.0000000000,0.0000000000,0.0000000000,,,
36.0759999417,281,225000.0000000000,217724.6718750000,225000.0000000000,225000.0000000000,0.0000000000,0.0000000000,0.0000000000,0.0000000000,,,
36.0799999419,281,225000.0000000000,216684.3281250000,225000.0000000000,225000.0000000000,0.0000000000,0.0000000000,0.0000000000,0.0000000000,,,
36.0839999418,281,204486.8125000000,214788.7187500000,225000.0000000000,182430.9531250000,0.0000000000,0.0000000000,0.0000000000,0.0000000000,,,
36.0879999418,281,204980.0156250000,214669.8437500000,225000.0000000000,180191.2500000000,0.0000000000,0.0000000000,0.0000000000,0.0000000000,,,
36.0919999417,281,225000.0000000000,216450.7500000000,225000.0000000000,225000.0000000000,0.0000000000,0.0000000000,0.0000000000,0.0000000000,,,
36.0959999417,282,225000.0000000000,217719.3593750000,225000.0000000000,225000.0000000000,0.0000000000,0.0000000000,0.0000000000,0.0000000000,,,
36.0999999417,282,225000.0000000000,216690.7343750000,225000.0000000000,225000.0000000000,0.0000000000,0.0000000000,0.0000000000,0.0000000000,,,
36.1039999416,282,204584.6875000000,214786.9218750000,225000.0000000000,182720.9843750000,0.0000000000,0.0000000000,0.0000000000,0.0000000000,,,
36.1079999416,282,204914.0937500000,214655.7968750000,225000.0000000000,180055.5625000000,0.0000000000,0.0000000000,0.0000000000,0.0000000000,,,
36.1119999415,282,225000.0000000000,216430.9687500000,225000.0000000000,225000.0000000000,0.0000000000,0.0000000000,0.0000000000,0.0000000000,,,
36.1159999415,282,225000.0000000000,217705.9843750000,225000.0000000000,225000.0000000000,0.0000000000,0.0000000000,0.0000000000,0.0000000000,,,
36.1199999417,282,225000.0000000000,216691.9218750000,225000.0000000000,225000.0000000000,0.0000000000,0.0000000000,0.0000000000,0.0000000000,,,
36.1239999416,282,204687.4218750000,214791.6718750000,225000.0000000000,183044.4843750000,0.0000000000,0.0000000000,0.0000000000,0.0000000000,,,
36.1279999416,282,204861.7656250000,214652.2812500000,225000.0000000000,179931.6250000000,0.0000000000,0.0000000000,0.0000000000,0.0000000000,,,
36.1319999415,282,225000.0000000000,216424.5781250000,225000.0000000000,225000.0000000000,0.0000000000,0.0000000000,0.0000000000,0.0000000000,,,
36.1359999415,282,225000.0000000000,217707.6718750000,225000.0000000000,225000.0000000000,0.0000000000,0.0000000000,0.0000000000,0.0000000000,,,
36.1399999417,282,225000.0000000000,216704.0312500000,225000.0000000000,225000.0000000000,0.0000000000,0.0000000000,0.0000000000,0.0000000000,,,
36.1439999416,282,204801.1406250000,214802.4375000000,225000.0000000000,183343.7343750000,0.0000000000,0.0000000000,0.0000000000,0.0000000000,,,
36.1479999416,282,204811.9218750000,214652.3906250000,225000.0000000000,179787.9531250000,0.0000000000,0.0000000000,0.0000000000,0.0000000000,,,
36.1519999416,282,225000.0000000000,216428.2500000000,225000.0000000000,225000.0000000000,0.0000000000,0.0000000000,0.0000000000,0.0000000000,,,
36.1559999415,282,225000.0000000000,217725.9843750000,225000.0000000000,225000.0000000000,0.0000000000,0.0000000000,0.0000000000,0.0000000000,,,
36.1599999415,282,225000.0000000000,216727.2968750000,225000.0000000000,225000.0000000000,0.0000000000,0.0000000000,0.0000000000,0.0000000000,,,
36.1639999417,282,204893.6250000000,214818.4375000000,225000.0000000000,183646.4531250000,0.0000000000,0.0000000000,0.0000000000,0.0000000000,,,
36.1679999416,282,204744.0156250000,214655.9062500000,225000.0000000000,179665.5937500000,0.0000000000,0.0000000000,0.0000000000,0.0000000000,,,
36.1719999416,282,225000.0000000000,216422.4843750000,225000.0000000000,225000.0000000000,0.0000000000,0.0000000000,0.0000000000,0.0000000000,,,
36.1759999415,282,225000.0000000000,217727.7343750000,225000.0000000000,225000.0000000000,0.0000000000,0.0000000000,0.0000000000,0.0000000000,,,
36.1799999415,282,225000.0000000000,216736.7656250000,225000.0000000000,225000.0000000000,0.0000000000,0.0000000000,0.0000000000,0.0000000000,,,
36.1839999417,282,204971.2500000000,214822.0156250000,225000.0000000000,183926.5000000000,0.0000000000,0.0000000000,0.0000000000,0.0000000000,,,
36.1879999416,282,204660.8125000000,214642.8906250000,225000.0000000000,179520.8906250000,0.0000000000,0.0000000000,0.0000000000,0.0000000000,,,
36.1919999416,282,225000.0000000000,216402.6093750000,225000.0000000000,225000.0000000000,0.0000000000,0.0000000000,0.0000000000,0.0000000000,,,
36.1959999416,282,225000.0000000000,217714.2968750000,225000.0000000000,225000.0000000000,0.0000000000,0.0000000000,0.0000000000,0.0000000000,,,
36.1999999415,282,225000.0000000000,216739.4687500000,225000.0000000000,225000.0000000000,0.0000000000,0.0000000000,0.0000000000,0.0000000000,,,
36.2039999415,282,205034.5000000000,214821.1875000000,225000.0000000000,184179.8906250000,0.0000000000,0.0000000000,0.0000000000,0.0000000000,,,
36.2079999417,282,204570.1250000000,214631.0156250000,225000.0000000000,179364.6718750000,0.0000000000,0.0000000000,0.0000000000,0.0000000000,,,
36.2119999416,282,225000.0000000000,216387.4531250000,225000.0000000000,225000.0000000000,0.0000000000,0.0000000000,0.0000000000,0.0000000000,,,
36.2159999416,282,225000.0000000000,217708.7343750000,225000.0000000000,225000.0000000000,0.0000000000,0.0000000000,0.0000000000,0.0000000000,,,
36.2199999415,282,225000.0000000000,216739.6562500000,225000.0000000000,225000.0000000000,0.0000000000,0.0000000000,0.0000000000,0.0000000000,,,
36.2239999415,283,205113.5468750000,214821.4218750000,225000.0000000000,184453.5312500000,0.0000000000,0.0000000000,0.0000000000,0.0000000000,,,
36.2279999414,283,204512.3437500000,214622.2968750000,225000.0000000000,179248.2656250000,0.0000000000,0.0000000000,0.0000000000,0.0000000000,,,
36.2319999414,283,225000.0000000000,216371.1250000000,225000.0000000000,225000.0000000000,0.0000000000,0.0000000000,0.0000000000,0.0000000000,,,
36.2359999414,283,225000.0000000000,217691.6250000000,225000.0000000000,225000.0000000000,0.0000000000,0.0000000000,0.0000000000,0.0000000000,,,
36.2399999413,283,225000.0000000000,216732.0468750000,225000.0000000000,225000.0000000000,0.0000000000,0.0000000000,0.0000000000,0.0000000000,,,
36.2439999413,283,205214.2500000000,214813.0781250000,225000.0000000000,184756.8593750000,0.0000000000,0.0000000000,0.0000000000,0.0000000000,,,
36.2479999415,283,204451.5937500000,214601.5625000000,225000.0000000000,179122.7187500000,0.0000000000,0.0000000000,0.0000000000,0.0000000000,,,
36.2519999414,283,225000.0000000000,216350.3281250000,225000.0000000000,225000.0000000000,0.0000000000,0.0000000000,0.0000000000,0.0000000000,,,
36.2559999414,283,225000.0000000000,217687.4687500000,225000.0000000000,225000.0000000000,0.0000000000,0.0000000000,0.0000000000,0.0000000000,,,
36.2599999413,283,225000.0000000000,216740.9687500000,225000.0000000000,225000.0000000000,0.0000000000,0.0000000000,0.0000000000,0.0000000000,,,
36.2639999413,283,205298.7500000000,214824.5312500000,225000.0000000000,184993.1406250000,0.0000000000,0.0000000000,0.0000000000,0.0000000000,,,
36.2679999415,283,204389.5625000000,214608.3437500000,225000.0000000000,178964.5156250000,0.0000000000,0.0000000000,0.0000000000,0.0000000000,,,
36.2719999414,283,225000.0000000000,216349.5000000000,225000.0000000000,225000.0000000000,0.0000000000,0.0000000000,0.0000000000,0.0000000000,,,
36.2759999414,283,225000.0000000000,217690.7500000000,225000.0000000000,225000.0000000000,0.0000000000,0.0000000000,0.0000000000,0.0000000000,,,
36.2799999414,283,225000.0000000000,216755.4062500000,225000.0000000000,225000.0000000000,0.0000000000,0.0000000000,0.0000000000,0.0000000000,,,
36.2839999413,283,205370.3593750000,214832.3906250000,225000.0000000000,185217.8281250000,0.0000000000,0.0000000000,0.0000000000,0.0000000000,,,
36.2879999413,283,204307.5312500000,214598.0156250000,225000.0000000000,178786.8437500000,0.0000000000,0.0000000000,0.0000000000,0.0000000000,,,
36.2919999415,283,225000.0000000000,216337.2968750000,225000.0000000000,225000.0000000000,0.0000000000,0.0000000000,0.0000000000,0.0000000000,,,
36.2959999414,283,225000.0000000000,217695.8593750000,225000.0000000000,225000.0000000000,0.0000000000,0.0000000000,0.0000000000,0.0000000000,,,
36.2999999414,283,225000.0000000000,216773.6406250000,225000.0000000000,225000.0000000000,0.0000000000,0.0000000000,0.0000000000,0.0000000000,,,
36.3039999413,283,205446.2343750000,214848.6718750000,225000.0000000000,185445.4062500000,0.0000000000,0.0000000000,0.0000000000,0.0000000000,,,
36.3079999413,283,204233.8281250000,214609.6093750000,225000.0000000000,178589.9531250000,0.0000000000,0.0000000000,0.0000000000,0.0000000000,,,
36.3119999415,283,225000.0000000000,216349.3125000000,225000.0000000000,225000.0000000000,0.0000000000,0.0000000000,0.0000000000,0.0000000000,,,
36.3159999414,283,225000.0000000000,217719.7656250000,225000.0000000000,225000.0000000000,0.0000000000,0.0000000000,0.0000000000,0.0000000000,,,
36.3199999414,283,225000.0000000000,216811.1875000000,225000.0000000000,225000.0000000000,0.0000000000,0.0000000000,0.0000000000,0.0000000000,,,
36.3239999413,283,205534.9218750000,214879.7812500000,225000.0000000000,185691.8750000000,0.0000000000,0.0000000000,0.0000000000,0.0000000000,,,
36.3279999413,283,204179.4062500000,214622.5937500000,225000.0000000000,178440.0625000000,0.0000000000,0.0000000000,0.0000000000,0.0000000000,,,
36.3319999413,283,225000.0000000000,216355.1406250000,225000.0000000000,225000.0000000000,0.0000000000,0.0000000000,0.0000000000,0.0000000000,,,
36.3359999415,283,225000.0000000000,217724.3750000000,225000.0000000000,225000.0000000000,0.0000000000,0.0000000000,0.0000000000,0.0000000000,,,
36.3399999414,283,225000.0000000000,216822.1093750000,225000.0000000000,225000.0000000000,0.0000000000,0.0000000000,0.0000000000,0.0000000000,,,
36.3439999414,283,205643.2187500000,214896.5000000000,225000.0000000000,185956.1093750000,0.0000000000,0.0000000000,0.0000000000,0.0000000000,,,
36.3479999413,283,204156.4531250000,214632.2500000000,225000.0000000000,178337.1250000000,0.0000000000,0.0000000000,0.0000000000,0.0000000000,,,
36.3519999413,284,225000.0000000000,216359.2343750000,225000.0000000000,225000.0000000000,0.0000000000,0.0000000000,0.0000000000,0.0000000000,,,
36.3559999412,284,225000.0000000000,217733.9218750000,225000.0000000000,225000.0000000000,0.0000000000,0.0000000000,0.0000000000,0.0000000000,,,
36.3599999412,284,225000.0000000000,216835.2812500000,225000.0000000000,225000.0000000000,0.0000000000,0.0000000000,0.0000000000,0.0000000000,,,
36.3639999412,284,205790.5000000000,214901.1875000000,225000.0000000000,186262.9531250000,0.0000000000,0.0000000000,0.0000000000,0.0000000000,,,
36.3679999411,284,204156.0468750000,214625.1406250000,225000.0000000000,178237.9375000000,0.0000000000,0.0000000000,0.0000000000,0.0000000000,,,
36.3719999411,284,225000.0000000000,216336.6875000000,225000.0000000000,225000.0000000000,0.0000000000,0.0000000000,0.0000000000,0.0000000000,,,
36.3759999413,284,225000.0000000000,217710.2343750000,225000.0000000000,225000.0000000000,0.0000000000,0.0000000000,0.0000000000,0.0000000000,,,
36.3799999412,284,225000.0000000000,216826.2656250000,225000.0000000000,225000.0000000000,0.0000000000,0.0000000000,0.0000000000,0.0000000000,,,
36.3839999412,284,205949.9062500000,214898.0781250000,225000.0000000000,186618.6875000000,0.0000000000,0.0000000000,0.0000000000,0.0000000000,,,
36.3879999411,284,204165.7343750000,214610.0937500000,225000.0000000000,178178.3906250000,0.0000000000,0.0000000000,0.0000000000,0.0000000000,,,
36.3919999411,284,225000.0000000000,216309.6718750000,225000.0000000000,225000.0000000000,0.0000000000,0.0000000000,0.0000000000,0.0000000000,,,
36.3959999413,284,225000.0000000000,217686.0781250000,225000.0000000000,225000.0000000000,0.0000000000,0.0000000000,0.0000000000,0.0000000000,,,
36.3999999412,284,225000.0000000000,216816.4687500000,225000.0000000000,225000.0000000000,0.0000000000,0.0000000000,0.0000000000,0.0000000000,,,
36.4039999412,284,206099.2031250000,214881.5625000000,225000.0000000000,186964.0000000000,0.0000000000,0.0000000000,0.0000000000,0.0000000000,,,
36.4079999411,284,204152.1562500000,214575.5156250000,225000.0000000000,178102.9375000000,0.0000000000,0.0000000000,0.0000000000,0.0000000000,,,
36.4119999411,284,225000.0000000000,216270.7343750000,225000.0000000000,225000.0000000000,0.0000000000,0.0000000000,0.0000000000,0.0000000000,,,
36.4159999411,284,225000.0000000000,217668.0000000000,225000.0000000000,225000.0000000000,0.0000000000,0.0000000000,0.0000000000,0.0000000000,,,
36.4199999413,284,225000.0000000000,216811.3750000000,225000.0000000000,225000.0000000000,0.0000000000,0.0000000000,0.0000000000,0.0000000000,,,
36.4239999412,284,206215.6093750000,214878.5312500000,225000.0000000000,187300.3125000000,0.0000000000,0.0000000000,0.0000000000,0.0000000000,,,
36.4279999412,284,204112.8593750000,214565.4843750000,225000.0000000000,178015.4531250000,0.0000000000,0.0000000000,0.0000000000,0.0000000000,,,
36.4319999411,284,225000.0000000000,216267.7812500000,225000.0000000000,225000.0000000000,0.0000000000,0.0000000000,0.0000000000,0.0000000000,,,
36.4359999411,284,225000.0000000000,217681.9687500000,225000.0000000000,225000.0000000000,0.0000000000,0.0000000000,0.0000000000,0.0000000000,,,
36.4399999413,284,225000.0000000000,216838.4375000000,225000.0000000000,225000.0000000000,0.0000000000,0.0000000000,0.0000000000,0.0000000000,,,
36.4439999412,284,206310.4843750000,214903.9531250000,225000.0000000000,187608.1562500000,0.0000000000,0.0000000000,0.0000000000,0.0000000000,,,
36.4479999412,284,204048.4375000000,214585.2343750000,225000.0000000000,177898.2812500000,0.0000000000,0.0000000000,0.0000000000,0.0000000000,,,
36.4519999411,284,225000.0000000000,216286.5000000000,225000.0000000000,225000.0000000000,0.0000000000,0.0000000000,0.0000000000,0.0000000000,,,
36.4559999411,284,225000.0000000000,217708.3593750000,225000.0000000000,225000.0000000000,0.0000000000,0.0000000000,0.0000000000,0.0000000000,,,
36.4599999411,284,225000.0000000000,216873.5468750000,225000.0000000000,225000.0000000000,0.0000000000,0.0000000000,0.0000000000,0.0000000000,,,
36.4639999412,284,206347.1718750000,214926.7812500000,225000.0000000000,187852.6718750000,0.0000000000,0.0000000000,0.0000000000,0.0000000000,,,
36.4679999412,284,203917.1093750000,214592.5000000000,225000.0000000000,177695.4531250000,0.0000000000,0.0000000000,0.0000000000,0.0000000000,,,
36.4719999412,284,225000.0000000000,216295.0781250000,225000.0000000000,225000.0000000000,0.0000000000,0.0000000000,0.0000000000,0.0000000000,,,
36.4759999411,284,225000.0000000000,217726.0156250000,225000.0000000000,225000.0000000000,0.0000000000,0.0000000000,0.0000000000,0.0000000000,,,
36.4799999411,285,225000.0000000000,216899.7812500000,225000.0000000000,225000.0000000000,0.0000000000,0.0000000000,0.0000000000,0.0000000000,,,
36.4839999410,285,206381.0781250000,214958.4843750000,225000.0000000000,188050.2031250000,0.0000000000,0.0000000000,0.0000000000,0.0000000000,,,
36.4879999410,285,203816.1875000000,214615.7812500000,225000.0000000000,177516.0156250000,0.0000000000,0.0000000000,0.0000000000,0.0000000000,,,
36.4919999409,285,225000.0000000000,216304.8437500000,225000.0000000000,225000.0000000000,0.0000000000,0.0000000000,0.0000000000,0.0000000000,,,
36.4959999409,285,225000.0000000000,217733.0625000000,225000.0000000000,225000.0000000000,0.0000000000,0.0000000000,0.0000000000,0.0000000000,,,
36.4999999409,285,225000.0000000000,216920.2187500000,225000.0000000000,225000.0000000000,0.0000000000,0.0000000000,0.0000000000,0.0000000000,,,
36.5039999411,285,206443.0000000000,214990.1875000000,225000.0000000000,188249.8125000000,0.0000000000,0.0000000000,0.0000000000,0.0000000000,,,
36.5079999410,285,203713.8593750000,214632.5937500000,225000.0000000000,177269.0625000000,0.0000000000,0.0000000000,0.0000000000,0.0000000000,,,
36.5119999410,285,225000.0000000000,216301.8906250000,225000.0000000000,225000.0000000000,0.0000000000,0.0000000000,0.0000000000,0.0000000000,,,
36.5159999409,285,225000.0000000000,217732.3437500000,225000.0000000000,225000.0000000000,0.0000000000,0.0000000000,0.0000000000,0.0000000000,,,
36.5199999409,285,225000.0000000000,216927.6562500000,225000.0000000000,225000.0000000000,0.0000000000,0.0000000000,0.0000000000,0.0000000000,,,
36.5239999411,285,206532.5156250000,214992.5781250000,225000.0000000000,188477.2500000000,0.0000000000,0.0000000000,0.0000000000,0.0000000000,,,
36.5279999410,285,203668.9062500000,214625.2187500000,225000.0000000000,177109.4843750000,0.0000000000,0.0000000000,0.0000000000,0.0000000000,,,
36.5319999410,285,225000.0000000000,216286.4375000000,225000.0000000000,225000.0000000000,0.0000000000,0.0000000000,0.0000000000,0.0000000000,,,
36.5359999409,285,225000.0000000000,217723.0312500000,225000.0000000000,225000.0000000000,0.0000000000,0.0000000000,0.0000000000,0.0000000000,,,
36.5399999409,285,225000.0000000000,216935.8281250000,225000.0000000000,225000.0000000000,0.0000000000,0.0000000000,0.0000000000,0.0000000000,,,
36.5439999409,285,206687.2187500000,214999.0937500000,225000.0000000000,188775.7500000000,0.0000000000,0.0000000000,0.0000000000,0.0000000000,,,
36.5479999410,285,203683.5000000000,214613.7656250000,225000.0000000000,177028.6562500000,0.0000000000,0.0000000000,0.0000000000,0.0000000000,,,
36.5519999410,285,225000.0000000000,216274.4062500000,225000.0000000000,225000.0000000000,0.0000000000,0.0000000000,0.0000000000,0.0000000000,,,
36.5559999410,285,225000.0000000000,217725.2343750000,225000.0000000000,225000.0000000000,0.0000000000,0.0000000000,0.0000000000,0.0000000000,,,
36.5599999409,285,225000.0000000000,216944.1718750000,225000.0000000000,225000.0000000000,0.0000000000,0.0000000000,0.0000000000,0.0000000000,,,
36.5639999409,285,206847.3437500000,214996.0937500000,225000.0000000000,189116.6093750000,0.0000000000,0.0000000000,0.0000000000,0.0000000000,,,
36.5679999411,285,203699.0312500000,214600.3281250000,225000.0000000000,176971.7500000000,0.0000000000,0.0000000000,0.0000000000,0.0000000000,,,
36.5719999410,285,225000.0000000000,216271.4843750000,225000.0000000000,225000.0000000000,0.0000000000,0.0000000000,0.0000000000,0.0000000000,,,
36.5759999410,285,225000.0000000000,217740.7187500000,225000.0000000000,225000.0000000000,0.0000000000,0.0000000000,0.0000000000,0.0000000000,,,
36.5799999409,285,225000.0000000000,216965.7343750000,225000.0000000000,225000.0000000000,0.0000000000,0.0000000000,0.0000000000,0.0000000000,,,
36.5839999409,285,207002.6250000000,215004.5156250000,225000.0000000000,189458.7500000000,0.0000000000,0.0000000000,0.0000000000,0.0000000000,,,
36.5879999408,285,203699.0781250000,214595.8281250000,225000.0000000000,176900.0468750000,0.0000000000,0.0000000000,0.0000000000,0.0000000000,,,
36.5919999410,285,225000.0000000000,216266.4843750000,225000.0000000000,225000.0000000000,0.0000000000,0.0000000000,0.0000000000,0.0000000000,,,
36.5959999410,285,225000.0000000000,217751.4062500000,225000.0000000000,225000.0000000000,0.0000000000,0.0000000000,0.0000000000,0.0000000000,,,
36.5999999410,285,225000.0000000000,216981.7031250000,225000.0000000000,225000.0000000000,0.0000000000,0.0000000000,0.0000000000,0.0000000000,,,
36.6039999409,285,207086.4687500000,215003.8593750000,225000.0000000000,189714.9531250000,0.0000000000,0.0000000000,0.0000000000,0.0000000000,,,
36.6079999409,286,203616.9531250000,214581.4687500000,225000.0000000000,176736.2968750000,0.0000000000,0.0000000000,0.0000000000,0.0000000000,,,
36.6119999408,286,225000.0000000000,216255.0937500000,225000.0000000000,225000.0000000000,0.0000000000,0.0000000000,0.0000000000,0.0000000000,,,
36.6159999408,286,225000.0000000000,217752.9375000000,225000.0000000000,225000.0000000000,0.0000000000,0.0000000000,0.0000000000,0.0000000000,,,
36.6199999407,286,225000.0000000000,216992.2187500000,225000.0000000000,225000.0000000000,0.0000000000,0.0000000000,0.0000000000,0.0000000000,,,
36.6239999407,286,207049.7500000000,214983.2187500000,225000.0000000000,189754.7812500000,0.0000000000,0.0000000000,0.0000000000,0.0000000000,,,
36.6279999407,286,203332.6093750000,214526.9218750000,225000.0000000000,176121.5937500000,0.0000000000,0.0000000000,0.0000000000,0.0000000000,,,
36.6319999408,286,225000.0000000000,216231.0000000000,225000.0000000000,225000.0000000000,0.0000000000,0.0000000000,0.0000000000,0.0000000000,,,
36.6359999408,286,225000.0000000000,217792.4218750000,225000.0000000000,225000.0000000000,0.0000000000,0.0000000000,0.0000000000,0.0000000000,,,
36.6399999408,286,225000.0000000000,217040.7031250000,225000.0000000000,225000.0000000000,0.0000000000,0.0000000000,0.0000000000,0.0000000000,,,
36.6439999407,286,207101.9218750000,215007.6250000000,225000.0000000000,189956.6406250000,0.0000000000,0.0000000000,0.0000000000,0.0000000000,,,
36.6479999407,286,203174.6718750000,214535.7343750000,225000.0000000000,175767.2968750000,0.0000000000,0.0000000000,0.0000000000,0.0000000000,,,
36.6519999409,286,225000.0000000000,216242.1093750000,225000.0000000000,225000.0000000000,0.0000000000,0.0000000000,0.0000000000,0.0000000000,,,
36.6559999408,286,225000.0000000000,217824.9843750000,225000.0000000000,225000.0000000000,0.0000000000,0.0000000000,0.0000000000,0.0000000000,,,
36.6599999408,286,225000.0000000000,217085.7500000000,225000.0000000000,225000.0000000000,0.0000000000,0.0000000000,0.0000000000,0.0000000000,,,
36.6639999407,286,207184.0781250000,215018.9375000000,225000.0000000000,190181.8125000000,0.0000000000,0.0000000000,0.0000000000,0.0000000000,,,
36.6679999407,286,203039.1250000000,214504.9531250000,225000.0000000000,175451.1250000000,0.0000000000,0.0000000000,0.0000000000,0.0000000000,,,
36.6719999406,286,225000.0000000000,216213.7500000000,225000.0000000000,225000.0000000000,0.0000000000,0.0000000000,0.0000000000,0.0000000000,,,
36.6759999408,286,225000.0000000000,217823.5312500000,225000.0000000000,225000.0000000000,0.0000000000,0.0000000000,0.0000000000,0.0000000000,,,
36.6799999408,286,225000.0000000000,217087.3750000000,225000.0000000000,225000.0000000000,0.0000000000,0.0000000000,0.0000000000,0.0000000000,,,
36.6839999408,286,207268.9062500000,214986.6406250000,225000.0000000000,190412.0312500000,0.0000000000,0.0000000000,0.0000000000,0.0000000000,,,
36.6879999407,286,202920.7343750000,214446.9531250000,225000.0000000000,175146.2812500000,0.0000000000,0.0000000000,0.0000000000,0.0000000000,,,
36.6919999407,286,225000.0000000000,216171.0000000000,225000.0000000000,225000.0000000000,0.0000000000,0.0000000000,0.0000000000,0.0000000000,,,
36.6959999409,286,225000.0000000000,217812.0625000000,225000.0000000000,225000.0000000000,0.0000000000,0.0000000000,0.0000000000,0.0000000000,,,
36.6999999408,286,225000.0000000000,217081.6406250000,225000.0000000000,225000.0000000000,0.0000000000,0.0000000000,0.0000000000,0.0000000000,,,
36.7039999408,286,207334.5468750000,214955.2343750000,225000.0000000000,190543.1093750000,0.0000000000,0.0000000000,0.0000000000,0.0000000000,,,
36.7079999407,286,202794.5625000000,214399.8906250000,225000.0000000000,174778.7187500000,0.0000000000,0.0000000000,0.0000000000,0.0000000000,,,
36.7119999407,286,225000.0000000000,216144.7968750000,225000.0000000000,225000.0000000000,0.0000000000,0.0000000000,0.0000000000,0.0000000000,,,
36.7159999406,286,225000.0000000000,217818.0156250000,225000.0000000000,225000.0000000000,0.0000000000,0.0000000000,0.0000000000,0.0000000000,,,
36.7199999408,286,225000.0000000000,217106.6875000000,225000.0000000000,225000.0000000000,0.0000000000,0.0000000000,0.0000000000,0.0000000000,,,
36.7239999408,286,207404.6562500000,214978.7812500000,225000.0000000000,190728.9375000000,0.0000000000,0.0000000000,0.0000000000,0.0000000000,,,
36.7279999407,286,202656.3750000000,214400.5312500000,225000.0000000000,174430.9687500000,0.0000000000,0.0000000000,0.0000000000,0.0000000000,,,
36.7319999407,286,225000.0000000000,216131.0937500000,225000.0000000000,225000.0000000000,0.0000000000,0.0000000000,0.0000000000,0.0000000000,,,
36.7359999407,287,225000.0000000000,217827.9687500000,225000.0000000000,225000.0000000000,0.0000000000,0.0000000000,0.0000000000,0.0000000000,,,
36.7399999406,287,225000.0000000000,217135.3437500000,225000.0000000000,225000.0000000000,0.0000000000,0.0000000000,0.0000000000,0.0000000000,,,
36.7439999406,287,207473.5312500000,214997.9843750000,225000.0000000000,190989.0000000000,0.0000000000,0.0000000000,0.0000000000,0.0000000000,,,
36.7479999405,287,202515.6562500000,214400.6093750000,225000.0000000000,174152.1875000000,0.0000000000,0.0000000000,0.0000000000,0.0000000000,,,
36.7519999405,287,224900.1250000000,216131.7656250000,225000.0000000000,225000.0000000000,0.0000000000,0.0000000000,0.0000000000,0.0000000000,,,
36.7559999404,287,225000.0000000000,217837.8125000000,225000.0000000000,225000.0000000000,0.0000000000,0.0000000000,0.0000000000,0.0000000000,,,
36.7599999406,287,225000.0000000000,217163.2031250000,225000.0000000000,225000.0000000000,0.0000000000,0.0000000000,0.0000000000,0.0000000000,,,
36.7639999406,287,207642.6562500000,215035.4375000000,225000.0000000000,191520.8281250000,0.0000000000,0.0000000000,0.0000000000,0.0000000000,,,
36.7679999406,287,202535.0000000000,214422.4687500000,225000.0000000000,174319.4375000000,0.0000000000,0.0000000000,0.0000000000,0.0000000000,,,
36.7719999405,287,224732.3437500000,216105.4531250000,225000.0000000000,225000.0000000000,0.0000000000,0.0000000000,0.0000000000,0.0000000000,,,
36.7759999405,287,225000.0000000000,217782.7187500000,225000.0000000000,225000.0000000000,0.0000000000,0.0000000000,0.0000000000,0.0000000000,,,
36.7799999407,287,225000.0000000000,217122.3750000000,225000.0000000000,225000.0000000000,0.0000000000,0.0000000000,0.0000000000,0.0000000000,,,
36.7839999406,287,207665.2031250000,215031.8750000000,225000.0000000000,191703.7500000000,0.0000000000,0.0000000000,0.0000000000,0.0000000000,,,
36.7879999406,287,202565.3125000000,214441.1093750000,225000.0000000000,174442.4531250000,0.0000000000,0.0000000000,0.0000000000,0.0000000000,,,
36.7919999405,287,224722.0000000000,216129.5625000000,225000.0000000000,225000.0000000000,0.0000000000,0.0000000000,0.0000000000,0.0000000000,,,
36.7959999405,287,225000.0000000000,217801.7031250000,225000.0000000000,225000.0000000000,0.0000000000,0.0000000000,0.0000000000,0.0000000000,,,
36.7999999404,287,225000.0000000000,217143.2187500000,225000.0000000000,225000.0000000000,0.0000000000,0.0000000000,0.0000000000,0.0000000000,,,
36.8039999406,287,207723.8593750000,215047.6718750000,225000.0000000000,191926.2500000000,0.0000000000,0.0000000000,0.0000000000,0.0000000000,,,
36.8079999406,287,202465.4531250000,214446.8281250000,225000.0000000000,174237.7500000000,0.0000000000,0.0000000000,0.0000000000,0.0000000000,,,
36.8119999405,287,224581.4531250000,216131.1250000000,225000.0000000000,224998.4218750000,0.0000000000,0.0000000000,0.0000000000,0.0000000000,,,
36.8159999405,287,225000.0000000000,217805.9687500000,225000.0000000000,225000.0000000000,0.0000000000,0.0000000000,0.0000000000,0.0000000000,,,
36.8199999405,287,225000.0000000000,217153.0937500000,225000.0000000000,225000.0000000000,0.0000000000,0.0000000000,0.0000000000,0.0000000000,,,
36.8239999407,287,207837.4062500000,215059.1406250000,225000.0000000000,192201.7031250000,0.0000000000,0.0000000000,0.0000000000,0.0000000000,,,
36.8279999406,287,202414.7500000000,214440.6250000000,225000.0000000000,174076.9687500000,0.0000000000,0.0000000000,0.0000000000,0.0000000000,,,
36.8319999406,287,224454.1718750000,216107.7343750000,225000.0000000000,224733.6562500000,0.0000000000,0.0000000000,0.0000000000,0.0000000000,,,
36.8359999405,287,225000.0000000000,217787.9218750000,225000.0000000000,225000.0000000000,0.0000000000,0.0000000000,0.0000000000,0.0000000000,,,
36.8399999405,287,225000.0000000000,217148.3437500000,225000.0000000000,225000.0000000000,0.0000000000,0.0000000000,0.0000000000,0.0000000000,,,
36.8439999404,287,207958.5625000000,215052.0937500000,225000.0000000000,192502.3281250000,0.0000000000,0.0000000000,0.0000000000,0.0000000000,,,
36.8479999406,287,202409.6562500000,214426.5937500000,225000.0000000000,174044.7031250000,0.0000000000,0.0000000000,0.0000000000,0.0000000000,,,
36.8519999406,287,224375.2031250000,216092.4687500000,225000.0000000000,224610.2187500000,0.0000000000,0.0000000000,0.0000000000,0.0000000000,,,
36.8559999405,287,225000.0000000000,217772.7656250000,225000.0000000000,225000.0000000000,0.0000000000,0.0000000000,0.0000000000,0.0000000000,,,
36.8599999405,287,225000.0000000000,217140.3750000000,225000.0000000000,225000.0000000000,0.0000000000,0.0000000000,0.0000000000,0.0000000000,,,
36.8639999405,288,208075.3437500000,215053.5937500000,225000.0000000000,192763.0937500000,0.0000000000,0.0000000000,0.0000000000,0.0000000000,,,
36.8679999404,288,202428.0625000000,214425.8437500000,225000.0000000000,174012.3906250000,0.0000000000,0.0000000000,0.0000000000,0.0000000000,,,
36.8719999404,288,224307.8906250000,216079.9218750000,225000.0000000000,224454.4687500000,0.0000000000,0.0000000000,0.0000000000,0.0000000000,,,
36.8759999403,288,225000.0000000000,217762.6250000000,225000.0000000000,225000.0000000000,0.0000000000,0.0000000000,0.0000000000,0.0000000000,,,
36.8799999403,288,225000.0000000000,217145.9375000000,225000.0000000000,225000.0000000000,0.0000000000,0.0000000000,0.0000000000,0.0000000000,,,
36.8839999402,288,208195.1093750000,215060.7031250000,225000.0000000000,193053.3281250000,0.0000000000,0.0000000000,0.0000000000,0.0000000000,,,
36.8879999404,288,202408.2656250000,214427.1718750000,225000.0000000000,173935.4531250000,0.0000000000,0.0000000000,0.0000000000,0.0000000000,,,
36.8919999404,288,224183.8125000000,216088.6875000000,225000.0000000000,224240.5625000000,0.0000000000,0.0000000000,0.0000000000,0.0000000000,,,
36.8959999403,288,225000.0000000000,217786.1250000000,225000.0000000000,225000.0000000000,0.0000000000,0.0000000000,0.0000000000,0.0000000000,,,
36.8999999403,288,225000.0000000000,217179.7812500000,225000.0000000000,225000.0000000000,0.0000000000,0.0000000000,0.0000000000,0.0000000000,,,
36.9039999403,288,208307.0937500000,215091.2187500000,225000.0000000000,193349.9062500000,0.0000000000,0.0000000000,0.0000000000,0.0000000000,,,
36.9079999404,288,202351.1875000000,214443.9062500000,225000.0000000000,173772.9687500000,0.0000000000,0.0000000000,0.0000000000,0.0000000000,,,
36.9119999404,288,224040.0156250000,216098.1250000000,225000.0000000000,223958.6562500000,0.0000000000,0.0000000000,0.0000000000,0.0000000000,,,
36.9159999404,288,225000.0000000000,217803.9843750000,225000.0000000000,225000.0000000000,0.0000000000,0.0000000000,0.0000000000,0.0000000000,,,
36.9199999403,288,225000.0000000000,217209.7187500000,225000.0000000000,225000.0000000000,0.0000000000,0.0000000000,0.0000000000,0.0000000000,,,
36.9239999403,288,208419.4687500000,215108.3437500000,225000.0000000000,193624.3437500000,0.0000000000,0.0000000000,0.0000000000,0.0000000000,,,
36.9279999402,288,202270.8281250000,214427.6718750000,225000.0000000000,173566.0156250000,0.0000000000,0.0000000000,0.0000000000,0.0000000000,,,
36.9319999404,288,223863.8437500000,216063.9843750000,225000.0000000000,223630.6093750000,0.0000000000,0.0000000000,0.0000000000,0.0000000000,,,
36.9359999404,288,225000.0000000000,217773.0312500000,225000.0000000000,225000.0000000000,0.0000000000,0.0000000000,0.0000000000,0.0000000000,,,
36.9399999403,288,225000.0000000000,217195.7968750000,225000.0000000000,225000.0000000000,0.0000000000,0.0000000000,0.0000000000,0.0000000000,,,
36.9439999403,288,208517.2031250000,215116.3906250000,225000.0000000000,193902.5781250000,0.0000000000,0.0000000000,0.0000000000,0.0000000000,,,
36.9479999403,288,202253.7187500000,214442.5000000000,225000.0000000000,173537.9062500000,0.0000000000,0.0000000000,0.0000000000,0.0000000000,,,
36.9519999404,288,223665.8437500000,216055.6093750000,225000.0000000000,223401.5937500000,0.0000000000,0.0000000000,0.0000000000,0.0000000000,,,
36.9559999404,288,225000.0000000000,217725.9062500000,225000.0000000000,225000.0000000000,0.0000000000,0.0000000000,0.0000000000,0.0000000000,,,
36.9599999404,288,225000.0000000000,217145.0468750000,225000.0000000000,225000.0000000000,0.0000000000,0.0000000000,0.0000000000,0.0000000000,,,
36.9639999403,288,208544.3593750000,215129.3906250000,225000.0000000000,194035.2656250000,0.0000000000,0.0000000000,0.0000000000,0.0000000000,,,
36.9679999403,288,202353.3125000000,214490.8906250000,225000.0000000000,173763.0156250000,0.0000000000,0.0000000000,0.0000000000,0.0000000000,,,
36.9719999402,288,223561.9843750000,216061.6718750000,225000.0000000000,223285.1406250000,0.0000000000,0.0000000000,0.0000000000,0.0000000000,,,
36.9759999404,288,225000.0000000000,217693.1875000000,225000.0000000000,225000.0000000000,0.0000000000,0.0000000000,0.0000000000,0.0000000000,,,
36.9799999404,288,225000.0000000000,217134.7187500000,225000.0000000000,225000.0000000000,0.0000000000,0.0000000000,0.0000000000,0.0000000000,,,
36.9839999403,288,208661.5156250000,215131.7343750000,225000.0000000000,194390.3125000000,0.0000000000,0.0000000000,0.0000000000,0.0000000000,,,
36.9879999403,288,202331.9531250000,214484.8281250000,225000.0000000000,173749.3437500000,0.0000000000,0.0000000000,0.0000000000,0.0000000000,,,
36.9919999402,289,223427.9843750000,216042.3593750000,225000.0000000000,223084.4843750000,0.0000000000,0.0000000000,0.0000000000,0.0000000000,,,
36.9959999402,289,225000.0000000000,217679.3125000000,225000.0000000000,225000.0000000000,0.0000000000,0.0000000000,0.0000000000,0.0000000000,,,
36.9999999402,289,225000.0000000000,217131.8750000000,225000.0000000000,225000.0000000000,0.0000000000,0.0000000000,0.0000000000,0.0000000000,,,
37.0039999401,289,208785.0312500000,215136.4218750000,225000.0000000000,194709.6562500000,0.0000000000,0.0000000000,0.0000000000,0.0000000000,,,
37.0079999401,289,202294.5312500000,214481.9062500000,225000.0000000000,173646.9375000000,0.0000000000,0.0000000000,0.0000000000,0.0000000000,,,
37.0119999400,289,223294.7031250000,216026.5937500000,225000.0000000000,222822.6875000000,0.0000000000,0.0000000000,0.0000000000,0.0000000000,,,
37.0159999402,289,225000.0000000000,217662.9843750000,225000.0000000000,225000.0000000000,0.0000000000,0.0000000000,0.0000000000,0.0000000000,,,
37.0199999402,289,225000.0000000000,217135.0468750000,225000.0000000000,225000.0000000000,0.0000000000,0.0000000000,0.0000000000,0.0000000000,,,
37.0239999401,289,208894.1093750000,215150.4531250000,225000.0000000000,194956.6250000000,0.0000000000,0.0000000000,0.0000000000,0.0000000000,,,
37.0279999401,289,202264.4218750000,214484.3437500000,225000.0000000000,173515.6875000000,0.0000000000,0.0000000000,0.0000000000,0.0000000000,,,
37.0319999401,289,223182.5156250000,216019.1093750000,225000.0000000000,222570.9687500000,0.0000000000,0.0000000000,0.0000000000,0.0000000000,,,
37.0359999402,289,225000.0000000000,217661.1093750000,225000.0000000000,225000.0000000000,0.0000000000,0.0000000000,0.0000000000,0.0000000000,,,
37.0399999402,289,225000.0000000000,217141.1093750000,225000.0000000000,225000.0000000000,0.0000000000,0.0000000000,0.0000000000,0.0000000000,,,
37.0439999402,289,209003.3593750000,215150.1875000000,225000.0000000000,195196.1562500000,0.0000000000,0.0000000000,0.0000000000,0.0000000000,,,
37.0479999401,289,202223.9218750000,214472.0937500000,225000.0000000000,173382.1718750000,0.0000000000,0.0000000000,0.0000000000,0.0000000000,,,
37.0519999401,289,223054.0937500000,215997.1718750000,225000.0000000000,222339.5781250000,0.0000000000,0.0000000000,0.0000000000,0.0000000000,,,
37.0559999400,289,225000.0000000000,217643.4062500000,225000.0000000000,225000.0000000000,0.0000000000,0.0000000000,0.0000000000,0.0000000000,,,
37.0599999402,289,225000.0000000000,217136.1406250000,225000.0000000000,225000.0000000000,0.0000000000,0.0000000000,0.0000000000,0.0000000000,,,
37.0639999402,289,209112.4687500000,215149.6250000000,225000.0000000000,195468.8593750000,0.0000000000,0.0000000000,0.0000000000,0.0000000000,,,
37.0679999401,289,202179.5312500000,214461.9843750000,225000.0000000000,173250.1875000000,0.0000000000,0.0000000000,0.0000000000,0.0000000000,,,
37.0719999401,289,222932.8281250000,215979.2500000000,225000.0000000000,222052.7656250000,0.0000000000,0.0000000000,0.0000000000,0.0000000000,,,
37.0759999400,289,225000.0000000000,217630.0781250000,225000.0000000000,225000.0000000000,0.0000000000,0.0000000000,0.0000000000,0.0000000000,,,
37.0799999402,289,225000.0000000000,217139.3125000000,225000.0000000000,225000.0000000000,0.0000000000,0.0000000000,0.0000000000,0.0000000000,,,
37.0839999402,289,209214.9062500000,215158.9531250000,225000.0000000000,195759.2500000000,0.0000000000,0.0000000000,0.0000000000,0.0000000000,,,
37.0879999402,289,202129.7187500000,214460.2343750000,225000.0000000000,173131.9531250000,0.0000000000,0.0000000000,0.0000000000,0.0000000000,,,
37.0919999401,289,222801.6718750000,215966.2968750000,225000.0000000000,221820.4062500000,0.0000000000,0.0000000000,0.0000000000,0.0000000000,,,
37.0959999401,289,225000.0000000000,217622.5000000000,225000.0000000000,225000.0000000000,0.0000000000,0.0000000000,0.0000000000,0.0000000000,,,
37.0999999400,289,225000.0000000000,217144.0468750000,225000.0000000000,225000.0000000000,0.0000000000,0.0000000000,0.0000000000,0.0000000000,,,
37.1039999402,289,209313.2031250000,215164.3125000000,225000.0000000000,196030.3125000000,0.0000000000,0.0000000000,0.0000000000,0.0000000000,,,
37.1079999402,289,202076.6093750000,214454.7343750000,225000.0000000000,173033.0625000000,0.0000000000,0.0000000000,0.0000000000,0.0000000000,,,
37.1119999401,289,222675.5468750000,215958.6250000000,225000.0000000000,221586.7812500000,0.0000000000,0.0000000000,0.0000000000,0.0000000000,,,
37.1159999401,289,225000.0000000000,217623.2812500000,225000.0000000000,225000.0000000000,0.0000000000,0.0000000000,0.0000000000,0.0000000000,,,
37.1199999400,290,225000.0000000000,217153.1718750000,225000.0000000000,225000.0000000000,0.0000000000,0.0000000000,0.0000000000,0.0000000000,,,
37.1239999400,290,209418.0312500000,215169.5781250000,225000.0000000000,196332.8437500000,0.0000000000,0.0000000000,0.0000000000,0.0000000000,,,
37.1279999400,290,202026.7187500000,214447.8750000000,225000.0000000000,172936.8125000000,0.0000000000,0.0000000000,0.0000000000,0.0000000000,,,
37.1319999399,290,222550.1875000000,215938.9375000000,225000.0000000000,221342.2500000000,0.0000000000,0.0000000000,0.0000000000,0.0000000000,,,
37.1359999399,290,225000.0000000000,217608.0781250000,225000.0000000000,225000.0000000000,0.0000000000,0.0000000000,0.0000000000,0.0000000000,,,
37.1399999398,290,225000.0000000000,217145.3437500000,225000.0000000000,225000.0000000000,0.0000000000,0.0000000000,0.0000000000,0.0000000000,,,
37.1439999400,290,209481.7812500000,215148.2187500000,225000.0000000000,196534.5000000000,0.0000000000,0.0000000000,0.0000000000,0.0000000000,,,
37.1479999400,290,201861.8437500000,214398.6562500000,225000.0000000000,172581.5000000000,0.0000000000,0.0000000000,0.0000000000,0.0000000000,,,
37.1519999399,290,222401.4218750000,215913.3750000000,225000.0000000000,220942.9218750000,0.0000000000,0.0000000000,0.0000000000,0.0000000000,,,
37.1559999399,290,225000.0000000000,217650.5312500000,225000.0000000000,225000.0000000000,0.0000000000,0.0000000000,0.0000000000,0.0000000000,,,
37.1599999398,290,225000.0000000000,217198.7187500000,225000.0000000000,225000.0000000000,0.0000000000,0.0000000000,0.0000000000,0.0000000000,,,
37.1639999400,290,209530.7968750000,215147.6250000000,225000.0000000000,196673.7500000000,0.0000000000,0.0000000000,0.0000000000,0.0000000000,,,
37.1679999400,290,201655.8437500000,214360.4062500000,225000.0000000000,172108.2812500000,0.0000000000,0.0000000000,0.0000000000,0.0000000000,,,
37.1719999400,290,222191.9687500000,215889.1250000000,225000.0000000000,220508.3750000000,0.0000000000,0.0000000000,0.0000000000,0.0000000000,,,
37.1759999399,290,225000.0000000000,217649.0937500000,225000.0000000000,225000.0000000000,0.0000000000,0.0000000000,0.0000000000,0.0000000000,,,
37.1799999399,290,225000.0000000000,217205.4218750000,225000.0000000000,225000.0000000000,0.0000000000,0.0000000000,0.0000000000,0.0000000000,,,
37.1839999398,290,209635.1562500000,215141.2187500000,225000.0000000000,196937.6875000000,0.0000000000,0.0000000000,0.0000000000,0.0000000000,,,
37.1879999400,290,201527.7968750000,214322.4531250000,225000.0000000000,171799.7812500000,0.0000000000,0.0000000000,0.0000000000,0.0000000000,,,
37.1919999400,290,221997.0625000000,215851.0468750000,225000.0000000000,220129.5156250000,0.0000000000,0.0000000000,0.0000000000,0.0000000000,,,
37.1959999399,290,225000.0000000000,217641.6875000000,225000.0000000000,225000.0000000000,0.0000000000,0.0000000000,0.0000000000,0.0000000000,,,
37.1999999399,290,225000.0000000000,217236.1406250000,225000.0000000000,225000.0000000000,0.0000000000,0.0000000000,0.0000000000,0.0000000000,,,
37.2039999398,290,209741.9843750000,215163.3437500000,225000.0000000000,197186.8906250000,0.0000000000,0.0000000000,0.0000000000,0.0000000000,,,
37.2079999400,290,201438.6718750000,214326.3906250000,225000.0000000000,171551.8593750000,0.0000000000,0.0000000000,0.0000000000,0.0000000000,,,
37.2119999400,290,221838.6718750000,215852.0937500000,225000.0000000000,219794.1250000000,0.0000000000,0.0000000000,0.0000000000,0.0000000000,,,
37.2159999399,290,225000.0000000000,217665.2656250000,225000.0000000000,225000.0000000000,0.0000000000,0.0000000000,0.0000000000,0.0000000000,,,
37.2199999399,290,225000.0000000000,217275.9687500000,225000.0000000000,225000.0000000000,0.0000000000,0.0000000000,0.0000000000,0.0000000000,,,
37.2239999399,290,209899.5156250000,215198.9218750000,225000.0000000000,197517.6562500000,0.0000000000,0.0000000000,0.0000000000,0.0000000000,,,
37.2279999398,290,201411.0156250000,214344.4375000000,225000.0000000000,171410.8593750000,0.0000000000,0.0000000000,0.0000000000,0.0000000000,,,
37.2319999400,290,221705.3593750000,215863.2187500000,225000.0000000000,219476.1562500000,0.0000000000,0.0000000000,0.0000000000,0.0000000000,,,
37.2359999400,290,225000.0000000000,217692.2187500000,225000.0000000000,225000.0000000000,0.0000000000,0.0000000000,0.0000000000,0.0000000000,,,
37.2399999399,290,225000.0000000000,217310.6406250000,225000.0000000000,225000.0000000000,0.0000000000,0.0000000000,0.0000000000,0.0000000000,,,
37.2439999399,290,210037.2968750000,215215.9687500000,225000.0000000000,197821.0625000000,0.0000000000,0.0000000000,0.0000000000,0.0000000000,,,
37.2479999398,291,201365.1562500000,214325.2343750000,225000.0000000000,171276.2656250000,0.0000000000,0.0000000000,0.0000000000,0.0000000000,,,
37.2519999398,291,221551.2500000000,215833.7187500000,225000.0000000000,219193.3125000000,0.0000000000,0.0000000000,0.0000000000,0.0000000000,,,
37.2559999397,291,225000.0000000000,217674.3750000000,225000.0000000000,225000.0000000000,0.0000000000,0.0000000000,0.0000000000,0.0000000000,,,
37.2599999397,291,225000.0000000000,217308.2812500000,225000.0000000000,225000.0000000000,0.0000000000,0.0000000000,0.0000000000,0.0000000000,,,
37.2639999397,291,210161.7343750000,215212.2968750000,225000.0000000000,198122.3906250000,0.0000000000,0.0000000000,0.0000000000,0.0000000000,,,
37.2679999396,291,201331.6250000000,214311.1250000000,225000.0000000000,171160.3125000000,0.0000000000,0.0000000000,0.0000000000,0.0000000000,,,
37.2719999398,291,221427.1406250000,215821.0312500000,225000.0000000000,218921.7968750000,0.0000000000,0.0000000000,0.0000000000,0.0000000000,,,
37.2759999398,291,225000.0000000000,217675.8593750000,225000.0000000000,225000.0000000000,0.0000000000,0.0000000000,0.0000000000,0.0000000000,,,
37.2799999397,291,225000.0000000000,217329.1250000000,225000.0000000000,225000.0000000000,0.0000000000,0.0000000000,0.0000000000,0.0000000000,,,
37.2839999397,291,210277.5781250000,215234.1093750000,225000.0000000000,198373.0937500000,0.0000000000,0.0000000000,0.0000000000,0.0000000000,,,
37.2879999396,291,201291.6562500000,214316.4218750000,225000.0000000000,171021.5000000000,0.0000000000,0.0000000000,0.0000000000,0.0000000000,,,
37.2919999398,291,221291.0781250000,215809.2187500000,225000.0000000000,218640.7500000000,0.0000000000,0.0000000000,0.0000000000,0.0000000000,,,
37.2959999398,291,225000.0000000000,217667.0312500000,225000.0000000000,225000.0000000000,0.0000000000,0.0000000000,0.0000000000,0.0000000000,,,
37.2999999397,291,225000.0000000000,217335.1562500000,225000.0000000000,225000.0000000000,0.0000000000,0.0000000000,0.0000000000,0.0000000000,,,
37.3039999397,291,210393.6093750000,215246.3437500000,225000.0000000000,198622.2968750000,0.0000000000,0.0000000000,0.0000000000,0.0000000000,,,
37.3079999397,291,201266.3750000000,214330.3593750000,225000.0000000000,170861.7343750000,0.0000000000,0.0000000000,0.0000000000,0.0000000000,,,
37.3119999396,291,221167.2812500000,215814.6718750000,225000.0000000000,218317.4375000000,0.0000000000,0.0000000000,0.0000000000,0.0000000000,,,
37.3159999398,291,225000.0000000000,217668.4218750000,225000.0000000000,225000.0000000000,0.0000000000,0.0000000000,0.0000000000,0.0000000000,,,
37.3199999398,291,225000.0000000000,217350.5312500000,225000.0000000000,225000.0000000000,0.0000000000,0.0000000000,0.0000000000,0.0000000000,,,
37.3239999397,291,210443.6875000000,215267.2812500000,225000.0000000000,198716.6875000000,0.0000000000,0.0000000000,0.0000000000,0.0000000000,,,
37.3279999397,291,201147.2187500000,214340.6562500000,225000.0000000000,170467.8437500000,0.0000000000,0.0000000000,0.0000000000,0.0000000000,,,
37.3319999396,291,220951.3125000000,215817.5937500000,225000.0000000000,217836.4062500000,0.0000000000,0.0000000000,0.0000000000,0.0000000000,,,
37.3359999398,291,225000.0000000000,217687.1250000000,225000.0000000000,225000.0000000000,0.0000000000,0.0000000000,0.0000000000,0.0000000000,,,
37.3399999398,291,225000.0000000000,217388.8906250000,225000.0000000000,225000.0000000000,0.0000000000,0.0000000000,0.0000000000,0.0000000000,,,
37.3439999397,291,210486.4062500000,215300.6718750000,225000.0000000000,198691.8750000000,0.0000000000,0.0000000000,0.0000000000,0.0000000000,,,
37.3479999397,291,201009.5468750000,214341.1406250000,224843.0625000000,169995.1875000000,0.0000000000,0.0000000000,0.0000000000,0.0000000000,,,
37.3519999397,291,220751.7031250000,215798.8437500000,225000.0000000000,217385.1875000000,0.0000000000,0.0000000000,0.0000000000,0.0000000000,,,
37.3559999396,291,225000.0000000000,217673.5156250000,225000.0000000000,225000.0000000000,0.0000000000,0.0000000000,0.0000000000,0.0000000000,,,
37.3599999398,291,225000.0000000000,217394.3281250000,225000.0000000000,225000.0000000000,0.0000000000,0.0000000000,0.0000000000,0.0000000000,,,
37.3639999398,291,210621.0625000000,215317.0156250000,225000.0000000000,199007.8437500000,0.0000000000,0.0000000000,0.0000000000,0.0000000000,,,
37.3679999397,291,200995.2500000000,214354.2031250000,224824.0781250000,169928.2656250000,0.0000000000,0.0000000000,0.0000000000,0.0000000000,,,
37.3719999397,291,220608.7187500000,215795.1250000000,225000.0000000000,217087.5156250000,0.0000000000,0.0000000000,0.0000000000,0.0000000000,,,
37.3759999396,292,225000.0000000000,217662.3437500000,225000.0000000000,225000.0000000000,0.0000000000,0.0000000000,0.0000000000,0.0000000000,,,
37.3799999396,292,225000.0000000000,217404.9531250000,225000.0000000000,225000.0000000000,0.0000000000,0.0000000000,0.0000000000,0.0000000000,,,
37.3839999395,292,210941.3906250000,215383.1562500000,225000.0000000000,199771.9218750000,0.0000000000,0.0000000000,0.0000000000,0.0000000000,,,
37.3879999395,292,201467.8750000000,214474.1562500000,225000.0000000000,171079.7656250000,0.0000000000,0.0000000000,0.0000000000,0.0000000000,,,
37.3919999395,292,220926.1093750000,215893.9531250000,225000.0000000000,217779.5312500000,0.0000000000,0.0000000000,0.0000000000,0.0000000000,,,
37.3959999394,292,225000.0000000000,217654.8593750000,225000.0000000000,225000.0000000000,0.0000000000,0.0000000000,0.0000000000,0.0000000000,,,
37.3999999396,292,225000.0000000000,217345.4062500000,225000.0000000000,225000.0000000000,0.0000000000,0.0000000000,0.0000000000,0.0000000000,,,
37.4039999396,292,210950.7500000000,215370.5468750000,225000.0000000000,199932.9375000000,0.0000000000,0.0000000000,0.0000000000,0.0000000000,,,
37.4079999395,292,201509.7187500000,214495.8750000000,225000.0000000000,171212.6406250000,0.0000000000,0.0000000000,0.0000000000,0.0000000000,,,
37.4119999395,292,220805.6406250000,215889.6718750000,225000.0000000000,217606.0156250000,0.0000000000,0.0000000000,0.0000000000,0.0000000000,,,
37.4159999394,292,225000.0000000000,217638.9687500000,225000.0000000000,225000.0000000000,0.0000000000,0.0000000000,0.0000000000,0.0000000000,,,
37.4199999396,292,225000.0000000000,217348.9531250000,225000.0000000000,225000.0000000000,0.0000000000,0.0000000000,0.0000000000,0.0000000000,,,
37.4239999396,292,211031.2187500000,215390.4062500000,225000.0000000000,200187.5312500000,0.0000000000,0.0000000000,0.0000000000,0.0000000000,,,
37.4279999395,292,201440.0156250000,214507.3281250000,225000.0000000000,171076.1093750000,0.0000000000,0.0000000000,0.0000000000,0.0000000000,,,
37.4319999395,292,220650.2656250000,215882.5625000000,225000.0000000000,217344.0156250000,0.0000000000,0.0000000000,0.0000000000,0.0000000000,,,
37.4359999395,292,225000.0000000000,217629.9687500000,225000.0000000000,225000.0000000000,0.0000000000,0.0000000000,0.0000000000,0.0000000000,,,
37.4399999394,292,225000.0000000000,217356.2656250000,225000.0000000000,225000.0000000000,0.0000000000,0.0000000000,0.0000000000,0.0000000000,,,
37.4439999396,292,211108.0625000000,215413.2812500000,225000.0000000000,200430.0000000000,0.0000000000,0.0000000000,0.0000000000,0.0000000000,,,
37.4479999396,292,201375.6093750000,214524.2031250000,225000.0000000000,170941.0625000000,0.0000000000,0.0000000000,0.0000000000,0.0000000000,,,
37.4519999395,292,220507.4375000000,215885.4531250000,225000.0000000000,217039.5312500000,0.0000000000,0.0000000000,0.0000000000,0.0000000000,,,
37.4559999395,292,225000.0000000000,217633.6875000000,225000.0000000000,225000.0000000000,0.0000000000,0.0000000000,0.0000000000,0.0000000000,,,
37.4599999394,292,225000.0000000000,217372.3437500000,225000.0000000000,225000.0000000000,0.0000000000,0.0000000000,0.0000000000,0.0000000000,,,
37.4639999396,292,211205.1093750000,215438.5156250000,225000.0000000000,200687.0312500000,0.0000000000,0.0000000000,0.0000000000,0.0000000000,,,
37.4679999396,292,201331.3593750000,214544.5156250000,225000.0000000000,170821.5937500000,0.0000000000,0.0000000000,0.0000000000,0.0000000000,,,
37.4719999395,292,220389.1718750000,215894.6875000000,225000.0000000000,216794.7031250000,0.0000000000,0.0000000000,0.0000000000,0.0000000000,,,
37.4759999395,292,225000.0000000000,217643.5937500000,225000.0000000000,225000.0000000000,0.0000000000,0.0000000000,0.0000000000,0.0000000000,,,
37.4799999394,292,225000.0000000000,217392.2187500000,225000.0000000000,225000.0000000000,0.0000000000,0.0000000000,0.0000000000,0.0000000000,,,
37.4839999394,292,211312.0937500000,215458.6093750000,225000.0000000000,200962.0937500000,0.0000000000,0.0000000000,0.0000000000,0.0000000000,,,
37.4879999396,292,201292.1406250000,214556.7968750000,224972.4843750000,170706.8906250000,0.0000000000,0.0000000000,0.0000000000,0.0000000000,,,
37.4919999395,292,220268.4531250000,215899.2656250000,225000.0000000000,216529.4218750000,0.0000000000,0.0000000000,0.0000000000,0.0000000000,,,
37.4959999395,292,225000.0000000000,217648.1250000000,225000.0000000000,225000.0000000000,0.0000000000,0.0000000000,0.0000000000,0.0000000000,,,
37.4999999395,292,225000.0000000000,217407.4531250000,225000.0000000000,225000.0000000000,0.0000000000,0.0000000000,0.0000000000,0.0000000000,,,
37.5039999394,293,211411.9843750000,215471.6406250000,225000.0000000000,201227.0781250000,0.0000000000,0.0000000000,0.0000000000,0.0000000000,,,
37.5079999394,293,201232.0312500000,214551.3750000000,224891.0000000000,170576.8281250000,0.0000000000,0.0000000000,0.0000000000,0.0000000000,,,
37.5119999393,293,220119.7500000000,215885.7031250000,225000.0000000000,216250.7968750000,0.0000000000,0.0000000000,0.0000000000,0.0000000000,,,
37.5159999393,293,225000.0000000000,217645.3906250000,225000.0000000000,225000.0000000000,0.0000000000,0.0000000000,0.0000000000,0.0000000000,,,
37.5199999392,293,225000.0000000000,217418.0937500000,225000.0000000000,225000.0000000000,0.0000000000,0.0000000000,0.0000000000,0.0000000000,,,
37.5239999392,293,211518.4687500000,215486.2656250000,225000.0000000000,201469.1406250000,0.0000000000,0.0000000000,0.0000000000,0.0000000000,,,
37.5279999394,293,201205.6718750000,214563.0156250000,224863.3750000000,170475.4062500000,0.0000000000,0.0000000000,0.0000000000,0.0000000000,,,
37.5319999394,293,220010.6718750000,215887.7812500000,225000.0000000000,215974.9843750000,0.0000000000,0.0000000000,0.0000000000,0.0000000000,,,
37.5359999393,293,225000.0000000000,217646.4375000000,225000.0000000000,225000.0000000000,0.0000000000,0.0000000000,0.0000000000,0.0000000000,,,
37.5399999393,293,225000.0000000000,217430.1718750000,225000.0000000000,225000.0000000000,0.0000000000,0.0000000000,0.0000000000,0.0000000000,,,
37.5439999392,293,211671.1406250000,215508.6093750000,225000.0000000000,201802.0000000000,0.0000000000,0.0000000000,0.0000000000,0.0000000000,,,
37.5479999394,293,201222.0625000000,214573.1562500000,224869.8593750000,170421.6562500000,0.0000000000,0.0000000000,0.0000000000,0.0000000000,,,
37.5519999394,293,219927.2968750000,215885.2968750000,225000.0000000000,215718.1093750000,0.0000000000,0.0000000000,0.0000000000,0.0000000000,,,
37.5559999393,293,225000.0000000000,217650.4218750000,225000.0000000000,225000.0000000000,0.0000000000,0.0000000000,0.0000000000,0.0000000000,,,
37.5599999393,293,225000.0000000000,217451.9218750000,225000.0000000000,225000.0000000000,0.0000000000,0.0000000000,0.0000000000,0.0000000000,,,
37.5639999392,293,211824.8593750000,215532.7187500000,225000.0000000000,202103.7031250000,0.0000000000,0.0000000000,0.0000000000,0.0000000000,,,
37.5679999392,293,201233.2656250000,214583.4375000000,224873.9062500000,170387.3750000000,0.0000000000,0.0000000000,0.0000000000,0.0000000000,,,
37.5719999394,293,219804.4375000000,215882.5312500000,225000.0000000000,215455.7187500000,0.0000000000,0.0000000000,0.0000000000,0.0000000000,,,
37.5759999393,293,225000.0000000000,217647.2968750000,225000.0000000000,225000.0000000000,0.0000000000,0.0000000000,0.0000000000,0.0000000000,,,
37.5799999393,293,225000.0000000000,217454.7812500000,225000.0000000000,225000.0000000000,0.0000000000,0.0000000000,0.0000000000,0.0000000000,,,
37.5839999393,293,211948.5625000000,215532.7500000000,225000.0000000000,202414.0781250000,0.0000000000,0.0000000000,0.0000000000,0.0000000000,,,
37.5879999392,293,201212.1562500000,214575.4843750000,224855.7031250000,170322.2500000000,0.0000000000,0.0000000000,0.0000000000,0.0000000000,,,
37.5919999394,293,219681.5000000000,215871.2343750000,225000.0000000000,215169.8750000000,0.0000000000,0.0000000000,0.0000000000,0.0000000000,,,
37.5959999394,293,225000.0000000000,217643.4062500000,225000.0000000000,225000.0000000000,0.0000000000,0.0000000000,0.0000000000,0.0000000000,,,
37.5999999393,293,225000.0000000000,217464.9218750000,225000.0000000000,225000.0000000000,0.0000000000,0.0000000000,0.0000000000,0.0000000000,,,
37.6039999393,293,212070.7343750000,215548.0000000000,225000.0000000000,202709.5000000000,0.0000000000,0.0000000000,0.0000000000,0.0000000000,,,
37.6079999392,293,201194.4375000000,214582.5937500000,224842.9375000000,170256.9687500000,0.0000000000,0.0000000000,0.0000000000,0.0000000000,,,
37.6119999392,293,219554.5625000000,215870.7812500000,225000.0000000000,214899.0156250000,0.0000000000,0.0000000000,0.0000000000,0.0000000000,,,
37.6159999394,293,225000.0000000000,217653.2187500000,225000.0000000000,225000.0000000000,0.0000000000,0.0000000000,0.0000000000,0.0000000000,,,
37.6199999393,293,225000.0000000000,217498.8281250000,225000.0000000000,225000.0000000000,0.0000000000,0.0000000000,0.0000000000,0.0000000000,,,
37.6239999393,293,212201.3593750000,215590.6875000000,225000.0000000000,202990.1718750000,0.0000000000,0.0000000000,0.0000000000,0.0000000000,,,
37.6279999393,293,201174.1250000000,214613.9218750000,224825.5468750000,170154.1562500000,0.0000000000,0.0000000000,0.0000000000,0.0000000000,,,
37.6319999392,294,219424.7656250000,215891.1093750000,225000.0000000000,214586.2968750000,0.0000000000,0.0000000000,0.0000000000,0.0000000000,,,
37.6359999392,294,225000.0000000000,217667.6718750000,225000.0000000000,225000.0000000000,0.0000000000,0.0000000000,0.0000000000,0.0000000000,,,
37.6399999391,294,225000.0000000000,217513.8437500000,225000.0000000000,225000.0000000000,0.0000000000,0.0000000000,0.0000000000,0.0000000000,,,
37.6439999391,294,212300.6875000000,215604.1406250000,225000.0000000000,203215.0937500000,0.0000000000,0.0000000000,0.0000000000,0.0000000000,,,
37.6479999390,294,201120.6406250000,214613.7343750000,224771.4843750000,169999.2343750000,0.0000000000,0.0000000000,0.0000000000,0.0000000000,,,
37.6519999390,294,219272.8750000000,215874.8906250000,225000.0000000000,214261.8125000000,0.0000000000,0.0000000000,0.0000000000,0.0000000000,,,
37.6559999392,294,225000.0000000000,217656.8125000000,225000.0000000000,225000.0000000000,0.0000000000,0.0000000000,0.0000000000,0.0000000000,,,
37.6599999391,294,225000.0000000000,217519.0000000000,225000.0000000000,225000.0000000000,0.0000000000,0.0000000000,0.0000000000,0.0000000000,,,
37.6639999391,294,212368.4687500000,215609.8281250000,225000.0000000000,203385.5312500000,0.0000000000,0.0000000000,0.0000000000,0.0000000000,,,
37.6679999391,294,201044.7968750000,214610.4687500000,224691.4687500000,169826.6562500000,0.0000000000,0.0000000000,0.0000000000,0.0000000000,,,
37.6719999390,294,219119.0468750000,215866.9218750000,225000.0000000000,213955.5000000000,0.0000000000,0.0000000000,0.0000000000,0.0000000000,,,
37.6759999392,294,225000.0000000000,217657.1093750000,225000.0000000000,225000.0000000000,0.0000000000,0.0000000000,0.0000000000,0.0000000000,,,
37.6799999392,294,225000.0000000000,217529.0625000000,225000.0000000000,225000.0000000000,0.0000000000,0.0000000000,0.0000000000,0.0000000000,,,
37.6839999391,294,212451.8437500000,215619.9687500000,225000.0000000000,203627.6562500000,0.0000000000,0.0000000000,0.0000000000,0.0000000000,,,
37.6879999391,294,200972.0156250000,214607.1093750000,224602.8437500000,169644.0781250000,0.0000000000,0.0000000000,0.0000000000,0.0000000000,,,
37.6919999390,294,218978.2031250000,215857.5312500000,225000.0000000000,213611.7968750000,0.0000000000,0.0000000000,0.0000000000,0.0000000000,,,
37.6959999390,294,225000.0000000000,217653.2968750000,225000.0000000000,225000.0000000000,0.0000000000,0.0000000000,0.0000000000,0.0000000000,,,
37.6999999392,294,225000.0000000000,217538.4218750000,225000.0000000000,225000.0000000000,0.0000000000,0.0000000000,0.0000000000,0.0000000000,,,
37.7039999391,294,212539.1562500000,215630.5625000000,225000.0000000000,203839.8125000000,0.0000000000,0.0000000000,0.0000000000,0.0000000000,,,
37.7079999391,294,200892.8906250000,214606.1718750000,224503.0937500000,169426.6875000000,0.0000000000,0.0000000000,0.0000000000,0.0000000000,,,
37.7119999391,294,218822.5781250000,215849.6718750000,225000.0000000000,213263.4531250000,0.0000000000,0.0000000000,0.0000000000,0.0000000000,,,
37.7159999390,294,225000.0000000000,217655.9531250000,225000.0000000000,225000.0000000000,0.0000000000,0.0000000000,0.0000000000,0.0000000000,,,
37.7199999392,294,225000.0000000000,217555.6875000000,225000.0000000000,225000.0000000000,0.0000000000,0.0000000000,0.0000000000,0.0000000000,,,
37.7239999392,294,212620.3281250000,215648.2968750000,225000.0000000000,204035.4843750000,0.0000000000,0.0000000000,0.0000000000,0.0000000000,,,
37.7279999391,294,200811.4843750000,214617.3281250000,224397.2031250000,169191.2500000000,0.0000000000,0.0000000000,0.0000000000,0.0000000000,,,
37.7319999391,294,218680.0468750000,215857.4531250000,225000.0000000000,212872.6406250000,0.0000000000,0.0000000000,0.0000000000,0.0000000000,,,
37.7359999390,294,225000.0000000000,217665.2656250000,225000.0000000000,225000.0000000000,0.0000000000,0.0000000000,0.0000000000,0.0000000000,,,
37.7399999390,294,225000.0000000000,217577.3125000000,225000.0000000000,225000.0000000000,0.0000000000,0.0000000000,0.0000000000,0.0000000000,,,
37.7439999392,294,212729.1406250000,215678.3281250000,225000.0000000000,204232.6250000000,0.0000000000,0.0000000000,0.0000000000,0.0000000000,,,
37.7479999391,294,200785.9843750000,214637.7656250000,224338.0937500000,169021.1875000000,0.0000000000,0.0000000000,0.0000000000,0.0000000000,,,
37.7519999391,294,218715.8906250000,215863.8437500000,225000.0000000000,212828.4531250000,0.0000000000,0.0000000000,0.0000000000,0.0000000000,,,
37.7559999391,294,225000.0000000000,217664.1875000000,225000.0000000000,225000.0000000000,0.0000000000,0.0000000000,0.0000000000,0.0000000000,,,
37.7599999390,295,225000.0000000000,217575.0000000000,225000.0000000000,225000.0000000000,0.0000000000,0.0000000000,0.0000000000,0.0000000000,,,
37.7639999390,295,212780.6875000000,215669.7812500000,225000.0000000000,204337.9531250000,0.0000000000,0.0000000000,0.0000000000,0.0000000000,,,
37.7679999389,295,200639.5625000000,214611.2500000000,224160.3906250000,168572.9687500000,0.0000000000,0.0000000000,0.0000000000,0.0000000000,,,
37.7719999389,295,218363.9531250000,215820.7812500000,225000.0000000000,212057.8906250000,0.0000000000,0.0000000000,0.0000000000,0.0000000000,,,
37.7759999388,295,225000.0000000000,217627.5781250000,225000.0000000000,225000.0000000000,0.0000000000,0.0000000000,0.0000000000,0.0000000000,,,
37.7799999388,295,225000.0000000000,217562.1093750000,225000.0000000000,225000.0000000000,0.0000000000,0.0000000000,0.0000000000,0.0000000000,,,
37.7839999390,295,212896.4531250000,215670.9531250000,225000.0000000000,204565.4843750000,0.0000000000,0.0000000000,0.0000000000,0.0000000000,,,
37.7879999389,295,200596.1875000000,214604.0625000000,224087.2812500000,168353.7812500000,0.0000000000,0.0000000000,0.0000000000,0.0000000000,,,
37.7919999389,295,218227.3750000000,215805.5468750000,225000.0000000000,211645.7656250000,0.0000000000,0.0000000000,0.0000000000,0.0000000000,,,
37.7959999389,295,225000.0000000000,217622.5000000000,225000.0000000000,225000.0000000000,0.0000000000,0.0000000000,0.0000000000,0.0000000000,,,
37.7999999388,295,225000.0000000000,217574.6875000000,225000.0000000000,225000.0000000000,0.0000000000,0.0000000000,0.0000000000,0.0000000000,,,
37.8039999390,295,213006.2031250000,215694.7968750000,225000.0000000000,204799.9375000000,0.0000000000,0.0000000000,0.0000000000,0.0000000000,,,
37.8079999390,295,200547.8593750000,214630.0781250000,224026.9218750000,168154.2031250000,0.0000000000,0.0000000000,0.0000000000,0.0000000000,,,
37.8119999389,295,218085.9062500000,215827.1718750000,225000.0000000000,211306.3125000000,0.0000000000,0.0000000000,0.0000000000,0.0000000000,,,
37.8159999389,295,225000.0000000000,217648.3593750000,225000.0000000000,225000.0000000000,0.0000000000,0.0000000000,0.0000000000,0.0000000000,,,
37.8199999388,295,225000.0000000000,217615.6093750000,225000.0000000000,225000.0000000000,0.0000000000,0.0000000000,0.0000000000,0.0000000000,,,
37.8239999388,295,213117.5781250000,215740.0312500000,225000.0000000000,205027.0625000000,0.0000000000,0.0000000000,0.0000000000,0.0000000000,,,
37.8279999390,295,200491.1093750000,214659.9843750000,223971.1406250000,167922.8906250000,0.0000000000,0.0000000000,0.0000000000,0.0000000000,,,
37.8319999389,295,217943.4531250000,215837.4375000000,225000.0000000000,210877.9375000000,0.0000000000,0.0000000000,0.0000000000,0.0000000000,,,
37.8359999389,295,225000.0000000000,217655.0156250000,225000.0000000000,225000.0000000000,0.0000000000,0.0000000000,0.0000000000,0.0000000000,,,
37.8399999388,295,225000.0000000000,217631.0625000000,225000.0000000000,225000.0000000000,0.0000000000,0.0000000000,0.0000000000,0.0000000000,,,
37.8439999388,295,213220.2968750000,215757.7500000000,225000.0000000000,205253.7343750000,0.0000000000,0.0000000000,0.0000000000,0.0000000000,,,
37.8479999390,295,200414.5000000000,214657.8125000000,223895.2500000000,167642.2968750000,0.0000000000,0.0000000000,0.0000000000,0.0000000000,,,
37.8519999390,295,217775.5312500000,215818.6406250000,225000.0000000000,210436.7031250000,0.0000000000,0.0000000000,0.0000000000,0.0000000000,,,
37.8559999389,295,225000.0000000000,217640.3906250000,225000.0000000000,225000.0000000000,0.0000000000,0.0000000000,0.0000000000,0.0000000000,,,
37.8599999389,295,225000.0000000000,217630.6562500000,225000.0000000000,225000.0000000000,0.0000000000,0.0000000000,0.0000000000,0.0000000000,,,
37.8639999388,295,213305.3906250000,215756.3125000000,225000.0000000000,205482.7968750000,0.0000000000,0.0000000000,0.0000000000,0.0000000000,,,
37.8679999388,295,200331.2968750000,214646.6250000000,223843.6718750000,167424.3906250000,0.0000000000,0.0000000000,0.0000000000,0.0000000000,,,
37.8719999390,295,217619.1875000000,215799.8437500000,225000.0000000000,210073.1875000000,0.0000000000,0.0000000000,0.0000000000,0.0000000000,,,
37.8759999389,295,225000.0000000000,217624.9687500000,225000.0000000000,225000.0000000000,0.0000000000,0.0000000000,0.0000000000,0.0000000000,,,
37.8799999389,295,225000.0000000000,217624.2500000000,225000.0000000000,225000.0000000000,0.0000000000,0.0000000000,0.0000000000,0.0000000000,,,
37.8839999388,295,213420.4843750000,215755.1875000000,225000.0000000000,205747.1250000000,0.0000000000,0.0000000000,0.0000000000,0.0000000000,,,
37.8879999388,296,200310.6718750000,214640.0312500000,223830.0312500000,167335.8281250000,0.0000000000,0.0000000000,0.0000000000,0.0000000000,,,
37.8919999388,296,217503.3906250000,215786.2656250000,225000.0000000000,209762.2187500000,0.0000000000,0.0000000000,0.0000000000,0.0000000000,,,
37.8959999387,296,225000.0000000000,217606.6875000000,225000.0000000000,225000.0000000000,0.0000000000,0.0000000000,0.0000000000,0.0000000000,,,
37.8999999387,296,225000.0000000000,217612.2656250000,225000.0000000000,225000.0000000000,0.0000000000,0.0000000000,0.0000000000,0.0000000000,,,
37.9039999386,296,213559.6250000000,215749.8750000000,225000.0000000000,206044.0468750000,0.0000000000,0.0000000000,0.0000000000,0.0000000000,,,
37.9079999386,296,200295.9375000000,214622.5312500000,223822.0000000000,167246.4531250000,0.0000000000,0.0000000000,0.0000000000,0.0000000000,,,
37.9119999388,296,217359.3750000000,215755.5625000000,225000.0000000000,209421.7656250000,0.0000000000,0.0000000000,0.0000000000,0.0000000000,,,
37.9159999387,296,225000.0000000000,217580.5781250000,225000.0000000000,225000.0000000000,0.0000000000,0.0000000000,0.0000000000,0.0000000000,,,
37.9199999387,296,225000.0000000000,217603.8906250000,225000.0000000000,225000.0000000000,0.0000000000,0.0000000000,0.0000000000,0.0000000000,,,
37.9239999386,296,213685.7968750000,215745.7343750000,225000.0000000000,206297.8906250000,0.0000000000,0.0000000000,0.0000000000,0.0000000000,,,
37.9279999386,296,200281.0312500000,214608.6093750000,223796.9843750000,167133.1093750000,0.0000000000,0.0000000000,0.0000000000,0.0000000000,,,
37.9319999388,296,217242.0625000000,215729.5937500000,225000.0000000000,209073.2656250000,0.0000000000,0.0000000000,0.0000000000,0.0000000000,,,
37.9359999388,296,225000.0000000000,217559.1250000000,225000.0000000000,225000.0000000000,0.0000000000,0.0000000000,0.0000000000,0.0000000000,,,
37.9399999387,296,225000.0000000000,217595.7968750000,225000.0000000000,225000.0000000000,0.0000000000,0.0000000000,0.0000000000,0.0000000000,,,
37.9439999387,296,213815.7500000000,215747.3750000000,225000.0000000000,206598.9531250000,0.0000000000,0.0000000000,0.0000000000,0.0000000000,,,
37.9479999386,296,200278.0312500000,214605.1093750000,223788.4531250000,167087.2343750000,0.0000000000,0.0000000000,0.0000000000,0.0000000000,,,
37.9519999386,296,217122.3750000000,215717.3593750000,225000.0000000000,208766.7031250000,0.0000000000,0.0000000000,0.0000000000,0.0000000000,,,
37.9559999388,296,225000.0000000000,217555.1093750000,225000.0000000000,225000.0000000000,0.0000000000,0.0000000000,0.0000000000,0.0000000000,,,
37.9599999387,296,225000.0000000000,217605.7500000000,225000.0000000000,225000.0000000000,0.0000000000,0.0000000000,0.0000000000,0.0000000000,,,
37.9639999387,296,213852.1250000000,215731.4375000000,225000.0000000000,206603.4843750000,0.0000000000,0.0000000000,0.0000000000,0.0000000000,,,
37.9679999386,296,199901.5781250000,214521.7968750000,223377.4218750000,166079.2968750000,0.0000000000,0.0000000000,0.0000000000,0.0000000000,,,
37.9719999386,296,216875.5156250000,215676.1562500000,225000.0000000000,207938.0468750000,0.0000000000,0.0000000000,0.0000000000,0.0000000000,,,
37.9759999388,296,225000.0000000000,217631.7812500000,225000.0000000000,225000.0000000000,0.0000000000,0.0000000000,0.0000000000,0.0000000000,,,
37.9799999387,296,225000.0000000000,217719.9843750000,225000.0000000000,225000.0000000000,0.0000000000,0.0000000000,0.0000000000,0.0000000000,,,
37.9839999387,296,214074.3125000000,215763.5781250000,225000.0000000000,206941.6562500000,0.0000000000,0.0000000000,0.0000000000,0.0000000000,,,
37.9879999387,296,199733.4843750000,214486.9843750000,223178.5468750000,165701.3125000000,0.0000000000,0.0000000000,0.0000000000,0.0000000000,,,
37.9919999386,296,216608.0937500000,215628.8281250000,225000.0000000000,207336.7656250000,0.0000000000,0.0000000000,0.0000000000,0.0000000000,,,
37.9959999386,296,225000.0000000000,217615.4062500000,225000.0000000000,225000.0000000000,0.0000000000,0.0000000000,0.0000000000,0.0000000000,,,
37.9999999388,296,225000.0000000000,217728.3437500000,225000.0000000000,225000.0000000000,0.0000000000,0.0000000000,0.0000000000,0.0000000000,,,
38.0039999387,296,214210.7968750000,215757.2968750000,225000.0000000000,207244.4218750000,0.0000000000,0.0000000000,0.0000000000,0.0000000000,,,
38.0079999387,296,199602.2500000000,214455.8125000000,223061.2812500000,165444.6093750000,0.0000000000,0.0000000000,0.0000000000,0.0000000000,,,
38.0119999386,296,216401.4843750000,215598.4375000000,225000.0000000000,206840.0781250000,0.0000000000,0.0000000000,0.0000000000,0.0000000000,,,
38.0159999386,297,225000.0000000000,217620.0625000000,225000.0000000000,225000.0000000000,0.0000000000,0.0000000000,0.0000000000,0.0000000000,,,
38.0199999386,297,225000.0000000000,217762.8906250000,225000.0000000000,225000.0000000000,0.0000000000,0.0000000000,0.0000000000,0.0000000000,,,
38.0239999385,297,214340.9843750000,215776.1875000000,225000.0000000000,207536.4062500000,0.0000000000,0.0000000000,0.0000000000,0.0000000000,,,
38.0279999385,297,199484.2500000000,214434.0000000000,222951.8750000000,165261.6250000000,0.0000000000,0.0000000000,0.0000000000,0.0000000000,,,
38.0319999384,297,216192.0625000000,215562.8437500000,225000.0000000000,206398.0781250000,0.0000000000,0.0000000000,0.0000000000,0.0000000000,,,
38.0359999384,297,225000.0000000000,217589.7343750000,225000.0000000000,225000.0000000000,0.0000000000,0.0000000000,0.0000000000,0.0000000000,,,
38.0399999386,297,225000.0000000000,217754.5781250000,225000.0000000000,225000.0000000000,0.0000000000,0.0000000000,0.0000000000,0.0000000000,,,
38.0439999385,297,214423.4062500000,215768.2656250000,225000.0000000000,207808.6562500000,0.0000000000,0.0000000000,0.0000000000,0.0000000000,,,
38.0479999385,297,199355.9062500000,214410.4062500000,222857.5625000000,165124.7031250000,0.0000000000,0.0000000000,0.0000000000,0.0000000000,,,
38.0519999384,297,215980.8281250000,215536.5312500000,225000.0000000000,205977.2968750000,0.0000000000,0.0000000000,0.0000000000,0.0000000000,,,
38.0559999384,297,225000.0000000000,217599.0156250000,225000.0000000000,225000.0000000000,0.0000000000,0.0000000000,0.0000000000,0.0000000000,,,
38.0599999386,297,225000.0000000000,217783.5468750000,225000.0000000000,225000.0000000000,0.0000000000,0.0000000000,0.0000000000,0.0000000000,,,
38.0639999385,297,214557.3281250000,215786.5937500000,225000.0000000000,208075.2656250000,0.0000000000,0.0000000000,0.0000000000,0.0000000000,,,
38.0679999385,297,199271.3125000000,214405.2968750000,222768.0625000000,164988.6875000000,0.0000000000,0.0000000000,0.0000000000,0.0000000000,,,
38.0719999385,297,215810.5156250000,215521.0156250000,225000.0000000000,205571.5312500000,0.0000000000,0.0000000000,0.0000000000,0.0000000000,,,
38.0759999384,297,225000.0000000000,217594.0468750000,225000.0000000000,225000.0000000000,0.0000000000,0.0000000000,0.0000000000,0.0000000000,,,
38.0799999384,297,225000.0000000000,217800.6562500000,225000.0000000000,225000.0000000000,0.0000000000,0.0000000000,0.0000000000,0.0000000000,,,
38.0839999386,297,214695.7812500000,215812.0625000000,225000.0000000000,208352.9062500000,0.0000000000,0.0000000000,0.0000000000,0.0000000000,,,
38.0879999385,297,199215.7343750000,214423.6250000000,222701.7187500000,164900.8125000000,0.0000000000,0.0000000000,0.0000000000,0.0000000000,,,
38.0919999385,297,215644.5625000000,215528.5937500000,225000.0000000000,205162.2500000000,0.0000000000,0.0000000000,0.0000000000,0.0000000000,,,
38.0959999384,297,225000.0000000000,217601.1562500000,225000.0000000000,225000.0000000000,0.0000000000,0.0000000000,0.0000000000,0.0000000000,,,
38.0999999384,297,225000.0000000000,217818.2812500000,225000.0000000000,225000.0000000000,0.0000000000,0.0000000000,0.0000000000,0.0000000000,,,
38.1039999386,297,214790.6875000000,215825.4531250000,225000.0000000000,208611.7343750000,0.0000000000,0.0000000000,0.0000000000,0.0000000000,,,
38.1079999385,297,199130.7656250000,214423.0312500000,222610.4531250000,164814.2031250000,0.0000000000,0.0000000000,0.0000000000,0.0000000000,,,
38.1119999385,297,215443.8750000000,215520.8281250000,225000.0000000000,204756.3437500000,0.0000000000,0.0000000000,0.0000000000,0.0000000000,,,
38.1159999385,297,225000.0000000000,217604.2187500000,225000.0000000000,225000.0000000000,0.0000000000,0.0000000000,0.0000000000,0.0000000000,,,
38.1199999384,297,225000.0000000000,217833.1718750000,225000.0000000000,225000.0000000000,0.0000000000,0.0000000000,0.0000000000,0.0000000000,,,
38.1239999384,297,214896.0625000000,215844.0468750000,225000.0000000000,208876.5468750000,0.0000000000,0.0000000000,0.0000000000,0.0000000000,,,
38.1279999386,297,199043.0625000000,214419.1250000000,222535.4843750000,164741.2968750000,0.0000000000,0.0000000000,0.0000000000,0.0000000000,,,
38.1319999385,297,215250.1406250000,215498.1093750000,225000.0000000000,204376.9531250000,0.0000000000,0.0000000000,0.0000000000,0.0000000000,,,
38.1359999385,297,225000.0000000000,217582.4687500000,225000.0000000000,225000.0000000000,0.0000000000,0.0000000000,0.0000000000,0.0000000000,,,
38.1399999384,297,225000.0000000000,217827.3437500000,225000.0000000000,225000.0000000000,0.0000000000,0.0000000000,0.0000000000,0.0000000000,,,
38.1439999384,298,214986.0312500000,215830.7343750000,225000.0000000000,209151.3906250000,0.0000000000,0.0000000000,0.0000000000,0.0000000000,,,
38.1479999383,298,198950.3125000000,214384.8906250000,222474.5156250000,164690.7656250000,0.0000000000,0.0000000000,0.0000000000,0.0000000000,,,
38.1519999383,298,215043.6718750000,215450.7187500000,225000.0000000000,204000.5312500000,0.0000000000,0.0000000000,0.0000000000,0.0000000000,,,
38.1559999383,298,225000.0000000000,217549.9843750000,225000.0000000000,225000.0000000000,0.0000000000,0.0000000000,0.0000000000,0.0000000000,,,
38.1599999382,298,225000.0000000000,217812.9375000000,225000.0000000000,225000.0000000000,0.0000000000,0.0000000000,0.0000000000,0.0000000000,,,
38.1639999382,298,215091.6875000000,215823.0625000000,225000.0000000000,209444.1093750000,0.0000000000,0.0000000000,0.0000000000,0.0000000000,,,
38.1679999384,298,198897.6250000000,214370.8906250000,222430.7500000000,164654.7187500000,0.0000000000,0.0000000000,0.0000000000,0.0000000000,,,
38.1719999383,298,214869.9375000000,215427.9843750000,225000.0000000000,203633.7187500000,0.0000000000,0.0000000000,0.0000000000,0.0000000000,,,
38.1759999383,298,225000.0000000000,217541.4531250000,225000.0000000000,225000.0000000000,0.0000000000,0.0000000000,0.0000000000,0.0000000000,,,
38.1799999382,298,225000.0000000000,217823.8593750000,225000.0000000000,225000.0000000000,0.0000000000,0.0000000000,0.0000000000,0.0000000000,,,
38.1839999382,298,215202.0312500000,215835.0625000000,225000.0000000000,209714.5781250000,0.0000000000,0.0000000000,0.0000000000,0.0000000000,,,
38.1879999384,298,198837.2500000000,214367.5625000000,222375.4375000000,164574.9843750000,0.0000000000,0.0000000000,0.0000000000,0.0000000000,,,
38.1919999383,298,214724.4531250000,215425.8281250000,225000.0000000000,203296.6406250000,0.0000000000,0.0000000000,0.0000000000,0.0000000000,,,
38.1959999383,298,225000.0000000000,217543.8125000000,225000.0000000000,225000.0000000000,0.0000000000,0.0000000000,0.0000000000,0.0000000000,,,
38.1999999383,298,225000.0000000000,217828.0781250000,225000.0000000000,225000.0000000000,0.0000000000,0.0000000000,0.0000000000,0.0000000000,,,
38.2039999382,298,215323.1093750000,215845.1406250000,225000.0000000000,209957.9531250000,0.0000000000,0.0000000000,0.0000000000,0.0000000000,,,
38.2079999382,298,198800.6875000000,214371.0000000000,222329.4375000000,164508.4375000000,0.0000000000,0.0000000000,0.0000000000,0.0000000000,,,
38.2119999384,298,214581.9218750000,215420.4687500000,225000.0000000000,202948.9375000000,0.0000000000,0.0000000000,0.0000000000,0.0000000000,,,
38.2159999383,298,225000.0000000000,217548.7187500000,225000.0000000000,225000.0000000000,0.0000000000,0.0000000000,0.0000000000,0.0000000000,,,
38.2199999383,298,225000.0000000000,217853.3593750000,225000.0000000000,225000.0000000000,0.0000000000,0.0000000000,0.0000000000,0.0000000000,,,
38.2239999382,298,215477.7812500000,215881.3281250000,225000.0000000000,210240.9531250000,0.0000000000,0.0000000000,0.0000000000,0.0000000000,,,
38.2279999382,298,198786.9375000000,214394.5468750000,222294.5156250000,164475.8750000000,0.0000000000,0.0000000000,0.0000000000,0.0000000000,,,
38.2319999384,298,214444.2812500000,215420.6562500000,225000.0000000000,202630.9687500000,0.0000000000,0.0000000000,0.0000000000,0.0000000000,,,
38.2359999383,298,225000.0000000000,217551.5312500000,225000.0000000000,225000.0000000000,0.0000000000,0.0000000000,0.0000000000,0.0000000000,,,
38.2399999383,298,225000.0000000000,217884.4218750000,225000.0000000000,225000.0000000000,0.0000000000,0.0000000000,0.0000000000,0.0000000000,,,
38.2439999382,298,215604.5156250000,215904.8750000000,225000.0000000000,210503.3281250000,0.0000000000,0.0000000000,0.0000000000,0.0000000000,,,
38.2479999382,298,198740.5625000000,214391.6250000000,222253.2031250000,164415.0156250000,0.0000000000,0.0000000000,0.0000000000,0.0000000000,,,
38.2519999382,298,214300.6250000000,215413.0937500000,225000.0000000000,202282.9843750000,0.0000000000,0.0000000000,0.0000000000,0.0000000000,,,
38.2559999384,298,225000.0000000000,217549.7656250000,225000.0000000000,225000.0000000000,0.0000000000,0.0000000000,0.0000000000,0.0000000000,,,
38.2599999383,298,225000.0000000000,217891.1093750000,225000.0000000000,225000.0000000000,0.0000000000,0.0000000000,0.0000000000,0.0000000000,,,
38.2639999383,298,215731.8437500000,215910.3750000000,225000.0000000000,210791.9687500000,0.0000000000,0.0000000000,0.0000000000,0.0000000000,,,
38.2679999382,298,198704.4843750000,214377.9687500000,222222.3906250000,164366.9687500000,0.0000000000,0.0000000000,0.0000000000,0.0000000000,,,
38.2719999382,299,214155.2656250000,215395.9531250000,225000.0000000000,201939.8750000000,0.0000000000,0.0000000000,0.0000000000,0.0000000000,,,
38.2759999381,299,225000.0000000000,217537.1250000000,225000.0000000000,225000.0000000000,0.0000000000,0.0000000000,0.0000000000,0.0000000000,,,
38.2799999381,299,225000.0000000000,217877.3125000000,225000.0000000000,225000.0000000000,0.0000000000,0.0000000000,0.0000000000,0.0000000000,,,
38.2839999381,299,215865.3125000000,215899.1562500000,225000.0000000000,211049.1406250000,0.0000000000,0.0000000000,0.0000000000,0.0000000000,,,
38.2879999380,299,198686.0312500000,214359.7031250000,222203.2343750000,164325.6406250000,0.0000000000,0.0000000000,0.0000000000,0.0000000000,,,
38.2919999380,299,214022.4218750000,215370.1718750000,225000.0000000000,201626.7187500000,0.0000000000,0.0000000000,0.0000000000,0.0000000000,,,
38.2959999382,299,225000.0000000000,217525.8125000000,225000.0000000000,225000.0000000000,0.0000000000,0.0000000000,0.0000000000,0.0000000000,,,
38.2999999381,299,225000.0000000000,217881.3125000000,225000.0000000000,225000.0000000000,0.0000000000,0.0000000000,0.0000000000,0.0000000000,,,
38.3039999381,299,216010.2031250000,215903.7968750000,225000.0000000000,211331.2187500000,0.0000000000,0.0000000000,0.0000000000,0.0000000000,,,
38.3079999380,299,198678.2031250000,214353.8593750000,222214.8281250000,164313.0312500000,0.0000000000,0.0000000000,0.0000000000,0.0000000000,,,
38.3119999380,299,213887.0468750000,215347.7812500000,225000.0000000000,201288.5156250000,0.0000000000,0.0000000000,0.0000000000,0.0000000000,,,
38.3159999382,299,225000.0000000000,217503.6562500000,225000.0000000000,225000.0000000000,0.0000000000,0.0000000000,0.0000000000,0.0000000000,,,
38.3199999381,299,225000.0000000000,217881.5625000000,225000.0000000000,225000.0000000000,0.0000000000,0.0000000000,0.0000000000,0.0000000000,,,
38.3239999381,299,216145.4218750000,215907.3906250000,225000.0000000000,211633.9375000000,0.0000000000,0.0000000000,0.0000000000,0.0000000000,,,
38.3279999380,299,198657.9218750000,214347.6562500000,222207.7968750000,164308.9531250000,0.0000000000,0.0000000000,0.0000000000,0.0000000000,,,
38.3319999380,299,213739.1562500000,215331.3125000000,225000.0000000000,200966.3906250000,0.0000000000,0.0000000000,0.0000000000,0.0000000000,,,
38.3359999380,299,225000.0000000000,217489.7031250000,225000.0000000000,225000.0000000000,0.0000000000,0.0000000000,0.0000000000,0.0000000000,,,
38.3399999382,299,225000.0000000000,217884.2968750000,225000.0000000000,225000.0000000000,0.0000000000,0.0000000000,0.0000000000,0.0000000000,,,
38.3439999381,299,216263.5312500000,215910.9687500000,225000.0000000000,211961.0000000000,0.0000000000,0.0000000000,0.0000000000,0.0000000000,,,
38.3479999381,299,198612.3437500000,214324.2500000000,222198.7656250000,164325.2343750000,0.0000000000,0.0000000000,0.0000000000,0.0000000000,,,
38.3519999380,299,213547.2656250000,215299.7968750000,225000.0000000000,200610.2968750000,0.0000000000,0.0000000000,0.0000000000,0.0000000000,,,
38.3559999380,299,225000.0000000000,217467.2656250000,225000.0000000000,225000.0000000000,0.0000000000,0.0000000000,0.0000000000,0.0000000000,,,
38.3599999382,299,225000.0000000000,217878.5468750000,225000.0000000000,225000.0000000000,0.0000000000,0.0000000000,0.0000000000,0.0000000000,,,
38.3639999381,299,216360.9375000000,215912.9531250000,225000.0000000000,212232.4687500000,0.0000000000,0.0000000000,0.0000000000,0.0000000000,,,
38.3679999381,299,198599.4531250000,214315.4531250000,222195.4375000000,164355.5937500000,0.0000000000,0.0000000000,0.0000000000,0.0000000000,,,
38.3719999380,299,213402.8593750000,215274.2812500000,225000.0000000000,200343.7343750000,0.0000000000,0.0000000000,0.0000000000,0.0000000000,,,
38.3759999380,299,225000.0000000000,217441.1875000000,225000.0000000000,225000.0000000000,0.0000000000,0.0000000000,0.0000000000,0.0000000000,,,
38.3799999380,299,225000.0000000000,217867.5312500000,225000.0000000000,225000.0000000000,0.0000000000,0.0000000000,0.0000000000,0.0000000000,,,
38.3839999381,299,216496.2187500000,215903.5937500000,225000.0000000000,212507.7968750000,0.0000000000,0.0000000000,0.0000000000,0.0000000000,,,
38.3879999381,299,198624.8750000000,214299.4843750000,222217.8593750000,164408.0312500000,0.0000000000,0.0000000000,0.0000000000,0.0000000000,,,
38.3919999381,299,213277.2968750000,215254.7656250000,225000.0000000000,200030.4062500000,0.0000000000,0.0000000000,0.0000000000,0.0000000000,,,
38.3959999380,299,225000.0000000000,217436.0156250000,225000.0000000000,225000.0000000000,0.0000000000,0.0000000000,0.0000000000,0.0000000000,,,
38.3999999380,300,225000.0000000000,217873.5625000000,225000.0000000000,225000.0000000000,0.0000000000,0.0000000000,0.0000000000,0.0000000000,,,
38.4039999379,300,216651.6250000000,215907.2812500000,225000.0000000000,212835.5625000000,0.0000000000,0.0000000000,0.0000000000,0.0000000000,,,
38.4079999379,300,198679.7187500000,214291.3593750000,222262.8593750000,164458.4375000000,0.0000000000,0.0000000000,0.0000000000,0.0000000000,,,
38.4119999378,300,213169.5000000000,215235.8750000000,225000.0000000000,199697.2187500000,0.0000000000,0.0000000000,0.0000000000,0.0000000000,,,
38.4159999378,300,225000.0000000000,217423.4531250000,225000.0000000000,225000.0000000000,0.0000000000,0.0000000000,0.0000000000,0.0000000000,,,
38.4199999378,300,225000.0000000000,217870.3125000000,225000.0000000000,225000.0000000000,0.0000000000,0.0000000000,0.0000000000,0.0000000000,,,
38.4239999379,300,216817.6250000000,215896.1093750000,225000.0000000000,213124.2812500000,0.0000000000,0.0000000000,0.0000000000,0.0000000000,,,
38.4279999379,300,198747.0000000000,214264.1093750000,222309.3750000000,164524.1250000000,0.0000000000,0.0000000000,0.0000000000,0.0000000000,,,
38.4319999379,300,213053.0156250000,215195.3437500000,225000.0000000000,199390.5937500000,0.0000000000,0.0000000000,0.0000000000,0.0000000000,,,
38.4359999378,300,225000.0000000000,217390.8906250000,225000.0000000000,225000.0000000000,0.0000000000,0.0000000000,0.0000000000,0.0000000000,,,
38.4399999378,300,225000.0000000000,217864.9843750000,225000.0000000000,225000.0000000000,0.0000000000,0.0000000000,0.0000000000,0.0000000000,,,
38.4439999380,300,216990.6562500000,215916.9375000000,225000.0000000000,213417.4531250000,0.0000000000,0.0000000000,0.0000000000,0.0000000000,,,
38.4479999379,300,198835.7812500000,214278.7812500000,222354.1718750000,164597.2656250000,0.0000000000,0.0000000000,0.0000000000,0.0000000000,,,
38.4519999379,300,212986.3906250000,215208.7031250000,225000.0000000000,199098.7656250000,0.0000000000,0.0000000000,0.0000000000,0.0000000000,,,
38.4559999378,300,225000.0000000000,217411.3437500000,225000.0000000000,225000.0000000000,0.0000000000,0.0000000000,0.0000000000,0.0000000000,,,
38.4599999378,300,225000.0000000000,217892.9843750000,225000.0000000000,225000.0000000000,0.0000000000,0.0000000000,0.0000000000,0.0000000000,,,
38.4639999378,300,217161.8437500000,215938.4062500000,225000.0000000000,213736.2031250000,0.0000000000,0.0000000000,0.0000000000,0.0000000000,,,
38.4679999379,300,198914.1718750000,214283.8750000000,222412.0468750000,164707.4218750000,0.0000000000,0.0000000000,0.0000000000,0.0000000000,,,
38.4719999379,300,212864.8593750000,215188.9375000000,225000.0000000000,198790.2812500000,0.0000000000,0.0000000000,0.0000000000,0.0000000000,,,
38.4759999379,300,225000.0000000000,217395.4375000000,225000.0000000000,225000.0000000000,0.0000000000,0.0000000000,0.0000000000,0.0000000000,,,
38.4799999378,300,225000.0000000000,217892.0937500000,225000.0000000000,225000.0000000000,0.0000000000,0.0000000000,0.0000000000,0.0000000000,,,
38.4839999378,300,217336.6093750000,215950.5312500000,225000.0000000000,214034.6562500000,0.0000000000,0.0000000000,0.0000000000,0.0000000000,,,
38.4879999380,300,199014.2187500000,214292.6562500000,222487.6093750000,164860.2812500000,0.0000000000,0.0000000000,0.0000000000,0.0000000000,,,
38.4919999379,300,212757.8906250000,215180.9531250000,225000.0000000000,198474.7500000000,0.0000000000,0.0000000000,0.0000000000,0.0000000000,,,
38.4959999379,300,225000.0000000000,217365.8125000000,225000.0000000000,225000.0000000000,0.0000000000,0.0000000000,0.0000000000,0.0000000000,,,
38.4999999378,300,225000.0000000000,217875.1406250000,225000.0000000000,225000.0000000000,0.0000000000,0.0000000000,0.0000000000,0.0000000000,,,
38.5039999378,300,217537.9843750000,215957.2500000000,225000.0000000000,214500.5468750000,0.0000000000,0.0000000000,0.0000000000,0.0000000000,,,
38.5079999377,300,199179.1250000000,214305.8750000000,222660.6875000000,165251.4843750000,0.0000000000,0.0000000000,0.0000000000,0.0000000000,,,
38.5119999379,300,212293.3906250000,215092.7031250000,225000.0000000000,197826.5937500000,0.0000000000,0.0000000000,0.0000000000,0.0000000000,,,
38.5159999379,300,225000.0000000000,217025.7656250000,225000.0000000000,225000.0000000000,0.0000000000,0.0000000000,0.0000000000,0.0000000000,,,
38.5199999379,300,225000.0000000000,217432.4531250000,225000.0000000000,225000.0000000000,0.0000000000,0.0000000000,0.0000000000,0.0000000000,,,
38.5239999378,300,216607.1250000000,215731.1718750000,225000.0000000000,213232.3281250000,0.0000000000,0.0000000000,0.0000000000,0.0000000000,,,
38.5279999378,301,199490.3125000000,214341.9843750000,223102.9062500000,165596.7968750000,0.0000000000,0.0000000000,0.0000000000,0.0000000000,,,
38.5319999377,301,212741.2031250000,215180.9218750000,225000.0000000000,198578.8281250000,0.0000000000,0.0000000000,0.0000000000,0.0000000000,,,
38.5359999377,301,225000.0000000000,217087.6406250000,225000.0000000000,225000.0000000000,0.0000000000,0.0000000000,0.0000000000,0.0000000000,,,
38.5399999376,301,225000.0000000000,217487.9062500000,225000.0000000000,225000.0000000000,0.0000000000,0.0000000000,0.0000000000,0.0000000000,,,
38.5439999376,301,217048.2187500000,215790.0156250000,225000.0000000000,214055.0312500000,0.0000000000,0.0000000000,0.0000000000,0.0000000000,,,
38.5479999376,301,199822.0781250000,214395.7031250000,223407.3125000000,166380.4531250000,0.0000000000,0.0000000000,0.0000000000,0.0000000000,,,
38.5519999377,301,212889.7187500000,215215.8125000000,225000.0000000000,198837.2187500000,0.0000000000,0.0000000000,0.0000000000,0.0000000000,,,
38.5559999377,301,225000.0000000000,217111.3593750000,225000.0000000000,225000.0000000000,0.0000000000,0.0000000000,0.0000000000,0.0000000000,,,
38.5599999377,301,225000.0000000000,217512.6093750000,225000.0000000000,225000.0000000000,0.0000000000,0.0000000000,0.0000000000,0.0000000000,,,
38.5639999376,301,217351.7656250000,215817.2656250000,225000.0000000000,214682.9375000000,0.0000000000,0.0000000000,0.0000000000,0.0000000000,,,
38.5679999376,301,200015.2812500000,214410.6093750000,223582.9062500000,167003.0468750000,0.0000000000,0.0000000000,0.0000000000,0.0000000000,,,
38.5719999378,301,212918.4687500000,215222.7812500000,225000.0000000000,198985.6250000000,0.0000000000,0.0000000000,0.0000000000,0.0000000000,,,
38.5759999377,301,225000.0000000000,217122.7812500000,225000.0000000000,225000.0000000000,0.0000000000,0.0000000000,0.0000000000,0.0000000000,,,
38.5799999377,301,225000.0000000000,217543.8593750000,225000.0000000000,225000.0000000000,0.0000000000,0.0000000000,0.0000000000,0.0000000000,,,
38.5839999376,301,217593.0625000000,215862.4218750000,225000.0000000000,215141.5781250000,0.0000000000,0.0000000000,0.0000000000,0.0000000000,,,
38.5879999376,301,200149.7656250000,214450.5781250000,223694.0937500000,167383.6562500000,0.0000000000,0.0000000000,0.0000000000,0.0000000000,,,
38.5919999375,301,212905.9687500000,215249.9062500000,225000.0000000000,198928.9843750000,0.0000000000,0.0000000000,0.0000000000,0.0000000000,,,
38.5959999377,301,225000.0000000000,217142.5000000000,225000.0000000000,225000.0000000000,0.0000000000,0.0000000000,0.0000000000,0.0000000000,,,
38.5999999377,301,225000.0000000000,217561.8125000000,225000.0000000000,225000.0000000000,0.0000000000,0.0000000000,0.0000000000,0.0000000000,,,
38.6039999377,301,217780.4687500000,215878.5937500000,225000.0000000000,215573.2656250000,0.0000000000,0.0000000000,0.0000000000,0.0000000000,,,
38.6079999376,301,200229.8281250000,214458.8906250000,223755.1093750000,167665.2500000000,0.0000000000,0.0000000000,0.0000000000,0.0000000000,,,
38.6119999376,301,212844.5312500000,215243.6250000000,225000.0000000000,198831.5156250000,0.0000000000,0.0000000000,0.0000000000,0.0000000000,,,
38.6159999378,301,225000.0000000000,217138.5312500000,225000.0000000000,225000.0000000000,0.0000000000,0.0000000000,0.0000000000,0.0000000000,,,
38.6199999377,301,225000.0000000000,217572.2500000000,225000.0000000000,225000.0000000000,0.0000000000,0.0000000000,0.0000000000,0.0000000000,,,
38.6239999377,301,217957.4062500000,215896.3750000000,225000.0000000000,215941.8125000000,0.0000000000,0.0000000000,0.0000000000,0.0000000000,,,
38.6279999376,301,200295.9218750000,214465.6875000000,223800.6875000000,167903.4687500000,0.0000000000,0.0000000000,0.0000000000,0.0000000000,,,
38.6319999376,301,212770.8437500000,215238.4218750000,225000.0000000000,198695.7656250000,0.0000000000,0.0000000000,0.0000000000,0.0000000000,,,
38.6359999375,301,225000.0000000000,217135.1562500000,225000.0000000000,225000.0000000000,0.0000000000,0.0000000000,0.0000000000,0.0000000000,,,
38.6399999377,301,225000.0000000000,217581.9218750000,225000.0000000000,225000.0000000000,0.0000000000,0.0000000000,0.0000000000,0.0000000000,,,
38.6439999377,301,218124.9375000000,215910.1562500000,225000.0000000000,216340.2500000000,0.0000000000,0.0000000000,0.0000000000,0.0000000000,,,
38.6479999376,301,200381.6406250000,214476.8125000000,223884.5000000000,168208.5312500000,0.0000000000,0.0000000000,0.0000000000,0.0000000000,,,
38.6519999376,301,212701.0312500000,215247.4062500000,225000.0000000000,198589.4687500000,0.0000000000,0.0000000000,0.0000000000,0.0000000000,,,
38.6559999376,302,225000.0000000000,217150.2968750000,225000.0000000000,225000.0000000000,0.0000000000,0.0000000000,0.0000000000,0.0000000000,,,
38.6599999375,302,225000.0000000000,217608.9375000000,225000.0000000000,225000.0000000000,0.0000000000,0.0000000000,0.0000000000,0.0000000000,,,
38.6639999375,302,218285.4687500000,215943.2031250000,225000.0000000000,216715.6250000000,0.0000000000,0.0000000000,0.0000000000,0.0000000000,,,
38.6679999374,302,200470.0468750000,214505.5625000000,223961.4218750000,168497.8125000000,0.0000000000,0.0000000000,0.0000000000,0.0000000000,,,
38.6719999374,302,212636.2812500000,215271.5000000000,225000.0000000000,198490.2812500000,0.0000000000,0.0000000000,0.0000000000,0.0000000000,,,
38.6759999373,302,225000.0000000000,217171.1718750000,225000.0000000000,225000.0000000000,0.0000000000,0.0000000000,0.0000000000,0.0000000000,,,
38.6799999375,302,225000.0000000000,217635.6562500000,225000.0000000000,225000.0000000000,0.0000000000,0.0000000000,0.0000000000,0.0000000000,,,
38.6839999375,302,218439.4843750000,215976.9687500000,225000.0000000000,217018.5312500000,0.0000000000,0.0000000000,0.0000000000,0.0000000000,,,
38.6879999375,302,200523.3125000000,214527.1875000000,224026.7968750000,168716.1250000000,0.0000000000,0.0000000000,0.0000000000,0.0000000000,,,
38.6919999374,302,212523.5937500000,215278.5000000000,225000.0000000000,198275.8906250000,0.0000000000,0.0000000000,0.0000000000,0.0000000000,,,
38.6959999374,302,225000.0000000000,217187.1562500000,225000.0000000000,225000.0000000000,0.0000000000,0.0000000000,0.0000000000,0.0000000000,,,
38.6999999376,302,225000.0000000000,217667.3750000000,225000.0000000000,225000.0000000000,0.0000000000,0.0000000000,0.0000000000,0.0000000000,,,
38.7039999375,302,218581.1093750000,216003.6562500000,225000.0000000000,217350.4531250000,0.0000000000,0.0000000000,0.0000000000,0.0000000000,,,
38.7079999375,302,200563.2500000000,214531.2343750000,224062.0156250000,168874.3125000000,0.0000000000,0.0000000000,0.0000000000,0.0000000000,,,
38.7119999374,302,212419.8281250000,215266.1562500000,225000.0000000000,198060.8281250000,0.0000000000,0.0000000000,0.0000000000,0.0000000000,,,
38.7159999374,302,225000.0000000000,217174.3125000000,225000.0000000000,225000.0000000000,0.0000000000,0.0000000000,0.0000000000,0.0000000000,,,
38.7199999373,302,225000.0000000000,217666.1718750000,225000.0000000000,225000.0000000000,0.0000000000,0.0000000000,0.0000000000,0.0000000000,,,
38.7239999375,302,218715.2656250000,216007.6562500000,225000.0000000000,217640.4218750000,0.0000000000,0.0000000000,0.0000000000,0.0000000000,,,
38.7279999375,302,200624.7031250000,214528.6250000000,224120.0781250000,169104.2031250000,0.0000000000,0.0000000000,0.0000000000,0.0000000000,,,
38.7319999374,302,212324.5312500000,215251.0000000000,225000.0000000000,197898.3750000000,0.0000000000,0.0000000000,0.0000000000,0.0000000000,,,
38.7359999374,302,225000.0000000000,217158.8593750000,225000.0000000000,225000.0000000000,0.0000000000,0.0000000000,0.0000000000,0.0000000000,,,
38.7399999374,302,225000.0000000000,217660.0312500000,225000.0000000000,225000.0000000000,0.0000000000,0.0000000000,0.0000000000,0.0000000000,,,
38.7439999375,302,218859.5937500000,216003.2343750000,225000.0000000000,218009.4687500000,0.0000000000,0.0000000000,0.0000000000,0.0000000000,,,
38.7479999375,302,200698.4687500000,214510.9218750000,224194.8906250000,169376.7500000000,0.0000000000,0.0000000000,0.0000000000,0.0000000000,,,
38.7519999375,302,212246.9375000000,215226.7031250000,225000.0000000000,197760.2343750000,0.0000000000,0.0000000000,0.0000000000,0.0000000000,,,
38.7559999374,302,225000.0000000000,217137.4062500000,225000.0000000000,225000.0000000000,0.0000000000,0.0000000000,0.0000000000,0.0000000000,,,
38.7599999374,302,225000.0000000000,217649.4843750000,225000.0000000000,225000.0000000000,0.0000000000,0.0000000000,0.0000000000,0.0000000000,,,
38.7639999373,302,219008.9218750000,216002.3750000000,225000.0000000000,218310.9687500000,0.0000000000,0.0000000000,0.0000000000,0.0000000000,,,
38.7679999375,302,200786.2812500000,214504.3593750000,224259.6093750000,169637.1093750000,0.0000000000,0.0000000000,0.0000000000,0.0000000000,,,
38.7719999375,302,212166.7656250000,215208.2187500000,225000.0000000000,197605.7187500000,0.0000000000,0.0000000000,0.0000000000,0.0000000000,,,
38.7759999374,302,225000.0000000000,217119.4062500000,225000.0000000000,225000.0000000000,0.0000000000,0.0000000000,0.0000000000,0.0000000000,,,
38.7799999374,302,225000.0000000000,217649.0312500000,225000.0000000000,225000.0000000000,0.0000000000,0.0000000000,0.0000000000,0.0000000000,,,
38.7839999374,303,219156.1718750000,216013.6406250000,225000.0000000000,218593.7031250000,0.0000000000,0.0000000000,0.0000000000,0.0000000000,,,
38.7879999373,303,200873.2343750000,214515.2812500000,224335.8125000000,169857.2187500000,0.0000000000,0.0000000000,0.0000000000,0.0000000000,,,
38.7919999373,303,212096.7187500000,215214.8750000000,225000.0000000000,197413.3125000000,0.0000000000,0.0000000000,0.0000000000,0.0000000000,,,
38.7959999372,303,225000.0000000000,217130.5625000000,225000.0000000000,225000.0000000000,0.0000000000,0.0000000000,0.0000000000,0.0000000000,,,
38.7999999372,303,225000.0000000000,217665.6562500000,225000.0000000000,225000.0000000000,0.0000000000,0.0000000000,0.0000000000,0.0000000000,,,
38.8039999371,303,219311.6875000000,216024.5781250000,225000.0000000000,218899.6093750000,0.0000000000,0.0000000000,0.0000000000,0.0000000000,,,
38.8079999373,303,200952.7656250000,214511.2812500000,224397.7968750000,170041.9687500000,0.0000000000,0.0000000000,0.0000000000,0.0000000000,,,
38.8119999373,303,212014.5781250000,215197.8906250000,225000.0000000000,197194.9375000000,0.0000000000,0.0000000000,0.0000000000,0.0000000000,,,
38.8159999372,303,225000.0000000000,217113.7968750000,225000.0000000000,225000.0000000000,0.0000000000,0.0000000000,0.0000000000,0.0000000000,,,
38.8199999372,303,225000.0000000000,217663.1718750000,225000.0000000000,225000.0000000000,0.0000000000,0.0000000000,0.0000000000,0.0000000000,,,
38.8239999372,303,219460.1093750000,216029.5937500000,225000.0000000000,219191.8750000000,0.0000000000,0.0000000000,0.0000000000,0.0000000000,,,
38.8279999373,303,201017.4843750000,214508.1718750000,224450.4687500000,170235.8281250000,0.0000000000,0.0000000000,0.0000000000,0.0000000000,,,
38.8319999373,303,211904.7343750000,215184.5156250000,225000.0000000000,196952.5468750000,0.0000000000,0.0000000000,0.0000000000,0.0000000000,,,
38.8359999373,303,225000.0000000000,217104.9687500000,225000.0000000000,225000.0000000000,0.0000000000,0.0000000000,0.0000000000,0.0000000000,,,
38.8399999372,303,225000.0000000000,217664.2187500000,225000.0000000000,225000.0000000000,0.0000000000,0.0000000000,0.0000000000,0.0000000000,,,
38.8439999372,303,219594.3906250000,216032.2187500000,225000.0000000000,219492.7031250000,0.0000000000,0.0000000000,0.0000000000,0.0000000000,,,
38.8479999371,303,201049.4531250000,214496.9062500000,224472.7031250000,170403.4218750000,0.0000000000,0.0000000000,0.0000000000,0.0000000000,,,
38.8519999373,303,211771.8593750000,215158.2031250000,225000.0000000000,196691.8125000000,0.0000000000,0.0000000000,0.0000000000,0.0000000000,,,
38.8559999373,303,225000.0000000000,217081.1562500000,225000.0000000000,225000.0000000000,0.0000000000,0.0000000000,0.0000000000,0.0000000000,,,
38.8599999372,303,225000.0000000000,217659.4375000000,225000.0000000000,225000.0000000000,0.0000000000,0.0000000000,0.0000000000,0.0000000000,,,
38.8639999372,303,219701.4375000000,216036.1718750000,225000.0000000000,219774.0468750000,0.0000000000,0.0000000000,0.0000000000,0.0000000000,,,
38.8679999372,303,201048.2031250000,214492.3750000000,224473.3750000000,170532.5625000000,0.0000000000,0.0000000000,0.0000000000,0.0000000000,,,
38.8719999373,303,211634.7968750000,215151.0937500000,225000.0000000000,196437.8281250000,0.0000000000,0.0000000000,0.0000000000,0.0000000000,,,
38.8759999373,303,225000.0000000000,217082.0625000000,225000.0000000000,225000.0000000000,0.0000000000,0.0000000000,0.0000000000,0.0000000000,,,
38.8799999373,303,225000.0000000000,217670.0625000000,225000.0000000000,225000.0000000000,0.0000000000,0.0000000000,0.0000000000,0.0000000000,,,
38.8839999372,303,219819.7500000000,216054.3281250000,225000.0000000000,220047.6875000000,0.0000000000,0.0000000000,0.0000000000,0.0000000000,,,
38.8879999372,303,201076.8437500000,214506.5000000000,224499.6718750000,170697.7968750000,0.0000000000,0.0000000000,0.0000000000,0.0000000000,,,
38.8919999371,303,211507.9062500000,215153.1093750000,225000.0000000000,196146.2187500000,0.0000000000,0.0000000000,0.0000000000,0.0000000000,,,
38.8959999373,303,225000.0000000000,217075.4375000000,225000.0000000000,225000.0000000000,0.0000000000,0.0000000000,0.0000000000,0.0000000000,,,
38.8999999373,303,225000.0000000000,217666.7968750000,225000.0000000000,225000.0000000000,0.0000000000,0.0000000000,0.0000000000,0.0000000000,,,
38.9039999372,303,219946.9687500000,216048.9843750000,225000.0000000000,220343.7500000000,0.0000000000,0.0000000000,0.0000000000,0.0000000000,,,
38.9079999372,303,201082.6562500000,214486.7031250000,224502.5937500000,170837.2656250000,0.0000000000,0.0000000000,0.0000000000,0.0000000000,,,
38.9119999371,304,211359.8750000000,215116.5156250000,225000.0000000000,195877.4843750000,0.0000000000,0.0000000000,0.0000000000,0.0000000000,,,
38.9159999371,304,225000.0000000000,217043.0937500000,225000.0000000000,225000.0000000000,0.0000000000,0.0000000000,0.0000000000,0.0000000000,,,
38.9199999371,304,225000.0000000000,217654.1250000000,225000.0000000000,225000.0000000000,0.0000000000,0.0000000000,0.0000000000,0.0000000000,,,
38.9239999370,304,220059.5156250000,216056.4218750000,225000.0000000000,220598.2343750000,0.0000000000,0.0000000000,0.0000000000,0.0000000000,,,
38.9279999370,304,201096.0781250000,214493.8437500000,224504.7656250000,171005.0625000000,0.0000000000,0.0000000000,0.0000000000,0.0000000000,,,
38.9319999369,304,211271.4062500000,215121.5937500000,225000.0000000000,195752.5781250000,0.0000000000,0.0000000000,0.0000000000,0.0000000000,,,
38.9359999371,304,225000.0000000000,217055.0312500000,225000.0000000000,225000.0000000000,0.0000000000,0.0000000000,0.0000000000,0.0000000000,,,
38.9399999371,304,225000.0000000000,217672.6406250000,225000.0000000000,225000.0000000000,0.0000000000,0.0000000000,0.0000000000,0.0000000000,,,
38.9439999370,304,220155.9687500000,216076.0781250000,225000.0000000000,220804.8750000000,0.0000000000,0.0000000000,0.0000000000,0.0000000000,,,
38.9479999370,304,201088.8906250000,214501.0000000000,224480.4062500000,171062.2812500000,0.0000000000,0.0000000000,0.0000000000,0.0000000000,,,
38.9519999370,304,211085.8281250000,215111.4687500000,225000.0000000000,195328.7031250000,0.0000000000,0.0000000000,0.0000000000,0.0000000000,,,
38.9559999371,304,225000.0000000000,217040.4687500000,225000.0000000000,225000.0000000000,0.0000000000,0.0000000000,0.0000000000,0.0000000000,,,
38.9599999371,304,225000.0000000000,217669.1562500000,225000.0000000000,225000.0000000000,0.0000000000,0.0000000000,0.0000000000,0.0000000000,,,
38.9639999371,304,220263.7031250000,216075.1875000000,225000.0000000000,221068.6875000000,0.0000000000,0.0000000000,0.0000000000,0.0000000000,,,
38.9679999370,304,201105.4375000000,214495.9375000000,224511.5468750000,171158.5625000000,0.0000000000,0.0000000000,0.0000000000,0.0000000000,,,
38.9719999370,304,210963.3906250000,215099.0781250000,225000.0000000000,195038.5468750000,0.0000000000,0.0000000000,0.0000000000,0.0000000000,,,
38.9759999369,304,225000.0000000000,217034.5625000000,225000.0000000000,225000.0000000000,0.0000000000,0.0000000000,0.0000000000,0.0000000000,,,
38.9799999371,304,225000.0000000000,217683.0781250000,225000.0000000000,225000.0000000000,0.0000000000,0.0000000000,0.0000000000,0.0000000000,,,
38.9839999371,304,220417.7656250000,216098.1875000000,225000.0000000000,221344.5625000000,0.0000000000,0.0000000000,0.0000000000,0.0000000000,,,
38.9879999370,304,201171.9062500000,214507.8125000000,224544.2187500000,171299.0625000000,0.0000000000,0.0000000000,0.0000000000,0.0000000000,,,
38.9919999370,304,210872.6718750000,215096.8906250000,225000.0000000000,194751.6093750000,0.0000000000,0.0000000000,0.0000000000,0.0000000000,,,
38.9959999369,304,225000.0000000000,217023.9687500000,225000.0000000000,225000.0000000000,0.0000000000,0.0000000000,0.0000000000,0.0000000000,,,
38.9999999371,304,225000.0000000000,217675.4062500000,225000.0000000000,225000.0000000000,0.0000000000,0.0000000000,0.0000000000,0.0000000000,,,
39.0039999371,304,220575.8906250000,216095.9062500000,225000.0000000000,221644.4062500000,0.0000000000,0.0000000000,0.0000000000,0.0000000000,,,
39.0079999371,304,201237.0000000000,214498.3750000000,224583.1093750000,171480.9218750000,0.0000000000,0.0000000000,0.0000000000,0.0000000000,,,
39.0119999370,304,210778.0937500000,215078.8281250000,225000.0000000000,194521.3281250000,0.0000000000,0.0000000000,0.0000000000,0.0000000000,,,
39.0159999370,304,225000.0000000000,217006.0000000000,225000.0000000000,225000.0000000000,0.0000000000,0.0000000000,0.0000000000,0.0000000000,,,
39.0199999369,304,225000.0000000000,217672.3125000000,225000.0000000000,225000.0000000000,0.0000000000,0.0000000000,0.0000000000,0.0000000000,,,
39.0239999371,304,220721.0468750000,216103.3906250000,225000.0000000000,221931.8281250000,0.0000000000,0.0000000000,0.0000000000,0.0000000000,,,
39.0279999371,304,201303.1406250000,214501.0781250000,224651.4218750000,171685.4531250000,0.0000000000,0.0000000000,0.0000000000,0.0000000000,,,
39.0319999370,304,210688.9687500000,215072.3750000000,225000.0000000000,194290.4843750000,0.0000000000,0.0000000000,0.0000000000,0.0000000000,,,
39.0359999370,304,225000.0000000000,217003.6093750000,225000.0000000000,225000.0000000000,0.0000000000,0.0000000000,0.0000000000,0.0000000000,,,
39.0399999369,305,225000.0000000000,217680.0156250000,225000.0000000000,225000.0000000000,0.0000000000,0.0000000000,0.0000000000,0.0000000000,,,
39.0439999369,305,220877.0156250000,216111.8906250000,225000.0000000000,222222.9062500000,0.0000000000,0.0000000000,0.0000000000,0.0000000000,,,
39.0479999369,305,201381.4062500000,214488.0000000000,224711.4062500000,171875.6875000000,0.0000000000,0.0000000000,0.0000000000,0.0000000000,,,
39.0519999368,305,210597.7812500000,215040.5312500000,225000.0000000000,194046.7968750000,0.0000000000,0.0000000000,0.0000000000,0.0000000000,,,
39.0559999368,305,225000.0000000000,216977.8125000000,225000.0000000000,225000.0000000000,0.0000000000,0.0000000000,0.0000000000,0.0000000000,,,
39.0599999367,305,225000.0000000000,217676.8281250000,225000.0000000000,225000.0000000000,0.0000000000,0.0000000000,0.0000000000,0.0000000000,,,
39.0639999369,305,221059.3593750000,216123.5000000000,225000.0000000000,222530.8125000000,0.0000000000,0.0000000000,0.0000000000,0.0000000000,,,
39.0679999369,305,201475.4531250000,214493.4375000000,224786.0156250000,172060.4375000000,0.0000000000,0.0000000000,0.0000000000,0.0000000000,,,
39.0719999368,305,210522.5312500000,215036.5312500000,225000.0000000000,193786.9687500000,0.0000000000,0.0000000000,0.0000000000,0.0000000000,,,
39.0759999368,305,225000.0000000000,216976.3906250000,225000.0000000000,225000.0000000000,0.0000000000,0.0000000000,0.0000000000,0.0000000000,,,
39.0799999367,305,225000.0000000000,217686.5781250000,225000.0000000000,225000.0000000000,0.0000000000,0.0000000000,0.0000000000,0.0000000000,,,
39.0839999369,305,221210.7343750000,216135.3906250000,225000.0000000000,222802.7656250000,0.0000000000,0.0000000000,0.0000000000,0.0000000000,,,
39.0879999369,305,201558.1875000000,214499.0000000000,224867.5000000000,172288.7500000000,0.0000000000,0.0000000000,0.0000000000,0.0000000000,,,
39.0919999368,305,210436.3593750000,215030.1718750000,225000.0000000000,193578.2968750000,0.0000000000,0.0000000000,0.0000000000,0.0000000000,,,
39.0959999368,305,225000.0000000000,216970.8906250000,225000.0000000000,225000.0000000000,0.0000000000,0.0000000000,0.0000000000,0.0000000000,,,
39.0999999368,305,225000.0000000000,217695.5156250000,225000.0000000000,225000.0000000000,0.0000000000,0.0000000000,0.0000000000,0.0000000000,,,
39.1039999367,305,221361.6406250000,216154.5937500000,225000.0000000000,223106.9531250000,0.0000000000,0.0000000000,0.0000000000,0.0000000000,,,
39.1079999369,305,201633.0312500000,214509.8593750000,224957.2812500000,172533.2812500000,0.0000000000,0.0000000000,0.0000000000,0.0000000000,,,
39.1119999369,305,210356.0781250000,215029.5312500000,225000.0000000000,193396.0468750000,0.0000000000,0.0000000000,0.0000000000,0.0000000000,,,
39.1159999368,305,225000.0000000000,216969.8125000000,225000.0000000000,225000.0000000000,0.0000000000,0.0000000000,0.0000000000,0.0000000000,,,
39.1199999368,305,225000.0000000000,217705.7031250000,225000.0000000000,225000.0000000000,0.0000000000,0.0000000000,0.0000000000,0.0000000000,,,
39.1239999367,305,221506.5937500000,216169.6875000000,225000.0000000000,223419.0625000000,0.0000000000,0.0000000000,0.0000000000,0.0000000000,,,
39.1279999369,305,201706.3281250000,214516.9062500000,225000.0000000000,172765.8750000000,0.0000000000,0.0000000000,0.0000000000,0.0000000000,,,
39.1319999369,305,210271.4218750000,215023.2812500000,225000.0000000000,193198.4375000000,0.0000000000,0.0000000000,0.0000000000,0.0000000000,,,
39.1359999368,305,225000.0000000000,216955.7656250000,225000.0000000000,225000.0000000000,0.0000000000,0.0000000000,0.0000000000,0.0000000000,,,
39.1399999368,305,225000.0000000000,217695.0312500000,225000.0000000000,225000.0000000000,0.0000000000,0.0000000000,0.0000000000,0.0000000000,,,
39.1439999368,305,221615.1406250000,216159.5468750000,225000.0000000000,223669.7656250000,0.0000000000,0.0000000000,0.0000000000,0.0000000000,,,
39.1479999367,305,201744.1718750000,214497.1406250000,225000.0000000000,172981.1250000000,0.0000000000,0.0000000000,0.0000000000,0.0000000000,,,
39.1519999369,305,210166.8281250000,214995.4375000000,225000.0000000000,193014.4687500000,0.0000000000,0.0000000000,0.0000000000,0.0000000000,,,
39.1559999369,305,225000.0000000000,216937.5312500000,225000.0000000000,225000.0000000000,0.0000000000,0.0000000000,0.0000000000,0.0000000000,,,
39.1599999368,305,225000.0000000000,217690.3593750000,225000.0000000000,225000.0000000000,0.0000000000,0.0000000000,0.0000000000,0.0000000000,,,
39.1639999368,305,221757.2187500000,216168.4062500000,225000.0000000000,223933.2343750000,0.0000000000,0.0000000000,0.0000000000,0.0000000000,,,
39.1679999367,306,201808.9218750000,214505.7187500000,225000.0000000000,173192.5156250000,0.0000000000,0.0000000000,0.0000000000,0.0000000000,,,
39.1719999367,306,210083.1718750000,214997.9375000000,225000.0000000000,192812.2656250000,0.0000000000,0.0000000000,0.0000000000,0.0000000000,,,
39.1759999366,306,225000.0000000000,216944.8125000000,225000.0000000000,225000.0000000000,0.0000000000,0.0000000000,0.0000000000,0.0000000000,,,
39.1799999366,306,225000.0000000000,217716.5156250000,225000.0000000000,225000.0000000000,0.0000000000,0.0000000000,0.0000000000,0.0000000000,,,
39.1839999366,306,221896.7968750000,216200.3437500000,225000.0000000000,224176.1093750000,0.0000000000,0.0000000000,0.0000000000,0.0000000000,,,
39.1879999365,306,201870.4218750000,214526.4531250000,225000.0000000000,173411.4062500000,0.0000000000,0.0000000000,0.0000000000,0.0000000000,,,
39.1919999367,306,209993.9531250000,215001.2968750000,225000.0000000000,192617.7968750000,0.0000000000,0.0000000000,0.0000000000,0.0000000000,,,
39.1959999367,306,225000.0000000000,216942.9687500000,225000.0000000000,225000.0000000000,0.0000000000,0.0000000000,0.0000000000,0.0000000000,,,
39.1999999366,306,225000.0000000000,217724.5312500000,225000.0000000000,225000.0000000000,0.0000000000,0.0000000000,0.0000000000,0.0000000000,,,
39.2039999366,306,222029.9062500000,216218.2968750000,225000.0000000000,224462.2812500000,0.0000000000,0.0000000000,0.0000000000,0.0000000000,,,
39.2079999365,306,201935.6093750000,214539.5156250000,225000.0000000000,173662.8437500000,0.0000000000,0.0000000000,0.0000000000,0.0000000000,,,
39.2119999367,306,209906.4843750000,215002.2031250000,225000.0000000000,192445.9531250000,0.0000000000,0.0000000000,0.0000000000,0.0000000000,,,
39.2159999367,306,225000.0000000000,216939.9375000000,225000.0000000000,225000.0000000000,0.0000000000,0.0000000000,0.0000000000,0.0000000000,,,
39.2199999366,306,225000.0000000000,217727.3750000000,225000.0000000000,225000.0000000000,0.0000000000,0.0000000000,0.0000000000,0.0000000000,,,
39.2239999366,306,222144.3593750000,216220.2500000000,225000.0000000000,224749.5468750000,0.0000000000,0.0000000000,0.0000000000,0.0000000000,,,
39.2279999366,306,201976.2187500000,214531.4531250000,225000.0000000000,173893.0468750000,0.0000000000,0.0000000000,0.0000000000,0.0000000000,,,
39.2319999365,306,209810.7031250000,214988.7187500000,225000.0000000000,192275.2187500000,0.0000000000,0.0000000000,0.0000000000,0.0000000000,,,
39.2359999367,306,225000.0000000000,216932.7187500000,225000.0000000000,225000.0000000000,0.0000000000,0.0000000000,0.0000000000,0.0000000000,,,
39.2399999367,306,225000.0000000000,217734.4843750000,225000.0000000000,225000.0000000000,0.0000000000,0.0000000000,0.0000000000,0.0000000000,,,
39.2439999366,306,222287.9218750000,216235.3750000000,225000.0000000000,225000.0000000000,0.0000000000,0.0000000000,0.0000000000,0.0000000000,,,
39.2479999366,306,202032.8906250000,214535.1250000000,225000.0000000000,174088.6093750000,0.0000000000,0.0000000000,0.0000000000,0.0000000000,,,
39.2519999365,306,209702.9843750000,214980.5781250000,225000.0000000000,192018.7031250000,0.0000000000,0.0000000000,0.0000000000,0.0000000000,,,
39.2559999367,306,225000.0000000000,216926.0781250000,225000.0000000000,225000.0000000000,0.0000000000,0.0000000000,0.0000000000,0.0000000000,,,
39.2599999367,306,225000.0000000000,217740.0937500000,225000.0000000000,225000.0000000000,0.0000000000,0.0000000000,0.0000000000,0.0000000000,,,
39.2639999366,306,222424.2812500000,216246.9062500000,225000.0000000000,225000.0000000000,0.0000000000,0.0000000000,0.0000000000,0.0000000000,,,
39.2679999366,306,202104.4531250000,214541.5937500000,225000.0000000000,174271.4375000000,0.0000000000,0.0000000000,0.0000000000,0.0000000000,,,
39.2719999366,306,209635.8593750000,214978.7031250000,225000.0000000000,191802.4062500000,0.0000000000,0.0000000000,0.0000000000,0.0000000000,,,
39.2759999365,306,225000.0000000000,216923.7968750000,225000.0000000000,225000.0000000000,0.0000000000,0.0000000000,0.0000000000,0.0000000000,,,
39.2799999367,306,225000.0000000000,217744.8125000000,225000.0000000000,225000.0000000000,0.0000000000,0.0000000000,0.0000000000,0.0000000000,,,
39.2839999367,306,222567.8906250000,216257.7656250000,225000.0000000000,225000.0000000000,0.0000000000,0.0000000000,0.0000000000,0.0000000000,,,
39.2879999366,306,202174.7812500000,214541.1875000000,225000.0000000000,174488.7500000000,0.0000000000,0.0000000000,0.0000000000,0.0000000000,,,
39.2919999366,306,209549.8281250000,214964.0625000000,225000.0000000000,191606.1250000000,0.0000000000,0.0000000000,0.0000000000,0.0000000000,,,
39.2959999365,307,225000.0000000000,216909.2343750000,225000.0000000000,225000.0000000000,0.0000000000,0.0000000000,0.0000000000,0.0000000000,,,
39.2999999365,307,225000.0000000000,217741.2968750000,225000.0000000000,225000.0000000000,0.0000000000,0.0000000000,0.0000000000,0.0000000000,,,
39.3039999364,307,222697.6562500000,216262.6875000000,225000.0000000000,225000.0000000000,0.0000000000,0.0000000000,0.0000000000,0.0000000000,,,
39.3079999364,307,202238.4843750000,214541.7187500000,225000.0000000000,174696.3281250000,0.0000000000,0.0000000000,0.0000000000,0.0000000000,,,
39.3119999364,307,209456.6562500000,214953.5937500000,225000.0000000000,191378.8281250000,0.0000000000,0.0000000000,0.0000000000,0.0000000000,,,
39.3159999363,307,225000.0000000000,216897.2968750000,225000.0000000000,225000.0000000000,0.0000000000,0.0000000000,0.0000000000,0.0000000000,,,
39.3199999365,307,225000.0000000000,217741.9531250000,225000.0000000000,225000.0000000000,0.0000000000,0.0000000000,0.0000000000,0.0000000000,,,
39.3239999365,307,222824.2031250000,216269.3281250000,225000.0000000000,225000.0000000000,0.0000000000,0.0000000000,0.0000000000,0.0000000000,,,
39.3279999364,307,202290.3281250000,214538.6875000000,225000.0000000000,174875.1718750000,0.0000000000,0.0000000000,0.0000000000,0.0000000000,,,
39.3319999364,307,209361.0000000000,214938.0937500000,225000.0000000000,191152.5625000000,0.0000000000,0.0000000000,0.0000000000,0.0000000000,,,
39.3359999363,307,225000.0000000000,216883.9531250000,225000.0000000000,225000.0000000000,0.0000000000,0.0000000000,0.0000000000,0.0000000000,,,
39.3399999365,307,225000.0000000000,217741.0625000000,225000.0000000000,225000.0000000000,0.0000000000,0.0000000000,0.0000000000,0.0000000000,,,
39.3439999365,307,222956.3437500000,216276.6562500000,225000.0000000000,225000.0000000000,0.0000000000,0.0000000000,0.0000000000,0.0000000000,,,
39.3479999364,307,202359.4531250000,214539.0625000000,225000.0000000000,175062.6250000000,0.0000000000,0.0000000000,0.0000000000,0.0000000000,,,
39.3519999364,307,209286.5156250000,214933.1875000000,225000.0000000000,190943.2343750000,0.0000000000,0.0000000000,0.0000000000,0.0000000000,,,
39.3559999363,307,225000.0000000000,216885.7500000000,225000.0000000000,225000.0000000000,0.0000000000,0.0000000000,0.0000000000,0.0000000000,,,
39.3599999363,307,225000.0000000000,217756.1875000000,225000.0000000000,225000.0000000000,0.0000000000,0.0000000000,0.0000000000,0.0000000000,,,
39.3639999365,307,223088.2343750000,216299.4531250000,225000.0000000000,225000.0000000000,0.0000000000,0.0000000000,0.0000000000,0.0000000000,,,
39.3679999365,307,202414.5468750000,214556.6406250000,225000.0000000000,175247.4687500000,0.0000000000,0.0000000000,0.0000000000,0.0000000000,,,
39.3719999364,307,209168.5625000000,214933.5312500000,225000.0000000000,190660.7968750000,0.0000000000,0.0000000000,0.0000000000,0.0000000000,,,
39.3759999364,307,225000.0000000000,216880.3125000000,225000.0000000000,225000.0000000000,0.0000000000,0.0000000000,0.0000000000,0.0000000000,,,
39.3799999363,307,225000.0000000000,217757.6562500000,225000.0000000000,225000.0000000000,0.0000000000,0.0000000000,0.0000000000,0.0000000000,,,
39.3839999365,307,223183.7656250000,216302.9062500000,225000.0000000000,225000.0000000000,0.0000000000,0.0000000000,0.0000000000,0.0000000000,,,
39.3879999365,307,202425.3750000000,214552.2968750000,225000.0000000000,175403.7343750000,0.0000000000,0.0000000000,0.0000000000,0.0000000000,,,
39.3919999364,307,209038.9218750000,214917.6093750000,225000.0000000000,190424.7656250000,0.0000000000,0.0000000000,0.0000000000,0.0000000000,,,
39.3959999364,307,225000.0000000000,216858.8593750000,225000.0000000000,225000.0000000000,0.0000000000,0.0000000000,0.0000000000,0.0000000000,,,
39.3999999363,307,225000.0000000000,217748.5468750000,225000.0000000000,225000.0000000000,0.0000000000,0.0000000000,0.0000000000,0.0000000000,,,
39.4039999363,307,223302.7500000000,216308.3593750000,225000.0000000000,225000.0000000000,0.0000000000,0.0000000000,0.0000000000,0.0000000000,,,
39.4079999365,307,202442.5937500000,214551.1562500000,225000.0000000000,175538.4062500000,0.0000000000,0.0000000000,0.0000000000,0.0000000000,,,
39.4119999364,307,208924.8593750000,214906.0937500000,225000.0000000000,190174.2500000000,0.0000000000,0.0000000000,0.0000000000,0.0000000000,,,
39.4159999364,307,225000.0000000000,216853.8593750000,225000.0000000000,225000.0000000000,0.0000000000,0.0000000000,0.0000000000,0.0000000000,,,
39.4199999364,307,225000.0000000000,217758.6093750000,225000.0000000000,225000.0000000000,0.0000000000,0.0000000000,0.0000000000,0.0000000000,,,
39.4239999363,308,223410.7656250000,216323.6250000000,225000.0000000000,225000.0000000000,0.0000000000,0.0000000000,0.0000000000,0.0000000000,,,
39.4279999363,308,202470.3593750000,214556.4687500000,225000.0000000000,175688.7656250000,0.0000000000,0.0000000000,0.0000000000,0.0000000000,,,
39.4319999362,308,208806.5468750000,214903.5000000000,225000.0000000000,189911.2343750000,0.0000000000,0.0000000000,0.0000000000,0.0000000000,,,
39.4359999362,308,225000.0000000000,216855.9843750000,225000.0000000000,225000.0000000000,0.0000000000,0.0000000000,0.0000000000,0.0000000000,,,
39.4399999361,308,225000.0000000000,217773.2812500000,225000.0000000000,225000.0000000000,0.0000000000,0.0000000000,0.0000000000,0.0000000000,,,
39.4439999361,308,223543.8593750000,216349.6406250000,225000.0000000000,225000.0000000000,0.0000000000,0.0000000000,0.0000000000,0.0000000000,,,
39.4479999363,308,202509.7812500000,214580.7500000000,225000.0000000000,175831.7031250000,0.0000000000,0.0000000000,0.0000000000,0.0000000000,,,
39.4519999363,308,208697.7187500000,214915.2187500000,225000.0000000000,189636.3593750000,0.0000000000,0.0000000000,0.0000000000,0.0000000000,,,
39.4559999362,308,225000.0000000000,216856.1718750000,225000.0000000000,225000.0000000000,0.0000000000,0.0000000000,0.0000000000,0.0000000000,,,
39.4599999362,308,225000.0000000000,217786.0937500000,225000.0000000000,225000.0000000000,0.0000000000,0.0000000000,0.0000000000,0.0000000000,,,
39.4639999361,308,223661.9375000000,216372.1875000000,225000.0000000000,225000.0000000000,0.0000000000,0.0000000000,0.0000000000,0.0000000000,,,
39.4679999363,308,202543.5000000000,214599.6250000000,225000.0000000000,175970.3906250000,0.0000000000,0.0000000000,0.0000000000,0.0000000000,,,
39.4719999363,308,208593.3281250000,214926.7812500000,225000.0000000000,189376.4062500000,0.0000000000,0.0000000000,0.0000000000,0.0000000000,,,
39.4759999362,308,225000.0000000000,216866.1718750000,225000.0000000000,225000.0000000000,0.0000000000,0.0000000000,0.0000000000,0.0000000000,,,
39.4799999362,308,225000.0000000000,217798.3281250000,225000.0000000000,225000.0000000000,0.0000000000,0.0000000000,0.0000000000,0.0000000000,,,
39.4839999361,308,223795.5781250000,216388.7656250000,225000.0000000000,225000.0000000000,0.0000000000,0.0000000000,0.0000000000,0.0000000000,,,
39.4879999361,308,202577.1406250000,214607.7500000000,225000.0000000000,176099.4062500000,0.0000000000,0.0000000000,0.0000000000,0.0000000000,,,
39.4919999363,308,208458.1250000000,214913.4687500000,225000.0000000000,189049.5937500000,0.0000000000,0.0000000000,0.0000000000,0.0000000000,,,
39.4959999362,308,225000.0000000000,216845.7656250000,225000.0000000000,225000.0000000000,0.0000000000,0.0000000000,0.0000000000,0.0000000000,,,
39.4999999362,308,225000.0000000000,217790.3125000000,225000.0000000000,225000.0000000000,0.0000000000,0.0000000000,0.0000000000,0.0000000000,,,
39.5039999362,308,223906.2500000000,216392.8281250000,225000.0000000000,225000.0000000000,0.0000000000,0.0000000000,0.0000000000,0.0000000000,,,
39.5079999361,308,202594.1093750000,214608.4843750000,225000.0000000000,176189.9843750000,0.0000000000,0.0000000000,0.0000000000,0.0000000000,,,
39.5119999363,308,208341.8750000000,214904.1406250000,225000.0000000000,188753.5625000000,0.0000000000,0.0000000000,0.0000000000,0.0000000000,,,
39.5159999363,308,225000.0000000000,216839.0937500000,225000.0000000000,225000.0000000000,0.0000000000,0.0000000000,0.0000000000,0.0000000000,,,
39.5199999362,308,225000.0000000000,217804.6250000000,225000.0000000000,225000.0000000000,0.0000000000,0.0000000000,0.0000000000,0.0000000000,,,
39.5239999362,308,224033.2343750000,216421.6875000000,225000.0000000000,225000.0000000000,0.0000000000,0.0000000000,0.0000000000,0.0000000000,,,
39.5279999361,308,202644.1406250000,214636.4531250000,225000.0000000000,176361.1093750000,0.0000000000,0.0000000000,0.0000000000,0.0000000000,,,
39.5319999361,308,208246.1406250000,214925.0937500000,225000.0000000000,188503.3125000000,0.0000000000,0.0000000000,0.0000000000,0.0000000000,,,
39.5359999363,308,225000.0000000000,216864.1875000000,225000.0000000000,225000.0000000000,0.0000000000,0.0000000000,0.0000000000,0.0000000000,,,
39.5399999362,308,225000.0000000000,217838.8593750000,225000.0000000000,225000.0000000000,0.0000000000,0.0000000000,0.0000000000,0.0000000000,,,
39.5439999362,308,224182.7031250000,216470.2343750000,225000.0000000000,225000.0000000000,0.0000000000,0.0000000000,0.0000000000,0.0000000000,,,
39.5479999362,308,202719.8906250000,214679.7968750000,225000.0000000000,176534.6562500000,0.0000000000,0.0000000000,0.0000000000,0.0000000000,,,
39.5519999361,309,208177.5625000000,214953.0937500000,225000.0000000000,188287.4531250000,0.0000000000,0.0000000000,0.0000000000,0.0000000000,,,
39.5559999361,309,225000.0000000000,216883.6875000000,225000.0000000000,225000.0000000000,0.0000000000,0.0000000000,0.0000000000,0.0000000000,,,
39.5599999360,309,225000.0000000000,217861.5156250000,225000.0000000000,225000.0000000000,0.0000000000,0.0000000000,0.0000000000,0.0000000000,,,
39.5639999360,309,224322.8281250000,216495.5468750000,225000.0000000000,225000.0000000000,0.0000000000,0.0000000000,0.0000000000,0.0000000000,,,
39.5679999359,309,202781.9218750000,214694.6562500000,225000.0000000000,176711.9531250000,0.0000000000,0.0000000000,0.0000000000,0.0000000000,,,
39.5719999359,309,208078.0000000000,214949.0156250000,225000.0000000000,188017.7343750000,0.0000000000,0.0000000000,0.0000000000,0.0000000000,,,
39.5759999361,309,225000.0000000000,216870.1406250000,225000.0000000000,225000.0000000000,0.0000000000,0.0000000000,0.0000000000,0.0000000000,,,
39.5799999360,309,225000.0000000000,217859.7187500000,225000.0000000000,225000.0000000000,0.0000000000,0.0000000000,0.0000000000,0.0000000000,,,
39.5839999360,309,224468.0937500000,216501.8750000000,225000.0000000000,225000.0000000000,0.0000000000,0.0000000000,0.0000000000,0.0000000000,,,
39.5879999360,309,202843.2656250000,214686.8750000000,225000.0000000000,176895.6250000000,0.0000000000,0.0000000000,0.0000000000,0.0000000000,,,
39.5919999359,309,207996.4062500000,214933.3281250000,225000.0000000000,187789.6093750000,0.0000000000,0.0000000000,0.0000000000,0.0000000000,,,
39.5959999361,309,225000.0000000000,216863.6250000000,225000.0000000000,225000.0000000000,0.0000000000,0.0000000000,0.0000000000,0.0000000000,,,
39.5999999361,309,225000.0000000000,217864.5781250000,225000.0000000000,225000.0000000000,0.0000000000,0.0000000000,0.0000000000,0.0000000000,,,
39.6039999360,309,224627.5781250000,216509.5000000000,225000.0000000000,225000.0000000000,0.0000000000,0.0000000000,0.0000000000,0.0000000000,,,
39.6079999360,309,202930.2031250000,214687.9531250000,225000.0000000000,177127.9375000000,0.0000000000,0.0000000000,0.0000000000,0.0000000000,,,
39.6119999359,309,207927.6093750000,214917.7968750000,225000.0000000000,187583.3437500000,0.0000000000,0.0000000000,0.0000000000,0.0000000000,,,
39.6159999359,309,225000.0000000000,216845.1562500000,225000.0000000000,225000.0000000000,0.0000000000,0.0000000000,0.0000000000,0.0000000000,,,
39.6199999361,309,225000.0000000000,217857.7343750000,225000.0000000000,225000.0000000000,0.0000000000,0.0000000000,0.0000000000,0.0000000000,,,
39.6239999360,309,224761.8437500000,216508.7187500000,225000.0000000000,225000.0000000000,0.0000000000,0.0000000000,0.0000000000,0.0000000000,,,
39.6279999360,309,203031.7500000000,214687.5312500000,225000.0000000000,177379.5156250000,0.0000000000,0.0000000000,0.0000000000,0.0000000000,,,
39.6319999360,309,207894.6406250000,214913.4687500000,225000.0000000000,187440.2187500000,0.0000000000,0.0000000000,0.0000000000,0.0000000000,,,
39.6359999359,309,225000.0000000000,216836.3281250000,225000.0000000000,225000.0000000000,0.0000000000,0.0000000000,0.0000000000,0.0000000000,,,
39.6399999361,309,225000.0000000000,217851.4843750000,225000.0000000000,225000.0000000000,0.0000000000,0.0000000000,0.0000000000,0.0000000000,,,
39.6439999361,309,224910.2500000000,216513.0312500000,225000.0000000000,225000.0000000000,0.0000000000,0.0000000000,0.0000000000,0.0000000000,,,
39.6479999360,309,203118.5625000000,214683.7968750000,225000.0000000000,177596.4375000000,0.0000000000,0.0000000000,0.0000000000,0.0000000000,,,
39.6519999360,309,207823.5937500000,214893.6562500000,225000.0000000000,187246.9375000000,0.0000000000,0.0000000000,0.0000000000,0.0000000000,,,
39.6559999359,309,225000.0000000000,216814.8125000000,225000.0000000000,225000.0000000000,0.0000000000,0.0000000000,0.0000000000,0.0000000000,,,
39.6599999359,309,225000.0000000000,217850.6250000000,225000.0000000000,225000.0000000000,0.0000000000,0.0000000000,0.0000000000,0.0000000000,,,
39.6639999361,309,225000.0000000000,216526.0781250000,225000.0000000000,225000.0000000000,0.0000000000,0.0000000000,0.0000000000,0.0000000000,,,
39.6679999360,309,203208.5625000000,214694.4687500000,225000.0000000000,177830.3281250000,0.0000000000,0.0000000000,0.0000000000,0.0000000000,,,
39.6719999360,309,207750.4218750000,214892.8750000000,225000.0000000000,187028.1250000000,0.0000000000,0.0000000000,0.0000000000,0.0000000000,,,
39.6759999359,309,225000.0000000000,216810.1250000000,225000.0000000000,225000.0000000000,0.0000000000,0.0000000000,0.0000000000,0.0000000000,,,
39.6799999359,310,225000.0000000000,217853.5781250000,225000.0000000000,225000.0000000000,0.0000000000,0.0000000000,0.0000000000,0.0000000000,,,
39.6839999359,310,225000.0000000000,216532.0312500000,225000.0000000000,225000.0000000000,0.0000000000,0.0000000000,0.0000000000,0.0000000000,,,
39.6879999358,310,203298.4687500000,214693.8906250000,225000.0000000000,178064.1250000000,0.0000000000,0.0000000000,0.0000000000,0.0000000000,,,
39.6919999358,310,207687.6093750000,214882.6250000000,225000.0000000000,186833.4843750000,0.0000000000,0.0000000000,0.0000000000,0.0000000000,,,
39.6959999357,310,225000.0000000000,216804.2656250000,225000.0000000000,225000.0000000000,0.0000000000,0.0000000000,0.0000000000,0.0000000000,,,
39.6999999357,310,225000.0000000000,217857.2500000000,225000.0000000000,225000.0000000000,0.0000000000,0.0000000000,0.0000000000,0.0000000000,,,
39.7039999359,310,225000.0000000000,216545.7031250000,225000.0000000000,225000.0000000000,0.0000000000,0.0000000000,0.0000000000,0.0000000000,,,
39.7079999358,310,203364.5468750000,214694.3437500000,225000.0000000000,178271.8125000000,0.0000000000,0.0000000000,0.0000000000,0.0000000000,,,
39.7119999358,310,207587.8750000000,214864.7656250000,225000.0000000000,186619.6562500000,0.0000000000,0.0000000000,0.0000000000,0.0000000000,,,
39.7159999358,310,225000.0000000000,216780.9062500000,225000.0000000000,225000.0000000000,0.0000000000,0.0000000000,0.0000000000,0.0000000000,,,
39.7199999357,310,225000.0000000000,217847.7812500000,225000.0000000000,225000.0000000000,0.0000000000,0.0000000000,0.0000000000,0.0000000000,,,
39.7239999359,310,225000.0000000000,216548.0156250000,225000.0000000000,225000.0000000000,0.0000000000,0.0000000000,0.0000000000,0.0000000000,,,
39.7279999359,310,203407.6562500000,214696.1406250000,225000.0000000000,178473.3750000000,0.0000000000,0.0000000000,0.0000000000,0.0000000000,,,
39.7319999358,310,207485.1250000000,214863.9843750000,225000.0000000000,186377.3125000000,0.0000000000,0.0000000000,0.0000000000,0.0000000000,,,
39.7359999358,310,225000.0000000000,216786.6562500000,225000.0000000000,225000.0000000000,0.0000000000,0.0000000000,0.0000000000,0.0000000000,,,
39.7399999357,310,225000.0000000000,217866.9375000000,225000.0000000000,225000.0000000000,0.0000000000,0.0000000000,0.0000000000,0.0000000000,,,
39.7439999357,310,225000.0000000000,216573.4218750000,225000.0000000000,225000.0000000000,0.0000000000,0.0000000000,0.0000000000,0.0000000000,,,
39.7479999359,310,203472.6406250000,214713.4062500000,225000.0000000000,178655.6406250000,0.0000000000,0.0000000000,0.0000000000,0.0000000000,,,
39.7519999358,310,207398.0312500000,214865.6562500000,225000.0000000000,186136.7500000000,0.0000000000,0.0000000000,0.0000000000,0.0000000000,,,
39.7559999358,310,225000.0000000000,216779.5625000000,225000.0000000000,225000.0000000000,0.0000000000,0.0000000000,0.0000000000,0.0000000000,,,
39.7599999357,310,225000.0000000000,217866.3750000000,225000.0000000000,225000.0000000000,0.0000000000,0.0000000000,0.0000000000,0.0000000000,,,
39.7639999357,310,225000.0000000000,216582.7500000000,225000.0000000000,225000.0000000000,0.0000000000,0.0000000000,0.0000000000,0.0000000000,,,
39.7679999359,310,203519.9531250000,214716.3281250000,225000.0000000000,178841.1093750000,0.0000000000,0.0000000000,0.0000000000,0.0000000000,,,
39.7719999359,310,207295.7031250000,214855.5156250000,225000.0000000000,185901.6718750000,0.0000000000,0.0000000000,0.0000000000,0.0000000000,,,
39.7759999358,310,225000.0000000000,216763.5000000000,225000.0000000000,225000.0000000000,0.0000000000,0.0000000000,0.0000000000,0.0000000000,,,
39.7799999358,310,225000.0000000000,217856.5000000000,225000.0000000000,225000.0000000000,0.0000000000,0.0000000000,0.0000000000,0.0000000000,,,
39.7839999357,310,225000.0000000000,216574.1718750000,225000.0000000000,225000.0000000000,0.0000000000,0.0000000000,0.0000000000,0.0000000000,,,
39.7879999357,310,203540.2343750000,214695.6562500000,225000.0000000000,179045.2812500000,0.0000000000,0.0000000000,0.0000000000,0.0000000000,,,
39.7919999359,310,207167.9062500000,214823.4062500000,225000.0000000000,185690.2968750000,0.0000000000,0.0000000000,0.0000000000,0.0000000000,,,
39.7959999358,310,225000.0000000000,216740.8437500000,225000.0000000000,225000.0000000000,0.0000000000,0.0000000000,0.0000000000,0.0000000000,,,
39.7999999358,310,225000.0000000000,217851.0312500000,225000.0000000000,225000.0000000000,0.0000000000,0.0000000000,0.0000000000,0.0000000000,,,
39.8039999357,310,225000.0000000000,216578.9687500000,225000.0000000000,225000.0000000000,0.0000000000,0.0000000000,0.0000000000,0.0000000000,,,
39.8079999357,311,203577.8750000000,214699.2968750000,225000.0000000000,179243.8125000000,0.0000000000,0.0000000000,0.0000000000,0.0000000000,,,
39.8119999357,311,207056.8281250000,214816.7031250000,225000.0000000000,185475.1250000000,0.0000000000,0.0000000000,0.0000000000,0.0000000000,,,
39.8159999356,311,225000.0000000000,216726.8125000000,225000.0000000000,225000.0000000000,0.0000000000,0.0000000000,0.0000000000,0.0000000000,,,
39.8199999356,311,225000.0000000000,217845.9062500000,225000.0000000000,225000.0000000000,0.0000000000,0.0000000000,0.0000000000,0.0000000000,,,
39.8239999355,311,225000.0000000000,216586.9531250000,225000.0000000000,225000.0000000000,0.0000000000,0.0000000000,0.0000000000,0.0000000000,,,
39.8279999355,311,203618.5625000000,214703.7031250000,225000.0000000000,179424.6250000000,0.0000000000,0.0000000000,0.0000000000,0.0000000000,,,
39.8319999357,311,206954.9375000000,214808.2812500000,225000.0000000000,185245.4843750000,0.0000000000,0.0000000000,0.0000000000,0.0000000000,,,
39.8359999356,311,225000.0000000000,216718.4375000000,225000.0000000000,225000.0000000000,0.0000000000,0.0000000000,0.0000000000,0.0000000000,,,
39.8399999356,311,225000.0000000000,217850.5468750000,225000.0000000000,225000.0000000000,0.0000000000,0.0000000000,0.0000000000,0.0000000000,,,
39.8439999355,311,225000.0000000000,216603.8906250000,225000.0000000000,225000.0000000000,0.0000000000,0.0000000000,0.0000000000,0.0000000000,,,
39.8479999355,311,203676.5937500000,214718.1250000000,225000.0000000000,179595.6718750000,0.0000000000,0.0000000000,0.0000000000,0.0000000000,,,
39.8519999357,311,206863.4375000000,214809.7500000000,225000.0000000000,184989.2968750000,0.0000000000,0.0000000000,0.0000000000,0.0000000000,,,
39.8559999357,311,225000.0000000000,216715.9531250000,225000.0000000000,225000.0000000000,0.0000000000,0.0000000000,0.0000000000,0.0000000000,,,
39.8599999356,311,225000.0000000000,217856.3906250000,225000.0000000000,225000.0000000000,0.0000000000,0.0000000000,0.0000000000,0.0000000000,,,
39.8639999356,311,225000.0000000000,216617.4843750000,225000.0000000000,225000.0000000000,0.0000000000,0.0000000000,0.0000000000,0.0000000000,,,
39.8679999355,311,203762.2968750000,214727.5781250000,225000.0000000000,179819.0468750000,0.0000000000,0.0000000000,0.0000000000,0.0000000000,,,
39.8719999355,311,206792.5781250000,214808.2500000000,225000.0000000000,184775.1718750000,0.0000000000,0.0000000000,0.0000000000,0.0000000000,,,
39.8759999357,311,225000.0000000000,216710.4218750000,225000.0000000000,225000.0000000000,0.0000000000,0.0000000000,0.0000000000,0.0000000000,,,
39.8799999356,311,225000.0000000000,217859.4062500000,225000.0000000000,225000.0000000000,0.0000000000,0.0000000000,0.0000000000,0.0000000000,,,
39.8839999356,311,225000.0000000000,216625.3750000000,225000.0000000000,225000.0000000000,0.0000000000,0.0000000000,0.0000000000,0.0000000000,,,
39.8879999355,311,203835.2500000000,214724.7031250000,225000.0000000000,180036.0312500000,0.0000000000,0.0000000000,0.0000000000,0.0000000000,,,
39.8919999355,311,206717.9375000000,214791.4843750000,225000.0000000000,184583.1875000000,0.0000000000,0.0000000000,0.0000000000,0.0000000000,,,
39.8959999357,311,225000.0000000000,216692.0156250000,225000.0000000000,225000.0000000000,0.0000000000,0.0000000000,0.0000000000,0.0000000000,,,
39.8999999356,311,225000.0000000000,217849.8750000000,225000.0000000000,225000.0000000000,0.0000000000,0.0000000000,0.0000000000,0.0000000000,,,
39.9039999356,311,225000.0000000000,216623.5781250000,225000.0000000000,225000.0000000000,0.0000000000,0.0000000000,0.0000000000,0.0000000000,,,
39.9079999356,311,203897.3437500000,214711.5000000000,225000.0000000000,180259.6250000000,0.0000000000,0.0000000000,0.0000000000,0.0000000000,,,
39.9119999355,311,206610.7187500000,214760.6406250000,225000.0000000000,184343.6406250000,0.0000000000,0.0000000000,0.0000000000,0.0000000000,,,
39.9159999355,311,225000.0000000000,216658.9218750000,225000.0000000000,225000.0000000000,0.0000000000,0.0000000000,0.0000000000,0.0000000000,,,
39.9199999357,311,225000.0000000000,217834.7187500000,225000.0000000000,225000.0000000000,0.0000000000,0.0000000000,0.0000000000,0.0000000000,,,
39.9239999356,311,225000.0000000000,216623.0937500000,225000.0000000000,225000.0000000000,0.0000000000,0.0000000000,0.0000000000,0.0000000000,,,
39.9279999356,311,203966.3125000000,214719.4687500000,225000.0000000000,180443.2812500000,0.0000000000,0.0000000000,0.0000000000,0.0000000000,,,
39.9319999355,311,206555.9218750000,214770.3593750000,225000.0000000000,184157.0937500000,0.0000000000,0.0000000000,0.0000000000,0.0000000000,,,
39.9359999355,312,225000.0000000000,216673.7343750000,225000.0000000000,225000.0000000000,0.0000000000,0.0000000000,0.0000000000,0.0000000000,,,
39.9399999355,312,225000.0000000000,217860.9843750000,225000.0000000000,225000.0000000000,0.0000000000,0.0000000000,0.0000000000,0.0000000000,,,
39.9439999354,312,225000.0000000000,216662.2812500000,225000.0000000000,225000.0000000000,0.0000000000,0.0000000000,0.0000000000,0.0000000000,,,
39.9479999354,312,204061.4375000000,214754.0781250000,225000.0000000000,180649.4062500000,0.0000000000,0.0000000000,0.0000000000,0.0000000000,,,
39.9519999353,312,206504.9062500000,214789.1562500000,225000.0000000000,183959.9531250000,0.0000000000,0.0000000000,0.0000000000,0.0000000000,,,
39.9559999353,312,225000.0000000000,216680.7031250000,225000.0000000000,225000.0000000000,0.0000000000,0.0000000000,0.0000000000,0.0000000000,,,
39.9599999355,312,225000.0000000000,217869.7187500000,225000.0000000000,225000.0000000000,0.0000000000,0.0000000000,0.0000000000,0.0000000000,,,
39.9639999354,312,225000.0000000000,216677.8281250000,225000.0000000000,225000.0000000000,0.0000000000,0.0000000000,0.0000000000,0.0000000000,,,
39.9679999354,312,204161.4062500000,214762.6562500000,225000.0000000000,180883.0781250000,0.0000000000,0.0000000000,0.0000000000,0.0000000000,,,
39.9719999353,312,206438.0937500000,214782.1875000000,225000.0000000000,183739.4687500000,0.0000000000,0.0000000000,0.0000000000,0.0000000000,,,
39.9759999353,312,225000.0000000000,216665.1406250000,225000.0000000000,225000.0000000000,0.0000000000,0.0000000000,0.0000000000,0.0000000000,,,
39.9799999355,312,225000.0000000000,217863.6093750000,225000.0000000000,225000.0000000000,0.0000000000,0.0000000000,0.0000000000,0.0000000000,,,
39.9839999354,312,225000.0000000000,216683.7812500000,225000.0000000000,225000.0000000000,0.0000000000,0.0000000000,0.0000000000,0.0000000000,,,
39.9879999354,312,204235.9687500000,214763.5156250000,225000.0000000000,181096.9843750000,0.0000000000,0.0000000000,0.0000000000,0.0000000000,,,
39.9919999354,312,206343.0156250000,214762.2500000000,225000.0000000000,183503.4375000000,0.0000000000,0.0000000000,0.0000000000,0.0000000000,,,
39.9959999353,312,225000.0000000000,216640.6562500000,225000.0000000000,225000.0000000000,0.0000000000,0.0000000000,0.0000000000,0.0000000000,,,
39.9999999353,312,225000.0000000000,217848.2187500000,225000.0000000000,225000.0000000000,0.0000000000,0.0000000000,0.0000000000,0.0000000000,,,
40.0039999355,312,225000.0000000000,216676.0625000000,225000.0000000000,225000.0000000000,0.0000000000,0.0000000000,0.0000000000,0.0000000000,,,
40.0079999354,312,204287.7656250000,214754.2031250000,225000.0000000000,181271.4062500000,0.0000000000,0.0000000000,0.0000000000,0.0000000000,,,
40.0119999354,312,206273.4062500000,214749.1406250000,225000.0000000000,183322.3906250000,0.0000000000,0.0000000000,0.0000000000,0.0000000000,,,
40.0159999353,312,225000.0000000000,216627.5937500000,225000.0000000000,225000.0000000000,0.0000000000,0.0000000000,0.0000000000,0.0000000000,,,
40.0199999353,312,225000.0000000000,217845.9062500000,225000.0000000000,225000.0000000000,0.0000000000,0.0000000000,0.0000000000,0.0000000000,,,
40.0239999355,312,225000.0000000000,216685.2656250000,225000.0000000000,225000.0000000000,0.0000000000,0.0000000000,0.0000000000,0.0000000000,,,
40.0279999354,312,204341.8750000000,214763.0625000000,225000.0000000000,181459.8125000000,0.0000000000,0.0000000000,0.0000000000,0.0000000000,,,
40.0319999354,312,206183.4218750000,214753.2656250000,225000.0000000000,183090.4062500000,0.0000000000,0.0000000000,0.0000000000,0.0000000000,,,
40.0359999354,312,225000.0000000000,216630.2968750000,225000.0000000000,225000.0000000000,0.0000000000,0.0000000000,0.0000000000,0.0000000000,,,
40.0399999353,312,225000.0000000000,217858.4062500000,225000.0000000000,225000.0000000000,0.0000000000,0.0000000000,0.0000000000,0.0000000000,,,
40.0439999353,312,225000.0000000000,216703.6875000000,225000.0000000000,225000.0000000000,0.0000000000,0.0000000000,0.0000000000,0.0000000000,,,
40.0479999355,312,204395.1093750000,214769.7031250000,225000.0000000000,181658.9531250000,0.0000000000,0.0000000000,0.0000000000,0.0000000000,,,
40.0519999354,312,206067.2031250000,214735.8593750000,225000.0000000000,182843.1093750000,0.0000000000,0.0000000000,0.0000000000,0.0000000000,,,
40.0559999354,312,225000.0000000000,216605.5468750000,225000.0000000000,225000.0000000000,0.0000000000,0.0000000000,0.0000000000,0.0000000000,,,
40.0599999353,312,225000.0000000000,217841.7500000000,225000.0000000000,225000.0000000000,0.0000000000,0.0000000000,0.0000000000,0.0000000000,,,
40.0639999353,313,225000.0000000000,216699.0468750000,225000.0000000000,225000.0000000000,0.0000000000,0.0000000000,0.0000000000,0.0000000000,,,
40.0679999352,313,204433.0625000000,214764.4843750000,225000.0000000000,181859.7968750000,0.0000000000,0.0000000000,0.0000000000,0.0000000000,,,
40.0719999352,313,205948.1093750000,214722.6093750000,225000.0000000000,182592.2968750000,0.0000000000,0.0000000000,0.0000000000,0.0000000000,,,
40.0759999352,313,225000.0000000000,216589.9375000000,225000.0000000000,225000.0000000000,0.0000000000,0.0000000000,0.0000000000,0.0000000000,,,
40.0799999351,313,225000.0000000000,217833.4687500000,225000.0000000000,225000.0000000000,0.0000000000,0.0000000000,0.0000000000,0.0000000000,,,
40.0839999351,313,225000.0000000000,216702.8281250000,225000.0000000000,225000.0000000000,0.0000000000,0.0000000000,0.0000000000,0.0000000000,,,
40.0879999353,313,204476.5625000000,214765.3437500000,225000.0000000000,182049.4687500000,0.0000000000,0.0000000000,0.0000000000,0.0000000000,,,
40.0919999352,313,205835.8593750000,214708.6093750000,225000.0000000000,182352.4687500000,0.0000000000,0.0000000000,0.0000000000,0.0000000000,,,
40.0959999352,313,225000.0000000000,216567.1093750000,225000.0000000000,225000.0000000000,0.0000000000,0.0000000000,0.0000000000,0.0000000000,,,
40.0999999351,313,225000.0000000000,217819.2812500000,225000.0000000000,225000.0000000000,0.0000000000,0.0000000000,0.0000000000,0.0000000000,,,
40.1039999351,313,225000.0000000000,216700.8750000000,225000.0000000000,225000.0000000000,0.0000000000,0.0000000000,0.0000000000,0.0000000000,,,
40.1079999353,313,204507.7031250000,214756.9687500000,225000.0000000000,182201.9218750000,0.0000000000,0.0000000000,0.0000000000,0.0000000000,,,
40.1119999352,313,205720.8437500000,214689.6718750000,225000.0000000000,182096.7968750000,0.0000000000,0.0000000000,0.0000000000,0.0000000000,,,
40.1159999352,313,225000.0000000000,216546.9375000000,225000.0000000000,225000.0000000000,0.0000000000,0.0000000000,0.0000000000,0.0000000000,,,
40.1199999352,313,225000.0000000000,217812.5468750000,225000.0000000000,225000.0000000000,0.0000000000,0.0000000000,0.0000000000,0.0000000000,,,
40.1239999351,313,225000.0000000000,216708.0625000000,225000.0000000000,225000.0000000000,0.0000000000,0.0000000000,0.0000000000,0.0000000000,,,
40.1279999351,313,204552.5312500000,214766.1406250000,225000.0000000000,182373.3125000000,0.0000000000,0.0000000000,0.0000000000,0.0000000000,,,
40.1319999353,313,205635.0937500000,214695.3593750000,225000.0000000000,181884.6718750000,0.0000000000,0.0000000000,0.0000000000,0.0000000000,,,
40.1359999352,313,225000.0000000000,216558.1718750000,225000.0000000000,225000.0000000000,0.0000000000,0.0000000000,0.0000000000,0.0000000000,,,
40.1399999352,313,225000.0000000000,217836.0625000000,225000.0000000000,225000.0000000000,0.0000000000,0.0000000000,0.0000000000,0.0000000000,,,
40.1439999351,313,225000.0000000000,216739.3593750000,225000.0000000000,225000.0000000000,0.0000000000,0.0000000000,0.0000000000,0.0000000000,,,
40.1479999351,313,204634.5468750000,214795.0000000000,225000.0000000000,182611.7031250000,0.0000000000,0.0000000000,0.0000000000,0.0000000000,,,
40.1519999353,313,205618.2187500000,214711.5000000000,225000.0000000000,181855.5156250000,0.0000000000,0.0000000000,0.0000000000,0.0000000000,,,
40.1559999352,313,225000.0000000000,216566.1250000000,225000.0000000000,225000.0000000000,0.0000000000,0.0000000000,0.0000000000,0.0000000000,,,
40.1599999352,313,225000.0000000000,217845.7968750000,225000.0000000000,225000.0000000000,0.0000000000,0.0000000000,0.0000000000,0.0000000000,,,
40.1639999351,313,225000.0000000000,216752.5625000000,225000.0000000000,225000.0000000000,0.0000000000,0.0000000000,0.0000000000,0.0000000000,,,
40.1679999351,313,204688.7031250000,214797.4687500000,225000.0000000000,182800.1406250000,0.0000000000,0.0000000000,0.0000000000,0.0000000000,,,
40.1719999351,313,205459.3281250000,214695.8125000000,225000.0000000000,181429.2343750000,0.0000000000,0.0000000000,0.0000000000,0.0000000000,,,
40.1759999353,313,225000.0000000000,216545.6562500000,225000.0000000000,225000.0000000000,0.0000000000,0.0000000000,0.0000000000,0.0000000000,,,
40.1799999352,313,225000.0000000000,217838.4843750000,225000.0000000000,225000.0000000000,0.0000000000,0.0000000000,0.0000000000,0.0000000000,,,
40.1839999352,313,225000.0000000000,216762.5156250000,225000.0000000000,225000.0000000000,0.0000000000,0.0000000000,0.0000000000,0.0000000000,,,
40.1879999351,313,204787.4375000000,214812.0625000000,225000.0000000000,183024.1562500000,0.0000000000,0.0000000000,0.0000000000,0.0000000000,,,
40.1919999351,314,205409.4375000000,214697.6406250000,225000.0000000000,181247.0468750000,0.0000000000,0.0000000000,0.0000000000,0.0000000000,,,
40.1959999350,314,225000.0000000000,216537.3125000000,225000.0000000000,225000.0000000000,0.0000000000,0.0000000000,0.0000000000,0.0000000000,,,
40.1999999350,314,225000.0000000000,217838.3437500000,225000.0000000000,225000.0000000000,0.0000000000,0.0000000000,0.0000000000,0.0000000000,,,
40.2039999350,314,225000.0000000000,216771.5000000000,225000.0000000000,225000.0000000000,0.0000000000,0.0000000000,0.0000000000,0.0000000000,,,
40.2079999349,314,204868.8906250000,214814.2343750000,225000.0000000000,183237.9843750000,0.0000000000,0.0000000000,0.0000000000,0.0000000000,,,
40.2119999349,314,205356.3125000000,214689.2187500000,225000.0000000000,181091.3281250000,0.0000000000,0.0000000000,0.0000000000,0.0000000000,,,
40.2159999351,314,225000.0000000000,216524.4843750000,225000.0000000000,225000.0000000000,0.0000000000,0.0000000000,0.0000000000,0.0000000000,,,
40.2199999350,314,225000.0000000000,217835.1562500000,225000.0000000000,225000.0000000000,0.0000000000,0.0000000000,0.0000000000,0.0000000000,,,
40.2239999350,314,225000.0000000000,216781.2343750000,225000.0000000000,225000.0000000000,0.0000000000,0.0000000000,0.0000000000,0.0000000000,,,
40.2279999349,314,204949.5468750000,214818.9062500000,225000.0000000000,183477.2500000000,0.0000000000,0.0000000000,0.0000000000,0.0000000000,,,
40.2319999349,314,205271.3281250000,214679.5937500000,225000.0000000000,180880.9843750000,0.0000000000,0.0000000000,0.0000000000,0.0000000000,,,
40.2359999351,314,225000.0000000000,216513.6875000000,225000.0000000000,225000.0000000000,0.0000000000,0.0000000000,0.0000000000,0.0000000000,,,
40.2399999350,314,225000.0000000000,217830.3750000000,225000.0000000000,225000.0000000000,0.0000000000,0.0000000000,0.0000000000,0.0000000000,,,
40.2439999350,314,225000.0000000000,216782.5156250000,225000.0000000000,225000.0000000000,0.0000000000,0.0000000000,0.0000000000,0.0000000000,,,
40.2479999349,314,205029.0000000000,214819.7656250000,225000.0000000000,183704.4687500000,0.0000000000,0.0000000000,0.0000000000,0.0000000000,,,
40.2519999349,314,205202.4062500000,214672.0156250000,225000.0000000000,180681.3281250000,0.0000000000,0.0000000000,0.0000000000,0.0000000000,,,
40.2559999349,314,225000.0000000000,216503.2812500000,225000.0000000000,225000.0000000000,0.0000000000,0.0000000000,0.0000000000,0.0000000000,,,
40.2599999350,314,225000.0000000000,217836.1250000000,225000.0000000000,225000.0000000000,0.0000000000,0.0000000000,0.0000000000,0.0000000000,,,
40.2639999350,314,225000.0000000000,216800.5468750000,225000.0000000000,225000.0000000000,0.0000000000,0.0000000000,0.0000000000,0.0000000000,,,
40.2679999350,314,205107.0156250000,214831.9375000000,225000.0000000000,183949.6250000000,0.0000000000,0.0000000000,0.0000000000,0.0000000000,,,
40.2719999349,314,205121.7187500000,214671.5625000000,225000.0000000000,180479.1875000000,0.0000000000,0.0000000000,0.0000000000,0.0000000000,,,
40.2759999349,314,225000.0000000000,216501.0781250000,225000.0000000000,225000.0000000000,0.0000000000,0.0000000000,0.0000000000,0.0000000000,,,
40.2799999351,314,225000.0000000000,217840.7656250000,225000.0000000000,225000.0000000000,0.0000000000,0.0000000000,0.0000000000,0.0000000000,,,
40.2839999350,314,225000.0000000000,216819.9687500000,225000.0000000000,225000.0000000000,0.0000000000,0.0000000000,0.0000000000,0.0000000000,,,
40.2879999350,314,205188.5625000000,214850.9531250000,225000.0000000000,184169.1875000000,0.0000000000,0.0000000000,0.0000000000,0.0000000000,,,
40.2919999349,314,205045.7656250000,214673.8125000000,225000.0000000000,180273.9687500000,0.0000000000,0.0000000000,0.0000000000,0.0000000000,,,
40.2959999349,314,225000.0000000000,216486.7031250000,225000.0000000000,225000.0000000000,0.0000000000,0.0000000000,0.0000000000,0.0000000000,,,
40.2999999349,314,225000.0000000000,217830.4531250000,225000.0000000000,225000.0000000000,0.0000000000,0.0000000000,0.0000000000,0.0000000000,,,
40.3039999350,314,225000.0000000000,216817.5468750000,225000.0000000000,225000.0000000000,0.0000000000,0.0000000000,0.0000000000,0.0000000000,,,
40.3079999350,314,205250.7656250000,214847.7656250000,225000.0000000000,184353.7500000000,0.0000000000,0.0000000000,0.0000000000,0.0000000000,,,
40.3119999350,314,204967.2500000000,214664.7500000000,225000.0000000000,180055.2968750000,0.0000000000,0.0000000000,0.0000000000,0.0000000000,,,
40.3159999349,314,225000.0000000000,216484.0468750000,225000.0000000000,225000.0000000000,0.0000000000,0.0000000000,0.0000000000,0.0000000000,,,
40.3199999349,315,225000.0000000000,217842.7656250000,225000.0000000000,225000.0000000000,0.0000000000,0.0000000000,0.0000000000,0.0000000000,,,
40.3239999348,315,225000.0000000000,216839.6250000000,225000.0000000000,225000.0000000000,0.0000000000,0.0000000000,0.0000000000,0.0000000000,,,
40.3279999348,315,205323.1093750000,214863.5625000000,225000.0000000000,184559.3750000000,0.0000000000,0.0000000000,0.0000000000,0.0000000000,,,
40.3319999347,315,204873.5312500000,214663.2500000000,225000.0000000000,179789.5625000000,0.0000000000,0.0000000000,0.0000000000,0.0000000000,,,
40.3359999347,315,225000.0000000000,216468.3281250000,225000.0000000000,225000.0000000000,0.0000000000,0.0000000000,0.0000000000,0.0000000000,,,
40.3399999347,315,225000.0000000000,217831.1093750000,225000.0000000000,225000.0000000000,0.0000000000,0.0000000000,0.0000000000,0.0000000000,,,
40.3439999348,315,225000.0000000000,216844.7812500000,225000.0000000000,225000.0000000000,0.0000000000,0.0000000000,0.0000000000,0.0000000000,,,
40.3479999348,315,205393.4218750000,214874.3125000000,225000.0000000000,184761.3906250000,0.0000000000,0.0000000000,0.0000000000,0.0000000000,,,
40.3519999348,315,204794.0937500000,214664.7031250000,225000.0000000000,179577.4375000000,0.0000000000,0.0000000000,0.0000000000,0.0000000000,,,
40.3559999347,315,225000.0000000000,216469.0468750000,225000.0000000000,225000.0000000000,0.0000000000,0.0000000000,0.0000000000,0.0000000000,,,
40.3599999347,315,225000.0000000000,217845.0156250000,225000.0000000000,225000.0000000000,0.0000000000,0.0000000000,0.0000000000,0.0000000000,,,
40.3639999349,315,225000.0000000000,216871.5937500000,225000.0000000000,225000.0000000000,0.0000000000,0.0000000000,0.0000000000,0.0000000000,,,
40.3679999348,315,205479.4531250000,214900.5937500000,225000.0000000000,184973.3593750000,0.0000000000,0.0000000000,0.0000000000,0.0000000000,,,
40.3719999348,315,204736.3906250000,214685.4062500000,225000.0000000000,179387.0468750000,0.0000000000,0.0000000000,0.0000000000,0.0000000000,,,
40.3759999347,315,225000.0000000000,216487.0937500000,225000.0000000000,225000.0000000000,0.0000000000,0.0000000000,0.0000000000,0.0000000000,,,
40.3799999347,315,225000.0000000000,217867.3906250000,225000.0000000000,225000.0000000000,0.0000000000,0.0000000000,0.0000000000,0.0000000000,,,
40.3839999347,315,225000.0000000000,216911.0781250000,225000.0000000000,225000.0000000000,0.0000000000,0.0000000000,0.0000000000,0.0000000000,,,
40.3879999348,315,205598.2187500000,214941.8750000000,225000.0000000000,185229.3593750000,0.0000000000,0.0000000000,0.0000000000,0.0000000000,,,
40.3919999348,315,204685.5156250000,214712.0156250000,225000.0000000000,179154.5000000000,0.0000000000,0.0000000000,0.0000000000,0.0000000000,,,
40.3959999348,315,225000.0000000000,216502.7968750000,225000.0000000000,225000.0000000000,0.0000000000,0.0000000000,0.0000000000,0.0000000000,,,
40.3999999347,315,225000.0000000000,217889.1250000000,225000.0000000000,225000.0000000000,0.0000000000,0.0000000000,0.0000000000,0.0000000000,,,
40.4039999347,315,225000.0000000000,216936.1093750000,225000.0000000000,225000.0000000000,0.0000000000,0.0000000000,0.0000000000,0.0000000000,,,
40.4079999349,315,205668.6718750000,214956.0937500000,225000.0000000000,185409.9531250000,0.0000000000,0.0000000000,0.0000000000,0.0000000000,,,
40.4119999348,315,204586.3593750000,214706.9687500000,225000.0000000000,178885.1562500000,0.0000000000,0.0000000000,0.0000000000,0.0000000000,,,
40.4159999348,315,225000.0000000000,216486.4531250000,225000.0000000000,225000.0000000000,0.0000000000,0.0000000000,0.0000000000,0.0000000000,,,
40.4199999347,315,225000.0000000000,217882.6562500000,225000.0000000000,225000.0000000000,0.0000000000,0.0000000000,0.0000000000,0.0000000000,,,
40.4239999347,315,225000.0000000000,216940.8281250000,225000.0000000000,225000.0000000000,0.0000000000,0.0000000000,0.0000000000,0.0000000000,,,
40.4279999346,315,205723.9062500000,214961.0000000000,225000.0000000000,185628.7343750000,0.0000000000,0.0000000000,0.0000000000,0.0000000000,,,
40.4319999348,315,204490.5937500000,214702.5000000000,225000.0000000000,178669.5000000000,0.0000000000,0.0000000000,0.0000000000,0.0000000000,,,
40.4359999348,315,225000.0000000000,216479.3281250000,225000.0000000000,225000.0000000000,0.0000000000,0.0000000000,0.0000000000,0.0000000000,,,
40.4399999348,315,225000.0000000000,217886.7031250000,225000.0000000000,225000.0000000000,0.0000000000,0.0000000000,0.0000000000,0.0000000000,,,
40.4439999347,315,225000.0000000000,216960.4062500000,225000.0000000000,225000.0000000000,0.0000000000,0.0000000000,0.0000000000,0.0000000000,,,
40.4479999347,316,205791.1250000000,214972.8593750000,225000.0000000000,185831.7500000000,0.0000000000,0.0000000000,0.0000000000,0.0000000000,,,
40.4519999346,316,204388.8593750000,214697.4218750000,225000.0000000000,178417.3437500000,0.0000000000,0.0000000000,0.0000000000,0.0000000000,,,
40.4559999346,316,225000.0000000000,216466.6093750000,225000.0000000000,225000.0000000000,0.0000000000,0.0000000000,0.0000000000,0.0000000000,,,
40.4599999345,316,225000.0000000000,217874.0937500000,225000.0000000000,225000.0000000000,0.0000000000,0.0000000000,0.0000000000,0.0000000000,,,
40.4639999345,316,225000.0000000000,216947.3750000000,225000.0000000000,225000.0000000000,0.0000000000,0.0000000000,0.0000000000,0.0000000000,,,
40.4679999345,316,205861.6406250000,214959.0781250000,225000.0000000000,186058.7812500000,0.0000000000,0.0000000000,0.0000000000,0.0000000000,,,
40.4719999346,316,204310.7343750000,214670.5468750000,225000.0000000000,178242.8750000000,0.0000000000,0.0000000000,0.0000000000,0.0000000000,,,
40.4759999346,316,225000.0000000000,216431.5000000000,225000.0000000000,225000.0000000000,0.0000000000,0.0000000000,0.0000000000,0.0000000000,,,
40.4799999346,316,225000.0000000000,217850.4687500000,225000.0000000000,225000.0000000000,0.0000000000,0.0000000000,0.0000000000,0.0000000000,,,
40.4839999345,316,225000.0000000000,216947.2656250000,225000.0000000000,225000.0000000000,0.0000000000,0.0000000000,0.0000000000,0.0000000000,,,
40.4879999345,316,205927.1562500000,214960.9843750000,225000.0000000000,186283.8125000000,0.0000000000,0.0000000000,0.0000000000,0.0000000000,,,
40.4919999347,316,204208.0781250000,214658.0468750000,225000.0000000000,178003.5937500000,0.0000000000,0.0000000000,0.0000000000,0.0000000000,,,
40.4959999346,316,225000.0000000000,216410.8437500000,225000.0000000000,225000.0000000000,0.0000000000,0.0000000000,0.0000000000,0.0000000000,,,
40.4999999346,316,225000.0000000000,217831.2968750000,225000.0000000000,225000.0000000000,0.0000000000,0.0000000000,0.0000000000,0.0000000000,,,
40.5039999345,316,225000.0000000000,216939.3437500000,225000.0000000000,225000.0000000000,0.0000000000,0.0000000000,0.0000000000,0.0000000000,,,
40.5079999345,316,206002.8281250000,214956.2343750000,225000.0000000000,186479.7968750000,0.0000000000,0.0000000000,0.0000000000,0.0000000000,,,
40.5119999344,316,204130.6406250000,214644.8750000000,225000.0000000000,177765.4062500000,0.0000000000,0.0000000000,0.0000000000,0.0000000000,,,
40.5159999346,316,225000.0000000000,216394.8593750000,225000.0000000000,225000.0000000000,0.0000000000,0.0000000000,0.0000000000,0.0000000000,,,
40.5199999346,316,225000.0000000000,217831.4218750000,225000.0000000000,225000.0000000000,0.0000000000,0.0000000000,0.0000000000,0.0000000000,,,
40.5239999346,316,225000.0000000000,216952.9531250000,225000.0000000000,225000.0000000000,0.0000000000,0.0000000000,0.0000000000,0.0000000000,,,
40.5279999345,316,206089.9531250000,214963.7187500000,225000.0000000000,186699.8281250000,0.0000000000,0.0000000000,0.0000000000,0.0000000000,,,
40.5319999345,316,204063.1406250000,214637.8281250000,225000.0000000000,177548.6562500000,0.0000000000,0.0000000000,0.0000000000,0.0000000000,,,
40.5359999347,316,225000.0000000000,216374.8750000000,225000.0000000000,225000.0000000000,0.0000000000,0.0000000000,0.0000000000,0.0000000000,,,
40.5399999346,316,225000.0000000000,217819.1875000000,225000.0000000000,225000.0000000000,0.0000000000,0.0000000000,0.0000000000,0.0000000000,,,
40.5439999346,316,225000.0000000000,216953.2343750000,225000.0000000000,225000.0000000000,0.0000000000,0.0000000000,0.0000000000,0.0000000000,,,
40.5479999345,316,206171.6250000000,214964.4062500000,225000.0000000000,186923.4687500000,0.0000000000,0.0000000000,0.0000000000,0.0000000000,,,
40.5519999345,316,203990.6875000000,214629.1875000000,225000.0000000000,177355.1718750000,0.0000000000,0.0000000000,0.0000000000,0.0000000000,,,
40.5559999344,316,225000.0000000000,216367.2343750000,225000.0000000000,225000.0000000000,0.0000000000,0.0000000000,0.0000000000,0.0000000000,,,
40.5599999346,316,225000.0000000000,217819.5625000000,225000.0000000000,225000.0000000000,0.0000000000,0.0000000000,0.0000000000,0.0000000000,,,
40.5639999346,316,225000.0000000000,216964.2656250000,225000.0000000000,225000.0000000000,0.0000000000,0.0000000000,0.0000000000,0.0000000000,,,
40.5679999345,316,206256.6250000000,214978.4062500000,225000.0000000000,187192.8750000000,0.0000000000,0.0000000000,0.0000000000,0.0000000000,,,
40.5719999345,316,203895.2031250000,214627.3125000000,225000.0000000000,177119.3281250000,0.0000000000,0.0000000000,0.0000000000,0.0000000000,,,
40.5759999345,317,225000.0000000000,216353.8437500000,225000.0000000000,225000.0000000000,0.0000000000,0.0000000000,0.0000000000,0.0000000000,,,
40.5799999344,317,225000.0000000000,217809.7187500000,225000.0000000000,225000.0000000000,0.0000000000,0.0000000000,0.0000000000,0.0000000000,,,
40.5839999344,317,225000.0000000000,216970.5937500000,225000.0000000000,225000.0000000000,0.0000000000,0.0000000000,0.0000000000,0.0000000000,,,
40.5879999343,317,206318.8750000000,214985.8437500000,225000.0000000000,187419.7500000000,0.0000000000,0.0000000000,0.0000000000,0.0000000000,,,
40.5919999343,317,203800.6250000000,214620.7187500000,225000.0000000000,176929.6093750000,0.0000000000,0.0000000000,0.0000000000,0.0000000000,,,
40.5959999342,317,225000.0000000000,216344.0625000000,225000.0000000000,225000.0000000000,0.0000000000,0.0000000000,0.0000000000,0.0000000000,,,
40.5999999344,317,225000.0000000000,217810.5781250000,225000.0000000000,225000.0000000000,0.0000000000,0.0000000000,0.0000000000,0.0000000000,,,
40.6039999344,317,225000.0000000000,216974.4062500000,225000.0000000000,225000.0000000000,0.0000000000,0.0000000000,0.0000000000,0.0000000000,,,
40.6079999343,317,206369.5625000000,214981.8750000000,225000.0000000000,187592.5781250000,0.0000000000,0.0000000000,0.0000000000,0.0000000000,,,
40.6119999343,317,203705.0781250000,214604.2187500000,225000.0000000000,176719.8281250000,0.0000000000,0.0000000000,0.0000000000,0.0000000000,,,
40.6159999343,317,225000.0000000000,216318.4375000000,225000.0000000000,225000.0000000000,0.0000000000,0.0000000000,0.0000000000,0.0000000000,,,
40.6199999345,317,225000.0000000000,217793.4218750000,225000.0000000000,225000.0000000000,0.0000000000,0.0000000000,0.0000000000,0.0000000000,,,
40.6239999344,317,225000.0000000000,216972.1250000000,225000.0000000000,225000.0000000000,0.0000000000,0.0000000000,0.0000000000,0.0000000000,,,
40.6279999344,317,206393.5468750000,214975.3281250000,225000.0000000000,187692.1093750000,0.0000000000,0.0000000000,0.0000000000,0.0000000000,,,
40.6319999343,317,203593.3437500000,214589.0312500000,225000.0000000000,176433.5000000000,0.0000000000,0.0000000000,0.0000000000,0.0000000000,,,
40.6359999343,317,225000.0000000000,216304.7343750000,225000.0000000000,225000.0000000000,0.0000000000,0.0000000000,0.0000000000,0.0000000000,,,
40.6399999342,317,225000.0000000000,217787.1875000000,225000.0000000000,225000.0000000000,0.0000000000,0.0000000000,0.0000000000,0.0000000000,,,
40.6439999344,317,225000.0000000000,216979.2812500000,225000.0000000000,225000.0000000000,0.0000000000,0.0000000000,0.0000000000,0.0000000000,,,
40.6479999344,317,206459.9218750000,214985.8437500000,225000.0000000000,187909.5312500000,0.0000000000,0.0000000000,0.0000000000,0.0000000000,,,
40.6519999343,317,203500.5156250000,214594.4843750000,225000.0000000000,176208.2343750000,0.0000000000,0.0000000000,0.0000000000,0.0000000000,,,
40.6559999343,317,225000.0000000000,216311.1718750000,225000.0000000000,225000.0000000000,0.0000000000,0.0000000000,0.0000000000,0.0000000000,,,
40.6599999343,317,225000.0000000000,217806.0000000000,225000.0000000000,225000.0000000000,0.0000000000,0.0000000000,0.0000000000,0.0000000000,,,
40.6639999344,317,225000.0000000000,217005.3281250000,225000.0000000000,225000.0000000000,0.0000000000,0.0000000000,0.0000000000,0.0000000000,,,
40.6679999344,317,206541.6562500000,215009.0156250000,225000.0000000000,188159.9687500000,0.0000000000,0.0000000000,0.0000000000,0.0000000000,,,
40.6719999344,317,203433.8906250000,214606.6562500000,225000.0000000000,176050.9218750000,0.0000000000,0.0000000000,0.0000000000,0.0000000000,,,
40.6759999343,317,225000.0000000000,216306.0000000000,225000.0000000000,225000.0000000000,0.0000000000,0.0000000000,0.0000000000,0.0000000000,,,
40.6799999343,317,225000.0000000000,217807.2812500000,225000.0000000000,225000.0000000000,0.0000000000,0.0000000000,0.0000000000,0.0000000000,,,
40.6839999342,317,225000.0000000000,217028.4218750000,225000.0000000000,225000.0000000000,0.0000000000,0.0000000000,0.0000000000,0.0000000000,,,
40.6879999344,317,206679.6093750000,215036.4531250000,225000.0000000000,188554.7031250000,0.0000000000,0.0000000000,0.0000000000,0.0000000000,,,
40.6919999344,317,203348.9218750000,214609.3593750000,225000.0000000000,175827.4062500000,0.0000000000,0.0000000000,0.0000000000,0.0000000000,,,
40.6959999343,317,225000.0000000000,216299.5000000000,225000.0000000000,225000.0000000000,0.0000000000,0.0000000000,0.0000000000,0.0000000000,33029,40.6984979538,0.0000000000
40.6999999343,317,225000.0000000000,217807.5000000000,225000.0000000000,225000.0000000000,0.0000000000,0.0000000000,0.0000000000,0.0000000000,,,
40.7039999343,318,225000.0000000000,217038.9687500000,225000.0000000000,225000.0000000000,0.0000000000,0.0000000000,0.0000000000,0.0000000000,,,
40.7079999342,318,206769.5937500000,215045.8906250000,225000.0000000000,188775.8750000000,0.0000000000,0.0000000000,0.0000000000,0.0000000000,,,
40.7119999342,318,203299.5625000000,214611.9687500000,225000.0000000000,175654.4375000000,0.0000000000,0.0000000000,0.0000000000,0.0000000000,,,
40.7159999341,318,225000.0000000000,216295.0000000000,225000.0000000000,225000.0000000000,0.0000000000,0.0000000000,0.0000000000,0.0000000000,,,
40.7199999341,318,225000.0000000000,217812.5468750000,225000.0000000000,225000.0000000000,0.0000000000,0.0000000000,0.0000000000,0.0000000000,,,
40.7239999340,318,225000.0000000000,217058.4062500000,225000.0000000000,225000.0000000000,0.0000000000,0.0000000000,0.0000000000,0.0000000000,,,
40.7279999342,318,206867.0625000000,215059.6562500000,225000.0000000000,189025.5937500000,0.0000000000,0.0000000000,0.0000000000,0.0000000000,,,
40.7319999342,318,203228.4062500000,214609.1562500000,225000.0000000000,175450.2656250000,0.0000000000,0.0000000000,0.0000000000,0.0000000000,,,
40.7359999341,318,225000.0000000000,216283.8125000000,225000.0000000000,225000.0000000000,0.0000000000,0.0000000000,0.0000000000,0.0000000000,,,
40.7399999341,318,225000.0000000000,217807.2500000000,225000.0000000000,225000.0000000000,0.0000000000,0.0000000000,0.0000000000,0.0000000000,,,
40.7439999341,318,225000.0000000000,217060.2343750000,225000.0000000000,225000.0000000000,0.0000000000,0.0000000000,0.0000000000,0.0000000000,,,
40.7479999342,318,206938.6718750000,215060.1093750000,225000.0000000000,189239.8281250000,0.0000000000,0.0000000000,0.0000000000,0.0000000000,,,
40.7519999342,318,203141.6406250000,214596.5468750000,225000.0000000000,175221.7187500000,0.0000000000,0.0000000000,0.0000000000,0.0000000000,,,
40.7559999342,318,225000.0000000000,216266.1718750000,225000.0000000000,225000.0000000000,0.0000000000,0.0000000000,0.0000000000,0.0000000000,,,
40.7599999341,318,225000.0000000000,217795.1875000000,225000.0000000000,225000.0000000000,0.0000000000,0.0000000000,0.0000000000,0.0000000000,,,
40.7639999341,318,225000.0000000000,217061.9843750000,225000.0000000000,225000.0000000000,0.0000000000,0.0000000000,0.0000000000,0.0000000000,,,
40.7679999340,318,207018.6093750000,215067.2500000000,225000.0000000000,189457.5312500000,0.0000000000,0.0000000000,0.0000000000,0.0000000000,,,
40.7719999342,318,203069.3437500000,214597.9375000000,225000.0000000000,175007.8593750000,0.0000000000,0.0000000000,0.0000000000,0.0000000000,,,
40.7759999342,318,225000.0000000000,216263.2187500000,225000.0000000000,225000.0000000000,0.0000000000,0.0000000000,0.0000000000,0.0000000000,,,
40.7799999341,318,225000.0000000000,217795.6406250000,225000.0000000000,225000.0000000000,0.0000000000,0.0000000000,0.0000000000,0.0000000000,,,
40.7839999341,318,225000.0000000000,217075.5781250000,225000.0000000000,225000.0000000000,0.0000000000,0.0000000000,0.0000000000,0.0000000000,,,
40.7879999341,318,207099.8437500000,215081.0937500000,225000.0000000000,189687.2500000000,0.0000000000,0.0000000000,0.0000000000,0.0000000000,,,
40.7919999342,318,202990.8437500000,214599.6562500000,225000.0000000000,174780.6250000000,0.0000000000,0.0000000000,0.0000000000,0.0000000000,,,
40.7959999342,318,225000.0000000000,216254.9843750000,225000.0000000000,225000.0000000000,0.0000000000,0.0000000000,0.0000000000,0.0000000000,,,
40.7999999342,318,225000.0000000000,217797.2187500000,225000.0000000000,225000.0000000000,0.0000000000,0.0000000000,0.0000000000,0.0000000000,,,
40.8039999341,318,225000.0000000000,217091.0781250000,225000.0000000000,225000.0000000000,0.0000000000,0.0000000000,0.0000000000,0.0000000000,,,
40.8079999341,318,207191.5000000000,215100.8593750000,225000.0000000000,189897.5000000000,0.0000000000,0.0000000000,0.0000000000,0.0000000000,,,
40.8119999340,318,202931.3437500000,214606.0468750000,225000.0000000000,174576.4843750000,0.0000000000,0.0000000000,0.0000000000,0.0000000000,,,
40.8159999342,318,225000.0000000000,216248.8593750000,225000.0000000000,225000.0000000000,0.0000000000,0.0000000000,0.0000000000,0.0000000000,,,
40.8199999342,318,225000.0000000000,217799.7500000000,225000.0000000000,225000.0000000000,0.0000000000,0.0000000000,0.0000000000,0.0000000000,,,
40.8239999341,318,225000.0000000000,217110.8750000000,225000.0000000000,225000.0000000000,0.0000000000,0.0000000000,0.0000000000,0.0000000000,,,
40.8279999341,318,207288.2187500000,215121.7968750000,225000.0000000000,190136.2656250000,0.0000000000,0.0000000000,0.0000000000,0.0000000000,,,
40.8319999340,319,202867.9375000000,214614.9218750000,225000.0000000000,174367.4843750000,0.0000000000,0.0000000000,0.0000000000,0.0000000000,,,
40.8359999340,319,225000.0000000000,216248.3906250000,225000.0000000000,225000.0000000000,0.0000000000,0.0000000000,0.0000000000,0.0000000000,,,
40.8399999340,319,225000.0000000000,217798.1093750000,225000.0000000000,225000.0000000000,0.0000000000,0.0000000000,0.0000000000,0.0000000000,,,
40.8439999339,319,225000.0000000000,217113.9062500000,225000.0000000000,225000.0000000000,0.0000000000,0.0000000000,0.0000000000,0.0000000000,,,
40.8479999339,319,207376.2031250000,215124.0312500000,225000.0000000000,190354.4687500000,0.0000000000,0.0000000000,0.0000000000,0.0000000000,,,
40.8519999338,319,202790.7187500000,214605.5312500000,225000.0000000000,174139.4687500000,0.0000000000,0.0000000000,0.0000000000,0.0000000000,,,
40.8559999340,319,224956.3593750000,216236.3437500000,225000.0000000000,225000.0000000000,0.0000000000,0.0000000000,0.0000000000,0.0000000000,,,
40.8599999340,319,225000.0000000000,217795.8281250000,225000.0000000000,225000.0000000000,0.0000000000,0.0000000000,0.0000000000,0.0000000000,,,
40.8639999339,319,225000.0000000000,217123.1406250000,225000.0000000000,225000.0000000000,0.0000000000,0.0000000000,0.0000000000,0.0000000000,,,
40.8679999339,319,207465.3281250000,215129.8750000000,225000.0000000000,190597.4843750000,0.0000000000,0.0000000000,0.0000000000,0.0000000000,,,
40.8719999339,319,202713.3437500000,214597.0000000000,225000.0000000000,173927.3593750000,0.0000000000,0.0000000000,0.0000000000,0.0000000000,,,
40.8759999340,319,224813.9062500000,216216.4687500000,225000.0000000000,225000.0000000000,0.0000000000,0.0000000000,0.0000000000,0.0000000000,,,
40.8799999340,319,225000.0000000000,217782.5000000000,225000.0000000000,225000.0000000000,0.0000000000,0.0000000000,0.0000000000,0.0000000000,,,
40.8839999340,319,225000.0000000000,217122.1718750000,225000.0000000000,225000.0000000000,0.0000000000,0.0000000000,0.0000000000,0.0000000000,,,
40.8879999339,319,207495.0468750000,215133.0468750000,225000.0000000000,190669.5000000000,0.0000000000,0.0000000000,0.0000000000,0.0000000000,,,
40.8919999339,319,202610.3906250000,214593.2656250000,225000.0000000000,173618.4687500000,0.0000000000,0.0000000000,0.0000000000,0.0000000000,,,
40.8959999338,319,224739.5312500000,216206.0781250000,225000.0000000000,225000.0000000000,0.0000000000,0.0000000000,0.0000000000,0.0000000000,,,
40.8999999340,319,225000.0000000000,217776.9531250000,225000.0000000000,225000.0000000000,0.0000000000,0.0000000000,0.0000000000,0.0000000000,,,
40.9039999340,319,225000.0000000000,217131.7500000000,225000.0000000000,225000.0000000000,0.0000000000,0.0000000000,0.0000000000,0.0000000000,,,
40.9079999339,319,207545.9531250000,215142.0312500000,225000.0000000000,190838.5312500000,0.0000000000,0.0000000000,0.0000000000,0.0000000000,,,
40.9119999339,319,202496.1875000000,214588.3593750000,225000.0000000000,173354.7656250000,0.0000000000,0.0000000000,0.0000000000,0.0000000000,,,
40.9159999338,319,224587.2343750000,216192.4375000000,225000.0000000000,224822.5000000000,0.0000000000,0.0000000000,0.0000000000,0.0000000000,,,
40.9199999340,319,225000.0000000000,217773.7343750000,225000.0000000000,225000.0000000000,0.0000000000,0.0000000000,0.0000000000,0.0000000000,,,
40.9239999340,319,225000.0000000000,217137.8281250000,225000.0000000000,225000.0000000000,0.0000000000,0.0000000000,0.0000000000,0.0000000000,,,
40.9279999339,319,207589.4687500000,215144.2031250000,225000.0000000000,191032.0156250000,0.0000000000,0.0000000000,0.0000000000,0.0000000000,,,
40.9319999339,319,202370.1250000000,214576.8906250000,225000.0000000000,173078.6562500000,0.0000000000,0.0000000000,0.0000000000,0.0000000000,,,
40.9359999339,319,224418.7187500000,216176.8750000000,225000.0000000000,224520.3125000000,0.0000000000,0.0000000000,0.0000000000,0.0000000000,,,
40.9399999338,319,225000.0000000000,217760.2968750000,225000.0000000000,225000.0000000000,0.0000000000,0.0000000000,0.0000000000,0.0000000000,,,
40.9439999340,319,225000.0000000000,217140.8593750000,225000.0000000000,225000.0000000000,0.0000000000,0.0000000000,0.0000000000,0.0000000000,,,
40.9479999340,319,207743.9062500000,215155.4062500000,225000.0000000000,191513.6406250000,0.0000000000,0.0000000000,0.0000000000,0.0000000000,,,
40.9519999339,319,202309.2343750000,214573.7812500000,225000.0000000000,172962.6250000000,0.0000000000,0.0000000000,0.0000000000,0.0000000000,,,
40.9559999339,319,224188.7656250000,216158.5625000000,225000.0000000000,224171.5000000000,0.0000000000,0.0000000000,0.0000000000,0.0000000000,,,
40.9599999338,320,225000.0000000000,217750.5625000000,225000.0000000000,225000.0000000000,0.0000000000,0.0000000000,0.0000000000,0.0000000000,,,
40.9639999338,320,225000.0000000000,217151.8281250000,225000.0000000000,225000.0000000000,0.0000000000,0.0000000000,0.0000000000,0.0000000000,,,
40.9679999338,320,207821.8281250000,215171.2968750000,225000.0000000000,191724.6562500000,0.0000000000,0.0000000000,0.0000000000,0.0000000000,,,
40.9719999337,320,202215.2187500000,214577.8281250000,225000.0000000000,172696.9218750000,0.0000000000,0.0000000000,0.0000000000,0.0000000000,,,
40.9759999337,320,224043.9531250000,216152.3906250000,225000.0000000000,223850.8437500000,0.0000000000,0.0000000000,0.0000000000,0.0000000000,,,
40.9799999336,320,225000.0000000000,217749.5312500000,225000.0000000000,225000.0000000000,0.0000000000,0.0000000000,0.0000000000,0.0000000000,,,
40.9839999338,320,225000.0000000000,217159.7500000000,225000.0000000000,225000.0000000000,0.0000000000,0.0000000000,0.0000000000,0.0000000000,,,
40.9879999338,320,207911.8125000000,215179.5000000000,225000.0000000000,191968.2500000000,0.0000000000,0.0000000000,0.0000000000,0.0000000000,,,
40.9919999337,320,202147.2343750000,214575.8906250000,225000.0000000000,172482.9375000000,0.0000000000,0.0000000000,0.0000000000,0.0000000000,,,
40.9959999337,320,223905.5625000000,216144.3906250000,225000.0000000000,223579.1562500000,0.0000000000,0.0000000000,0.0000000000,0.0000000000,,,
40.9999999336,320,225000.0000000000,217751.2812500000,225000.0000000000,225000.0000000000,0.0000000000,0.0000000000,0.0000000000,0.0000000000,,,
41.0039999338,320,225000.0000000000,217175.6250000000,225000.0000000000,225000.0000000000,0.0000000000,0.0000000000,0.0000000000,0.0000000000,,,
41.0079999338,320,208013.6562500000,215196.2812500000,225000.0000000000,192170.1406250000,0.0000000000,0.0000000000,0.0000000000,0.0000000000,,,
41.0119999337,320,202084.0625000000,214580.7187500000,225000.0000000000,172226.7500000000,0.0000000000,0.0000000000,0.0000000000,0.0000000000,,,
41.0159999337,320,223786.7343750000,216137.2031250000,225000.0000000000,223306.2187500000,0.0000000000,0.0000000000,0.0000000000,0.0000000000,,,
41.0199999337,320,225000.0000000000,217740.8125000000,225000.0000000000,225000.0000000000,0.0000000000,0.0000000000,0.0000000000,0.0000000000,,,
41.0239999336,320,225000.0000000000,217173.8281250000,225000.0000000000,225000.0000000000,0.0000000000,0.0000000000,0.0000000000,0.0000000000,,,
41.0279999338,320,208103.9375000000,215195.8125000000,225000.0000000000,192395.9062500000,0.0000000000,0.0000000000,0.0000000000,0.0000000000,,,
41.0319999338,320,202012.7656250000,214568.5937500000,225000.0000000000,171986.0781250000,0.0000000000,0.0000000000,0.0000000000,0.0000000000,,,
41.0359999337,320,223655.8750000000,216120.7343750000,225000.0000000000,222995.2656250000,0.0000000000,0.0000000000,0.0000000000,0.0000000000,,,
41.0399999337,320,225000.0000000000,217737.4375000000,225000.0000000000,225000.0000000000,0.0000000000,0.0000000000,0.0000000000,0.0000000000,,,
41.0439999336,320,225000.0000000000,217185.5781250000,225000.0000000000,225000.0000000000,0.0000000000,0.0000000000,0.0000000000,0.0000000000,,,
41.0479999338,320,208222.8125000000,215209.6406250000,225000.0000000000,192651.0625000000,0.0000000000,0.0000000000,0.0000000000,0.0000000000,,,
41.0519999338,320,201959.2656250000,214573.0156250000,225000.0000000000,171760.7031250000,0.0000000000,0.0000000000,0.0000000000,0.0000000000,,,
41.0559999337,320,223525.6406250000,216116.3437500000,225000.0000000000,222690.1875000000,0.0000000000,0.0000000000,0.0000000000,0.0000000000,,,
41.0599999337,320,225000.0000000000,217738.8906250000,225000.0000000000,225000.0000000000,0.0000000000,0.0000000000,0.0000000000,0.0000000000,,,
41.0639999337,320,225000.0000000000,217198.8281250000,225000.0000000000,225000.0000000000,0.0000000000,0.0000000000,0.0000000000,0.0000000000,,,
41.0679999336,320,208328.7031250000,215222.9218750000,225000.0000000000,192893.5000000000,0.0000000000,0.0000000000,0.0000000000,0.0000000000,,,
41.0719999338,320,201897.3906250000,214572.4062500000,225000.0000000000,171529.7343750000,0.0000000000,0.0000000000,0.0000000000,0.0000000000,,,
41.0759999338,320,223392.5781250000,216101.3750000000,225000.0000000000,222412.0468750000,0.0000000000,0.0000000000,0.0000000000,0.0000000000,,,
41.0799999337,320,225000.0000000000,217724.5156250000,225000.0000000000,225000.0000000000,0.0000000000,0.0000000000,0.0000000000,0.0000000000,,,
41.0839999337,320,225000.0000000000,217200.8906250000,225000.0000000000,225000.0000000000,0.0000000000,0.0000000000,0.0000000000,0.0000000000,,,
41.0879999336,321,208407.6406250000,215229.7656250000,225000.0000000000,193111.6250000000,0.0000000000,0.0000000000,0.0000000000,0.0000000000,,,
41.0919999336,321,201810.9843750000,214566.8281250000,225000.0000000000,171280.2031250000,0.0000000000,0.0000000000,0.0000000000,0.0000000000,,,
41.0959999335,321,223254.1875000000,216091.2343750000,225000.0000000000,222150.8281250000,0.0000000000,0.0000000000,0.0000000000,0.0000000000,,,
41.0999999335,321,225000.0000000000,217722.6093750000,225000.0000000000,225000.0000000000,0.0000000000,0.0000000000,0.0000000000,0.0000000000,,,
41.1039999335,321,225000.0000000000,217215.7031250000,225000.0000000000,225000.0000000000,0.0000000000,0.0000000000,0.0000000000,0.0000000000,,,
41.1079999334,321,208500.6406250000,215246.9218750000,225000.0000000000,193318.1718750000,0.0000000000,0.0000000000,0.0000000000,0.0000000000,,,
41.1119999336,321,201725.9843750000,214568.5468750000,225000.0000000000,170985.1093750000,0.0000000000,0.0000000000,0.0000000000,0.0000000000,,,
41.1159999336,321,223108.2968750000,216076.9687500000,225000.0000000000,221790.7968750000,0.0000000000,0.0000000000,0.0000000000,0.0000000000,,,
41.1199999335,321,225000.0000000000,217706.6250000000,225000.0000000000,225000.0000000000,0.0000000000,0.0000000000,0.0000000000,0.0000000000,,,
41.1239999335,321,225000.0000000000,217201.7812500000,225000.0000000000,225000.0000000000,0.0000000000,0.0000000000,0.0000000000,0.0000000000,,,
41.1279999334,321,208567.0156250000,215235.4531250000,225000.0000000000,193515.8750000000,0.0000000000,0.0000000000,0.0000000000,0.0000000000,,,
41.1319999336,321,201643.3750000000,214558.2656250000,225000.0000000000,170721.5468750000,0.0000000000,0.0000000000,0.0000000000,0.0000000000,,,
41.1359999336,321,222981.7968750000,216067.4218750000,225000.0000000000,221497.2343750000,0.0000000000,0.0000000000,0.0000000000,0.0000000000,,,
41.1399999335,321,225000.0000000000,217707.2187500000,225000.0000000000,225000.0000000000,0.0000000000,0.0000000000,0.0000000000,0.0000000000,,,
41.1439999335,321,225000.0000000000,217222.8593750000,225000.0000000000,225000.0000000000,0.0000000000,0.0000000000,0.0000000000,0.0000000000,,,
41.1479999335,321,208654.1875000000,215260.5468750000,225000.0000000000,193698.6406250000,0.0000000000,0.0000000000,0.0000000000,0.0000000000,,,
41.1519999334,321,201564.6562500000,214567.2500000000,225000.0000000000,170431.7187500000,0.0000000000,0.0000000000,0.0000000000,0.0000000000,,,
41.1559999336,321,222844.7343750000,216060.4375000000,225000.0000000000,221188.5625000000,0.0000000000,0.0000000000,0.0000000000,0.0000000000,,,
41.1599999336,321,225000.0000000000,217698.5937500000,225000.0000000000,225000.0000000000,0.0000000000,0.0000000000,0.0000000000,0.0000000000,,,
41.1639999335,321,225000.0000000000,217225.3281250000,225000.0000000000,225000.0000000000,0.0000000000,0.0000000000,0.0000000000,0.0000000000,,,
41.1679999335,321,208738.1406250000,215270.5781250000,225000.0000000000,193885.0000000000,0.0000000000,0.0000000000,0.0000000000,0.0000000000,,,
41.1719999334,321,201481.8281250000,214562.3437500000,225000.0000000000,170090.7187500000,0.0000000000,0.0000000000,0.0000000000,0.0000000000,,,
41.1759999336,321,222704.6250000000,216041.6875000000,225000.0000000000,220809.3750000000,0.0000000000,0.0000000000,0.0000000000,0.0000000000,,,
41.1799999336,321,225000.0000000000,217683.6562500000,225000.0000000000,225000.0000000000,0.0000000000,0.0000000000,0.0000000000,0.0000000000,,,
41.1839999335,321,225000.0000000000,217220.4687500000,225000.0000000000,225000.0000000000,0.0000000000,0.0000000000,0.0000000000,0.0000000000,,,
41.1879999335,321,208809.3281250000,215258.4062500000,225000.0000000000,194041.3750000000,0.0000000000,0.0000000000,0.0000000000,0.0000000000,,,
41.1919999334,321,201386.7968750000,214539.0156250000,225000.0000000000,169735.5156250000,0.0000000000,0.0000000000,0.0000000000,0.0000000000,,,
41.1959999334,321,222546.8281250000,216007.6875000000,225000.0000000000,220461.8125000000,0.0000000000,0.0000000000,0.0000000000,0.0000000000,,,
41.1999999336,321,225000.0000000000,217652.8125000000,225000.0000000000,225000.0000000000,0.0000000000,0.0000000000,0.0000000000,0.0000000000,,,
41.2039999336,321,225000.0000000000,217206.5468750000,225000.0000000000,225000.0000000000,0.0000000000,0.0000000000,0.0000000000,0.0000000000,,,
41.2079999335,321,208888.8906250000,215258.5937500000,225000.0000000000,194223.0468750000,0.0000000000,0.0000000000,0.0000000000,0.0000000000,,,
41.2119999335,321,201308.9375000000,214536.8593750000,225000.0000000000,169424.6718750000,0.0000000000,0.0000000000,0.0000000000,0.0000000000,,,
41.2159999334,322,222413.0468750000,216003.7187500000,225000.0000000000,220120.5781250000,0.0000000000,0.0000000000,0.0000000000,0.0000000000,,,
41.2199999334,322,225000.0000000000,217663.8125000000,225000.0000000000,225000.0000000000,0.0000000000,0.0000000000,0.0000000000,0.0000000000,,,
41.2239999333,322,225000.0000000000,217233.6718750000,225000.0000000000,225000.0000000000,0.0000000000,0.0000000000,0.0000000000,0.0000000000,,,
41.2279999333,322,208999.5312500000,215292.3437500000,225000.0000000000,194526.1406250000,0.0000000000,0.0000000000,0.0000000000,0.0000000000,,,
41.2319999333,322,201250.0937500000,214560.4375000000,224960.7656250000,169251.9687500000,0.0000000000,0.0000000000,0.0000000000,0.0000000000,,,
41.2359999332,322,222280.2656250000,216016.4843750000,225000.0000000000,219855.3125000000,0.0000000000,0.0000000000,0.0000000000,0.0000000000,,,
41.2399999334,322,225000.0000000000,217675.4062500000,225000.0000000000,225000.0000000000,0.0000000000,0.0000000000,0.0000000000,0.0000000000,,,
41.2439999334,322,225000.0000000000,217252.3593750000,225000.0000000000,225000.0000000000,0.0000000000,0.0000000000,0.0000000000,0.0000000000,,,
41.2479999333,322,209070.4375000000,215301.8593750000,225000.0000000000,194780.0625000000,0.0000000000,0.0000000000,0.0000000000,0.0000000000,,,
41.2519999333,322,201156.1093750000,214541.4218750000,224890.9687500000,169153.1093750000,0.0000000000,0.0000000000,0.0000000000,0.0000000000,,,
41.2559999332,322,222135.7343750000,215984.5156250000,225000.0000000000,219619.5468750000,0.0000000000,0.0000000000,0.0000000000,0.0000000000,,,
41.2599999334,322,225000.0000000000,217644.3593750000,225000.0000000000,225000.0000000000,0.0000000000,0.0000000000,0.0000000000,0.0000000000,,,
41.2639999334,322,225000.0000000000,217233.5625000000,225000.0000000000,225000.0000000000,0.0000000000,0.0000000000,0.0000000000,0.0000000000,,,
41.2679999333,322,209132.2187500000,215289.3906250000,225000.0000000000,195117.3437500000,0.0000000000,0.0000000000,0.0000000000,0.0000000000,,,
41.2719999333,322,201062.2500000000,214532.3125000000,224836.1406250000,169045.5781250000,0.0000000000,0.0000000000,0.0000000000,0.0000000000,,,
41.2759999332,322,221995.1562500000,215972.0625000000,225000.0000000000,219314.0156250000,0.0000000000,0.0000000000,0.0000000000,0.0000000000,,,
41.2799999332,322,225000.0000000000,217638.5781250000,225000.0000000000,225000.0000000000,0.0000000000,0.0000000000,0.0000000000,0.0000000000,,,
41.2839999334,322,225000.0000000000,217240.1250000000,225000.0000000000,225000.0000000000,0.0000000000,0.0000000000,0.0000000000,0.0000000000,,,
41.2879999334,322,209209.2812500000,215297.7500000000,225000.0000000000,195408.9375000000,0.0000000000,0.0000000000,0.0000000000,0.0000000000,,,
41.2919999333,322,200957.0781250000,214530.9062500000,224750.8281250000,168893.9218750000,0.0000000000,0.0000000000,0.0000000000,0.0000000000,,,
41.2959999333,322,221833.5781250000,215959.8593750000,225000.0000000000,219030.9062500000,0.0000000000,0.0000000000,0.0000000000,0.0000000000,,,
41.2999999332,322,225000.0000000000,217636.9375000000,225000.0000000000,225000.0000000000,0.0000000000,0.0000000000,0.0000000000,0.0000000000,,,
41.3039999334,322,225000.0000000000,217255.7968750000,225000.0000000000,225000.0000000000,0.0000000000,0.0000000000,0.0000000000,0.0000000000,,,
41.3079999334,322,209315.9531250000,215315.5625000000,225000.0000000000,195690.8906250000,0.0000000000,0.0000000000,0.0000000000,0.0000000000,,,
41.3119999333,322,200901.7812500000,214537.0468750000,224702.8750000000,168769.8125000000,0.0000000000,0.0000000000,0.0000000000,0.0000000000,,,
41.3159999333,322,221697.1250000000,215954.5468750000,225000.0000000000,218729.3281250000,0.0000000000,0.0000000000,0.0000000000,0.0000000000,,,
41.3199999332,322,225000.0000000000,217629.7968750000,225000.0000000000,225000.0000000000,0.0000000000,0.0000000000,0.0000000000,0.0000000000,,,
41.3239999332,322,225000.0000000000,217254.4531250000,225000.0000000000,225000.0000000000,0.0000000000,0.0000000000,0.0000000000,0.0000000000,,,
41.3279999334,322,209450.7343750000,215317.7656250000,225000.0000000000,195974.7500000000,0.0000000000,0.0000000000,0.0000000000,0.0000000000,,,
41.3319999333,322,200876.2656250000,214530.6093750000,224672.1093750000,168642.5156250000,0.0000000000,0.0000000000,0.0000000000,0.0000000000,,,
41.3359999333,322,221595.2343750000,215942.6875000000,225000.0000000000,218463.2968750000,0.0000000000,0.0000000000,0.0000000000,0.0000000000,,,
41.3399999333,322,225000.0000000000,217621.7812500000,225000.0000000000,225000.0000000000,0.0000000000,0.0000000000,0.0000000000,0.0000000000,,,
41.3439999332,323,225000.0000000000,217258.1875000000,225000.0000000000,225000.0000000000,0.0000000000,0.0000000000,0.0000000000,0.0000000000,,,
41.3479999332,323,209587.0625000000,215327.3906250000,225000.0000000000,196262.9687500000,0.0000000000,0.0000000000,0.0000000000,0.0000000000,,,
41.3519999331,323,200853.2343750000,214524.9375000000,224638.4218750000,168540.2812500000,0.0000000000,0.0000000000,0.0000000000,0.0000000000,,,
41.3559999331,323,221474.6718750000,215923.3281250000,225000.0000000000,218194.7343750000,0.0000000000,0.0000000000,0.0000000000,0.0000000000,,,
41.3599999330,323,225000.0000000000,217609.3906250000,225000.0000000000,225000.0000000000,0.0000000000,0.0000000000,0.0000000000,0.0000000000,,,
41.3639999330,323,225000.0000000000,217260.8437500000,225000.0000000000,225000.0000000000,0.0000000000,0.0000000000,0.0000000000,0.0000000000,,,
41.3679999332,323,209708.2500000000,215328.7343750000,225000.0000000000,196585.4531250000,0.0000000000,0.0000000000,0.0000000000,0.0000000000,,,
41.3719999332,323,200818.7812500000,214518.9531250000,224607.4375000000,168433.1718750000,0.0000000000,0.0000000000,0.0000000000,0.0000000000,,,
41.3759999331,323,221332.0781250000,215908.6093750000,225000.0000000000,217869.9687500000,0.0000000000,0.0000000000,0.0000000000,0.0000000000,,,
41.3799999331,323,225000.0000000000,217598.0156250000,225000.0000000000,225000.0000000000,0.0000000000,0.0000000000,0.0000000000,0.0000000000,,,
41.3839999330,323,225000.0000000000,217266.7656250000,225000.0000000000,225000.0000000000,0.0000000000,0.0000000000,0.0000000000,0.0000000000,,,
41.3879999332,323,209813.2031250000,215340.1562500000,225000.0000000000,196823.9531250000,0.0000000000,0.0000000000,0.0000000000,0.0000000000,,,
41.3919999332,323,200791.1562500000,214518.8437500000,224581.3437500000,168352.7031250000,0.0000000000,0.0000000000,0.0000000000,0.0000000000,,,
41.3959999331,323,221207.8750000000,215902.4062500000,225000.0000000000,217639.2968750000,0.0000000000,0.0000000000,0.0000000000,0.0000000000,,,
41.3999999331,323,225000.0000000000,217596.7343750000,225000.0000000000,225000.0000000000,0.0000000000,0.0000000000,0.0000000000,0.0000000000,,,
41.4039999330,323,225000.0000000000,217273.6875000000,225000.0000000000,225000.0000000000,0.0000000000,0.0000000000,0.0000000000,0.0000000000,,,
41.4079999330,323,209917.4531250000,215345.1250000000,225000.0000000000,197125.2812500000,0.0000000000,0.0000000000,0.0000000000,0.0000000000,,,
41.4119999332,323,200730.0937500000,214512.5312500000,224538.4531250000,168237.2968750000,0.0000000000,0.0000000000,0.0000000000,0.0000000000,,,
41.4159999331,323,221057.4531250000,215888.5937500000,225000.0000000000,217329.6093750000,0.0000000000,0.0000000000,0.0000000000,0.0000000000,,,
41.4199999331,323,225000.0000000000,217590.3437500000,225000.0000000000,225000.0000000000,0.0000000000,0.0000000000,0.0000000000,0.0000000000,,,
41.4239999331,323,225000.0000000000,217276.6406250000,225000.0000000000,225000.0000000000,0.0000000000,0.0000000000,0.0000000000,0.0000000000,,,
41.4279999330,323,210008.6875000000,215345.9218750000,225000.0000000000,197438.3437500000,0.0000000000,0.0000000000,0.0000000000,0.0000000000,,,
41.4319999332,323,200654.0468750000,214500.9531250000,224488.7812500000,168126.0000000000,0.0000000000,0.0000000000,0.0000000000,0.0000000000,,,
41.4359999332,323,220903.3906250000,215866.9687500000,225000.0000000000,217061.7968750000,0.0000000000,0.0000000000,0.0000000000,0.0000000000,,,
41.4399999331,323,225000.0000000000,217571.1406250000,225000.0000000000,225000.0000000000,0.0000000000,0.0000000000,0.0000000000,0.0000000000,,,
41.4439999331,323,225000.0000000000,217273.1250000000,225000.0000000000,225000.0000000000,0.0000000000,0.0000000000,0.0000000000,0.0000000000,,,
41.4479999330,323,210093.6718750000,215347.8593750000,225000.0000000000,197693.5312500000,0.0000000000,0.0000000000,0.0000000000,0.0000000000,,,
41.4519999330,323,200580.1718750000,214489.5468750000,224442.4843750000,168035.7031250000,0.0000000000,0.0000000000,0.0000000000,0.0000000000,,,
41.4559999332,323,220749.7968750000,215849.2500000000,225000.0000000000,216788.4531250000,0.0000000000,0.0000000000,0.0000000000,0.0000000000,,,
41.4599999331,323,225000.0000000000,217562.6406250000,225000.0000000000,225000.0000000000,0.0000000000,0.0000000000,0.0000000000,0.0000000000,,,
41.4639999331,323,225000.0000000000,217270.5781250000,225000.0000000000,225000.0000000000,0.0000000000,0.0000000000,0.0000000000,0.0000000000,,,
41.4679999331,323,210213.5000000000,215343.1406250000,225000.0000000000,198043.0781250000,0.0000000000,0.0000000000,0.0000000000,0.0000000000,,,
41.4719999330,324,200526.8750000000,214474.7187500000,224404.9843750000,167946.7343750000,0.0000000000,0.0000000000,0.0000000000,0.0000000000,,,
41.4759999330,324,220592.8906250000,215823.5468750000,225000.0000000000,216452.3125000000,0.0000000000,0.0000000000,0.0000000000,0.0000000000,,,
41.4799999329,324,225000.0000000000,217542.6250000000,225000.0000000000,225000.0000000000,0.0000000000,0.0000000000,0.0000000000,0.0000000000,,,
41.4839999329,324,225000.0000000000,217269.8437500000,225000.0000000000,225000.0000000000,0.0000000000,0.0000000000,0.0000000000,0.0000000000,,,
41.4879999328,324,210324.4062500000,215347.8281250000,225000.0000000000,198347.7500000000,0.0000000000,0.0000000000,0.0000000000,0.0000000000,,,
41.4919999328,324,200474.0625000000,214468.6562500000,224366.0312500000,167864.2187500000,0.0000000000,0.0000000000,0.0000000000,0.0000000000,,,
41.4959999330,324,220451.8125000000,215811.2187500000,225000.0000000000,216195.3906250000,0.0000000000,0.0000000000,0.0000000000,0.0000000000,,,
41.4999999329,324,225000.0000000000,217536.8593750000,225000.0000000000,225000.0000000000,0.0000000000,0.0000000000,0.0000000000,0.0000000000,,,
41.5039999329,324,225000.0000000000,217276.6875000000,225000.0000000000,225000.0000000000,0.0000000000,0.0000000000,0.0000000000,0.0000000000,,,
41.5079999329,324,210431.9062500000,215356.7343750000,225000.0000000000,198656.0625000000,0.0000000000,0.0000000000,0.0000000000,0.0000000000,,,
41.5119999328,324,200470.3437500000,214472.7031250000,224365.2031250000,167901.0468750000,0.0000000000,0.0000000000,0.0000000000,0.0000000000,,,
41.5159999330,324,220501.4531250000,215813.8437500000,225000.0000000000,216224.5937500000,0.0000000000,0.0000000000,0.0000000000,0.0000000000,,,
41.5199999330,324,225000.0000000000,217540.9375000000,225000.0000000000,225000.0000000000,0.0000000000,0.0000000000,0.0000000000,0.0000000000,,,
41.5239999329,324,225000.0000000000,217288.7343750000,225000.0000000000,225000.0000000000,0.0000000000,0.0000000000,0.0000000000,0.0000000000,,,
41.5279999329,324,210529.7187500000,215371.7031250000,225000.0000000000,198938.7968750000,0.0000000000,0.0000000000,0.0000000000,0.0000000000,,,
41.5319999328,324,200386.0468750000,214472.8437500000,224266.1718750000,167678.9687500000,0.0000000000,0.0000000000,0.0000000000,0.0000000000,,,
41.5359999328,324,220156.2343750000,215802.5937500000,225000.0000000000,215599.0781250000,0.0000000000,0.0000000000,0.0000000000,0.0000000000,,,
41.5399999330,324,225000.0000000000,217537.9062500000,225000.0000000000,225000.0000000000,0.0000000000,0.0000000000,0.0000000000,0.0000000000,,,
41.5439999329,324,225000.0000000000,217293.1562500000,225000.0000000000,225000.0000000000,0.0000000000,0.0000000000,0.0000000000,0.0000000000,,,
41.5479999329,324,210657.3437500000,215368.6718750000,225000.0000000000,199222.2343750000,0.0000000000,0.0000000000,0.0000000000,0.0000000000,,,
41.5519999329,324,200385.7968750000,214459.0781250000,224262.6875000000,167652.8125000000,0.0000000000,0.0000000000,0.0000000000,0.0000000000,,,
41.5559999328,324,220038.9687500000,215780.9843750000,225000.0000000000,215365.2187500000,0.0000000000,0.0000000000,0.0000000000,0.0000000000,,,
41.5599999330,324,225000.0000000000,217525.5468750000,225000.0000000000,225000.0000000000,0.0000000000,0.0000000000,0.0000000000,0.0000000000,,,
41.5639999330,324,225000.0000000000,217298.4687500000,225000.0000000000,225000.0000000000,0.0000000000,0.0000000000,0.0000000000,0.0000000000,,,
41.5679999329,324,210822.1406250000,215376.1250000000,225000.0000000000,199560.9843750000,0.0000000000,0.0000000000,0.0000000000,0.0000000000,,,
41.5719999329,324,200402.5937500000,214449.6406250000,224258.8281250000,167586.1562500000,0.0000000000,0.0000000000,0.0000000000,0.0000000000,,,
41.5759999328,324,219979.7343750000,215774.5781250000,225000.0000000000,215100.0468750000,0.0000000000,0.0000000000,0.0000000000,0.0000000000,,,
41.5799999328,324,225000.0000000000,217580.3906250000,225000.0000000000,225000.0000000000,0.0000000000,0.0000000000,0.0000000000,0.0000000000,,,
41.5839999330,324,225000.0000000000,217384.4062500000,225000.0000000000,225000.0000000000,0.0000000000,0.0000000000,0.0000000000,0.0000000000,,,
41.5879999329,324,210958.7968750000,215377.6875000000,225000.0000000000,199761.1875000000,0.0000000000,0.0000000000,0.0000000000,0.0000000000,,,
41.5919999329,324,200150.4687500000,214383.6562500000,223956.5468750000,166896.7031250000,0.0000000000,0.0000000000,0.0000000000,0.0000000000,,,
41.5959999328,324,219840.6093750000,215752.3593750000,225000.0000000000,214624.8750000000,0.0000000000,0.0000000000,0.0000000000,0.0000000000,,,
41.5999999328,325,225000.0000000000,217614.7343750000,225000.0000000000,225000.0000000000,0.0000000000,0.0000000000,0.0000000000,0.0000000000,,,
41.6039999328,325,225000.0000000000,217410.8750000000,225000.0000000000,225000.0000000000,0.0000000000,0.0000000000,0.0000000000,0.0000000000,,,
41.6079999327,325,211099.5625000000,215372.9062500000,225000.0000000000,200086.9531250000,0.0000000000,0.0000000000,0.0000000000,0.0000000000,,,
41.6119999327,325,200066.2656250000,214348.3281250000,223846.5781250000,166670.6875000000,0.0000000000,0.0000000000,0.0000000000,0.0000000000,,,
41.6159999326,325,219659.7500000000,215716.6875000000,225000.0000000000,214220.7187500000,0.0000000000,0.0000000000,0.0000000000,0.0000000000,,,
41.6199999326,325,225000.0000000000,217589.5156250000,225000.0000000000,225000.0000000000,0.0000000000,0.0000000000,0.0000000000,0.0000000000,,,
41.6239999328,325,225000.0000000000,217403.1875000000,225000.0000000000,225000.0000000000,0.0000000000,0.0000000000,0.0000000000,0.0000000000,,,
41.6279999327,325,211217.0468750000,215372.5625000000,225000.0000000000,200373.4531250000,0.0000000000,0.0000000000,0.0000000000,0.0000000000,,,
41.6319999327,325,200005.0781250000,214329.4843750000,223764.2343750000,166496.3750000000,0.0000000000,0.0000000000,0.0000000000,0.0000000000,,,
41.6359999327,325,219470.7968750000,215678.9843750000,225000.0000000000,213862.9843750000,0.0000000000,0.0000000000,0.0000000000,0.0000000000,,,
41.6399999326,325,225000.0000000000,217581.3125000000,225000.0000000000,225000.0000000000,0.0000000000,0.0000000000,0.0000000000,0.0000000000,,,
41.6439999328,325,225000.0000000000,217415.7343750000,225000.0000000000,225000.0000000000,0.0000000000,0.0000000000,0.0000000000,0.0000000000,,,
41.6479999328,325,211339.3437500000,215379.4843750000,225000.0000000000,200624.8125000000,0.0000000000,0.0000000000,0.0000000000,0.0000000000,,,
41.6519999327,325,199959.7343750000,214321.1406250000,223695.9375000000,166343.5937500000,0.0000000000,0.0000000000,0.0000000000,0.0000000000,,,
41.6559999327,325,219311.4687500000,215666.6718750000,225000.0000000000,213481.1562500000,0.0000000000,0.0000000000,0.0000000000,0.0000000000,,,
41.6599999326,325,225000.0000000000,217570.8281250000,225000.0000000000,225000.0000000000,0.0000000000,0.0000000000,0.0000000000,0.0000000000,,,
41.6639999326,325,225000.0000000000,217418.5781250000,225000.0000000000,225000.0000000000,0.0000000000,0.0000000000,0.0000000000,0.0000000000,,,
41.6679999328,325,211478.2343750000,215379.3750000000,225000.0000000000,200972.2656250000,0.0000000000,0.0000000000,0.0000000000,0.0000000000,,,
41.6719999327,325,199923.0156250000,214302.6093750000,223666.8437500000,166259.5625000000,0.0000000000,0.0000000000,0.0000000000,0.0000000000,,,
41.6759999327,325,219120.1406250000,215631.9375000000,225000.0000000000,213143.4062500000,0.0000000000,0.0000000000,0.0000000000,0.0000000000,,,
41.6799999326,325,225000.0000000000,217540.9687500000,225000.0000000000,225000.0000000000,0.0000000000,0.0000000000,0.0000000000,0.0000000000,,,
41.6839999326,325,225000.0000000000,217408.7031250000,225000.0000000000,225000.0000000000,0.0000000000,0.0000000000,0.0000000000,0.0000000000,,,
41.6879999328,325,211730.2343750000,215410.6250000000,225000.0000000000,201639.1875000000,0.0000000000,0.0000000000,0.0000000000,0.0000000000,,,
41.6919999328,325,200159.0468750000,214356.5156250000,223916.0468750000,166951.6562500000,0.0000000000,0.0000000000,0.0000000000,0.0000000000,,,
41.6959999327,325,218942.8437500000,215628.7343750000,225000.0000000000,213122.4843750000,0.0000000000,0.0000000000,0.0000000000,0.0000000000,,,
41.6999999327,325,225000.0000000000,217422.2812500000,225000.0000000000,225000.0000000000,0.0000000000,0.0000000000,0.0000000000,0.0000000000,,,
41.7039999326,325,225000.0000000000,217277.6250000000,225000.0000000000,225000.0000000000,0.0000000000,0.0000000000,0.0000000000,0.0000000000,,,
41.7079999326,325,211635.9531250000,215374.5937500000,225000.0000000000,201586.7031250000,0.0000000000,0.0000000000,0.0000000000,0.0000000000,,,
41.7119999328,325,200259.5000000000,214380.6250000000,224046.0156250000,167141.2656250000,0.0000000000,0.0000000000,0.0000000000,0.0000000000,,,
41.7159999327,325,218883.5156250000,215641.0781250000,225000.0000000000,212961.6875000000,0.0000000000,0.0000000000,0.0000000000,0.0000000000,,,
41.7199999327,325,225000.0000000000,217426.0156250000,225000.0000000000,225000.0000000000,0.0000000000,0.0000000000,0.0000000000,0.0000000000,,,
41.7239999326,325,225000.0000000000,217300.0312500000,225000.0000000000,225000.0000000000,0.0000000000,0.0000000000,0.0000000000,0.0000000000,,,
41.7279999326,326,211812.9687500000,215409.3281250000,225000.0000000000,201991.8437500000,0.0000000000,0.0000000000,0.0000000000,0.0000000000,,,
41.7319999326,326,200291.9687500000,214407.6875000000,224071.7187500000,167232.6406250000,0.0000000000,0.0000000000,0.0000000000,0.0000000000,,,
41.7359999325,326,218789.7031250000,215652.9375000000,225000.0000000000,212779.3437500000,0.0000000000,0.0000000000,0.0000000000,0.0000000000,,,
41.7399999325,326,225000.0000000000,217437.8437500000,225000.0000000000,225000.0000000000,0.0000000000,0.0000000000,0.0000000000,0.0000000000,,,
41.7439999324,326,225000.0000000000,217322.9531250000,225000.0000000000,225000.0000000000,0.0000000000,0.0000000000,0.0000000000,0.0000000000,,,
41.7479999324,326,211946.7343750000,215434.6875000000,225000.0000000000,202338.0468750000,0.0000000000,0.0000000000,0.0000000000,0.0000000000,,,
41.7519999326,326,200289.1875000000,214419.6562500000,224072.5781250000,167295.7343750000,0.0000000000,0.0000000000,0.0000000000,0.0000000000,,,
41.7559999325,326,218662.0468750000,215647.8593750000,225000.0000000000,212526.9218750000,0.0000000000,0.0000000000,0.0000000000,0.0000000000,,,
41.7599999325,326,225000.0000000000,217427.1406250000,225000.0000000000,225000.0000000000,0.0000000000,0.0000000000,0.0000000000,0.0000000000,,,
41.7639999324,326,225000.0000000000,217322.2031250000,225000.0000000000,225000.0000000000,0.0000000000,0.0000000000,0.0000000000,0.0000000000,,,
41.7679999324,326,212063.8125000000,215437.1718750000,225000.0000000000,202707.2968750000,0.0000000000,0.0000000000,0.0000000000,0.0000000000,,,
41.7719999326,326,200266.5468750000,214417.0312500000,224053.1093750000,167329.9062500000,0.0000000000,0.0000000000,0.0000000000,0.0000000000,,,
41.7759999325,326,218526.9531250000,215640.4687500000,225000.0000000000,212274.8281250000,0.0000000000,0.0000000000,0.0000000000,0.0000000000,,,
41.7799999325,326,225000.0000000000,217429.3593750000,225000.0000000000,225000.0000000000,0.0000000000,0.0000000000,0.0000000000,0.0000000000,,,
41.7839999325,326,225000.0000000000,217339.6406250000,225000.0000000000,225000.0000000000,0.0000000000,0.0000000000,0.0000000000,0.0000000000,,,
41.7879999324,326,212198.3281250000,215455.2500000000,225000.0000000000,203044.2187500000,0.0000000000,0.0000000000,0.0000000000,0.0000000000,,,
41.7919999324,326,200248.3906250000,214421.1875000000,224025.3906250000,167357.5000000000,0.0000000000,0.0000000000,0.0000000000,0.0000000000,,,
41.7959999326,326,218388.8125000000,215633.0000000000,225000.0000000000,212033.7968750000,0.0000000000,0.0000000000,0.0000000000,0.0000000000,,,
41.7999999325,326,225000.0000000000,217424.3437500000,225000.0000000000,225000.0000000000,0.0000000000,0.0000000000,0.0000000000,0.0000000000,,,
41.8039999325,326,225000.0000000000,217347.8437500000,225000.0000000000,225000.0000000000,0.0000000000,0.0000000000,0.0000000000,0.0000000000,,,
41.8079999324,326,212320.3125000000,215468.4218750000,225000.0000000000,203388.7187500000,0.0000000000,0.0000000000,0.0000000000,0.0000000000,,,
41.8119999324,326,200234.6875000000,214424.6093750000,224010.3281250000,167393.3125000000,0.0000000000,0.0000000000,0.0000000000,0.0000000000,,,
41.8159999326,326,218262.4843750000,215624.6562500000,225000.0000000000,211777.3750000000,0.0000000000,0.0000000000,0.0000000000,0.0000000000,,,
41.8199999325,326,225000.0000000000,217421.7968750000,225000.0000000000,225000.0000000000,0.0000000000,0.0000000000,0.0000000000,0.0000000000,,,
41.8239999325,326,225000.0000000000,217353.4843750000,225000.0000000000,225000.0000000000,0.0000000000,0.0000000000,0.0000000000,0.0000000000,,,
41.8279999325,326,212453.6718750000,215468.9687500000,225000.0000000000,203745.4843750000,0.0000000000,0.0000000000,0.0000000000,0.0000000000,,,
41.8319999324,326,200226.5625000000,214408.6093750000,223990.5781250000,167454.1093750000,0.0000000000,0.0000000000,0.0000000000,0.0000000000,,,
41.8359999324,326,218132.3750000000,215602.7812500000,225000.0000000000,211551.4062500000,0.0000000000,0.0000000000,0.0000000000,0.0000000000,,,
41.8399999326,326,225000.0000000000,217404.4218750000,225000.0000000000,225000.0000000000,0.0000000000,0.0000000000,0.0000000000,0.0000000000,,,
41.8439999325,326,225000.0000000000,217353.7187500000,225000.0000000000,225000.0000000000,0.0000000000,0.0000000000,0.0000000000,0.0000000000,,,
41.8479999325,326,212597.7968750000,215478.7812500000,225000.0000000000,204057.0156250000,0.0000000000,0.0000000000,0.0000000000,0.0000000000,,,
41.8519999324,326,200250.9062500000,214413.9062500000,223999.9218750000,167534.9062500000,0.0000000000,0.0000000000,0.0000000000,0.0000000000,,,
41.8559999324,327,218032.2656250000,215599.6718750000,225000.0000000000,211332.1562500000,0.0000000000,0.0000000000,0.0000000000,0.0000000000,,,
41.8599999323,327,225000.0000000000,217403.5625000000,225000.0000000000,225000.0000000000,0.0000000000,0.0000000000,0.0000000000,0.0000000000,,,
41.8639999323,327,225000.0000000000,217357.3437500000,225000.0000000000,225000.0000000000,0.0000000000,0.0000000000,0.0000000000,0.0000000000,,,
41.8679999323,327,212735.6093750000,215479.1875000000,225000.0000000000,204388.9375000000,0.0000000000,0.0000000000,0.0000000000,0.0000000000,,,
41.8719999322,327,200279.3906250000,214400.2812500000,224021.7187500000,167646.1093750000,0.0000000000,0.0000000000,0.0000000000,0.0000000000,,,
41.8759999322,327,217922.2968750000,215578.7187500000,225000.0000000000,211145.1562500000,0.0000000000,0.0000000000,0.0000000000,0.0000000000,,,
41.8799999324,327,225000.0000000000,217389.8281250000,225000.0000000000,225000.0000000000,0.0000000000,0.0000000000,0.0000000000,0.0000000000,,,
41.8839999323,327,225000.0000000000,217360.2187500000,225000.0000000000,225000.0000000000,0.0000000000,0.0000000000,0.0000000000,0.0000000000,,,
41.8879999323,327,212894.8125000000,215487.2500000000,225000.0000000000,204749.0312500000,0.0000000000,0.0000000000,0.0000000000,0.0000000000,,,
41.8919999322,327,200312.1718750000,214399.6718750000,224058.9218750000,167759.2656250000,0.0000000000,0.0000000000,0.0000000000,0.0000000000,,,
41.8959999322,327,217809.3281250000,215574.1250000000,225000.0000000000,210898.3125000000,0.0000000000,0.0000000000,0.0000000000,0.0000000000,,,
41.8999999324,327,225000.0000000000,217396.2968750000,225000.0000000000,225000.0000000000,0.0000000000,0.0000000000,0.0000000000,0.0000000000,,,
41.9039999323,327,225000.0000000000,217373.8437500000,225000.0000000000,225000.0000000000,0.0000000000,0.0000000000,0.0000000000,0.0000000000,,,
41.9079999323,327,213058.0625000000,215503.8906250000,225000.0000000000,205142.2343750000,0.0000000000,0.0000000000,0.0000000000,0.0000000000,,,
41.9119999323,327,200357.9843750000,214414.4531250000,224097.6093750000,167874.9062500000,0.0000000000,0.0000000000,0.0000000000,0.0000000000,,,
41.9159999322,327,217710.3437500000,215581.9375000000,225000.0000000000,210645.4843750000,0.0000000000,0.0000000000,0.0000000000,0.0000000000,,,
41.9199999322,327,225000.0000000000,217402.2500000000,225000.0000000000,225000.0000000000,0.0000000000,0.0000000000,0.0000000000,0.0000000000,,,
41.9239999324,327,225000.0000000000,217388.4531250000,225000.0000000000,225000.0000000000,0.0000000000,0.0000000000,0.0000000000,0.0000000000,,,
41.9279999323,327,213210.9375000000,215515.0468750000,225000.0000000000,205486.7500000000,0.0000000000,0.0000000000,0.0000000000,0.0000000000,,,
41.9319999323,327,200380.8125000000,214407.4843750000,224100.8281250000,167972.7656250000,0.0000000000,0.0000000000,0.0000000000,0.0000000000,,,
41.9359999322,327,217597.1562500000,215566.2968750000,225000.0000000000,210469.9062500000,0.0000000000,0.0000000000,0.0000000000,0.0000000000,,,
41.9399999322,327,225000.0000000000,217393.7187500000,225000.0000000000,225000.0000000000,0.0000000000,0.0000000000,0.0000000000,0.0000000000,,,
41.9439999324,327,225000.0000000000,217395.6406250000,225000.0000000000,225000.0000000000,0.0000000000,0.0000000000,0.0000000000,0.0000000000,,,
41.9479999323,327,213341.1406250000,215523.0000000000,225000.0000000000,205811.7968750000,0.0000000000,0.0000000000,0.0000000000,0.0000000000,,,
41.9519999323,327,200381.9843750000,214399.7187500000,224100.7343750000,168049.0312500000,0.0000000000,0.0000000000,0.0000000000,0.0000000000,,,
41.9559999323,327,217454.2031250000,215543.9062500000,225000.0000000000,210211.0312500000,0.0000000000,0.0000000000,0.0000000000,0.0000000000,,,
41.9599999322,327,225000.0000000000,217375.1875000000,225000.0000000000,225000.0000000000,0.0000000000,0.0000000000,0.0000000000,0.0000000000,,,
41.9639999322,327,225000.0000000000,217389.4843750000,225000.0000000000,225000.0000000000,0.0000000000,0.0000000000,0.0000000000,0.0000000000,,,
41.9679999324,327,213462.5312500000,215522.4687500000,225000.0000000000,206148.1562500000,0.0000000000,0.0000000000,0.0000000000,0.0000000000,,,
41.9719999323,327,200370.9375000000,214389.3437500000,224085.6093750000,168093.0156250000,0.0000000000,0.0000000000,0.0000000000,0.0000000000,,,
41.9759999323,327,217307.1093750000,215521.9843750000,225000.0000000000,209926.9843750000,0.0000000000,0.0000000000,0.0000000000,0.0000000000,,,
41.9799999322,327,225000.0000000000,217354.9531250000,225000.0000000000,225000.0000000000,0.0000000000,0.0000000000,0.0000000000,0.0000000000,,,
41.9839999322,328,225000.0000000000,217380.3281250000,225000.0000000000,225000.0000000000,0.0000000000,0.0000000000,0.0000000000,0.0000000000,,,
41.9879999321,328,213580.9062500000,215518.6406250000,225000.0000000000,206446.9218750000,0.0000000000,0.0000000000,0.0000000000,0.0000000000,,,
41.9919999321,328,200357.0937500000,214378.0000000000,224071.3125000000,168122.4062500000,0.0000000000,0.0000000000,0.0000000000,0.0000000000,,,
41.9959999321,328,217176.8281250000,215510.0312500000,225000.0000000000,209664.6406250000,0.0000000000,0.0000000000,0.0000000000,0.0000000000,,,
41.9999999320,328,225000.0000000000,217352.1406250000,225000.0000000000,225000.0000000000,0.0000000000,0.0000000000,0.0000000000,0.0000000000,,,
42.0039999320,328,225000.0000000000,217392.5000000000,225000.0000000000,225000.0000000000,0.0000000000,0.0000000000,0.0000000000,0.0000000000,,,
42.0079999322,328,213689.3750000000,215532.6406250000,225000.0000000000,206774.8281250000,0.0000000000,0.0000000000,0.0000000000,0.0000000000,,,
42.0119999321,328,200335.9375000000,214377.7031250000,224044.0937500000,168150.4218750000,0.0000000000,0.0000000000,0.0000000000,0.0000000000,,,
42.0159999321,328,217027.9218750000,215495.5937500000,225000.0000000000,209393.6562500000,0.0000000000,0.0000000000,0.0000000000,0.0000000000,,,
42.0199999320,328,225000.0000000000,217344.2031250000,225000.0000000000,225000.0000000000,0.0000000000,0.0000000000,0.0000000000,0.0000000000,,,
42.0239999320,328,225000.0000000000,217401.3281250000,225000.0000000000,225000.0000000000,0.0000000000,0.0000000000,0.0000000000,0.0000000000,,,
42.0279999322,328,213811.5937500000,215544.0312500000,225000.0000000000,207091.5312500000,0.0000000000,0.0000000000,0.0000000000,0.0000000000,,,
42.0319999321,328,200319.7656250000,214376.6875000000,224018.3906250000,168165.1718750000,0.0000000000,0.0000000000,0.0000000000,0.0000000000,,,
42.0359999321,328,216871.8906250000,215482.6875000000,225000.0000000000,209082.6718750000,0.0000000000,0.0000000000,0.0000000000,0.0000000000,,,
42.0399999321,328,225000.0000000000,217328.7187500000,225000.0000000000,225000.0000000000,0.0000000000,0.0000000000,0.0000000000,0.0000000000,,,
42.0439999320,328,225000.0000000000,217389.1250000000,225000.0000000000,225000.0000000000,0.0000000000,0.0000000000,0.0000000000,0.0000000000,,,
42.0479999320,328,213928.0312500000,215534.6718750000,225000.0000000000,207391.6718750000,0.0000000000,0.0000000000,0.0000000000,0.0000000000,,,
42.0519999322,328,200302.2187500000,214364.6093750000,224000.0468750000,168183.5156250000,0.0000000000,0.0000000000,0.0000000000,0.0000000000,,,
42.0559999321,328,216730.9375000000,215460.9218750000,225000.0000000000,208788.2812500000,0.0000000000,0.0000000000,0.0000000000,0.0000000000,,,
42.0599999321,328,225000.0000000000,217313.2187500000,225000.0000000000,225000.0000000000,0.0000000000,0.0000000000,0.0000000000,0.0000000000,,,
42.0639999320,328,225000.0000000000,217391.7500000000,225000.0000000000,225000.0000000000,0.0000000000,0.0000000000,0.0000000000,0.0000000000,,,
42.0679999320,328,214049.5156250000,215545.4375000000,225000.0000000000,207742.9375000000,0.0000000000,0.0000000000,0.0000000000,0.0000000000,,,
42.0719999322,328,200311.6406250000,214373.6875000000,224009.3593750000,168287.6718750000,0.0000000000,0.0000000000,0.0000000000,0.0000000000,,,
42.0759999321,328,216620.3750000000,215475.0156250000,225000.0000000000,208600.1406250000,0.0000000000,0.0000000000,0.0000000000,0.0000000000,,,
42.0799999321,328,225000.0000000000,217336.0468750000,225000.0000000000,225000.0000000000,0.0000000000,0.0000000000,0.0000000000,0.0000000000,,,
42.0839999320,328,225000.0000000000,217433.2812500000,225000.0000000000,225000.0000000000,0.0000000000,0.0000000000,0.0000000000,0.0000000000,,,
42.0879999320,328,214200.0625000000,215594.0937500000,225000.0000000000,208101.4218750000,0.0000000000,0.0000000000,0.0000000000,0.0000000000,,,
42.0919999320,328,200334.4531250000,214407.8593750000,224027.4843750000,168430.0937500000,0.0000000000,0.0000000000,0.0000000000,0.0000000000,,,
42.0959999321,328,216485.1406250000,215492.6250000000,225000.0000000000,208350.1093750000,0.0000000000,0.0000000000,0.0000000000,0.0000000000,,,
42.0999999321,328,225000.0000000000,217356.8906250000,225000.0000000000,225000.0000000000,0.0000000000,0.0000000000,0.0000000000,0.0000000000,,,
42.1039999321,328,225000.0000000000,217460.7500000000,225000.0000000000,225000.0000000000,0.0000000000,0.0000000000,0.0000000000,0.0000000000,,,
42.1079999320,328,214340.7187500000,215616.8593750000,225000.0000000000,208434.3906250000,0.0000000000,0.0000000000,0.0000000000,0.0000000000,,,
42.1119999320,329,200332.0937500000,214414.6406250000,224028.2656250000,168482.9218750000,0.0000000000,0.0000000000,0.0000000000,0.0000000000,,,
42.1159999319,329,216360.3906250000,215485.0000000000,225000.0000000000,208075.8750000000,0.0000000000,0.0000000000,0.0000000000,0.0000000000,,,
42.1199999319,329,225000.0000000000,217348.8125000000,225000.0000000000,225000.0000000000,0.0000000000,0.0000000000,0.0000000000,0.0000000000,,,
42.1239999318,329,225000.0000000000,217461.6250000000,225000.0000000000,225000.0000000000,0.0000000000,0.0000000000,0.0000000000,0.0000000000,,,
42.1279999318,329,214451.8437500000,215613.5312500000,225000.0000000000,208733.6093750000,0.0000000000,0.0000000000,0.0000000000,0.0000000000,,,
42.1319999318,329,200320.5625000000,214400.4531250000,224017.0312500000,168531.5000000000,0.0000000000,0.0000000000,0.0000000000,0.0000000000,,,
42.1359999320,329,216235.5312500000,215466.5156250000,225000.0000000000,207834.9687500000,0.0000000000,0.0000000000,0.0000000000,0.0000000000,,,
42.1399999319,329,225000.0000000000,217336.6562500000,225000.0000000000,225000.0000000000,0.0000000000,0.0000000000,0.0000000000,0.0000000000,,,
42.1439999319,329,225000.0000000000,217462.3750000000,225000.0000000000,225000.0000000000,0.0000000000,0.0000000000,0.0000000000,0.0000000000,,,
42.1479999318,329,214596.4843750000,215624.0781250000,225000.0000000000,209050.9375000000,0.0000000000,0.0000000000,0.0000000000,0.0000000000,,,
42.1519999318,329,200331.3750000000,214398.0156250000,224032.9531250000,168604.4843750000,0.0000000000,0.0000000000,0.0000000000,0.0000000000,,,
42.1559999320,329,216119.8750000000,215454.3437500000,225000.0000000000,207562.2343750000,0.0000000000,0.0000000000,0.0000000000,0.0000000000,,,
42.1599999319,329,225000.0000000000,217330.8125000000,225000.0000000000,225000.0000000000,0.0000000000,0.0000000000,0.0000000000,0.0000000000,,,
42.1639999319,329,225000.0000000000,217470.7500000000,225000.0000000000,225000.0000000000,0.0000000000,0.0000000000,0.0000000000,0.0000000000,,,
42.1679999318,329,214747.3593750000,215631.6406250000,225000.0000000000,209385.0156250000,0.0000000000,0.0000000000,0.0000000000,0.0000000000,,,
42.1719999318,329,200385.7968750000,214392.6250000000,224103.9062500000,168765.9843750000,0.0000000000,0.0000000000,0.0000000000,0.0000000000,,,
42.1759999318,329,216042.1718750000,215437.4218750000,225000.0000000000,207396.9531250000,0.0000000000,0.0000000000,0.0000000000,0.0000000000,,,
42.1799999319,329,225000.0000000000,217315.9843750000,225000.0000000000,225000.0000000000,0.0000000000,0.0000000000,0.0000000000,0.0000000000,,,
42.1839999319,329,225000.0000000000,217460.9062500000,225000.0000000000,225000.0000000000,0.0000000000,0.0000000000,0.0000000000,0.0000000000,,,
42.1879999319,329,214901.6406250000,215623.4218750000,225000.0000000000,209699.2343750000,0.0000000000,0.0000000000,0.0000000000,0.0000000000,,,
42.1919999318,329,200439.4375000000,214379.8281250000,224155.4375000000,168924.5000000000,0.0000000000,0.0000000000,0.0000000000,0.0000000000,,,
42.1959999318,329,215949.1250000000,215422.9687500000,225000.0000000000,207173.2968750000,0.0000000000,0.0000000000,0.0000000000,0.0000000000,,,
42.1999999320,329,225000.0000000000,217309.9531250000,225000.0000000000,225000.0000000000,0.0000000000,0.0000000000,0.0000000000,0.0000000000,,,
42.2039999319,329,225000.0000000000,217468.8750000000,225000.0000000000,225000.0000000000,0.0000000000,0.0000000000,0.0000000000,0.0000000000,,,
42.2079999319,329,215070.4375000000,215636.9687500000,225000.0000000000,210078.8125000000,0.0000000000,0.0000000000,0.0000000000,0.0000000000,,,
42.2119999318,329,200502.5000000000,214387.6875000000,224206.8437500000,169078.7343750000,0.0000000000,0.0000000000,0.0000000000,0.0000000000,,,
42.2159999318,329,215861.1562500000,215416.7187500000,225000.0000000000,206974.3281250000,0.0000000000,0.0000000000,0.0000000000,0.0000000000,,,
42.2199999318,329,225000.0000000000,217295.4687500000,225000.0000000000,225000.0000000000,0.0000000000,0.0000000000,0.0000000000,0.0000000000,,,
42.2239999319,329,225000.0000000000,217464.8125000000,225000.0000000000,225000.0000000000,0.0000000000,0.0000000000,0.0000000000,0.0000000000,,,
42.2279999319,329,215213.0468750000,215637.7500000000,225000.0000000000,210387.9218750000,0.0000000000,0.0000000000,0.0000000000,0.0000000000,,,
42.2319999319,329,200530.5312500000,214375.4843750000,224227.0937500000,169178.4062500000,0.0000000000,0.0000000000,0.0000000000,0.0000000000,,,
42.2359999318,329,215731.9218750000,215394.0468750000,225000.0000000000,206717.4531250000,0.0000000000,0.0000000000,0.0000000000,0.0000000000,,,
42.2399999318,330,225000.0000000000,217286.0312500000,225000.0000000000,225000.0000000000,0.0000000000,0.0000000000,0.0000000000,0.0000000000,,,
42.2439999317,330,225000.0000000000,217475.8906250000,225000.0000000000,225000.0000000000,0.0000000000,0.0000000000,0.0000000000,0.0000000000,,,
42.2479999317,330,215348.8593750000,215652.4843750000,225000.0000000000,210701.5781250000,0.0000000000,0.0000000000,0.0000000000,0.0000000000,,,
42.2519999316,330,200552.9531250000,214376.0625000000,224250.7812500000,169267.4687500000,0.0000000000,0.0000000000,0.0000000000,0.0000000000,,,
42.2559999316,330,215620.7812500000,215385.3906250000,225000.0000000000,206478.8437500000,0.0000000000,0.0000000000,0.0000000000,0.0000000000,,,
42.2599999316,330,225000.0000000000,217277.5468750000,225000.0000000000,225000.0000000000,0.0000000000,0.0000000000,0.0000000000,0.0000000000,,,
42.2639999317,330,225000.0000000000,217472.0937500000,225000.0000000000,225000.0000000000,0.0000000000,0.0000000000,0.0000000000,0.0000000000,,,
42.2679999317,330,215471.5625000000,215649.9375000000,225000.0000000000,211015.9843750000,0.0000000000,0.0000000000,0.0000000000,0.0000000000,,,
42.2719999317,330,200564.2968750000,214366.1406250000,224262.0781250000,169353.7812500000,0.0000000000,0.0000000000,0.0000000000,0.0000000000,,,
42.2759999316,330,215488.4843750000,215371.1406250000,225000.0000000000,206207.6093750000,0.0000000000,0.0000000000,0.0000000000,0.0000000000,,,
42.2799999316,330,225000.0000000000,217267.2812500000,225000.0000000000,225000.0000000000,0.0000000000,0.0000000000,0.0000000000,0.0000000000,,,
42.2839999318,330,225000.0000000000,217472.8125000000,225000.0000000000,225000.0000000000,0.0000000000,0.0000000000,0.0000000000,0.0000000000,,,
42.2879999317,330,215586.4375000000,215653.4687500000,225000.0000000000,211316.0937500000,0.0000000000,0.0000000000,0.0000000000,0.0000000000,,,
42.2919999317,330,200544.6093750000,214358.3593750000,224250.7812500000,169424.9531250000,0.0000000000,0.0000000000,0.0000000000,0.0000000000,,,
42.2959999316,330,215335.3593750000,215353.7656250000,225000.0000000000,205921.1250000000,0.0000000000,0.0000000000,0.0000000000,0.0000000000,,,
42.2999999316,330,225000.0000000000,217260.9687500000,225000.0000000000,225000.0000000000,0.0000000000,0.0000000000,0.0000000000,0.0000000000,,,
42.3039999316,330,225000.0000000000,217490.2968750000,225000.0000000000,225000.0000000000,0.0000000000,0.0000000000,0.0000000000,0.0000000000,,,
42.3079999317,330,215706.6093750000,215683.5937500000,225000.0000000000,211644.4218750000,0.0000000000,0.0000000000,0.0000000000,0.0000000000,,,
42.3119999317,330,200536.5625000000,214377.8906250000,224233.4843750000,169484.4375000000,0.0000000000,0.0000000000,0.0000000000,0.0000000000,,,
42.3159999317,330,215190.9531250000,215357.7031250000,225000.0000000000,205631.7500000000,0.0000000000,0.0000000000,0.0000000000,0.0000000000,,,
42.3199999316,330,225000.0000000000,217262.6875000000,225000.0000000000,225000.0000000000,0.0000000000,0.0000000000,0.0000000000,0.0000000000,,,
42.3239999316,330,225000.0000000000,217495.7500000000,225000.0000000000,225000.0000000000,0.0000000000,0.0000000000,0.0000000000,0.0000000000,,,
42.3279999318,330,215809.5781250000,215679.7500000000,225000.0000000000,211904.3593750000,0.0000000000,0.0000000000,0.0000000000,0.0000000000,,,
42.3319999317,330,200510.8437500000,214362.7968750000,224203.0156250000,169541.2968750000,0.0000000000,0.0000000000,0.0000000000,0.0000000000,,,
42.3359999317,330,215050.1093750000,215337.1093750000,225000.0000000000,205374.8750000000,0.0000000000,0.0000000000,0.0000000000,0.0000000000,,,
42.3399999316,330,225000.0000000000,217247.5312500000,225000.0000000000,225000.0000000000,0.0000000000,0.0000000000,0.0000000000,0.0000000000,,,
42.3439999316,330,225000.0000000000,217495.0000000000,225000.0000000000,225000.0000000000,0.0000000000,0.0000000000,0.0000000000,0.0000000000,,,
42.3479999315,330,215927.6718750000,215689.1718750000,225000.0000000000,212221.1562500000,0.0000000000,0.0000000000,0.0000000000,0.0000000000,,,
42.3519999317,330,200490.7031250000,214364.3125000000,224190.8593750000,169604.3593750000,0.0000000000,0.0000000000,0.0000000000,0.0000000000,,,
42.3559999317,330,214909.5312500000,215332.8437500000,225000.0000000000,205087.9843750000,0.0000000000,0.0000000000,0.0000000000,0.0000000000,,,
42.3599999317,330,225000.0000000000,217252.7656250000,225000.0000000000,225000.0000000000,0.0000000000,0.0000000000,0.0000000000,0.0000000000,,,
42.3639999316,330,225000.0000000000,217518.0625000000,225000.0000000000,225000.0000000000,0.0000000000,0.0000000000,0.0000000000,0.0000000000,,,
42.3679999316,331,216063.8437500000,215716.2812500000,225000.0000000000,212520.7031250000,0.0000000000,0.0000000000,0.0000000000,0.0000000000,,,
42.3719999315,331,200498.0000000000,214385.9687500000,224189.7343750000,169663.2343750000,0.0000000000,0.0000000000,0.0000000000,0.0000000000,,,
42.3759999315,331,214781.4843750000,215343.8437500000,225000.0000000000,204792.2656250000,0.0000000000,0.0000000000,0.0000000000,0.0000000000,,,
42.3799999314,331,225000.0000000000,217260.8593750000,225000.0000000000,225000.0000000000,0.0000000000,0.0000000000,0.0000000000,0.0000000000,,,
42.3839999314,331,225000.0000000000,217529.9687500000,225000.0000000000,225000.0000000000,0.0000000000,0.0000000000,0.0000000000,0.0000000000,,,
42.3879999314,331,216200.5937500000,215726.8593750000,225000.0000000000,212833.6875000000,0.0000000000,0.0000000000,0.0000000000,0.0000000000,,,
42.3919999315,331,200495.7656250000,214380.8906250000,224175.4062500000,169716.2968750000,0.0000000000,0.0000000000,0.0000000000,0.0000000000,,,
42.3959999315,331,214644.6875000000,215329.4843750000,225000.0000000000,204492.2812500000,0.0000000000,0.0000000000,0.0000000000,0.0000000000,,,
42.3999999315,331,225000.0000000000,217252.0468750000,225000.0000000000,225000.0000000000,0.0000000000,0.0000000000,0.0000000000,0.0000000000,,,
42.4039999314,331,225000.0000000000,217532.4843750000,225000.0000000000,225000.0000000000,0.0000000000,0.0000000000,0.0000000000,0.0000000000,,,
42.4079999314,331,216328.7187500000,215732.1406250000,225000.0000000000,213125.9375000000,0.0000000000,0.0000000000,0.0000000000,0.0000000000,,,
42.4119999316,331,200512.2656250000,214374.7343750000,224166.7031250000,169778.1875000000,0.0000000000,0.0000000000,0.0000000000,0.0000000000,,,
42.4159999315,331,214530.2968750000,215312.5156250000,225000.0000000000,204238.9218750000,0.0000000000,0.0000000000,0.0000000000,0.0000000000,,,
42.4199999315,331,225000.0000000000,217243.0781250000,225000.0000000000,225000.0000000000,0.0000000000,0.0000000000,0.0000000000,0.0000000000,,,
42.4239999314,331,225000.0000000000,217544.0468750000,225000.0000000000,225000.0000000000,0.0000000000,0.0000000000,0.0000000000,0.0000000000,,,
42.4279999314,331,216466.1250000000,215746.7500000000,225000.0000000000,213411.0312500000,0.0000000000,0.0000000000,0.0000000000,0.0000000000,,,
42.4319999313,331,200500.0000000000,214365.1562500000,224145.0156250000,169783.7500000000,0.0000000000,0.0000000000,0.0000000000,0.0000000000,,,
42.4359999315,331,214457.4531250000,215308.3750000000,225000.0000000000,203948.3906250000,0.0000000000,0.0000000000,0.0000000000,0.0000000000,,,
42.4399999315,331,225000.0000000000,217321.4218750000,225000.0000000000,225000.0000000000,0.0000000000,0.0000000000,0.0000000000,0.0000000000,,,
42.4439999314,331,225000.0000000000,217654.0000000000,225000.0000000000,225000.0000000000,0.0000000000,0.0000000000,0.0000000000,0.0000000000,,,
42.4479999314,331,216697.3906250000,215772.6093750000,225000.0000000000,213725.2343750000,0.0000000000,0.0000000000,0.0000000000,0.0000000000,,,
42.4519999314,331,200273.2500000000,214310.3593750000,223879.6250000000,169296.6250000000,0.0000000000,0.0000000000,0.0000000000,0.0000000000,,,
42.4559999316,331,214196.4375000000,215269.6406250000,225000.0000000000,203337.2968750000,0.0000000000,0.0000000000,0.0000000000,0.0000000000,,,
42.4599999315,331,225000.0000000000,217318.9062500000,225000.0000000000,225000.0000000000,0.0000000000,0.0000000000,0.0000000000,0.0000000000,,,
42.4639999315,331,225000.0000000000,217666.9218750000,225000.0000000000,225000.0000000000,0.0000000000,0.0000000000,0.0000000000,0.0000000000,,,
42.4679999314,331,216863.0156250000,215793.3437500000,225000.0000000000,214069.6562500000,0.0000000000,0.0000000000,0.0000000000,0.0000000000,,,
42.4719999314,331,200292.0000000000,214313.8437500000,223883.4218750000,169357.8593750000,0.0000000000,0.0000000000,0.0000000000,0.0000000000,,,
42.4759999313,331,214049.4062500000,215251.0625000000,225000.0000000000,203029.2031250000,0.0000000000,0.0000000000,0.0000000000,0.0000000000,,,
42.4799999315,331,225000.0000000000,217303.7812500000,225000.0000000000,225000.0000000000,0.0000000000,0.0000000000,0.0000000000,0.0000000000,,,
42.4839999315,331,225000.0000000000,217680.9843750000,225000.0000000000,225000.0000000000,0.0000000000,0.0000000000,0.0000000000,0.0000000000,,,
42.4879999314,331,217027.0312500000,215814.1406250000,225000.0000000000,214446.2031250000,0.0000000000,0.0000000000,0.0000000000,0.0000000000,,,
42.4919999314,331,200359.7812500000,214319.8281250000,223951.1562500000,169560.4843750000,0.0000000000,0.0000000000,0.0000000000,0.0000000000,,,
42.4959999314,332,213962.2812500000,215239.5312500000,225000.0000000000,202862.2031250000,0.0000000000,0.0000000000,0.0000000000,0.0000000000,,,
42.4999999313,332,225000.0000000000,217279.8281250000,225000.0000000000,225000.0000000000,0.0000000000,0.0000000000,0.0000000000,0.0000000000,,,
42.5039999313,332,225000.0000000000,217666.8906250000,225000.0000000000,225000.0000000000,0.0000000000,0.0000000000,0.0000000000,0.0000000000,,,
42.5079999312,332,217126.9375000000,215813.4687500000,225000.0000000000,214699.2187500000,0.0000000000,0.0000000000,0.0000000000,0.0000000000,,,
42.5119999312,332,200406.1250000000,214320.0312500000,223995.7656250000,169701.8593750000,0.0000000000,0.0000000000,0.0000000000,0.0000000000,,,
42.5159999311,332,213897.8593750000,215246.3125000000,225000.0000000000,202689.7031250000,0.0000000000,0.0000000000,0.0000000000,0.0000000000,,,
42.5199999313,332,225000.0000000000,217306.8437500000,225000.0000000000,225000.0000000000,0.0000000000,0.0000000000,0.0000000000,0.0000000000,,,
42.5239999313,332,225000.0000000000,217712.3281250000,225000.0000000000,225000.0000000000,0.0000000000,0.0000000000,0.0000000000,0.0000000000,,,
42.5279999312,332,217394.2812500000,215862.1406250000,225000.0000000000,215224.2343750000,0.0000000000,0.0000000000,0.0000000000,0.0000000000,,,
42.5319999312,332,200493.7812500000,214343.1093750000,224065.8437500000,169942.1250000000,0.0000000000,0.0000000000,0.0000000000,0.0000000000,,,
42.5359999312,332,213788.1250000000,215240.8125000000,225000.0000000000,202440.4531250000,0.0000000000,0.0000000000,0.0000000000,0.0000000000,,,
42.5399999314,332,225000.0000000000,217310.2656250000,225000.0000000000,225000.0000000000,0.0000000000,0.0000000000,0.0000000000,0.0000000000,,,
42.5439999313,332,225000.0000000000,217753.3125000000,225000.0000000000,225000.0000000000,0.0000000000,0.0000000000,0.0000000000,0.0000000000,,,
42.5479999313,332,217659.9531250000,215912.2500000000,225000.0000000000,215754.0468750000,0.0000000000,0.0000000000,0.0000000000,0.0000000000,,,
42.5519999312,332,200588.5937500000,214371.6718750000,224153.4687500000,170264.5312500000,0.0000000000,0.0000000000,0.0000000000,0.0000000000,,,
42.5559999312,332,213672.7187500000,215239.3906250000,225000.0000000000,202252.0312500000,0.0000000000,0.0000000000,0.0000000000,0.0000000000,,,
42.5599999311,332,225000.0000000000,217278.8593750000,225000.0000000000,225000.0000000000,0.0000000000,0.0000000000,0.0000000000,0.0000000000,,,
42.5639999313,332,225000.0000000000,217712.0937500000,225000.0000000000,225000.0000000000,0.0000000000,0.0000000000,0.0000000000,0.0000000000,,,
42.5679999313,332,217652.0625000000,215877.5468750000,225000.0000000000,215838.1718750000,0.0000000000,0.0000000000,0.0000000000,0.0000000000,,,
42.5719999312,332,200502.3906250000,214341.3125000000,224082.8750000000,170130.6093750000,0.0000000000,0.0000000000,0.0000000000,0.0000000000,,,
42.5759999312,332,213481.3593750000,215211.6562500000,225000.0000000000,201850.9531250000,0.0000000000,0.0000000000,0.0000000000,0.0000000000,,,
42.5799999312,332,225000.0000000000,217274.2187500000,225000.0000000000,225000.0000000000,0.0000000000,0.0000000000,0.0000000000,0.0000000000,,,
42.5839999313,332,225000.0000000000,217733.2031250000,225000.0000000000,225000.0000000000,0.0000000000,0.0000000000,0.0000000000,0.0000000000,,,
42.5879999313,332,217741.7343750000,215892.0781250000,225000.0000000000,216037.6406250000,0.0000000000,0.0000000000,0.0000000000,0.0000000000,,,
42.5919999313,332,200416.7812500000,214325.7968750000,223996.7812500000,170005.1875000000,0.0000000000,0.0000000000,0.0000000000,0.0000000000,,,
42.5959999312,332,213238.3593750000,215178.0781250000,225000.0000000000,201336.4843750000,0.0000000000,0.0000000000,0.0000000000,0.0000000000,,,
42.5999999312,332,225000.0000000000,217243.7031250000,225000.0000000000,225000.0000000000,0.0000000000,0.0000000000,0.0000000000,0.0000000000,,,
42.6039999311,332,225000.0000000000,217721.2968750000,225000.0000000000,225000.0000000000,0.0000000000,0.0000000000,0.0000000000,0.0000000000,,,
42.6079999313,332,217834.1093750000,215901.3281250000,225000.0000000000,216265.6250000000,0.0000000000,0.0000000000,0.0000000000,0.0000000000,,,
42.6119999313,332,200430.7812500000,214344.6250000000,224017.7187500000,170073.6875000000,0.0000000000,0.0000000000,0.0000000000,0.0000000000,,,
42.6159999312,332,213109.3437500000,215187.8125000000,225000.0000000000,201041.5937500000,0.0000000000,0.0000000000,0.0000000000,0.0000000000,,,
42.6199999312,332,225000.0000000000,217244.9062500000,225000.0000000000,225000.0000000000,0.0000000000,0.0000000000,0.0000000000,0.0000000000,,,
42.6239999312,333,225000.0000000000,217719.4218750000,225000.0000000000,225000.0000000000,0.0000000000,0.0000000000,0.0000000000,0.0000000000,,,
42.6279999311,333,217942.2812500000,215917.9375000000,225000.0000000000,216559.6875000000,0.0000000000,0.0000000000,0.0000000000,0.0000000000,,,
42.6319999311,333,200644.4218750000,214395.3281250000,224250.0781250000,170654.0468750000,0.0000000000,0.0000000000,0.0000000000,0.0000000000,,,
42.6359999310,333,213176.3750000000,215226.7812500000,225000.0000000000,201294.5625000000,0.0000000000,0.0000000000,0.0000000000,0.0000000000,,,
42.6399999310,333,225000.0000000000,217204.6406250000,225000.0000000000,225000.0000000000,0.0000000000,0.0000000000,0.0000000000,0.0000000000,,,
42.6439999309,333,225000.0000000000,217629.7187500000,225000.0000000000,225000.0000000000,0.0000000000,0.0000000000,0.0000000000,0.0000000000,,,
42.6479999311,333,217837.3593750000,215882.4843750000,225000.0000000000,216538.3906250000,0.0000000000,0.0000000000,0.0000000000,0.0000000000,,,
42.6519999311,333,200728.3437500000,214413.1093750000,224349.5625000000,170834.0937500000,0.0000000000,0.0000000000,0.0000000000,0.0000000000,,,
42.6559999310,333,213117.0625000000,215229.9531250000,225000.0000000000,201144.8906250000,0.0000000000,0.0000000000,0.0000000000,0.0000000000,,,
42.6599999310,333,225000.0000000000,217184.5625000000,225000.0000000000,225000.0000000000,0.0000000000,0.0000000000,0.0000000000,0.0000000000,,,
42.6639999310,333,225000.0000000000,217623.6406250000,225000.0000000000,225000.0000000000,0.0000000000,0.0000000000,0.0000000000,0.0000000000,,,
42.6679999311,333,217954.6250000000,215892.0312500000,225000.0000000000,216802.9843750000,0.0000000000,0.0000000000,0.0000000000,0.0000000000,,,
42.6719999311,333,200763.5312500000,214421.5312500000,224376.7343750000,170951.8750000000,0.0000000000,0.0000000000,0.0000000000,0.0000000000,,,
42.6759999311,333,213011.8906250000,215226.6250000000,225000.0000000000,200901.6718750000,0.0000000000,0.0000000000,0.0000000000,0.0000000000,,,
42.6799999310,333,225000.0000000000,217176.2968750000,225000.0000000000,225000.0000000000,0.0000000000,0.0000000000,0.0000000000,0.0000000000,,,
42.6839999310,333,225000.0000000000,217618.2500000000,225000.0000000000,225000.0000000000,0.0000000000,0.0000000000,0.0000000000,0.0000000000,,,
42.6879999309,333,218078.6718750000,215887.3125000000,225000.0000000000,217089.0937500000,0.0000000000,0.0000000000,0.0000000000,0.0000000000,,,
42.6919999311,333,200794.7343750000,214411.4531250000,224400.5000000000,171063.4843750000,0.0000000000,0.0000000000,0.0000000000,0.0000000000,,,
42.6959999311,333,212893.9062500000,215203.5312500000,225000.0000000000,200620.7656250000,0.0000000000,0.0000000000,0.0000000000,0.0000000000,,,
42.6999999310,333,225000.0000000000,217155.4531250000,225000.0000000000,225000.0000000000,0.0000000000,0.0000000000,0.0000000000,0.0000000000,,,
42.7039999310,333,225000.0000000000,217619.4687500000,225000.0000000000,225000.0000000000,0.0000000000,0.0000000000,0.0000000000,0.0000000000,,,
42.7079999309,333,218208.9687500000,215901.1718750000,225000.0000000000,217360.6406250000,0.0000000000,0.0000000000,0.0000000000,0.0000000000,,,
42.7119999311,333,200817.0468750000,214413.2187500000,224409.3593750000,171136.0937500000,0.0000000000,0.0000000000,0.0000000000,0.0000000000,,,
42.7159999311,333,212773.3437500000,215191.8125000000,225000.0000000000,200335.3125000000,0.0000000000,0.0000000000,0.0000000000,0.0000000000,,,
42.7199999311,333,225000.0000000000,217143.8437500000,225000.0000000000,225000.0000000000,0.0000000000,0.0000000000,0.0000000000,0.0000000000,,,
42.7239999310,333,225000.0000000000,217615.4062500000,225000.0000000000,225000.0000000000,0.0000000000,0.0000000000,0.0000000000,0.0000000000,,,
42.7279999310,333,218325.1875000000,215902.1093750000,225000.0000000000,217593.8125000000,0.0000000000,0.0000000000,0.0000000000,0.0000000000,,,
42.7319999309,333,200852.0468750000,214406.5156250000,224436.6562500000,171254.8593750000,0.0000000000,0.0000000000,0.0000000000,0.0000000000,,,
42.7359999311,333,212808.0000000000,215179.0156250000,225000.0000000000,200427.2656250000,0.0000000000,0.0000000000,0.0000000000,0.0000000000,,,
42.7399999311,333,225000.0000000000,217134.3750000000,225000.0000000000,225000.0000000000,0.0000000000,0.0000000000,0.0000000000,0.0000000000,,,
42.7439999310,333,225000.0000000000,217611.7812500000,225000.0000000000,225000.0000000000,0.0000000000,0.0000000000,0.0000000000,0.0000000000,,,
42.7479999310,333,218434.3906250000,215905.7812500000,225000.0000000000,217821.8750000000,0.0000000000,0.0000000000,0.0000000000,0.0000000000,,,
42.7519999309,334,200842.9843750000,214403.1562500000,224405.8750000000,171230.7187500000,0.0000000000,0.0000000000,0.0000000000,0.0000000000,,,
42.7559999309,334,212543.7187500000,215163.7812500000,225000.0000000000,199765.1875000000,0.0000000000,0.0000000000,0.0000000000,0.0000000000,,,
42.7599999309,334,225000.0000000000,217123.1406250000,225000.0000000000,225000.0000000000,0.0000000000,0.0000000000,0.0000000000,0.0000000000,,,
42.7639999308,334,225000.0000000000,217624.3281250000,225000.0000000000,225000.0000000000,0.0000000000,0.0000000000,0.0000000000,0.0000000000,,,
42.7679999308,334,218580.0000000000,215921.8593750000,225000.0000000000,218077.2812500000,0.0000000000,0.0000000000,0.0000000000,0.0000000000,,,
42.7719999307,334,200873.8750000000,214408.6093750000,224431.1406250000,171302.8750000000,0.0000000000,0.0000000000,0.0000000000,0.0000000000,,,
42.7759999309,334,212449.0156250000,215166.7812500000,225000.0000000000,199477.2031250000,0.0000000000,0.0000000000,0.0000000000,0.0000000000,,,
42.7799999309,334,225000.0000000000,217158.6406250000,225000.0000000000,225000.0000000000,0.0000000000,0.0000000000,0.0000000000,0.0000000000,,,
42.7839999308,334,225000.0000000000,217703.2187500000,225000.0000000000,225000.0000000000,0.0000000000,0.0000000000,0.0000000000,0.0000000000,,,
42.7879999308,334,218761.4062500000,215959.2656250000,225000.0000000000,218250.4687500000,0.0000000000,0.0000000000,0.0000000000,0.0000000000,,,
42.7919999307,334,200597.9531250000,214359.1093750000,224110.2343750000,170639.6718750000,0.0000000000,0.0000000000,0.0000000000,0.0000000000,,,
42.7959999309,334,212112.3593750000,215111.0156250000,225000.0000000000,198600.9218750000,0.0000000000,0.0000000000,0.0000000000,0.0000000000,,,
42.7999999309,334,225000.0000000000,217187.0000000000,225000.0000000000,225000.0000000000,0.0000000000,0.0000000000,0.0000000000,0.0000000000,,,
42.8039999309,334,225000.0000000000,217771.9843750000,225000.0000000000,225000.0000000000,0.0000000000,0.0000000000,0.0000000000,0.0000000000,,,
42.8079999308,334,218981.0937500000,215988.4218750000,225000.0000000000,218615.1875000000,0.0000000000,0.0000000000,0.0000000000,0.0000000000,,,
42.8119999308,334,200530.5000000000,214333.6562500000,224042.4843750000,170572.7187500000,0.0000000000,0.0000000000,0.0000000000,0.0000000000,,,
42.8159999307,334,211908.0625000000,215083.7656250000,225000.0000000000,198131.6406250000,0.0000000000,0.0000000000,0.0000000000,0.0000000000,,,
42.8199999309,334,225000.0000000000,217185.2187500000,225000.0000000000,225000.0000000000,0.0000000000,0.0000000000,0.0000000000,0.0000000000,,,
42.8239999309,334,225000.0000000000,217780.9218750000,225000.0000000000,225000.0000000000,0.0000000000,0.0000000000,0.0000000000,0.0000000000,,,
42.8279999308,334,219123.3906250000,215990.5156250000,225000.0000000000,218877.8281250000,0.0000000000,0.0000000000,0.0000000000,0.0000000000,,,
42.8319999308,334,200487.6093750000,214310.6562500000,223993.9687500000,170520.1406250000,0.0000000000,0.0000000000,0.0000000000,0.0000000000,,,
42.8359999307,334,211725.1093750000,215041.2500000000,225000.0000000000,197722.8125000000,0.0000000000,0.0000000000,0.0000000000,0.0000000000,,,
42.8399999309,334,225000.0000000000,217153.8437500000,225000.0000000000,225000.0000000000,0.0000000000,0.0000000000,0.0000000000,0.0000000000,,,
42.8439999309,334,225000.0000000000,217778.1875000000,225000.0000000000,225000.0000000000,0.0000000000,0.0000000000,0.0000000000,0.0000000000,,,
42.8479999308,334,219245.8906250000,215988.9687500000,225000.0000000000,219147.9843750000,0.0000000000,0.0000000000,0.0000000000,0.0000000000,,,
42.8519999308,334,200468.4062500000,214291.7656250000,223975.5625000000,170571.3750000000,0.0000000000,0.0000000000,0.0000000000,0.0000000000,,,
42.8559999308,334,211546.5312500000,215014.6562500000,225000.0000000000,197358.6875000000,0.0000000000,0.0000000000,0.0000000000,0.0000000000,,,
42.8599999307,334,225000.0000000000,217139.4375000000,225000.0000000000,225000.0000000000,0.0000000000,0.0000000000,0.0000000000,0.0000000000,,,
42.8639999309,334,225000.0000000000,217790.1718750000,225000.0000000000,225000.0000000000,0.0000000000,0.0000000000,0.0000000000,0.0000000000,,,
42.8679999309,334,219403.6250000000,216015.2500000000,225000.0000000000,219476.0937500000,0.0000000000,0.0000000000,0.0000000000,0.0000000000,,,
42.8719999308,334,200472.8593750000,214299.7812500000,223969.8750000000,170631.5937500000,0.0000000000,0.0000000000,0.0000000000,0.0000000000,,,
42.8759999308,334,211396.0000000000,215012.3437500000,225000.0000000000,196997.7656250000,0.0000000000,0.0000000000,0.0000000000,0.0000000000,,,
42.8799999307,335,225000.0000000000,217147.7031250000,225000.0000000000,225000.0000000000,0.0000000000,0.0000000000,0.0000000000,0.0000000000,,,
42.8839999307,335,225000.0000000000,217806.8750000000,225000.0000000000,225000.0000000000,0.0000000000,0.0000000000,0.0000000000,0.0000000000,,,
42.8879999307,335,219556.3750000000,216027.1250000000,225000.0000000000,219726.6250000000,0.0000000000,0.0000000000,0.0000000000,0.0000000000,,,
42.8919999306,335,200460.9218750000,214294.5625000000,223943.6093750000,170642.4062500000,0.0000000000,0.0000000000,0.0000000000,0.0000000000,,,
42.8959999306,335,211236.2812500000,214991.9375000000,225000.0000000000,196615.8125000000,0.0000000000,0.0000000000,0.0000000000,0.0000000000,,,
42.8999999305,335,225000.0000000000,217135.9218750000,225000.0000000000,225000.0000000000,0.0000000000,0.0000000000,0.0000000000,0.0000000000,,,
42.9039999307,335,225000.0000000000,217823.3750000000,225000.0000000000,225000.0000000000,0.0000000000,0.0000000000,0.0000000000,0.0000000000,,,
42.9079999307,335,219718.5468750000,216050.6718750000,225000.0000000000,220025.5000000000,0.0000000000,0.0000000000,0.0000000000,0.0000000000,,,
42.9119999306,335,200456.5000000000,214296.0000000000,223918.5937500000,170667.8906250000,0.0000000000,0.0000000000,0.0000000000,0.0000000000,,,
42.9159999306,335,211077.5156250000,214972.6718750000,225000.0000000000,196233.5000000000,0.0000000000,0.0000000000,0.0000000000,0.0000000000,,,
42.9199999305,335,225000.0000000000,217118.4375000000,225000.0000000000,225000.0000000000,0.0000000000,0.0000000000,0.0000000000,0.0000000000,,,
42.9239999307,335,225000.0000000000,217814.6875000000,225000.0000000000,225000.0000000000,0.0000000000,0.0000000000,0.0000000000,0.0000000000,,,
42.9279999307,335,219867.3593750000,216043.0000000000,225000.0000000000,220322.3593750000,0.0000000000,0.0000000000,0.0000000000,0.0000000000,,,
42.9319999306,335,200467.7968750000,214273.3437500000,223919.0468750000,170732.3593750000,0.0000000000,0.0000000000,0.0000000000,0.0000000000,,,
42.9359999306,335,210909.9843750000,214926.2968750000,225000.0000000000,195859.2187500000,0.0000000000,0.0000000000,0.0000000000,0.0000000000,,,
42.9399999306,335,225000.0000000000,217065.3593750000,225000.0000000000,225000.0000000000,0.0000000000,0.0000000000,0.0000000000,0.0000000000,,,
42.9439999305,335,225000.0000000000,217789.2656250000,225000.0000000000,225000.0000000000,0.0000000000,0.0000000000,0.0000000000,0.0000000000,,,
42.9479999307,335,220017.7968750000,216046.3593750000,225000.0000000000,220590.8750000000,0.0000000000,0.0000000000,0.0000000000,0.0000000000,,,
42.9519999307,335,200512.8593750000,214285.8125000000,223954.6406250000,170824.3125000000,0.0000000000,0.0000000000,0.0000000000,0.0000000000,,,
42.9559999306,335,210764.4218750000,214925.1093750000,225000.0000000000,195477.2968750000,0.0000000000,0.0000000000,0.0000000000,0.0000000000,,,
42.9599999306,335,225000.0000000000,217053.7500000000,225000.0000000000,225000.0000000000,0.0000000000,0.0000000000,0.0000000000,0.0000000000,,,
42.9639999305,335,225000.0000000000,217801.8906250000,225000.0000000000,225000.0000000000,0.0000000000,0.0000000000,0.0000000000,0.0000000000,,,
42.9679999307,335,220203.6250000000,216091.5000000000,225000.0000000000,220925.9687500000,0.0000000000,0.0000000000,0.0000000000,0.0000000000,,,
42.9719999307,335,200639.2343750000,214315.5000000000,224066.6250000000,171112.8593750000,0.0000000000,0.0000000000,0.0000000000,0.0000000000,,,
42.9759999306,335,210714.3437500000,214928.2500000000,225000.0000000000,195339.6250000000,0.0000000000,0.0000000000,0.0000000000,0.0000000000,,,
42.9799999306,335,225000.0000000000,217044.4843750000,225000.0000000000,225000.0000000000,0.0000000000,0.0000000000,0.0000000000,0.0000000000,,,
42.9839999306,335,225000.0000000000,217807.1718750000,225000.0000000000,225000.0000000000,0.0000000000,0.0000000000,0.0000000000,0.0000000000,,,
42.9879999305,335,220336.0937500000,216118.4375000000,225000.0000000000,221215.8906250000,0.0000000000,0.0000000000,0.0000000000,0.0000000000,,,
42.9919999307,335,200752.6406250000,214366.5781250000,224183.0312500000,171422.0468750000,0.0000000000,0.0000000000,0.0000000000,0.0000000000,,,
42.9959999307,335,210659.4062500000,214976.1562500000,225000.0000000000,195178.7968750000,0.0000000000,0.0000000000,0.0000000000,0.0000000000,,,
42.9999999306,335,225000.0000000000,217080.8125000000,225000.0000000000,225000.0000000000,0.0000000000,0.0000000000,0.0000000000,0.0000000000,,,
43.0039999306,335,225000.0000000000,217841.3437500000,225000.0000000000,225000.0000000000,0.0000000000,0.0000000000,0.0000000000,0.0000000000,,,
43.0079999305,336,220506.1250000000,216142.8437500000,225000.0000000000,221557.6250000000,0.0000000000,0.0000000000,0.0000000000,0.0000000000,,,
43.0119999305,336,200781.6875000000,214365.0937500000,224215.5156250000,171544.4062500000,0.0000000000,0.0000000000,0.0000000000,0.0000000000,,,
43.0159999304,336,210522.6250000000,214946.6250000000,225000.0000000000,194855.8125000000,0.0000000000,0.0000000000,0.0000000000,0.0000000000,,,
43.0199999304,336,225000.0000000000,217069.4375000000,225000.0000000000,225000.0000000000,0.0000000000,0.0000000000,0.0000000000,0.0000000000,,,
43.0239999304,336,225000.0000000000,217851.0312500000,225000.0000000000,225000.0000000000,0.0000000000,0.0000000000,0.0000000000,0.0000000000,,,
43.0279999303,336,220686.3906250000,216142.2968750000,225000.0000000000,221832.3906250000,0.0000000000,0.0000000000,0.0000000000,0.0000000000,,,
43.0319999305,336,200751.8593750000,214333.7187500000,224161.0312500000,171524.1250000000,0.0000000000,0.0000000000,0.0000000000,0.0000000000,,,
43.0359999305,336,210341.7343750000,214906.0937500000,225000.0000000000,194412.5781250000,0.0000000000,0.0000000000,0.0000000000,0.0000000000,,,
43.0399999304,336,225000.0000000000,217060.8593750000,225000.0000000000,225000.0000000000,0.0000000000,0.0000000000,0.0000000000,0.0000000000,,,
43.0439999304,336,225000.0000000000,217880.2343750000,225000.0000000000,225000.0000000000,0.0000000000,0.0000000000,0.0000000000,0.0000000000,,,
43.0479999303,336,220860.6562500000,216175.4218750000,225000.0000000000,222084.7187500000,0.0000000000,0.0000000000,0.0000000000,0.0000000000,,,
43.0519999305,336,200677.3750000000,214325.6718750000,224063.8125000000,171408.3906250000,0.0000000000,0.0000000000,0.0000000000,0.0000000000,,,
43.0559999305,336,210122.0781250000,214878.7187500000,225000.0000000000,193895.4375000000,0.0000000000,0.0000000000,0.0000000000,0.0000000000,,,
43.0599999304,336,225000.0000000000,217057.1718750000,225000.0000000000,225000.0000000000,0.0000000000,0.0000000000,0.0000000000,0.0000000000,,,
43.0639999304,336,225000.0000000000,217904.6562500000,225000.0000000000,225000.0000000000,0.0000000000,0.0000000000,0.0000000000,0.0000000000,,,
43.0679999304,336,221005.0937500000,216206.8125000000,225000.0000000000,222288.1875000000,0.0000000000,0.0000000000,0.0000000000,0.0000000000,,,
43.0719999303,336,200661.6562500000,214334.8437500000,224041.7343750000,171401.5781250000,0.0000000000,0.0000000000,0.0000000000,0.0000000000,,,
43.0759999305,336,209983.2031250000,214876.8593750000,225000.0000000000,193529.9375000000,0.0000000000,0.0000000000,0.0000000000,0.0000000000,,,
43.0799999305,336,225000.0000000000,217065.2812500000,225000.0000000000,225000.0000000000,0.0000000000,0.0000000000,0.0000000000,0.0000000000,,,
43.0839999304,336,225000.0000000000,217923.9531250000,225000.0000000000,225000.0000000000,0.0000000000,0.0000000000,0.0000000000,0.0000000000,,,
43.0879999304,336,221136.7187500000,216202.2500000000,225000.0000000000,222488.5781250000,0.0000000000,0.0000000000,0.0000000000,0.0000000000,,,
43.0919999303,336,200638.4687500000,214308.1562500000,224049.0781250000,171404.0156250000,0.0000000000,0.0000000000,0.0000000000,0.0000000000,,,
43.0959999305,336,209834.4218750000,214845.8281250000,225000.0000000000,193160.4687500000,0.0000000000,0.0000000000,0.0000000000,0.0000000000,,,
43.0999999305,336,225000.0000000000,217045.1875000000,225000.0000000000,225000.0000000000,0.0000000000,0.0000000000,0.0000000000,0.0000000000,,,
43.1039999304,336,225000.0000000000,217921.1406250000,225000.0000000000,225000.0000000000,0.0000000000,0.0000000000,0.0000000000,0.0000000000,,,
43.1079999304,336,221259.8437500000,216206.4062500000,225000.0000000000,222703.7968750000,0.0000000000,0.0000000000,0.0000000000,0.0000000000,,,
43.1119999303,336,200623.6093750000,214300.4843750000,224040.9062500000,171403.6875000000,0.0000000000,0.0000000000,0.0000000000,0.0000000000,,,
43.1159999303,336,209697.1093750000,214824.2968750000,225000.0000000000,192817.8437500000,0.0000000000,0.0000000000,0.0000000000,0.0000000000,,,
43.1199999305,336,225000.0000000000,217035.5937500000,225000.0000000000,225000.0000000000,0.0000000000,0.0000000000,0.0000000000,0.0000000000,,,
43.1239999305,336,225000.0000000000,217926.4843750000,225000.0000000000,225000.0000000000,0.0000000000,0.0000000000,0.0000000000,0.0000000000,,,
43.1279999304,336,221372.6875000000,216207.5312500000,225000.0000000000,222869.7187500000,0.0000000000,0.0000000000,0.0000000000,0.0000000000,,,
43.1319999304,336,200615.6562500000,214285.8125000000,224016.1093750000,171405.8593750000,0.0000000000,0.0000000000,0.0000000000,0.0000000000,,,
43.1359999303,337,209583.7656250000,214817.3437500000,225000.0000000000,192515.5000000000,0.0000000000,0.0000000000,0.0000000000,0.0000000000,,,
43.1399999303,337,225000.0000000000,217045.4375000000,225000.0000000000,225000.0000000000,0.0000000000,0.0000000000,0.0000000000,0.0000000000,,,
43.1439999302,337,225000.0000000000,217951.6718750000,225000.0000000000,225000.0000000000,0.0000000000,0.0000000000,0.0000000000,0.0000000000,,,
43.1479999302,337,221504.7343750000,216227.2187500000,225000.0000000000,223097.0781250000,0.0000000000,0.0000000000,0.0000000000,0.0000000000,,,
43.1519999302,337,200632.0312500000,214286.8906250000,224014.4531250000,171449.3125000000,0.0000000000,0.0000000000,0.0000000000,0.0000000000,,,
43.1559999301,337,209462.3437500000,214800.6093750000,225000.0000000000,192184.1875000000,0.0000000000,0.0000000000,0.0000000000,0.0000000000,,,
43.1599999303,337,225000.0000000000,217036.0468750000,225000.0000000000,225000.0000000000,0.0000000000,0.0000000000,0.0000000000,0.0000000000,,,
43.1639999303,337,225000.0000000000,217950.5468750000,225000.0000000000,225000.0000000000,0.0000000000,0.0000000000,0.0000000000,0.0000000000,,,
43.1679999302,337,221627.3750000000,216231.6250000000,225000.0000000000,223357.3437500000,0.0000000000,0.0000000000,0.0000000000,0.0000000000,,,
43.1719999302,337,200642.2500000000,214277.0625000000,224028.0781250000,171535.8125000000,0.0000000000,0.0000000000,0.0000000000,0.0000000000,,,
43.1759999301,337,209319.4062500000,214772.4687500000,225000.0000000000,191870.6406250000,0.0000000000,0.0000000000,0.0000000000,0.0000000000,,,
43.1799999303,337,225000.0000000000,217010.2343750000,225000.0000000000,225000.0000000000,0.0000000000,0.0000000000,0.0000000000,0.0000000000,,,
43.1839999303,337,225000.0000000000,217939.3593750000,225000.0000000000,225000.0000000000,0.0000000000,0.0000000000,0.0000000000,0.0000000000,,,
43.1879999302,337,221762.5468750000,216228.7500000000,225000.0000000000,223588.6718750000,0.0000000000,0.0000000000,0.0000000000,0.0000000000,,,
43.1919999302,337,200657.4062500000,214268.5937500000,224046.4218750000,171632.5937500000,0.0000000000,0.0000000000,0.0000000000,0.0000000000,,,
43.1959999301,337,209206.9218750000,214771.3437500000,225000.0000000000,191593.2968750000,0.0000000000,0.0000000000,0.0000000000,0.0000000000,,,
43.1999999301,337,225000.0000000000,217013.6406250000,225000.0000000000,225000.0000000000,0.0000000000,0.0000000000,0.0000000000,0.0000000000,,,
43.2039999303,337,225000.0000000000,217951.9375000000,225000.0000000000,225000.0000000000,0.0000000000,0.0000000000,0.0000000000,0.0000000000,,,
43.2079999303,337,221911.7343750000,216246.0000000000,225000.0000000000,223853.0625000000,0.0000000000,0.0000000000,0.0000000000,0.0000000000,,,
43.2119999302,337,200684.6250000000,214272.0000000000,224070.1093750000,171762.5468750000,0.0000000000,0.0000000000,0.0000000000,0.0000000000,,,
43.2159999302,337,209073.2343750000,214745.2812500000,225000.0000000000,191309.0625000000,0.0000000000,0.0000000000,0.0000000000,0.0000000000,,,
43.2199999301,337,225000.0000000000,216981.4531250000,225000.0000000000,225000.0000000000,0.0000000000,0.0000000000,0.0000000000,0.0000000000,,,
43.2239999303,337,225000.0000000000,217941.9375000000,225000.0000000000,225000.0000000000,0.0000000000,0.0000000000,0.0000000000,0.0000000000,,,
43.2279999303,337,222044.8593750000,216249.0000000000,225000.0000000000,224115.7812500000,0.0000000000,0.0000000000,0.0000000000,0.0000000000,,,
43.2319999302,337,200706.0312500000,214267.5156250000,224102.1093750000,171913.7500000000,0.0000000000,0.0000000000,0.0000000000,0.0000000000,,,
43.2359999302,337,208940.9687500000,214734.3593750000,225000.0000000000,191021.0312500000,0.0000000000,0.0000000000,0.0000000000,0.0000000000,,,
43.2399999301,337,225000.0000000000,216970.3281250000,225000.0000000000,225000.0000000000,0.0000000000,0.0000000000,0.0000000000,0.0000000000,,,
43.2439999301,337,225000.0000000000,217938.5781250000,225000.0000000000,225000.0000000000,0.0000000000,0.0000000000,0.0000000000,0.0000000000,,,
43.2479999303,337,222195.5156250000,216248.5156250000,225000.0000000000,224408.9062500000,0.0000000000,0.0000000000,0.0000000000,0.0000000000,,,
43.2519999302,337,200750.4218750000,214264.3593750000,224152.3750000000,172102.8593750000,0.0000000000,0.0000000000,0.0000000000,0.0000000000,,,
43.2559999302,337,208825.5312500000,214715.9375000000,225000.0000000000,190773.6250000000,0.0000000000,0.0000000000,0.0000000000,0.0000000000,,,
43.2599999302,337,225000.0000000000,216960.9375000000,225000.0000000000,225000.0000000000,0.0000000000,0.0000000000,0.0000000000,0.0000000000,,,
43.2639999301,338,225000.0000000000,217960.7812500000,225000.0000000000,225000.0000000000,0.0000000000,0.0000000000,0.0000000000,0.0000000000,,,
43.2679999301,338,222359.8281250000,216286.6875000000,225000.0000000000,224690.0468750000,0.0000000000,0.0000000000,0.0000000000,0.0000000000,,,
43.2719999300,338,200773.3750000000,214275.1562500000,224174.1562500000,172253.3906250000,0.0000000000,0.0000000000,0.0000000000,0.0000000000,,,
43.2759999300,338,208680.3906250000,214707.6718750000,225000.0000000000,190485.7968750000,0.0000000000,0.0000000000,0.0000000000,0.0000000000,,,
43.2799999299,338,225000.0000000000,216950.7187500000,225000.0000000000,225000.0000000000,0.0000000000,0.0000000000,0.0000000000,0.0000000000,,,
43.2839999299,338,225000.0000000000,217961.1875000000,225000.0000000000,225000.0000000000,0.0000000000,0.0000000000,0.0000000000,0.0000000000,,,
43.2879999301,338,222468.5937500000,216285.3437500000,225000.0000000000,224910.7656250000,0.0000000000,0.0000000000,0.0000000000,0.0000000000,,,
43.2919999301,338,200763.9843750000,214264.3750000000,224164.2812500000,172309.1875000000,0.0000000000,0.0000000000,0.0000000000,0.0000000000,,,
43.2959999300,338,208536.6562500000,214688.0312500000,225000.0000000000,190148.8750000000,0.0000000000,0.0000000000,0.0000000000,0.0000000000,,,
43.2999999300,338,225000.0000000000,216946.7812500000,225000.0000000000,225000.0000000000,0.0000000000,0.0000000000,0.0000000000,0.0000000000,,,
43.3039999299,338,225000.0000000000,217989.5625000000,225000.0000000000,225000.0000000000,0.0000000000,0.0000000000,0.0000000000,0.0000000000,,,
43.3079999301,338,222588.4062500000,216325.3125000000,225000.0000000000,225000.0000000000,0.0000000000,0.0000000000,0.0000000000,0.0000000000,,,
43.3119999301,338,200775.8750000000,214288.8437500000,224184.3750000000,172384.8125000000,0.0000000000,0.0000000000,0.0000000000,0.0000000000,,,
43.3159999300,338,208413.5156250000,214700.2656250000,225000.0000000000,189861.2343750000,0.0000000000,0.0000000000,0.0000000000,0.0000000000,,,
43.3199999300,338,225000.0000000000,216959.6718750000,225000.0000000000,225000.0000000000,0.0000000000,0.0000000000,0.0000000000,0.0000000000,,,
43.3239999299,338,225000.0000000000,218006.1093750000,225000.0000000000,225000.0000000000,0.0000000000,0.0000000000,0.0000000000,0.0000000000,,,
43.3279999299,338,222730.3125000000,216342.7968750000,225000.0000000000,225000.0000000000,0.0000000000,0.0000000000,0.0000000000,0.0000000000,,,
43.3319999301,338,200824.0468750000,214298.1562500000,224214.5781250000,172499.1875000000,0.0000000000,0.0000000000,0.0000000000,0.0000000000,,,
43.3359999300,338,208316.0468750000,214703.1093750000,225000.0000000000,189566.1718750000,0.0000000000,0.0000000000,0.0000000000,0.0000000000,,,
43.3399999300,338,225000.0000000000,216974.4375000000,225000.0000000000,225000.0000000000,0.0000000000,0.0000000000,0.0000000000,0.0000000000,,,
43.3439999300,338,225000.0000000000,218034.5781250000,225000.0000000000,225000.0000000000,0.0000000000,0.0000000000,0.0000000000,0.0000000000,,,
43.3479999299,338,222885.3281250000,216366.6718750000,225000.0000000000,225000.0000000000,0.0000000000,0.0000000000,0.0000000000,0.0000000000,,,
43.3519999301,338,200865.9375000000,214297.4218750000,224224.8750000000,172588.1250000000,0.0000000000,0.0000000000,0.0000000000,0.0000000000,,,
43.3559999301,338,208210.4687500000,214688.7031250000,225000.0000000000,189256.7968750000,0.0000000000,0.0000000000,0.0000000000,0.0000000000,,,
43.3599999300,338,225000.0000000000,216966.7343750000,225000.0000000000,225000.0000000000,0.0000000000,0.0000000000,0.0000000000,0.0000000000,,,
43.3639999300,338,225000.0000000000,218036.6093750000,225000.0000000000,225000.0000000000,0.0000000000,0.0000000000,0.0000000000,0.0000000000,,,
43.3679999299,338,223003.8281250000,216352.2187500000,225000.0000000000,225000.0000000000,0.0000000000,0.0000000000,0.0000000000,0.0000000000,,,
43.3719999299,338,200871.7656250000,214265.3437500000,224219.0000000000,172629.6562500000,0.0000000000,0.0000000000,0.0000000000,0.0000000000,,,
43.3759999301,338,208079.0156250000,214646.1875000000,225000.0000000000,188927.7500000000,0.0000000000,0.0000000000,0.0000000000,0.0000000000,,,
43.3799999300,338,225000.0000000000,216917.1406250000,225000.0000000000,225000.0000000000,0.0000000000,0.0000000000,0.0000000000,0.0000000000,,,
43.3839999300,338,225000.0000000000,218004.5000000000,225000.0000000000,225000.0000000000,0.0000000000,0.0000000000,0.0000000000,0.0000000000,,,
43.3879999300,338,223113.1718750000,216348.1406250000,225000.0000000000,225000.0000000000,0.0000000000,0.0000000000,0.0000000000,0.0000000000,,,
